 0  3.88278388278388E-0002 -1.35934065934066E+0000
 1  6.54212454212454E-0002 -1.38271062271062E+0000
 2  1.08131868131868E-0001 -1.36820512820513E+0000
 3  1.54871794871795E-0001 -1.38996336996337E+0000
 4  1.39560439560440E-0001 -1.36417582417582E+0000
 5  8.63736263736264E-0002 -1.38271062271062E+0000
 6  1.19413919413919E-0001 -1.36739926739927E+0000
 7  2.35164835164835E-0002 -1.40043956043956E+0000
 8  8.63736263736264E-0002 -1.37706959706960E+0000
 9  3.47985347985348E-0002 -1.39238095238095E+0000
 10  4.52747252747253E-0002 -1.38996336996337E+0000
 11 -4.25641025641026E-0002 -1.37706959706960E+0000
 12  3.39926739926740E-0002 -1.38593406593407E+0000
 13 -4.41758241758242E-0002 -1.37465201465201E+0000
 14  1.62637362637363E-0002 -1.40769230769231E+0000
 15  2.67399267399267E-0002 -1.38512820512821E+0000
 16  8.20512820512821E-0003 -1.36417582417582E+0000
 17  3.80219780219780E-0002 -1.37868131868132E+0000
 18  9.01098901098901E-0003 -1.41816849816850E+0000
 19  4.17582417582418E-0003 -1.40446886446886E+0000
 20  3.15750915750916E-0002 -1.37787545787546E+0000
 21  1.31501831501832E-0001 -1.39157509157509E+0000
 22  6.21978021978022E-0002 -1.38835164835165E+0000
 23  1.53260073260073E-0001 -1.35772893772894E+0000
 24  7.26739926739927E-0002 -1.37545787545788E+0000
 25  7.42857142857143E-0002 -1.39238095238095E+0000
 26  5.57509157509158E-0002 -1.38835164835165E+0000
 27  8.31501831501832E-0002 -1.36014652014652E+0000
 28  1.00073260073260E-0001 -1.37787545787546E+0000
 29 -1.27472527472527E-0002 -1.40849816849817E+0000
 30 -2.27106227106227E-0003 -1.39721611721612E+0000
 31 -5.14285714285714E-0002 -1.38512820512821E+0000
 32 -5.38461538461538E-0002 -1.36175824175824E+0000
 33  5.78754578754579E-0003 -1.38271062271062E+0000
 34  7.39926739926740E-0003 -1.36901098901099E+0000
 35  3.07692307692308E-0002 -1.38190476190476E+0000
 36 -4.98168498168498E-0002 -1.35934065934066E+0000
 37  4.60805860805861E-0002 -1.37304029304029E+0000
 38  6.86446886446886E-0002 -1.40769230769231E+0000
 39 -4.68864468864469E-0003 -1.39076923076923E+0000
 40  7.83150183150183E-0002 -1.36014652014652E+0000
 41  5.57509157509158E-0002 -1.38754578754579E+0000
 42  5.65567765567766E-0002 -1.38190476190476E+0000
 43  1.21831501831501E-0001 -1.35208791208791E+0000
 44  9.20146520146520E-0002 -1.36739926739927E+0000
 45  1.44395604395604E-0001 -1.38673992673993E+0000
 46  4.44688644688645E-0002 -1.39157509157509E+0000
 47  1.07326007326007E-0001 -1.36498168498168E+0000
 48  1.06227106227106E-0002 -1.38754578754579E+0000
 49 -6.30036630036630E-0003 -1.37465201465201E+0000
 50  4.52747252747253E-0002 -1.40769230769231E+0000
 51  3.47985347985348E-0002 -1.38351648351648E+0000
 52  1.75824175824176E-0003 -1.35772893772894E+0000
 53 -7.56043956043956E-0002 -1.38351648351648E+0000
 54 -4.82051282051282E-0002 -1.37062271062271E+0000
 55 -5.78754578754579E-0002 -1.38835164835165E+0000
 56 -7.10622710622711E-0003 -1.35450549450549E+0000
 57  2.91575091575092E-0002 -1.38029304029304E+0000
 58 -8.71794871794872E-0003 -1.41736263736264E+0000
 59  4.60805860805861E-0002 -1.39399267399267E+0000
 60  5.57509157509158E-0002 -1.36659340659341E+0000
 61  9.28205128205128E-0002 -1.39238095238095E+0000
 62  1.12967032967033E-0001 -1.38673992673993E+0000
 63  1.41172161172161E-0001 -1.36578754578755E+0000
 64  5.89743589743590E-0002 -1.38915750915751E+0000
 65  5.57509157509158E-0002 -1.36820512820513E+0000
 66  1.00879120879120E-0001 -1.40043956043956E+0000
 67  3.31868131868132E-0002 -1.39076923076923E+0000
 68  6.62271062271062E-0002 -1.36336996336996E+0000
 69 -1.51648351648351E-0002 -1.38915750915751E+0000
 70  4.04395604395604E-0002 -1.37304029304029E+0000
 71  1.54578754578754E-0002 -1.39721611721612E+0000
 72  2.10989010989011E-0002 -1.37304029304029E+0000
 73 -6.10989010989011E-0002 -1.40769230769231E+0000
 74 -8.71794871794872E-0003 -1.39076923076923E+0000
 75 -2.27106227106227E-0003 -1.36820512820513E+0000
 76  3.15750915750916E-0002 -1.38673992673993E+0000
 77 -1.35531135531135E-0002 -1.37706959706960E+0000
 78 -7.91208791208791E-0003 -1.40688644688645E+0000
 79  4.98168498168498E-0003 -1.39157509157509E+0000
 80  1.21025641025641E-0001 -1.35853479853480E+0000
 81  1.18608058608058E-0001 -1.38351648351648E+0000
 82  1.21025641025641E-0001 -1.37062271062271E+0000
 83  5.65567765567766E-0002 -1.39238095238095E+0000
 84  1.26666666666667E-0001 -1.36336996336996E+0000
 85  1.40366300366300E-0001 -1.38351648351648E+0000
 86  5.25274725274725E-0002 -1.37787545787546E+0000
 87  1.10549450549450E-0001 -1.39157509157509E+0000
 88  4.60805860805861E-0002 -1.37223443223443E+0000
 89 -1.67765567765568E-0002 -1.40285714285714E+0000
 90  4.17582417582418E-0003 -1.39238095238095E+0000
 91  3.23809523809524E-0002 -1.36256410256410E+0000
 92 -2.00000000000000E-0002 -1.37948717948718E+0000
 93  1.22344322344322E-0002 -1.40608058608059E+0000
 94 -5.86813186813187E-0002 -1.40930402930403E+0000
 95  7.39926739926740E-0003 -1.37868131868132E+0000
 96  9.81684981684982E-0003 -1.39721611721612E+0000
 97  5.97802197802198E-0002 -1.37787545787546E+0000
 98  1.86813186813187E-0002 -1.41494505494505E+0000
 99  2.51282051282051E-0002 -1.39157509157509E+0000
 100  4.20512820512821E-0002 -1.36014652014652E+0000
 101  1.33919413919414E-0001 -1.38512820512821E+0000
 102  4.52747252747253E-0002 -1.38351648351648E+0000
 103  6.94505494505495E-0002 -1.35531135531136E+0000
 104  7.02564102564103E-0002 -1.37384615384615E+0000
 105  6.05860805860806E-0002 -1.40366300366300E+0000
 106  1.12967032967033E-0001 -1.39318681318681E+0000
 107  9.76556776556777E-0002 -1.37465201465201E+0000
 108  6.21978021978022E-0002 -1.40366300366300E+0000
 109 -6.59340659340659E-0004 -1.39560439560440E+0000
 110 -2.27106227106227E-0003 -1.38271062271062E+0000
 111 -4.09523809523810E-0002 -1.35853479853480E+0000
 112 -2.40293040293040E-0002 -1.37384615384615E+0000
 113  2.75457875457875E-0002 -1.39802197802198E+0000
 114 -4.57875457875458E-0002 -1.39721611721612E+0000
 115 -4.25641025641026E-0002 -1.37465201465201E+0000
 116  1.62637362637363E-0002 -1.39157509157509E+0000
 117 -2.40293040293040E-0002 -1.38271062271062E+0000
 118  8.79853479853480E-0002 -1.35853479853480E+0000
 119  8.15384615384615E-0002 -1.37465201465201E+0000
 120  1.00879120879120E-0001 -1.39479853479853E+0000
 121  4.93040293040293E-0002 -1.37948717948718E+0000
 122  6.86446886446886E-0002 -1.41413919413919E+0000
 123  9.36263736263736E-0002 -1.38432234432234E+0000
 124  1.33919413919414E-0001 -1.35611721611722E+0000
 125  1.36336996336996E-0001 -1.37465201465201E+0000
 126  9.68498168498168E-0002 -1.41333333333333E+0000
 127  4.12454212454212E-0002 -1.39882783882784E+0000
 128  4.76923076923077E-0002 -1.37706959706960E+0000
 129  7.39926739926740E-0003 -1.41333333333333E+0000
 130  2.99633699633700E-0002 -1.40769230769231E+0000
 131  2.19047619047619E-0002 -1.37868131868132E+0000
 132 -5.86813186813187E-0002 -1.40769230769231E+0000
 133 -7.07692307692308E-0002 -1.38996336996337E+0000
 134  3.23809523809524E-0002 -1.36901098901099E+0000
 135  1.46520146520147E-0004 -1.38351648351648E+0000
 136 -3.61172161172161E-0002 -1.35934065934066E+0000
 137  1.06227106227106E-0002 -1.38109890109890E+0000
 138  6.86446886446886E-0002 -1.41413919413919E+0000
 139  1.02490842490842E-0001 -1.38351648351648E+0000
 140  3.88278388278388E-0002 -1.35692307692308E+0000
 141  1.37948717948718E-0001 -1.37142857142857E+0000
 142  1.12967032967033E-0001 -1.40688644688645E+0000
 143  8.15384615384615E-0002 -1.39076923076923E+0000
 144  1.26666666666667E-0001 -1.36901098901099E+0000
 145  4.36630036630037E-0002 -1.39479853479853E+0000
 146  9.76556776556777E-0002 -1.37626373626374E+0000
 147  2.59340659340659E-0002 -1.39399267399267E+0000
 148  8.63736263736264E-0002 -1.37142857142857E+0000
 149  7.18681318681319E-0002 -1.40124542124542E+0000
 150 -4.33699633699634E-0002 -1.39560439560440E+0000
 151  4.36630036630037E-0002 -1.36095238095238E+0000
 152 -5.94871794871795E-0002 -1.38915750915751E+0000
 153  1.86813186813187E-0002 -1.36498168498168E+0000
 154 -3.36996336996337E-0002 -1.39802197802198E+0000
 155  4.68864468864469E-0002 -1.36014652014652E+0000
 156  1.70695970695971E-0002 -1.38673992673993E+0000
 157 -1.11355311355311E-0002 -1.37868131868132E+0000
 158  2.35164835164835E-0002 -1.41010989010989E+0000
 159  7.10622710622711E-0002 -1.38190476190476E+0000
 160  4.93040293040293E-0002 -1.35450549450549E+0000
 161  8.55677655677656E-0002 -1.38190476190476E+0000
 162  1.43589743589744E-0001 -1.36256410256410E+0000
 163  6.05860805860806E-0002 -1.37706959706960E+0000
 164  1.14578754578754E-0001 -1.38754578754579E+0000
 165  1.37948717948718E-0001 -1.37706959706960E+0000
 166  1.12967032967033E-0001 -1.40608058608059E+0000
 167  1.21025641025641E-0001 -1.38915750915751E+0000
 168  8.20512820512821E-0003 -1.36981684981685E+0000
 169 -1.51648351648351E-0002 -1.39399267399267E+0000
 170  2.99633699633700E-0002 -1.38512820512821E+0000
 171  3.39926739926740E-0002 -1.36014652014652E+0000
 172 -5.46520146520147E-0002 -1.38673992673993E+0000
 173  2.02930402930403E-0002 -1.37062271062271E+0000
 174 -2.88644688644689E-0002 -1.40366300366300E+0000
 175 -2.64468864468864E-0002 -1.37948717948718E+0000
 176 -1.83882783882784E-0002 -1.39882783882784E+0000
 177 -1.59706959706960E-0002 -1.38915750915751E+0000
 178  3.23809523809524E-0002 -1.37142857142857E+0000
 179  2.59340659340659E-0002 -1.38673992673993E+0000
 180  9.28205128205128E-0002 -1.36256410256410E+0000
 181  8.71794871794872E-0002 -1.38512820512821E+0000
 182  7.50915750915751E-0002 -1.37626373626374E+0000
 183  5.97802197802198E-0002 -1.38754578754579E+0000
 184  1.00879120879120E-0001 -1.36659340659341E+0000
 185  7.26739926739927E-0002 -1.39721611721612E+0000
 186  8.47619047619048E-0002 -1.38835164835165E+0000
 187  5.57509157509158E-0002 -1.35853479853480E+0000
 188  4.28571428571429E-0002 -1.37304029304029E+0000
 189  7.67032967032967E-0002 -1.40205128205128E+0000
 190  2.99633699633700E-0002 -1.39076923076923E+0000
 191 -1.19413919413919E-0002 -1.36739926739927E+0000
 192 -1.83882783882784E-0002 -1.39157509157509E+0000
 193  2.02930402930403E-0002 -1.37868131868132E+0000
 194 -4.68864468864469E-0003 -1.41010989010989E+0000
 195  2.99633699633700E-0002 -1.38512820512821E+0000
 196  2.35164835164835E-0002 -1.36417582417582E+0000
 197  3.31868131868132E-0002 -1.38835164835165E+0000
 198  3.31868131868132E-0002 -1.37062271062271E+0000
 199  2.59340659340659E-0002 -1.38351648351648E+0000
 200  7.50915750915751E-0002 -1.35369963369963E+0000
 201  5.41391941391941E-0002 -1.38432234432234E+0000
 202  9.04029304029304E-0002 -1.37062271062271E+0000
 203  1.01684981684981E-0001 -1.38029304029304E+0000
 204  6.21978021978022E-0002 -1.40608058608059E+0000
 205  4.20512820512821E-0002 -1.40366300366300E+0000
 206  6.21978021978022E-0002 -1.39076923076923E+0000
 207  1.20219780219780E-0001 -1.36095238095238E+0000
 208  1.06227106227106E-0002 -1.39157509157509E+0000
 209 -2.16117216117216E-0002 -1.38351648351648E+0000
 210 -1.03296703296703E-0002 -1.36336996336996E+0000
 211  3.64102564102564E-0002 -1.37304029304029E+0000
 212  1.62637362637363E-0002 -1.39882783882784E+0000
 213  1.06227106227106E-0002 -1.39076923076923E+0000
 214 -3.36996336996337E-0002 -1.38190476190476E+0000
 215  1.30402930402930E-0002 -1.34000000000000E+0000
 216 -8.71794871794872E-0003 -1.36175824175824E+0000
 217  7.02564102564103E-0002 -1.38673992673993E+0000
 218  1.06227106227106E-0002 -1.38351648351648E+0000
 219  1.12161172161172E-0001 -1.34805860805861E+0000
 220  1.00879120879120E-0001 -1.36901098901099E+0000
 221  7.58974358974359E-0002 -1.39318681318681E+0000
 222  1.00879120879120E-0001 -1.38109890109890E+0000
 223  1.55677655677656E-0001 -1.39479853479853E+0000
 224  1.11355311355311E-0001 -1.36578754578755E+0000
 225  1.40366300366300E-0001 -1.39560439560440E+0000
 226  1.22637362637362E-0001 -1.37948717948718E+0000
 227  1.08131868131868E-0001 -1.39963369963370E+0000
 228  1.70695970695971E-0002 -1.39157509157509E+0000
 229 -1.91941391941392E-0002 -1.38512820512821E+0000
 230  4.60805860805861E-0002 -1.36336996336996E+0000
 231  2.99633699633700E-0002 -1.38432234432234E+0000
 232 -4.09523809523810E-0002 -1.36498168498168E+0000
 233  2.43223443223443E-0002 -1.38673992673993E+0000
 234 -2.88644688644689E-0002 -1.38029304029304E+0000
 235 -2.16117216117216E-0002 -1.39963369963370E+0000
 236  3.72161172161172E-0002 -1.37787545787546E+0000
 237 -2.27106227106227E-0003 -1.41172161172161E+0000
 238 -2.27106227106227E-0003 -1.40446886446886E+0000
 239  2.19047619047619E-0002 -1.38190476190476E+0000
 240  5.57509157509158E-0002 -1.35208791208791E+0000
 241  4.93040293040293E-0002 -1.37706959706960E+0000
 242  4.76923076923077E-0002 -1.40769230769231E+0000
 243  6.46153846153846E-0002 -1.37223443223443E+0000
 244  5.49450549450549E-0002 -1.39560439560440E+0000
 245  1.16996336996337E-0001 -1.37465201465201E+0000
 246  5.57509157509158E-0002 -1.41172161172161E+0000
 247  1.12161172161172E-0001 -1.38593406593407E+0000
 248  7.02564102564103E-0002 -1.37304029304029E+0000
 249  5.73626373626374E-0002 -1.40527472527473E+0000
 250  4.17582417582418E-0003 -1.40205128205128E+0000
 251 -6.75457875457875E-0002 -1.38190476190476E+0000
 252  2.56410256410256E-0003 -1.34967032967033E+0000
 253  2.75457875457875E-0002 -1.36659340659341E+0000
 254  1.62637362637363E-0002 -1.39560439560440E+0000
 255  3.80219780219780E-0002 -1.36417582417582E+0000
 256  3.80219780219780E-0002 -1.38271062271062E+0000
 257 -2.08058608058608E-0002 -1.37062271062271E+0000
 258  5.57509157509158E-0002 -1.39076923076923E+0000
 259  5.89743589743590E-0002 -1.36336996336996E+0000
 260  5.41391941391941E-0002 -1.38109890109890E+0000
 261  1.16996336996337E-0001 -1.41010989010989E+0000
 262  1.23443223443223E-0001 -1.40043956043956E+0000
 263  6.46153846153846E-0002 -1.38190476190476E+0000
 264  1.25860805860806E-0001 -1.35047619047619E+0000
 265  6.54212454212454E-0002 -1.37868131868132E+0000
 266  1.00879120879120E-0001 -1.39882783882784E+0000
 267  1.25054945054945E-0001 -1.37545787545788E+0000
 268  6.21978021978022E-0002 -1.40446886446886E+0000
 269  5.57509157509158E-0002 -1.39399267399267E+0000
 270  3.39926739926740E-0002 -1.38754578754579E+0000
 271  2.67399267399267E-0002 -1.36578754578755E+0000
 272 -3.07692307692308E-0003 -1.38996336996337E+0000
 273 -7.64102564102564E-0002 -1.38271062271062E+0000
 274  3.36996336996337E-0003 -1.35369963369963E+0000
 275  2.67399267399267E-0002 -1.36901098901099E+0000
 276 -4.01465201465201E-0002 -1.38996336996337E+0000
 277  7.50915750915751E-0002 -1.36659340659341E+0000
 278  2.02930402930403E-0002 -1.40366300366300E+0000
 279  5.09157509157509E-0002 -1.37384615384615E+0000
 280  5.81684981684982E-0002 -1.39802197802198E+0000
 281  1.35531135531136E-0001 -1.38190476190476E+0000
 282  1.26666666666667E-0001 -1.36256410256410E+0000
 283  7.67032967032967E-0002 -1.37223443223443E+0000
 284  7.34798534798535E-0002 -1.39721611721612E+0000
 285  1.12967032967033E-0001 -1.36659340659341E+0000
 286  8.95970695970696E-0002 -1.38835164835165E+0000
 287  1.62637362637363E-0002 -1.36659340659341E+0000
 288 -2.64468864468864E-0002 -1.39963369963370E+0000
 289 -9.52380952380952E-0003 -1.39560439560440E+0000
 290  1.54578754578754E-0002 -1.35208791208791E+0000
 291 -3.88278388278388E-0003 -1.38109890109890E+0000
 292 -5.54578754578755E-0002 -1.41816849816850E+0000
 293  9.01098901098901E-0003 -1.39560439560440E+0000
 294  9.52380952380952E-0004 -1.36336996336996E+0000
 295 -5.49450549450549E-0003 -1.38432234432234E+0000
 296  4.20512820512821E-0002 -1.36901098901099E+0000
 297 -4.68864468864469E-0003 -1.39157509157509E+0000
 298  8.95970695970696E-0002 -1.35772893772894E+0000
 299  5.81684981684982E-0002 -1.38190476190476E+0000
 300  1.29084249084249E-0001 -1.35772893772894E+0000
 301  5.57509157509158E-0002 -1.35369963369963E+0000
 302  4.93040293040293E-0002 -1.38432234432234E+0000
 303  1.40366300366300E-0001 -1.36417582417582E+0000
 304  5.73626373626374E-0002 -1.39157509157509E+0000
 305 -6.30036630036630E-0003 -1.37142857142857E+0000
 306  7.50915750915751E-0002 -1.38996336996337E+0000
 307  3.80219780219780E-0002 -1.41091575091575E+0000
 308 -7.39926739926740E-0002 -1.39076923076923E+0000
 309 -5.86813186813187E-0002 -1.37384615384615E+0000
 310 -2.27106227106227E-0003 -1.40285714285714E+0000
 311 -2.24175824175824E-0002 -1.38754578754579E+0000
 312 -2.32234432234432E-0002 -1.36498168498168E+0000
 313 -8.71794871794872E-0003 -1.38835164835165E+0000
 314  6.59340659340659E-0003 -1.36981684981685E+0000
 315  7.42857142857143E-0002 -1.38432234432234E+0000
 316  3.23809523809524E-0002 -1.36014652014652E+0000
 317  1.26666666666667E-0001 -1.37787545787546E+0000
 318  1.02490842490842E-0001 -1.39157509157509E+0000
 319  9.60439560439560E-0002 -1.36739926739927E+0000
 320  1.50842490842491E-0001 -1.39076923076923E+0000
 321  1.24249084249084E-0001 -1.38351648351648E+0000
 322  1.26666666666667E-0001 -1.36981684981685E+0000
 323  4.68864468864469E-0002 -1.39560439560440E+0000
 324  4.84981684981685E-0002 -1.38029304029304E+0000
 325  1.30402930402930E-0002 -1.41172161172161E+0000
 326 -2.40293040293040E-0002 -1.39157509157509E+0000
 327 -8.04395604395604E-0002 -1.39076923076923E+0000
 328  1.38461538461538E-0002 -1.36417582417582E+0000
 329  3.15750915750916E-0002 -1.38432234432234E+0000
 330  2.75457875457875E-0002 -1.37787545787546E+0000
 331  1.06227106227106E-0002 -1.40849816849817E+0000
 332 -6.30036630036630E-0003 -1.38996336996337E+0000
 333  2.02930402930403E-0002 -1.35611721611722E+0000
 334  1.11355311355311E-0001 -1.39802197802198E+0000
 335  1.05714285714285E-0001 -1.37787545787546E+0000
 336  1.34725274725275E-0001 -1.38996336996337E+0000
 337  1.16190476190476E-0001 -1.40930402930403E+0000
 338  1.26666666666667E-0001 -1.38593406593407E+0000
 339  7.50915750915751E-0002 -1.36578754578755E+0000
 340 -7.91208791208791E-0003 -1.39963369963370E+0000
 341 -2.32234432234432E-0002 -1.39560439560440E+0000
 342  4.52747252747253E-0002 -1.36981684981685E+0000
 343 -4.98168498168498E-0002 -1.38432234432234E+0000
 344 -5.38461538461538E-0002 -1.37142857142857E+0000
 345 -7.56043956043956E-0002 -1.38432234432234E+0000
 346  3.39926739926740E-0002 -1.35128205128205E+0000
 347 -2.40293040293040E-0002 -1.37948717948718E+0000
 348  1.75824175824176E-0003 -1.38915750915751E+0000
 349  4.93040293040293E-0002 -1.35611721611722E+0000
 350  1.20219780219780E-0001 -1.36981684981685E+0000
 351  1.52454212454212E-0001 -1.37626373626374E+0000
 352  8.71794871794872E-0002 -1.38673992673993E+0000
 353  1.37142857142857E-0001 -1.37142857142857E+0000
 354  1.27472527472527E-0001 -1.38029304029304E+0000
 355 -1.46520146520146E-0003 -1.40688644688645E+0000
 356  2.35164835164835E-0002 -1.39963369963370E+0000
 357  5.89743589743590E-0002 -1.36981684981685E+0000
 358 -4.09523809523810E-0002 -1.38512820512821E+0000
 359  1.94871794871795E-0002 -1.36901098901099E+0000
 360 -3.20879120879121E-0002 -1.37465201465201E+0000
 361  3.07692307692308E-0002 -1.38754578754579E+0000
 362 -2.24175824175824E-0002 -1.38351648351648E+0000
 363 -3.53113553113553E-0002 -1.38915750915751E+0000
 364  5.73626373626374E-0002 -1.35531135531136E+0000
 365  4.28571428571429E-0002 -1.38835164835165E+0000
 366  6.54212454212454E-0002 -1.38835164835165E+0000
 367  6.05860805860806E-0002 -1.36659340659341E+0000
 368  6.05860805860806E-0002 -1.39318681318681E+0000
 369  3.15750915750916E-0002 -1.37062271062271E+0000
 370  1.75824175824176E-0003 -1.38512820512821E+0000
 371  4.93040293040293E-0002 -1.36981684981685E+0000
 372  2.10989010989011E-0002 -1.39963369963370E+0000
 373 -2.96703296703297E-0002 -1.38754578754579E+0000
 374 -1.43589743589743E-0002 -1.36336996336996E+0000
 375 -2.32234432234432E-0002 -1.38351648351648E+0000
 376  9.01098901098901E-0003 -1.35531135531136E+0000
 377  4.52747252747253E-0002 -1.36739926739927E+0000
 378  1.46520146520146E-0002 -1.40043956043956E+0000
 379  6.21978021978022E-0002 -1.39399267399267E+0000
 380  1.30402930402930E-0002 -1.38029304029304E+0000
 381  1.08131868131868E-0001 -1.37868131868132E+0000
 382  1.52454212454212E-0001 -1.40124542124542E+0000
 383  8.47619047619048E-0002 -1.38190476190476E+0000
 384  6.21978021978022E-0002 -1.34886446886447E+0000
 385  1.19413919413919E-0001 -1.37545787545788E+0000
 386  6.54212454212454E-0002 -1.40446886446886E+0000
 387  3.07692307692308E-0002 -1.38915750915751E+0000
 388  2.10989010989011E-0002 -1.35692307692308E+0000
 389  7.83150183150183E-0002 -1.37787545787546E+0000
 390  3.07692307692308E-0002 -1.41091575091575E+0000
 391 -3.93406593406593E-0002 -1.39963369963370E+0000
 392  9.52380952380952E-0004 -1.37304029304029E+0000
 393 -4.73992673992674E-0002 -1.41091575091575E+0000
 394 -2.56410256410256E-0002 -1.40124542124542E+0000
 395 -3.36996336996337E-0002 -1.37626373626374E+0000
 396  1.06227106227106E-0002 -1.38109890109890E+0000
 397  5.41391941391941E-0002 -1.41172161172161E+0000
 398 -2.27106227106227E-0003 -1.38271062271062E+0000
 399  5.73626373626374E-0002 -1.35369963369963E+0000
 400  4.52747252747253E-0002 -1.40285714285714E+0000
 401  1.24249084249084E-0001 -1.37545787545788E+0000
 402  5.97802197802198E-0002 -1.38996336996337E+0000
 403  9.12087912087912E-0002 -1.37304029304029E+0000
 404  4.76923076923077E-0002 -1.40769230769231E+0000
 405  3.56043956043956E-0002 -1.35531135531136E+0000
 406  2.67399267399267E-0002 -1.39157509157509E+0000
 407  5.97802197802198E-0002 -1.40285714285714E+0000
 408  1.38461538461538E-0002 -1.37223443223443E+0000
 409 -2.80586080586081E-0002 -1.39318681318681E+0000
 410 -5.78754578754579E-0002 -1.37868131868132E+0000
 411  2.10989010989011E-0002 -1.37626373626374E+0000
 412  1.46520146520147E-0004 -1.39963369963370E+0000
 413  1.70695970695971E-0002 -1.34322344322344E+0000
 414  1.37948717948718E-0001 -1.36256410256410E+0000
 415  5.25274725274725E-0002 -1.35208791208791E+0000
 416  6.70329670329670E-0002 -1.37223443223443E+0000
 417  1.06520146520146E-0001 -1.39157509157509E+0000
 418  4.04395604395604E-0002 -1.37465201465201E+0000
 419 -1.27472527472527E-0002 -1.38915750915751E+0000
 420  7.39926739926740E-0003 -1.37384615384615E+0000
 421 -3.12820512820513E-0002 -1.37545787545788E+0000
 422  9.81684981684982E-0003 -1.39641025641026E+0000
 423  1.62637362637363E-0002 -1.36498168498168E+0000
 424 -1.46520146520146E-0003 -1.37465201465201E+0000
 425 -2.80586080586081E-0002 -1.39076923076923E+0000
 426  9.84615384615385E-0002 -1.36659340659341E+0000
 427  7.26739926739927E-0002 -1.36417582417582E+0000
 428  5.33333333333333E-0002 -1.39399267399267E+0000
 429  4.93040293040293E-0002 -1.38029304029304E+0000
 430  1.08131868131868E-0001 -1.41816849816850E+0000
 431  3.96336996336996E-0002 -1.41655677655678E+0000
 432  1.13772893772893E-0001 -1.38996336996337E+0000
 433  7.75091575091575E-0002 -1.40124542124542E+0000
 434  2.83516483516484E-0002 -1.38109890109890E+0000
 435 -5.86813186813187E-0002 -1.38271062271062E+0000
 436 -7.47985347985348E-0002 -1.37545787545788E+0000
 437  2.56410256410256E-0003 -1.37223443223443E+0000
 438 -4.73992673992674E-0002 -1.38754578754579E+0000
 439  5.49450549450549E-0002 -1.40608058608059E+0000
 440  7.50915750915751E-0002 -1.36175824175824E+0000
 441  4.04395604395604E-0002 -1.39560439560440E+0000
 442  8.23443223443223E-0002 -1.38432234432234E+0000
 443  8.47619047619048E-0002 -1.36256410256410E+0000
 444  5.33333333333333E-0002 -1.37787545787546E+0000
 445  1.46520146520146E-0002 -1.36901098901099E+0000
 446  7.42857142857143E-0002 -1.38996336996337E+0000
 447  2.67399267399267E-0002 -1.38996336996337E+0000
 448  9.52380952380952E-0004 -1.36659340659341E+0000
 449 -7.64102564102564E-0002 -1.38996336996337E+0000
 450 -6.75457875457875E-0002 -1.36901098901099E+0000
 451 -1.35531135531135E-0002 -1.37384615384615E+0000
 452  5.73626373626374E-0002 -1.40366300366300E+0000
 453  6.05860805860806E-0002 -1.36820512820513E+0000
 454  8.31501831501832E-0002 -1.38673992673993E+0000
 455  4.68864468864469E-0002 -1.36498168498168E+0000
 456  7.34798534798535E-0002 -1.35450549450549E+0000
 457  1.00879120879120E-0001 -1.38432234432234E+0000
 458  9.12087912087912E-0002 -1.38996336996337E+0000
 459  6.46153846153846E-0002 -1.40043956043956E+0000
 460 -5.14285714285714E-0002 -1.39560439560440E+0000
 461 -2.80586080586081E-0002 -1.38432234432234E+0000
 462 -2.27106227106227E-0003 -1.37384615384615E+0000
 463 -6.19047619047619E-0002 -1.37706959706960E+0000
 464  4.44688644688645E-0002 -1.38835164835165E+0000
 465  1.70695970695971E-0002 -1.36417582417582E+0000
 466  4.04395604395604E-0002 -1.38351648351648E+0000
 467  3.72161172161172E-0002 -1.39479853479853E+0000
 468  1.52454212454212E-0001 -1.36095238095238E+0000
 469  6.54212454212454E-0002 -1.37626373626374E+0000
 470  3.15750915750916E-0002 -1.38593406593407E+0000
 471 -1.59706959706960E-0002 -1.36739926739927E+0000
 472 -3.20879120879121E-0002 -1.38512820512821E+0000
 473  1.70695970695971E-0002 -1.38351648351648E+0000
 474 -4.41758241758242E-0002 -1.37545787545788E+0000
 475  5.78754578754579E-0003 -1.36981684981685E+0000
 476 -3.53113553113553E-0002 -1.37223443223443E+0000
 477  1.86813186813187E-0002 -1.40205128205128E+0000
 478  2.56410256410256E-0003 -1.38673992673993E+0000
 479  1.36336996336996E-0001 -1.39802197802198E+0000
 480  1.36336996336996E-0001 -1.37465201465201E+0000
 481  1.75824175824176E-0001 -1.39479853479853E+0000
 482  7.18681318681319E-0002 -1.38512820512821E+0000
 483  6.78388278388278E-0002 -1.36417582417582E+0000
 484  7.50915750915751E-0002 -1.38996336996337E+0000
 485  4.44688644688645E-0002 -1.37384615384615E+0000
 486 -5.54578754578755E-0002 -1.37706959706960E+0000
 487 -3.61172161172161E-0002 -1.39802197802198E+0000
 488 -2.80586080586081E-0002 -1.37304029304029E+0000
 489  2.10989010989011E-0002 -1.38915750915751E+0000
 490  6.59340659340659E-0003 -1.37706959706960E+0000
 491  4.17582417582418E-0003 -1.37948717948718E+0000
 492  7.02564102564103E-0002 -1.39560439560440E+0000
 493  1.14578754578754E-0001 -1.37223443223443E+0000
 494  1.49230769230769E-0001 -1.37223443223443E+0000
 495  1.33919413919414E-0001 -1.38915750915751E+0000
 496  5.41391941391941E-0002 -1.38996336996337E+0000
 497  4.17582417582418E-0003 -1.38029304029304E+0000
 498  2.75457875457875E-0002 -1.40608058608059E+0000
 499  1.22344322344322E-0002 -1.38351648351648E+0000
 500 -6.51282051282051E-0002 -1.39802197802198E+0000
 501 -3.36996336996337E-0002 -1.35531135531136E+0000
 502 -1.75824175824176E-0002 -1.37787545787546E+0000
 503  3.88278388278388E-0002 -1.40366300366300E+0000
 504  3.80219780219780E-0002 -1.38190476190476E+0000
 505  8.55677655677656E-0002 -1.35853479853480E+0000
 506  1.36336996336996E-0001 -1.37142857142857E+0000
 507  4.93040293040293E-0002 -1.36336996336996E+0000
 508  6.21978021978022E-0002 -1.39479853479853E+0000
 509  8.15384615384615E-0002 -1.38190476190476E+0000
 510  7.42857142857143E-0002 -1.39882783882784E+0000
 511  4.93040293040293E-0002 -1.39802197802198E+0000
 512 -1.83882783882784E-0002 -1.38029304029304E+0000
 513  2.83516483516484E-0002 -1.40205128205128E+0000
 514 -1.59706959706960E-0002 -1.39560439560440E+0000
 515  4.68864468864469E-0002 -1.40688644688645E+0000
 516  1.00879120879120E-0001 -1.36659340659341E+0000
 517  9.28205128205128E-0002 -1.39560439560440E+0000
 518  9.12087912087912E-0002 -1.37223443223443E+0000
 519  4.20512820512821E-0002 -1.39479853479853E+0000
 520  1.50842490842491E-0001 -1.38996336996337E+0000
 521  5.09157509157509E-0002 -1.39238095238095E+0000
 522 -1.19413919413919E-0002 -1.37626373626374E+0000
 523 -4.90109890109890E-0002 -1.36659340659341E+0000
 524 -4.09523809523810E-0002 -1.39721611721612E+0000
 525  4.17582417582418E-0003 -1.37545787545788E+0000
 526  1.06227106227106E-0002 -1.40043956043956E+0000
 527  5.49450549450549E-0002 -1.38109890109890E+0000
 528  7.99267399267399E-0002 -1.38593406593407E+0000
 529  1.25054945054945E-0001 -1.38754578754579E+0000
 530  9.52380952380952E-0002 -1.37142857142857E+0000
 531  7.42857142857143E-0002 -1.39560439560440E+0000
 532  9.36263736263736E-0002 -1.38190476190476E+0000
 533  3.07692307692308E-0002 -1.37304029304029E+0000
 534  7.34798534798535E-0002 -1.38593406593407E+0000
 535  3.23809523809524E-0002 -1.39641025641026E+0000
 536 -3.20879120879121E-0002 -1.41010989010989E+0000
 537 -7.64102564102564E-0002 -1.37304029304029E+0000
 538  4.93040293040293E-0002 -1.39157509157509E+0000
 539  5.41391941391941E-0002 -1.38512820512821E+0000
 540  4.60805860805861E-0002 -1.36578754578755E+0000
 541  1.19413919413919E-0001 -1.37545787545788E+0000
 542  9.20146520146520E-0002 -1.39641025641026E+0000
 543  1.36336996336996E-0001 -1.35289377289377E+0000
 544  1.21831501831501E-0001 -1.39238095238095E+0000
 545  4.44688644688645E-0002 -1.37223443223443E+0000
 546  4.36630036630037E-0002 -1.37626373626374E+0000
 547  4.93040293040293E-0002 -1.38351648351648E+0000
 548  2.91575091575092E-0002 -1.37384615384615E+0000
 549 -3.45054945054945E-0002 -1.39479853479853E+0000
 550 -2.80586080586081E-0002 -1.38754578754579E+0000
 551  4.17582417582418E-0003 -1.38754578754579E+0000
 552  3.47985347985348E-0002 -1.36820512820513E+0000
 553  2.75457875457875E-0002 -1.39238095238095E+0000
 554  1.22637362637362E-0001 -1.36901098901099E+0000
 555  1.26666666666667E-0001 -1.38915750915751E+0000
 556  1.36336996336996E-0001 -1.36498168498168E+0000
 557  1.26666666666667E-0001 -1.38109890109890E+0000
 558  1.28278388278388E-0001 -1.41091575091575E+0000
 559  1.05714285714285E-0001 -1.40849816849817E+0000
 560  3.15750915750916E-0002 -1.38996336996337E+0000
 561  9.44322344322344E-0002 -1.35853479853480E+0000
 562  5.01098901098901E-0002 -1.38432234432234E+0000
 563  6.21978021978022E-0002 -1.38190476190476E+0000
 564  6.59340659340659E-0003 -1.35369963369963E+0000
 565 -2.40293040293040E-0002 -1.40688644688645E+0000
 566 -6.59340659340659E-0002 -1.40446886446886E+0000
 567 -4.17582417582418E-0002 -1.38432234432234E+0000
 568  4.04395604395604E-0002 -1.37706959706960E+0000
 569  3.56043956043956E-0002 -1.40527472527473E+0000
 570 -5.49450549450549E-0003 -1.39157509157509E+0000
 571  8.87912087912088E-0002 -1.39238095238095E+0000
 572  1.14578754578754E-0001 -1.40205128205128E+0000
 573  4.93040293040293E-0002 -1.38271062271062E+0000
 574  6.21978021978022E-0002 -1.36256410256410E+0000
 575  1.41978021978022E-0001 -1.40285714285714E+0000
 576  7.83150183150183E-0002 -1.37868131868132E+0000
 577  8.55677655677656E-0002 -1.40608058608059E+0000
 578  2.56410256410256E-0003 -1.38673992673993E+0000
 579 -4.90109890109890E-0002 -1.40124542124542E+0000
 580 -2.08058608058608E-0002 -1.35369963369963E+0000
 581 -5.38461538461538E-0002 -1.39399267399267E+0000
 582 -3.93406593406593E-0002 -1.39802197802198E+0000
 583 -5.49450549450549E-0003 -1.37465201465201E+0000
 584  1.78754578754579E-0002 -1.37142857142857E+0000
 585  1.26666666666667E-0001 -1.37384615384615E+0000
 586  9.20146520146520E-0002 -1.38593406593407E+0000
 587  5.33333333333333E-0002 -1.40769230769231E+0000
 588  6.21978021978022E-0002 -1.39802197802198E+0000
 589  2.19047619047619E-0002 -1.36659340659341E+0000
 590 -6.75457875457875E-0002 -1.37626373626374E+0000
 591 -2.27106227106227E-0003 -1.38190476190476E+0000
 592 -6.02930402930403E-0002 -1.36901098901099E+0000
 593  4.17582417582418E-0003 -1.37868131868132E+0000
 594  1.25860805860806E-0001 -1.38271062271062E+0000
 595  9.20146520146520E-0002 -1.38109890109890E+0000
 596  8.71794871794872E-0002 -1.39076923076923E+0000
 597  9.92673992673993E-0002 -1.40043956043956E+0000
 598  8.15384615384615E-0002 -1.38432234432234E+0000
 599 -1.75824175824176E-0002 -1.35047619047619E+0000
 600  1.62637362637363E-0002 -1.38754578754579E+0000
 601 -3.45054945054945E-0002 -1.36659340659341E+0000
 602  1.75824175824176E-0003 -1.36820512820513E+0000
 603 -1.91941391941392E-0002 -1.37948717948718E+0000
 604  7.02564102564103E-0002 -1.38593406593407E+0000
 605  1.18608058608058E-0001 -1.39479853479853E+0000
 606  1.46813186813187E-0001 -1.39238095238095E+0000
 607  1.14578754578754E-0001 -1.38593406593407E+0000
 608  8.63736263736264E-0002 -1.38673992673993E+0000
 609  1.38461538461538E-0002 -1.36498168498168E+0000
 610  2.83516483516484E-0002 -1.40446886446886E+0000
 611 -3.20879120879121E-0002 -1.38512820512821E+0000
 612 -2.16117216117216E-0002 -1.37868131868132E+0000
 613  1.94871794871795E-0002 -1.38835164835165E+0000
 614 -3.07692307692308E-0003 -1.36498168498168E+0000
 615  1.24249084249084E-0001 -1.38351648351648E+0000
 616  1.12967032967033E-0001 -1.37304029304029E+0000
 617  4.76923076923077E-0002 -1.39560439560440E+0000
 618  1.17802197802197E-0001 -1.36659340659341E+0000
 619  5.57509157509158E-0002 -1.38593406593407E+0000
 620  2.35164835164835E-0002 -1.39963369963370E+0000
 621 -2.40293040293040E-0002 -1.41494505494505E+0000
 622  1.70695970695971E-0002 -1.38593406593407E+0000
 623 -1.75824175824176E-0002 -1.38593406593407E+0000
 624 -3.12820512820513E-0002 -1.35934065934066E+0000
 625  7.50915750915751E-0002 -1.39560439560440E+0000
 626  1.41172161172161E-0001 -1.40527472527473E+0000
 627  1.19413919413919E-0001 -1.37304029304029E+0000
 628  9.76556776556777E-0002 -1.38512820512821E+0000
 629  8.47619047619048E-0002 -1.39318681318681E+0000
 630  2.27106227106227E-0002 -1.36417582417582E+0000
 631 -6.51282051282051E-0002 -1.37787545787546E+0000
 632  1.94871794871795E-0002 -1.37626373626374E+0000
 633  6.59340659340659E-0003 -1.37787545787546E+0000
 634 -3.07692307692308E-0003 -1.39238095238095E+0000
 635  7.50915750915751E-0002 -1.39721611721612E+0000
 636  7.50915750915751E-0002 -1.35692307692308E+0000
 637  1.14578754578754E-0001 -1.36901098901099E+0000
 638  1.37948717948718E-0001 -1.38754578754579E+0000
 639  2.10989010989011E-0002 -1.38271062271062E+0000
 640  7.99267399267399E-0002 -1.39802197802198E+0000
 641  4.20512820512821E-0002 -1.39882783882784E+0000
 642  2.51282051282051E-0002 -1.38029304029304E+0000
 643 -6.91575091575092E-0002 -1.37787545787546E+0000
 644  5.41391941391941E-0002 -1.39076923076923E+0000
 645 -3.07692307692308E-0003 -1.37787545787546E+0000
 646  1.13772893772893E-0001 -1.38593406593407E+0000
 647  5.57509157509158E-0002 -1.38673992673993E+0000
 648  1.23443223443223E-0001 -1.40769230769231E+0000
 649  1.00073260073260E-0001 -1.40769230769231E+0000
 650 -1.51648351648351E-0002 -1.37868131868132E+0000
 651 -5.70695970695971E-0002 -1.37868131868132E+0000
 652 -5.94871794871795E-0002 -1.41655677655678E+0000
 653 -1.19413919413919E-0002 -1.38109890109890E+0000
 654 -2.27106227106227E-0003 -1.39076923076923E+0000
 655  5.65567765567766E-0002 -1.38754578754579E+0000
 656  3.39926739926740E-0002 -1.40124542124542E+0000
 657  1.15384615384615E-0001 -1.39963369963370E+0000
 658  8.71794871794872E-0002 -1.36578754578755E+0000
 659  1.21025641025641E-0001 -1.36498168498168E+0000
 660  7.91208791208791E-0002 -1.38351648351648E+0000
 661  5.57509157509158E-0002 -1.38915750915751E+0000
 662 -5.38461538461538E-0002 -1.38673992673993E+0000
 663 -5.38461538461538E-0002 -1.39238095238095E+0000
 664  2.35164835164835E-0002 -1.40366300366300E+0000
 665  9.36263736263736E-0002 -1.39399267399267E+0000
 666  1.00073260073260E-0001 -1.41494505494505E+0000
 667  1.18608058608058E-0001 -1.37706959706960E+0000
 668  1.55677655677656E-0001 -1.37465201465201E+0000
 669  1.25054945054945E-0001 -1.38593406593407E+0000
 670  2.35164835164835E-0002 -1.39479853479853E+0000
 671  2.10989010989011E-0002 -1.35289377289377E+0000
 672  1.54578754578754E-0002 -1.39641025641026E+0000
 673 -6.10989010989011E-0002 -1.37787545787546E+0000
 674  2.75457875457875E-0002 -1.36820512820513E+0000
 675  5.89743589743590E-0002 -1.38593406593407E+0000
 676  6.70329670329670E-0002 -1.38351648351648E+0000
 677  7.26739926739927E-0002 -1.38915750915751E+0000
 678  9.12087912087912E-0002 -1.38271062271062E+0000
 679  8.15384615384615E-0002 -1.38915750915751E+0000
 680  7.50915750915751E-0002 -1.38996336996337E+0000
 681  8.15384615384615E-0002 -1.41091575091575E+0000
 682 -1.11355311355311E-0002 -1.37706959706960E+0000
 683  1.46520146520147E-0004 -1.38673992673993E+0000
 684  1.38461538461538E-0002 -1.37787545787546E+0000
 685 -1.27472527472527E-0002 -1.38673992673993E+0000
 686  5.17216117216117E-0002 -1.37787545787546E+0000
 687  7.18681318681319E-0002 -1.39479853479853E+0000
 688  1.24249084249084E-0001 -1.39318681318681E+0000
 689  5.57509157509158E-0002 -1.36256410256410E+0000
 690  6.78388278388278E-0002 -1.37706959706960E+0000
 691 -7.91208791208791E-0003 -1.39157509157509E+0000
 692 -3.88278388278388E-0003 -1.38754578754579E+0000
 693 -2.16117216117216E-0002 -1.40527472527473E+0000
 694  2.35164835164835E-0002 -1.36901098901099E+0000
 695  2.56410256410256E-0003 -1.37223443223443E+0000
 696  6.59340659340659E-0003 -1.37223443223443E+0000
 697  4.12454212454212E-0002 -1.38673992673993E+0000
 698  1.26666666666667E-0001 -1.39076923076923E+0000
 699  4.93040293040293E-0002 -1.40043956043956E+0000
 700  5.41391941391941E-0002 -1.35772893772894E+0000
 701  3.07692307692308E-0002 -1.37626373626374E+0000
 702 -2.24175824175824E-0002 -1.37223443223443E+0000
 703  2.83516483516484E-0002 -1.39479853479853E+0000
 704 -7.15750915750916E-0002 -1.37545787545788E+0000
 705  3.47985347985348E-0002 -1.38915750915751E+0000
 706  2.02930402930403E-0002 -1.37948717948718E+0000
 707  5.49450549450549E-0002 -1.39802197802198E+0000
 708  4.93040293040293E-0002 -1.38512820512821E+0000
 709  1.27472527472527E-0001 -1.38109890109890E+0000
 710  7.18681318681319E-0002 -1.40849816849817E+0000
 711  8.95970695970696E-0002 -1.41091575091575E+0000
 712 -1.11355311355311E-0002 -1.38432234432234E+0000
 713  7.39926739926740E-0003 -1.38673992673993E+0000
 714 -1.27472527472527E-0002 -1.39479853479853E+0000
 715 -4.82051282051282E-0002 -1.38835164835165E+0000
 716  3.56043956043956E-0002 -1.38996336996337E+0000
 717  8.47619047619048E-0002 -1.37465201465201E+0000
 718  5.25274725274725E-0002 -1.39318681318681E+0000
 719  5.89743589743590E-0002 -1.39157509157509E+0000
 720  1.00073260073260E-0001 -1.37545787545788E+0000
 721  3.80219780219780E-0002 -1.36901098901099E+0000
 722  3.80219780219780E-0002 -1.37706959706960E+0000
 723 -2.27106227106227E-0003 -1.38754578754579E+0000
 724 -6.51282051282051E-0002 -1.37062271062271E+0000
 725  1.70695970695971E-0002 -1.35853479853480E+0000
 726  4.52747252747253E-0002 -1.41816849816850E+0000
 727  8.47619047619048E-0002 -1.37384615384615E+0000
 728  6.94505494505495E-0002 -1.38754578754579E+0000
 729  1.37948717948718E-0001 -1.37787545787546E+0000
 730  9.44322344322344E-0002 -1.39641025641026E+0000
 731  3.47985347985348E-0002 -1.39721611721612E+0000
 732  4.04395604395604E-0002 -1.38835164835165E+0000
 733  2.35164835164835E-0002 -1.37223443223443E+0000
 734 -2.80586080586081E-0002 -1.38673992673993E+0000
 735 -3.69230769230769E-0002 -1.37626373626374E+0000
 736  3.64102564102564E-0002 -1.39076923076923E+0000
 737  7.99267399267399E-0002 -1.37948717948718E+0000
 738  1.16996336996337E-0001 -1.39076923076923E+0000
 739  1.42783882783883E-0001 -1.39157509157509E+0000
 740  8.15384615384615E-0002 -1.41172161172161E+0000
 741  1.07326007326007E-0001 -1.36820512820513E+0000
 742 -1.03296703296703E-0002 -1.40608058608059E+0000
 743  2.91575091575092E-0002 -1.37787545787546E+0000
 744  3.88278388278388E-0002 -1.42300366300366E+0000
 745 -5.06227106227106E-0002 -1.39560439560440E+0000
 746  2.35164835164835E-0002 -1.38109890109890E+0000
 747  5.81684981684982E-0002 -1.41010989010989E+0000
 748  1.78754578754579E-0002 -1.39641025641026E+0000
 749  1.21025641025641E-0001 -1.35692307692308E+0000
 750  6.86446886446886E-0002 -1.40043956043956E+0000
 751  9.04029304029304E-0002 -1.37626373626374E+0000
 752  4.12454212454212E-0002 -1.37787545787546E+0000
 753  3.31868131868132E-0002 -1.39479853479853E+0000
 754  4.04395604395604E-0002 -1.39238095238095E+0000
 755 -1.35531135531135E-0002 -1.35934065934066E+0000
 756  1.22344322344322E-0002 -1.40205128205128E+0000
 757 -8.71794871794872E-0003 -1.38673992673993E+0000
 758  4.04395604395604E-0002 -1.38029304029304E+0000
 759  7.18681318681319E-0002 -1.39963369963370E+0000
 760  8.55677655677656E-0002 -1.35772893772894E+0000
 761  1.37142857142857E-0001 -1.41091575091575E+0000
 762  9.52380952380952E-0002 -1.35853479853480E+0000
 763  7.50915750915751E-0002 -1.37868131868132E+0000
 764 -2.80586080586081E-0002 -1.37706959706960E+0000
 765 -1.27472527472527E-0002 -1.40688644688645E+0000
 766  1.30402930402930E-0002 -1.35047619047619E+0000
 767 -4.41758241758242E-0002 -1.40446886446886E+0000
 768  2.35164835164835E-0002 -1.36095238095238E+0000
 769  5.97802197802198E-0002 -1.37787545787546E+0000
 770  1.07326007326007E-0001 -1.36981684981685E+0000
 771  4.60805860805861E-0002 -1.37868131868132E+0000
 772  1.14578754578754E-0001 -1.37626373626374E+0000
 773  3.36996336996337E-0003 -1.40043956043956E+0000
 774  1.86813186813187E-0002 -1.40285714285714E+0000
 775 -6.10989010989011E-0002 -1.37545787545788E+0000
 776 -4.90109890109890E-0002 -1.36014652014652E+0000
 777  1.70695970695971E-0002 -1.38835164835165E+0000
 778  2.56410256410256E-0003 -1.38512820512821E+0000
 779  9.28205128205128E-0002 -1.39157509157509E+0000
 780  6.05860805860806E-0002 -1.38432234432234E+0000
 781  1.16996336996337E-0001 -1.38915750915751E+0000
 782  1.17802197802197E-0001 -1.40285714285714E+0000
 783  2.59340659340659E-0002 -1.41172161172161E+0000
 784  2.19047619047619E-0002 -1.37626373626374E+0000
 785 -4.73992673992674E-0002 -1.38271062271062E+0000
 786 -6.59340659340659E-0004 -1.37868131868132E+0000
 787 -3.20879120879121E-0002 -1.38754578754579E+0000
 788  7.39926739926740E-0003 -1.38754578754579E+0000
 789  6.54212454212454E-0002 -1.39721611721612E+0000
 790  1.13772893772893E-0001 -1.36256410256410E+0000
 791  6.13919413919414E-0002 -1.39641025641026E+0000
 792  4.52747252747253E-0002 -1.36739926739927E+0000
 793  7.34798534798535E-0002 -1.38351648351648E+0000
 794 -2.27106227106227E-0003 -1.39641025641026E+0000
 795 -7.91208791208791E-0003 -1.38432234432234E+0000
 796 -4.33699633699634E-0002 -1.40849816849817E+0000
 797 -6.75457875457875E-0002 -1.35047619047619E+0000
 798  5.49450549450549E-0002 -1.40043956043956E+0000
 799 -2.27106227106227E-0003 -1.35531135531136E+0000
 800  4.04395604395604E-0002 -1.36417582417582E+0000
 801  1.52454212454212E-0001 -1.36014652014652E+0000
 802  1.00073260073260E-0001 -1.38029304029304E+0000
 803  8.15384615384615E-0002 -1.37304029304029E+0000
 804  5.78754578754579E-0003 -1.40446886446886E+0000
 805  4.04395604395604E-0002 -1.40527472527473E+0000
 806 -5.38461538461538E-0002 -1.38915750915751E+0000
 807 -5.46520146520147E-0002 -1.37304029304029E+0000
 808 -2.27106227106227E-0003 -1.38754578754579E+0000
 809  9.12087912087912E-0002 -1.39076923076923E+0000
 810  8.31501831501832E-0002 -1.40285714285714E+0000
 811  1.40366300366300E-0001 -1.37304029304029E+0000
 812  6.54212454212454E-0002 -1.39560439560440E+0000
 813  7.42857142857143E-0002 -1.39479853479853E+0000
 814  3.15750915750916E-0002 -1.39963369963370E+0000
 815  2.02930402930403E-0002 -1.36498168498168E+0000
 816 -4.41758241758242E-0002 -1.38996336996337E+0000
 817 -3.69230769230769E-0002 -1.39076923076923E+0000
 818 -4.09523809523810E-0002 -1.39318681318681E+0000
 819  8.47619047619048E-0002 -1.38835164835165E+0000
 820  7.42857142857143E-0002 -1.38996336996337E+0000
 821  9.84615384615385E-0002 -1.38190476190476E+0000
 822  1.36336996336996E-0001 -1.38835164835165E+0000
 823  9.84615384615385E-0002 -1.37465201465201E+0000
 824  2.91575091575092E-0002 -1.40043956043956E+0000
 825 -3.69230769230769E-0002 -1.36901098901099E+0000
 826 -4.49816849816850E-0002 -1.38190476190476E+0000
 827  1.78754578754579E-0002 -1.39399267399267E+0000
 828  2.83516483516484E-0002 -1.39560439560440E+0000
 829  4.93040293040293E-0002 -1.40205128205128E+0000
 830  7.50915750915751E-0002 -1.37948717948718E+0000
 831  9.92673992673993E-0002 -1.40849816849817E+0000
 832  1.18608058608058E-0001 -1.39802197802198E+0000
 833  9.12087912087912E-0002 -1.37868131868132E+0000
 834  4.28571428571429E-0002 -1.36417582417582E+0000
 835  3.39926739926740E-0002 -1.36981684981685E+0000
 836 -2.48351648351648E-0002 -1.36175824175824E+0000
 837 -2.80586080586081E-0002 -1.38109890109890E+0000
 838  3.56043956043956E-0002 -1.37706959706960E+0000
 839  3.88278388278388E-0002 -1.38915750915751E+0000
 840  4.12454212454212E-0002 -1.37465201465201E+0000
 841  1.06520146520146E-0001 -1.39479853479853E+0000
 842  1.11355311355311E-0001 -1.38512820512821E+0000
 843  5.33333333333333E-0002 -1.35611721611722E+0000
 844  8.15384615384615E-0002 -1.38351648351648E+0000
 845 -2.27106227106227E-0003 -1.39238095238095E+0000
 846 -2.80586080586081E-0002 -1.40043956043956E+0000
 847 -7.96336996336996E-0002 -1.38271062271062E+0000
 848 -2.80586080586081E-0002 -1.35450549450549E+0000
 849 -4.41758241758242E-0002 -1.40124542124542E+0000
 850  1.94871794871795E-0002 -1.39157509157509E+0000
 851  1.01684981684981E-0001 -1.41333333333333E+0000
 852  4.44688644688645E-0002 -1.38271062271062E+0000
 853  9.84615384615385E-0002 -1.39479853479853E+0000
 854  1.30695970695971E-0001 -1.37787545787546E+0000
 855  5.17216117216117E-0002 -1.40688644688645E+0000
 856  3.56043956043956E-0002 -1.37142857142857E+0000
 857  2.27106227106227E-0002 -1.37626373626374E+0000
 858 -1.59706959706960E-0002 -1.36336996336996E+0000
 859  2.99633699633700E-0002 -1.41091575091575E+0000
 860  5.78754578754579E-0003 -1.36095238095238E+0000
 861  2.27106227106227E-0002 -1.37384615384615E+0000
 862  6.70329670329670E-0002 -1.37706959706960E+0000
 863  5.33333333333333E-0002 -1.38593406593407E+0000
 864  7.10622710622711E-0002 -1.37142857142857E+0000
 865  8.07326007326007E-0002 -1.36981684981685E+0000
 866  1.46520146520146E-0002 -1.39076923076923E+0000
 867 -8.71794871794872E-0003 -1.38512820512821E+0000
 868  1.38461538461538E-0002 -1.39882783882784E+0000
 869  1.46520146520147E-0004 -1.38996336996337E+0000
 870 -2.80586080586081E-0002 -1.38754578754579E+0000
 871  7.50915750915751E-0002 -1.38512820512821E+0000
 872  6.62271062271062E-0002 -1.39238095238095E+0000
 873  1.33113553113553E-0001 -1.39560439560440E+0000
 874  6.21978021978022E-0002 -1.35692307692308E+0000
 875  1.04102564102564E-0001 -1.38835164835165E+0000
 876  1.78754578754579E-0002 -1.40527472527473E+0000
 877 -3.04761904761905E-0002 -1.38351648351648E+0000
 878  1.38461538461538E-0002 -1.39802197802198E+0000
 879 -6.19047619047619E-0002 -1.34322344322344E+0000
 880  3.31868131868132E-0002 -1.39238095238095E+0000
 881 -9.52380952380952E-0003 -1.38754578754579E+0000
 882  7.18681318681319E-0002 -1.41010989010989E+0000
 883  8.87912087912088E-0002 -1.37223443223443E+0000
 884  4.60805860805861E-0002 -1.38754578754579E+0000
 885  3.07692307692308E-0002 -1.38915750915751E+0000
 886  3.15750915750916E-0002 -1.39560439560440E+0000
 887  4.04395604395604E-0002 -1.38593406593407E+0000
 888 -4.90109890109890E-0002 -1.40849816849817E+0000
 889  1.70695970695971E-0002 -1.40043956043956E+0000
 890 -2.96703296703297E-0002 -1.38512820512821E+0000
 891  2.27106227106227E-0002 -1.37948717948718E+0000
 892  4.68864468864469E-0002 -1.39479853479853E+0000
 893  7.99267399267399E-0002 -1.38593406593407E+0000
 894  6.54212454212454E-0002 -1.37223443223443E+0000
 895  1.05714285714285E-0001 -1.38109890109890E+0000
 896  6.54212454212454E-0002 -1.38835164835165E+0000
 897  2.35164835164835E-0002 -1.39399267399267E+0000
 898 -5.38461538461538E-0002 -1.40930402930403E+0000
 899  2.56410256410256E-0003 -1.38109890109890E+0000
 900 -3.85347985347985E-0002 -1.39318681318681E+0000
 901  8.20512820512821E-0003 -1.36336996336996E+0000
 902  4.93040293040293E-0002 -1.40124542124542E+0000
 903  1.16996336996337E-0001 -1.35289377289377E+0000
 904  9.20146520146520E-0002 -1.39318681318681E+0000
 905  1.44395604395604E-0001 -1.37868131868132E+0000
 906  9.12087912087912E-0002 -1.38029304029304E+0000
 907  6.59340659340659E-0003 -1.40124542124542E+0000
 908  3.31868131868132E-0002 -1.40043956043956E+0000
 909 -3.61172161172161E-0002 -1.37706959706960E+0000
 910 -2.00000000000000E-0002 -1.37626373626374E+0000
 911  2.02930402930403E-0002 -1.36820512820513E+0000
 912  4.20512820512821E-0002 -1.38915750915751E+0000
 913  3.56043956043956E-0002 -1.40205128205128E+0000
 914  5.49450549450549E-0002 -1.38190476190476E+0000
 915  1.42783882783883E-0001 -1.40285714285714E+0000
 916  9.68498168498168E-0002 -1.39882783882784E+0000
 917  8.15384615384615E-0002 -1.37706959706960E+0000
 918 -4.98168498168498E-0002 -1.37787545787546E+0000
 919 -7.07692307692308E-0002 -1.40285714285714E+0000
 920 -5.06227106227106E-0002 -1.34564102564103E+0000
 921  2.43223443223443E-0002 -1.39882783882784E+0000
 922  4.44688644688645E-0002 -1.39721611721612E+0000
 923  3.23809523809524E-0002 -1.41252747252747E+0000
 924  5.33333333333333E-0002 -1.37545787545788E+0000
 925  7.42857142857143E-0002 -1.38593406593407E+0000
 926  1.08937728937728E-0001 -1.38512820512821E+0000
 927  6.54212454212454E-0002 -1.40366300366300E+0000
 928 -4.09523809523810E-0002 -1.35853479853480E+0000
 929  3.07692307692308E-0002 -1.42058608058608E+0000
 930 -2.80586080586081E-0002 -1.36498168498168E+0000
 931  3.23809523809524E-0002 -1.39238095238095E+0000
 932  9.04029304029304E-0002 -1.39882783882784E+0000
 933  9.76556776556777E-0002 -1.40769230769231E+0000
 934  3.39926739926740E-0002 -1.36659340659341E+0000
 935  1.52454212454212E-0001 -1.38432234432234E+0000
 936  5.57509157509158E-0002 -1.38835164835165E+0000
 937  7.18681318681319E-0002 -1.39963369963370E+0000
 938  2.67399267399267E-0002 -1.36095238095238E+0000
 939 -4.98168498168498E-0002 -1.36820512820513E+0000
 940 -4.73992673992674E-0002 -1.36739926739927E+0000
 941 -1.43589743589743E-0002 -1.38512820512821E+0000
 942  4.93040293040293E-0002 -1.36739926739927E+0000
 943  2.35164835164835E-0002 -1.38593406593407E+0000
 944  1.57289377289377E-0001 -1.36901098901099E+0000
 945  1.23443223443223E-0001 -1.40688644688645E+0000
 946  1.16996336996337E-0001 -1.39157509157509E+0000
 947  3.15750915750916E-0002 -1.39076923076923E+0000
 948 -1.67765567765568E-0002 -1.36739926739927E+0000
 949  2.35164835164835E-0002 -1.36417582417582E+0000
 950  1.75824175824176E-0003 -1.37465201465201E+0000
 951  3.15750915750916E-0002 -1.36901098901099E+0000
 952  5.09157509157509E-0002 -1.37062271062271E+0000
 953  4.93040293040293E-0002 -1.35611721611722E+0000
 954  2.83516483516484E-0002 -1.40849816849817E+0000
 955  1.54871794871795E-0001 -1.40124542124542E+0000
 956  1.41172161172161E-0001 -1.41333333333333E+0000
 957  1.04102564102564E-0001 -1.37304029304029E+0000
 958  5.49450549450549E-0002 -1.40124542124542E+0000
 959  4.68864468864469E-0002 -1.39721611721612E+0000
 960  5.78754578754579E-0003 -1.40769230769231E+0000
 961 -5.54578754578755E-0002 -1.39318681318681E+0000
 962 -4.57875457875458E-0002 -1.38109890109890E+0000
 963  4.17582417582418E-0003 -1.39963369963370E+0000
 964  4.28571428571429E-0002 -1.36820512820513E+0000
 965  1.14578754578754E-0001 -1.36820512820513E+0000
 966  9.36263736263736E-0002 -1.37787545787546E+0000
 967  6.54212454212454E-0002 -1.38351648351648E+0000
 968  6.21978021978022E-0002 -1.38673992673993E+0000
 969 -2.80586080586081E-0002 -1.35692307692308E+0000
 970 -2.96703296703297E-0002 -1.40769230769231E+0000
 971 -9.52380952380952E-0003 -1.36901098901099E+0000
 972 -6.43223443223443E-0002 -1.36336996336996E+0000
 973 -7.10622710622711E-0003 -1.35531135531136E+0000
 974  3.72161172161172E-0002 -1.40285714285714E+0000
 975  5.73626373626374E-0002 -1.35047619047619E+0000
 976  1.50036630036630E-0001 -1.40446886446886E+0000
 977  1.15384615384615E-0001 -1.39076923076923E+0000
 978  4.93040293040293E-0002 -1.39963369963370E+0000
 979  6.30036630036630E-0002 -1.37868131868132E+0000
 980 -3.28937728937729E-0002 -1.36820512820513E+0000
 981 -6.59340659340659E-0002 -1.39318681318681E+0000
 982  9.52380952380952E-0004 -1.39157509157509E+0000
 983  5.17216117216117E-0002 -1.40688644688645E+0000
 984  8.55677655677656E-0002 -1.40688644688645E+0000
 985  1.16996336996337E-0001 -1.38029304029304E+0000
 986  1.68571428571429E-0001 -1.38593406593407E+0000
 987  8.87912087912088E-0002 -1.39560439560440E+0000
 988  4.68864468864469E-0002 -1.39318681318681E+0000
 989  4.28571428571429E-0002 -1.37626373626374E+0000
 990  3.39926739926740E-0002 -1.41494505494505E+0000
 991 -2.27106227106227E-0003 -1.39882783882784E+0000
 992 -4.17582417582418E-0002 -1.36820512820513E+0000
 993 -4.82051282051282E-0002 -1.37787545787546E+0000
 994 -1.83882783882784E-0002 -1.37706959706960E+0000
 995  3.80219780219780E-0002 -1.37948717948718E+0000
 996  6.21978021978022E-0002 -1.37787545787546E+0000
 997  8.07326007326007E-0002 -1.40124542124542E+0000
 998  4.60805860805861E-0002 -1.35450549450549E+0000
 999  9.44322344322344E-0002 -1.41897435897436E+0000
 1000  5.25274725274725E-0002 -1.37868131868132E+0000
 1001 -6.99633699633700E-0002 -1.40769230769231E+0000
 1002 -6.67399267399267E-0002 -1.35934065934066E+0000
 1003 -4.98168498168498E-0002 -1.37384615384615E+0000
 1004 -2.24175824175824E-0002 -1.38190476190476E+0000
 1005  4.93040293040293E-0002 -1.37223443223443E+0000
 1006  5.65567765567766E-0002 -1.37465201465201E+0000
 1007  1.42783882783883E-0001 -1.38915750915751E+0000
 1008  1.08937728937728E-0001 -1.37384615384615E+0000
 1009  9.81684981684982E-0003 -1.40769230769231E+0000
 1010  5.97802197802198E-0002 -1.35531135531136E+0000
 1011  2.02930402930403E-0002 -1.40446886446886E+0000
 1012  1.06227106227106E-0002 -1.37142857142857E+0000
 1013  3.39926739926740E-0002 -1.38432234432234E+0000
 1014  7.50915750915751E-0002 -1.37465201465201E+0000
 1015  3.88278388278388E-0002 -1.40608058608059E+0000
 1016  1.08937728937728E-0001 -1.37868131868132E+0000
 1017  1.33919413919414E-0001 -1.38029304029304E+0000
 1018  5.41391941391941E-0002 -1.39318681318681E+0000
 1019  6.38095238095238E-0002 -1.40366300366300E+0000
 1020  4.84981684981685E-0002 -1.37384615384615E+0000
 1021 -4.68864468864469E-0003 -1.37787545787546E+0000
 1022  4.17582417582418E-0003 -1.38996336996337E+0000
 1023  8.20512820512821E-0003 -1.38512820512821E+0000
 1024 -6.59340659340659E-0004 -1.39318681318681E+0000
 1025  2.75457875457875E-0002 -1.39076923076923E+0000
 1026  6.13919413919414E-0002 -1.36095238095238E+0000
 1027  1.46007326007326E-0001 -1.40285714285714E+0000
 1028  4.60805860805861E-0002 -1.37706959706960E+0000
 1029  5.89743589743590E-0002 -1.38109890109890E+0000
 1030  1.38461538461538E-0002 -1.39318681318681E+0000
 1031  4.17582417582418E-0003 -1.40043956043956E+0000
 1032 -3.45054945054945E-0002 -1.37948717948718E+0000
 1033 -6.59340659340659E-0004 -1.37948717948718E+0000
 1034 -1.19413919413919E-0002 -1.39318681318681E+0000
 1035  5.78754578754579E-0003 -1.40366300366300E+0000
 1036  1.04102564102564E-0001 -1.38915750915751E+0000
 1037  1.44395604395604E-0001 -1.38351648351648E+0000
 1038  1.26666666666667E-0001 -1.39076923076923E+0000
 1039  9.68498168498168E-0002 -1.37868131868132E+0000
 1040  2.02930402930403E-0002 -1.40205128205128E+0000
 1041  1.22344322344322E-0002 -1.34483516483516E+0000
 1042 -5.54578754578755E-0002 -1.40285714285714E+0000
 1043 -4.41758241758242E-0002 -1.35772893772894E+0000
 1044  2.10989010989011E-0002 -1.36578754578755E+0000
 1045  7.39926739926740E-0003 -1.35208791208791E+0000
 1046  6.21978021978022E-0002 -1.41010989010989E+0000
 1047  9.76556776556777E-0002 -1.35692307692308E+0000
 1048  1.49230769230769E-0001 -1.40205128205128E+0000
 1049  3.88278388278388E-0002 -1.36336996336996E+0000
 1050  3.07692307692308E-0002 -1.37948717948718E+0000
 1051  4.04395604395604E-0002 -1.37706959706960E+0000
 1052 -2.80586080586081E-0002 -1.39721611721612E+0000
 1053 -2.88644688644689E-0002 -1.39399267399267E+0000
 1054 -4.33699633699634E-0002 -1.37948717948718E+0000
 1055  8.55677655677656E-0002 -1.37384615384615E+0000
 1056  6.78388278388278E-0002 -1.40205128205128E+0000
 1057  1.26666666666667E-0001 -1.39318681318681E+0000
 1058  1.34725274725275E-0001 -1.41010989010989E+0000
 1059  1.26666666666667E-0001 -1.39157509157509E+0000
