 0 -2.00000000000000E+0000 -1.64703296703297E+0000
 1  1.30000000000000E+0000 -1.55677655677656E+0000
 2 -2.00000000000000E+0000 -2.00000000000000E+0000
 3 -2.00000000000000E+0000 -2.00000000000000E+0000
 4  1.30000000000000E+0000 -1.64703296703297E+0000
 5  1.30000000000000E+0000 -1.55597069597070E+0000
 6 -2.00000000000000E+0000 -2.00000000000000E+0000
 7 -2.00000000000000E+0000 -2.00000000000000E+0000
 8  1.30000000000000E+0000 -1.64864468864469E+0000
 9  1.30000000000000E+0000 -1.56161172161172E+0000
 10 -2.00000000000000E+0000 -2.00000000000000E+0000
 11 -2.00000000000000E+0000 -2.00000000000000E+0000
 12  1.30000000000000E+0000 -1.65025641025641E+0000
 13  1.30000000000000E+0000 -1.56402930402930E+0000
 14 -2.00000000000000E+0000 -2.00000000000000E+0000
 15 -2.00000000000000E+0000 -2.00000000000000E+0000
 16  1.30000000000000E+0000 -1.64864468864469E+0000
 17  1.30000000000000E+0000 -1.56080586080586E+0000
 18 -2.00000000000000E+0000 -2.00000000000000E+0000
 19 -2.00000000000000E+0000 -2.00000000000000E+0000
 20  1.30000000000000E+0000 -1.64945054945055E+0000
 21  1.30000000000000E+0000 -1.56161172161172E+0000
 22 -2.00000000000000E+0000 -2.00000000000000E+0000
 23 -2.00000000000000E+0000 -2.00000000000000E+0000
 24  1.30000000000000E+0000 -1.64945054945055E+0000
 25  1.30000000000000E+0000 -1.56322344322344E+0000
 26 -2.00000000000000E+0000 -2.00000000000000E+0000
 27 -2.00000000000000E+0000 -2.00000000000000E+0000
 28  1.30000000000000E+0000 -1.65106227106227E+0000
 29  1.30000000000000E+0000 -1.56725274725275E+0000
 30 -2.00000000000000E+0000 -2.00000000000000E+0000
 31 -2.00000000000000E+0000 -2.00000000000000E+0000
 32  1.30000000000000E+0000 -1.65106227106227E+0000
 33  1.30000000000000E+0000 -1.56725274725275E+0000
 34 -2.00000000000000E+0000 -2.00000000000000E+0000
 35 -2.00000000000000E+0000 -2.00000000000000E+0000
 36  1.30000000000000E+0000 -1.65186813186813E+0000
 37  1.30000000000000E+0000 -1.58175824175824E+0000
 38 -2.00000000000000E+0000 -2.00000000000000E+0000
 39 -2.00000000000000E+0000 -2.00000000000000E+0000
 40  1.30000000000000E+0000 -1.65347985347985E+0000
 41  1.30000000000000E+0000 -1.58498168498168E+0000
 42 -2.00000000000000E+0000 -2.00000000000000E+0000
 43 -2.00000000000000E+0000 -2.00000000000000E+0000
 44  1.30000000000000E+0000 -1.65428571428571E+0000
 45  1.30000000000000E+0000 -1.59465201465201E+0000
 46 -2.00000000000000E+0000 -2.00000000000000E+0000
 47 -2.00000000000000E+0000 -2.00000000000000E+0000
 48  1.30000000000000E+0000 -1.65589743589744E+0000
 49  1.30000000000000E+0000 -1.61641025641026E+0000
 50 -2.00000000000000E+0000 -2.00000000000000E+0000
 51 -2.00000000000000E+0000 -2.00000000000000E+0000
 52  1.30000000000000E+0000 -1.65428571428571E+0000
 53  1.30000000000000E+0000 -1.62446886446886E+0000
 54 -2.00000000000000E+0000 -2.00000000000000E+0000
 55 -2.00000000000000E+0000 -2.00000000000000E+0000
 56  1.30000000000000E+0000 -1.66395604395604E+0000
 57  1.30000000000000E+0000 -1.65106227106227E+0000
 58 -2.00000000000000E+0000 -2.00000000000000E+0000
 59 -2.00000000000000E+0000 -2.00000000000000E+0000
 60  1.30000000000000E+0000 -1.65509157509158E+0000
 61  1.15736263736264E+0000 -1.65750915750916E+0000
 62 -2.00000000000000E+0000 -2.00000000000000E+0000
 63 -2.00000000000000E+0000 -2.00000000000000E+0000
 64  1.30000000000000E+0000 -1.52293040293040E+0000
 65  1.02923076923077E+0000 -1.57611721611722E+0000
 66 -2.00000000000000E+0000 -2.00000000000000E+0000
 67 -2.00000000000000E+0000 -2.00000000000000E+0000
 68  1.30000000000000E+0000 -1.47457875457875E+0000
 69  7.97142857142857E-0001 -1.58578754578755E+0000
 70 -2.00000000000000E+0000 -2.00000000000000E+0000
 71 -2.00000000000000E+0000 -2.00000000000000E+0000
 72  1.30000000000000E+0000 -1.46168498168498E+0000
 73  6.63369963369963E-0001 -1.57531135531136E+0000
 74 -2.00000000000000E+0000 -2.00000000000000E+0000
 75 -2.00000000000000E+0000 -2.00000000000000E+0000
 76  1.30000000000000E+0000 -1.45282051282051E+0000
 77  4.69963369963370E-0001 -1.57772893772894E+0000
 78 -2.00000000000000E+0000 -2.00000000000000E+0000
 79 -2.00000000000000E+0000 -2.00000000000000E+0000
 80  1.30000000000000E+0000 -1.45201465201465E+0000
 81  2.63663003663004E-0001 -1.60271062271062E+0000
 82 -2.00000000000000E+0000 -2.00000000000000E+0000
 83 -2.00000000000000E+0000 -2.00000000000000E+0000
 84  1.30000000000000E+0000 -1.43750915750916E+0000
 85  1.55677655677656E-0001 -1.59545787545788E+0000
 86 -2.00000000000000E+0000 -2.00000000000000E+0000
 87 -2.00000000000000E+0000 -2.00000000000000E+0000
 88  1.30000000000000E+0000 -1.43347985347985E+0000
 89 -9.89743589743590E-0002 -1.60351648351648E+0000
 90 -2.00000000000000E+0000 -2.00000000000000E+0000
 91 -2.00000000000000E+0000 -2.00000000000000E+0000
 92  1.30000000000000E+0000 -1.43912087912088E+0000
 93 -2.08571428571429E-0001 -1.62930402930403E+0000
 94 -2.00000000000000E+0000 -2.00000000000000E+0000
 95 -1.98952380952381E+0000 -1.99194139194139E+0000
 96  1.30000000000000E+0000 -1.44315018315018E+0000
 97 -4.19706959706960E-0001 -1.64864468864469E+0000
 98 -2.00000000000000E+0000 -2.00000000000000E+0000
 99 -1.91941391941392E+0000 -1.98549450549451E+0000
 100  1.30000000000000E+0000 -1.44395604395604E+0000
 101 -6.17948717948718E-0001 -1.66476190476190E+0000
 102 -2.00000000000000E+0000 -2.00000000000000E+0000
 103 -1.66153846153846E+0000 -1.96373626373626E+0000
 104  1.30000000000000E+0000 -1.43509157509158E+0000
 105 -7.60586080586081E-0001 -1.66315018315018E+0000
 106 -2.00000000000000E+0000 -2.00000000000000E+0000
 107 -1.49956043956044E+0000 -1.94761904761905E+0000
 108  1.30000000000000E+0000 -1.44395604395604E+0000
 109 -1.01120879120879E+0000 -1.69780219780220E+0000
 110 -2.00000000000000E+0000 -2.00000000000000E+0000
 111 -1.32791208791209E+0000 -1.92989010989011E+0000
 112  1.30000000000000E+0000 -1.43428571428571E+0000
 113 -1.17076923076923E+0000 -1.69457875457875E+0000
 114 -2.00000000000000E+0000 -2.00000000000000E+0000
 115 -1.06600732600733E+0000 -1.91457875457875E+0000
 116  1.30000000000000E+0000 -1.44315018315018E+0000
 117 -1.40608058608059E+0000 -1.72923076923077E+0000
 118 -2.00000000000000E+0000 -2.00000000000000E+0000
 119 -9.10476190476190E-0001 -1.90168498168498E+0000
 120  1.30000000000000E+0000 -1.44395604395604E+0000
 121 -1.63736263736264E+0000 -1.75018315018315E+0000
 122 -2.00000000000000E+0000 -2.00000000000000E+0000
 123 -6.54212454212454E-0001 -1.88234432234432E+0000
 124  1.30000000000000E+0000 -1.48344322344322E+0000
 125 -1.79934065934066E+0000 -1.80498168498168E+0000
 126 -2.00000000000000E+0000 -2.00000000000000E+0000
 127 -5.02710622710623E-0001 -1.86945054945055E+0000
 128  1.30000000000000E+0000 -1.48021978021978E+0000
 129 -2.00000000000000E+0000 -1.81626373626374E+0000
 130 -2.00000000000000E+0000 -2.00000000000000E+0000
 131 -3.31868131868132E-0001 -1.85252747252747E+0000
 132  1.30000000000000E+0000 -1.47135531135531E+0000
 133 -2.00000000000000E+0000 -1.82593406593407E+0000
 134 -2.00000000000000E+0000 -2.00000000000000E+0000
 135 -5.54578754578755E-0002 -1.82915750915751E+0000
 136  1.30000000000000E+0000 -1.48505494505495E+0000
 137 -2.00000000000000E+0000 -1.80014652014652E+0000
 138 -2.00000000000000E+0000 -2.00000000000000E+0000
 139  4.84981684981685E-0002 -1.82673992673993E+0000
 140  1.30000000000000E+0000 -1.47296703296703E+0000
 141 -2.00000000000000E+0000 -1.88234432234432E+0000
 142 -2.00000000000000E+0000 -2.00000000000000E+0000
 143  3.26520146520147E-0001 -1.80498168498168E+0000
 144  1.30000000000000E+0000 -1.48183150183150E+0000
 145 -2.00000000000000E+0000 -2.00000000000000E+0000
 146 -2.00000000000000E+0000 -2.00000000000000E+0000
 147  5.05421245421245E-0001 -1.78967032967033E+0000
 148  1.30000000000000E+0000 -1.51567765567766E+0000
 149 -2.00000000000000E+0000 -2.00000000000000E+0000
 150 -2.00000000000000E+0000 -2.00000000000000E+0000
 151  6.58534798534799E-0001 -1.78000000000000E+0000
 152  1.30000000000000E+0000 -1.52293040293040E+0000
 153 -2.00000000000000E+0000 -2.00000000000000E+0000
 154 -2.00000000000000E+0000 -2.00000000000000E+0000
 155  8.87399267399267E-0001 -1.75985347985348E+0000
 156  1.30000000000000E+0000 -1.51970695970696E+0000
 157 -2.00000000000000E+0000 -2.00000000000000E+0000
 158 -2.00000000000000E+0000 -2.00000000000000E+0000
 159  1.02923076923077E+0000 -1.74293040293040E+0000
 160  1.30000000000000E+0000 -1.50923076923077E+0000
 161 -2.00000000000000E+0000 -2.00000000000000E+0000
 162 -2.00000000000000E+0000 -2.00000000000000E+0000
 163  1.25406593406593E+0000 -1.73406593406593E+0000
 164  1.30000000000000E+0000 -1.52293040293040E+0000
 165 -2.00000000000000E+0000 -2.00000000000000E+0000
 166 -2.00000000000000E+0000 -2.00000000000000E+0000
 167  1.30000000000000E+0000 -1.72036630036630E+0000
 168  1.30000000000000E+0000 -1.52131868131868E+0000
 169 -2.00000000000000E+0000 -2.00000000000000E+0000
 170 -2.00000000000000E+0000 -2.00000000000000E+0000
 171  1.30000000000000E+0000 -1.70505494505495E+0000
 172  1.30000000000000E+0000 -1.50761904761905E+0000
 173 -2.00000000000000E+0000 -2.00000000000000E+0000
 174 -2.00000000000000E+0000 -2.00000000000000E+0000
 175  1.30000000000000E+0000 -1.69054945054945E+0000
 176  1.30000000000000E+0000 -1.55838827838828E+0000
 177 -2.00000000000000E+0000 -2.00000000000000E+0000
 178 -2.00000000000000E+0000 -2.00000000000000E+0000
 179  1.30000000000000E+0000 -1.68410256410256E+0000
 180  1.30000000000000E+0000 -1.55838827838828E+0000
 181 -2.00000000000000E+0000 -2.00000000000000E+0000
 182 -2.00000000000000E+0000 -2.00000000000000E+0000
 183  1.30000000000000E+0000 -1.66879120879121E+0000
 184  1.30000000000000E+0000 -1.55758241758242E+0000
 185 -2.00000000000000E+0000 -2.00000000000000E+0000
 186 -2.00000000000000E+0000 -2.00000000000000E+0000
 187  1.30000000000000E+0000 -1.65428571428571E+0000
 188  1.30000000000000E+0000 -1.55274725274725E+0000
 189 -2.00000000000000E+0000 -2.00000000000000E+0000
 190 -2.00000000000000E+0000 -2.00000000000000E+0000
 191  1.30000000000000E+0000 -1.64622710622711E+0000
 192  1.30000000000000E+0000 -1.54791208791209E+0000
 193 -2.00000000000000E+0000 -2.00000000000000E+0000
 194 -2.00000000000000E+0000 -2.00000000000000E+0000
 195  1.30000000000000E+0000 -1.64461538461538E+0000
 196  1.30000000000000E+0000 -1.55758241758242E+0000
 197 -2.00000000000000E+0000 -2.00000000000000E+0000
 198 -2.00000000000000E+0000 -2.00000000000000E+0000
 199  1.30000000000000E+0000 -1.64622710622711E+0000
 200  1.30000000000000E+0000 -1.54952380952381E+0000
 201 -2.00000000000000E+0000 -2.00000000000000E+0000
 202 -2.00000000000000E+0000 -2.00000000000000E+0000
 203  1.30000000000000E+0000 -1.64542124542125E+0000
 204  1.30000000000000E+0000 -1.55435897435897E+0000
 205 -2.00000000000000E+0000 -2.00000000000000E+0000
 206 -2.00000000000000E+0000 -2.00000000000000E+0000
 207  1.30000000000000E+0000 -1.64300366300366E+0000
 208  1.30000000000000E+0000 -1.55597069597070E+0000
 209 -2.00000000000000E+0000 -2.00000000000000E+0000
 210 -2.00000000000000E+0000 -2.00000000000000E+0000
 211  1.30000000000000E+0000 -1.64300366300366E+0000
 212  1.30000000000000E+0000 -1.56402930402930E+0000
 213 -2.00000000000000E+0000 -2.00000000000000E+0000
 214 -2.00000000000000E+0000 -2.00000000000000E+0000
 215  1.30000000000000E+0000 -1.64864468864469E+0000
 216  1.30000000000000E+0000 -1.55758241758242E+0000
 217 -2.00000000000000E+0000 -2.00000000000000E+0000
 218 -2.00000000000000E+0000 -2.00000000000000E+0000
 219  1.30000000000000E+0000 -1.64783882783883E+0000
 220  1.30000000000000E+0000 -1.55597069597070E+0000
 221 -2.00000000000000E+0000 -2.00000000000000E+0000
 222 -2.00000000000000E+0000 -2.00000000000000E+0000
 223  1.30000000000000E+0000 -1.64864468864469E+0000
 224  1.30000000000000E+0000 -1.55677655677656E+0000
 225 -2.00000000000000E+0000 -2.00000000000000E+0000
 226 -2.00000000000000E+0000 -2.00000000000000E+0000
 227  1.30000000000000E+0000 -1.64864468864469E+0000
 228  1.30000000000000E+0000 -1.55758241758242E+0000
 229 -2.00000000000000E+0000 -2.00000000000000E+0000
 230 -2.00000000000000E+0000 -2.00000000000000E+0000
 231  1.30000000000000E+0000 -1.64945054945055E+0000
 232  1.30000000000000E+0000 -1.56080586080586E+0000
 233 -2.00000000000000E+0000 -2.00000000000000E+0000
 234 -2.00000000000000E+0000 -2.00000000000000E+0000
 235  1.30000000000000E+0000 -1.65186813186813E+0000
 236  1.30000000000000E+0000 -1.56483516483516E+0000
 237 -2.00000000000000E+0000 -2.00000000000000E+0000
 238 -2.00000000000000E+0000 -2.00000000000000E+0000
 239  1.30000000000000E+0000 -1.65347985347985E+0000
 240  1.30000000000000E+0000 -1.55677655677656E+0000
 241 -2.00000000000000E+0000 -2.00000000000000E+0000
 242 -2.00000000000000E+0000 -2.00000000000000E+0000
 243  1.30000000000000E+0000 -1.65106227106227E+0000
 244  1.30000000000000E+0000 -1.56564102564103E+0000
 245 -2.00000000000000E+0000 -2.00000000000000E+0000
 246 -2.00000000000000E+0000 -2.00000000000000E+0000
 247  1.30000000000000E+0000 -1.65267399267399E+0000
 248  1.30000000000000E+0000 -1.55758241758242E+0000
 249 -2.00000000000000E+0000 -2.00000000000000E+0000
 250 -2.00000000000000E+0000 -2.00000000000000E+0000
 251  1.30000000000000E+0000 -1.65347985347985E+0000
 252  1.30000000000000E+0000 -1.55838827838828E+0000
 253 -2.00000000000000E+0000 -2.00000000000000E+0000
 254 -2.00000000000000E+0000 -2.00000000000000E+0000
 255  1.30000000000000E+0000 -1.65428571428571E+0000
 256  1.30000000000000E+0000 -1.57289377289377E+0000
 257 -2.00000000000000E+0000 -2.00000000000000E+0000
 258 -2.00000000000000E+0000 -2.00000000000000E+0000
 259  1.30000000000000E+0000 -1.65347985347985E+0000
 260  1.30000000000000E+0000 -1.58578754578755E+0000
 261 -2.00000000000000E+0000 -2.00000000000000E+0000
 262 -2.00000000000000E+0000 -2.00000000000000E+0000
 263  1.30000000000000E+0000 -1.65831501831502E+0000
 264  1.30000000000000E+0000 -1.60512820512821E+0000
 265 -2.00000000000000E+0000 -2.00000000000000E+0000
 266 -2.00000000000000E+0000 -2.00000000000000E+0000
 267  1.30000000000000E+0000 -1.65589743589744E+0000
 268  1.30000000000000E+0000 -1.61641025641026E+0000
 269 -2.00000000000000E+0000 -2.00000000000000E+0000
 270 -2.00000000000000E+0000 -2.00000000000000E+0000
 271  1.30000000000000E+0000 -1.65670329670330E+0000
 272  1.30000000000000E+0000 -1.62769230769231E+0000
 273 -2.00000000000000E+0000 -2.00000000000000E+0000
 274 -2.00000000000000E+0000 -2.00000000000000E+0000
 275  1.30000000000000E+0000 -1.65509157509158E+0000
 276  1.30000000000000E+0000 -1.64058608058608E+0000
 277 -2.00000000000000E+0000 -2.00000000000000E+0000
 278 -2.00000000000000E+0000 -2.00000000000000E+0000
 279  1.30000000000000E+0000 -1.65750915750916E+0000
 280  1.19443223443223E+0000 -1.65670329670330E+0000
 281 -2.00000000000000E+0000 -2.00000000000000E+0000
 282 -2.00000000000000E+0000 -2.00000000000000E+0000
 283  1.30000000000000E+0000 -1.57128205128205E+0000
 284  1.07435897435897E+0000 -1.61479853479853E+0000
 285 -2.00000000000000E+0000 -2.00000000000000E+0000
 286 -2.00000000000000E+0000 -2.00000000000000E+0000
 287  1.30000000000000E+0000 -1.49150183150183E+0000
 288  8.54358974358974E-0001 -1.54065934065934E+0000
 289 -2.00000000000000E+0000 -2.00000000000000E+0000
 290 -2.00000000000000E+0000 -2.00000000000000E+0000
 291  1.30000000000000E+0000 -1.47216117216117E+0000
 292  7.15750915750916E-0001 -1.57450549450549E+0000
 293 -2.00000000000000E+0000 -2.00000000000000E+0000
 294 -2.00000000000000E+0000 -2.00000000000000E+0000
 295  1.30000000000000E+0000 -1.45926739926740E+0000
 296  5.38461538461538E-0001 -2.00000000000000E+0000
 297 -2.00000000000000E+0000 -2.00000000000000E+0000
 298  1.30000000000000E+0000 -1.45523809523810E+0000
 299  3.29743589743590E-0001 -1.59384615384615E+0000
 300 -2.00000000000000E+0000 -2.00000000000000E+0000
 301 -2.00000000000000E+0000 -2.00000000000000E+0000
 302  1.30000000000000E+0000 -1.44153846153846E+0000
 303  2.21758241758242E-0001 -1.59062271062271E+0000
 304 -2.00000000000000E+0000 -2.00000000000000E+0000
 305 -2.00000000000000E+0000 -2.00000000000000E+0000
 306  1.30000000000000E+0000 -1.43992673992674E+0000
 307 -9.52380952380952E-0003 -1.59948717948718E+0000
 308 -2.00000000000000E+0000 -2.00000000000000E+0000
 309 -2.00000000000000E+0000 -2.00000000000000E+0000
 310  1.30000000000000E+0000 -1.43912087912088E+0000
 311 -1.27985347985348E-0001 -1.61963369963370E+0000
 312 -2.00000000000000E+0000 -2.00000000000000E+0000
 313 -2.00000000000000E+0000 -2.00000000000000E+0000
 314  1.30000000000000E+0000 -1.44476190476190E+0000
 315 -3.02051282051282E-0001 -1.63655677655678E+0000
 316 -2.00000000000000E+0000 -2.00000000000000E+0000
 317 -2.00000000000000E+0000 -1.98871794871795E+0000
 318  1.30000000000000E+0000 -1.43509157509158E+0000
 319 -4.92234432234432E-0001 -1.63816849816850E+0000
 320 -2.00000000000000E+0000 -2.00000000000000E+0000
 321 -1.83802197802198E+0000 -1.97421245421245E+0000
 322  1.30000000000000E+0000 -1.44315018315018E+0000
 323 -5.96190476190476E-0001 -1.65589743589744E+0000
 324 -2.00000000000000E+0000 -2.00000000000000E+0000
 325 -1.66798534798535E+0000 -1.96212454212454E+0000
 326  1.30000000000000E+0000 -1.42864468864469E+0000
 327 -8.44395604395604E-0001 -1.66476190476190E+0000
 328 -2.00000000000000E+0000 -2.00000000000000E+0000
 329 -1.53743589743590E+0000 -1.95003663003663E+0000
 330  1.30000000000000E+0000 -1.43750915750916E+0000
 331 -9.58827838827839E-0001 -1.68571428571429E+0000
 332 -2.00000000000000E+0000 -2.00000000000000E+0000
 333 -1.26989010989011E+0000 -1.92827838827839E+0000
 334  1.30000000000000E+0000 -1.69860805860806E+0000
 335 -2.00000000000000E+0000 -2.00000000000000E+0000
 336 -1.19333333333333E+0000 -1.92263736263736E+0000
 337  1.30000000000000E+0000 -1.44717948717949E+0000
 338 -1.30534798534799E+0000 -1.71633699633700E+0000
 339 -2.00000000000000E+0000 -2.00000000000000E+0000
 340 -9.80586080586081E-0001 -1.43509157509158E+0000
 341 -1.41091575091575E+0000 -1.71472527472527E+0000
 342 -2.00000000000000E+0000 -2.00000000000000E+0000
 343 -8.19413919413919E-0001 -1.89201465201465E+0000
 344  1.30000000000000E+0000 -1.48263736263736E+0000
 345 -1.63816849816850E+0000 -2.00000000000000E+0000
 346 -6.77582417582418E-0001 -1.88234432234432E+0000
 347  1.30000000000000E+0000 -1.48263736263736E+0000
 348 -1.76468864468864E+0000 -1.79934065934066E+0000
 349 -2.00000000000000E+0000 -2.00000000000000E+0000
 350 -4.36630036630037E-0001 -1.47619047619048E+0000
 351 -1.95890109890110E+0000 -1.80820512820513E+0000
 352 -2.00000000000000E+0000 -2.00000000000000E+0000
 353 -3.31062271062271E-0001 -1.85494505494505E+0000
 354  1.30000000000000E+0000 -1.48021978021978E+0000
 355 -2.00000000000000E+0000 -2.00000000000000E+0000
 356 -1.18315018315018E-0001 -1.83721611721612E+0000
 357  1.30000000000000E+0000 -1.48263736263736E+0000
 358 -2.00000000000000E+0000 -1.84124542124542E+0000
 359 -2.00000000000000E+0000 -2.00000000000000E+0000
 360  2.10989010989011E-0002 -1.82673992673993E+0000
 361  1.30000000000000E+0000 -1.47296703296703E+0000
 362 -2.00000000000000E+0000 -1.85333333333333E+0000
 363 -2.00000000000000E+0000 -2.00000000000000E+0000
 364  1.49230769230769E-0001 -1.81626373626374E+0000
 365  1.30000000000000E+0000 -1.48747252747253E+0000
 366 -2.00000000000000E+0000 -1.86058608058608E+0000
 367 -2.00000000000000E+0000 -2.00000000000000E+0000
 368  4.03882783882784E-0001 -1.79772893772894E+0000
 369  1.30000000000000E+0000 -2.00000000000000E+0000
 370 -2.00000000000000E+0000 -2.00000000000000E+0000
 371  5.07032967032967E-0001 -1.78886446886447E+0000
 372  1.30000000000000E+0000 -1.51326007326007E+0000
 373 -2.00000000000000E+0000 -2.00000000000000E+0000
 374 -2.00000000000000E+0000 -2.00000000000000E+0000
 375  7.45567765567766E-0001 -1.77113553113553E+0000
 376  1.30000000000000E+0000 -1.51809523809524E+0000
 377 -2.00000000000000E+0000 -2.00000000000000E+0000
 378  9.16410256410256E-0001 -1.75582417582418E+0000
 379  1.30000000000000E+0000 -1.51245421245421E+0000
 380 -2.00000000000000E+0000 -2.00000000000000E+0000
 381 -2.00000000000000E+0000 -2.00000000000000E+0000
 382  1.09289377289377E+0000 -1.74212454212454E+0000
 383  1.30000000000000E+0000 -1.52534798534799E+0000
 384 -2.00000000000000E+0000 -2.00000000000000E+0000
 385 -2.00000000000000E+0000 -2.00000000000000E+0000
 386  1.29516483516484E+0000 -1.72681318681319E+0000
 387  1.30000000000000E+0000 -1.52131868131868E+0000
 388 -2.00000000000000E+0000 -2.00000000000000E+0000
 389 -2.00000000000000E+0000 -2.00000000000000E+0000
 390  1.30000000000000E+0000 -1.71633699633700E+0000
 391  1.30000000000000E+0000 -1.52373626373626E+0000
 392 -2.00000000000000E+0000 -2.00000000000000E+0000
 393 -2.00000000000000E+0000 -2.00000000000000E+0000
 394  1.30000000000000E+0000 -1.69780219780220E+0000
 395  1.30000000000000E+0000 -1.51084249084249E+0000
 396 -2.00000000000000E+0000 -2.00000000000000E+0000
 397 -2.00000000000000E+0000 -2.00000000000000E+0000
 398  1.30000000000000E+0000 -1.69296703296703E+0000
 399  1.30000000000000E+0000 -1.51970695970696E+0000
 400 -2.00000000000000E+0000 -2.00000000000000E+0000
 401  1.30000000000000E+0000 -1.67765567765568E+0000
 402  1.30000000000000E+0000 -1.56000000000000E+0000
 403 -2.00000000000000E+0000 -2.00000000000000E+0000
 404  1.30000000000000E+0000 -1.65509157509158E+0000
 405  1.30000000000000E+0000 -1.55677655677656E+0000
 406 -2.00000000000000E+0000 -2.00000000000000E+0000
 407  1.30000000000000E+0000 -1.64783882783883E+0000
 408  1.30000000000000E+0000 -1.55274725274725E+0000
 409 -2.00000000000000E+0000 -2.00000000000000E+0000
 410  1.30000000000000E+0000 -1.64300366300366E+0000
 411  1.30000000000000E+0000 -1.55758241758242E+0000
 412 -2.00000000000000E+0000 -2.00000000000000E+0000
 413 -2.00000000000000E+0000 -2.00000000000000E+0000
 414  1.30000000000000E+0000 -1.64380952380952E+0000
 415  1.30000000000000E+0000 -2.00000000000000E+0000
 416 -2.00000000000000E+0000 -2.00000000000000E+0000
 417  1.30000000000000E+0000 -1.64058608058608E+0000
 418  1.30000000000000E+0000 -2.00000000000000E+0000
 419 -2.00000000000000E+0000 -2.00000000000000E+0000
 420  1.30000000000000E+0000 -1.64542124542125E+0000
 421  1.30000000000000E+0000 -1.56322344322344E+0000
 422 -2.00000000000000E+0000 -2.00000000000000E+0000
 423 -2.00000000000000E+0000 -2.00000000000000E+0000
 424  1.30000000000000E+0000 -1.56161172161172E+0000
 425 -2.00000000000000E+0000 -2.00000000000000E+0000
 426 -2.00000000000000E+0000 -1.64542124542125E+0000
 427  1.30000000000000E+0000 -1.56322344322344E+0000
 428 -2.00000000000000E+0000 -2.00000000000000E+0000
 429 -2.00000000000000E+0000 -2.00000000000000E+0000
 430  1.30000000000000E+0000 -1.64622710622711E+0000
 431  1.30000000000000E+0000 -1.55113553113553E+0000
 432 -2.00000000000000E+0000 -2.00000000000000E+0000
 433  1.30000000000000E+0000 -1.64783882783883E+0000
 434  1.30000000000000E+0000 -2.00000000000000E+0000
 435 -2.00000000000000E+0000 -2.00000000000000E+0000
 436  1.30000000000000E+0000 -1.64703296703297E+0000
 437  1.30000000000000E+0000 -2.00000000000000E+0000
 438 -2.00000000000000E+0000 -2.00000000000000E+0000
 439  1.30000000000000E+0000 -1.55435897435897E+0000
 440 -2.00000000000000E+0000 -2.00000000000000E+0000
 441 -2.00000000000000E+0000 -2.00000000000000E+0000
 442  1.30000000000000E+0000 -1.56080586080586E+0000
 443 -2.00000000000000E+0000 -2.00000000000000E+0000
 444 -2.00000000000000E+0000 -2.00000000000000E+0000
 445  1.30000000000000E+0000 -1.65106227106227E+0000
 446  1.30000000000000E+0000 -1.56644688644689E+0000
 447 -2.00000000000000E+0000 -2.00000000000000E+0000
 448 -2.00000000000000E+0000 -2.00000000000000E+0000
 449  1.30000000000000E+0000 -1.64945054945055E+0000
 450  1.30000000000000E+0000 -2.00000000000000E+0000
 451 -2.00000000000000E+0000 -2.00000000000000E+0000
 452  1.30000000000000E+0000 -1.55758241758242E+0000
 453 -2.00000000000000E+0000 -2.00000000000000E+0000
 454 -2.00000000000000E+0000 -1.65267399267399E+0000
 455  1.30000000000000E+0000 -1.55919413919414E+0000
 456 -2.00000000000000E+0000 -2.00000000000000E+0000
 457  1.30000000000000E+0000 -1.65347985347985E+0000
 458  1.30000000000000E+0000 -2.00000000000000E+0000
 459 -2.00000000000000E+0000 -2.00000000000000E+0000
 460  1.30000000000000E+0000 -1.65267399267399E+0000
 461  1.30000000000000E+0000 -1.57531135531136E+0000
 462 -2.00000000000000E+0000 -2.00000000000000E+0000
 463 -2.00000000000000E+0000 -1.65267399267399E+0000
 464  1.30000000000000E+0000 -1.58417582417582E+0000
 465 -2.00000000000000E+0000 -2.00000000000000E+0000
 466  1.30000000000000E+0000 -1.65428571428571E+0000
 467  1.30000000000000E+0000 -2.00000000000000E+0000
 468 -2.00000000000000E+0000 -2.00000000000000E+0000
 469  1.30000000000000E+0000 -1.61802197802198E+0000
 470 -2.00000000000000E+0000 -2.00000000000000E+0000
 471  1.30000000000000E+0000 -1.65428571428571E+0000
 472  1.30000000000000E+0000 -2.00000000000000E+0000
 473 -2.00000000000000E+0000 -2.00000000000000E+0000
 474  1.30000000000000E+0000 -1.64058608058608E+0000
 475 -2.00000000000000E+0000 -2.00000000000000E+0000
 476 -2.00000000000000E+0000 -1.65589743589744E+0000
 477  1.24439560439560E+0000 -1.65267399267399E+0000
 478 -2.00000000000000E+0000 -2.00000000000000E+0000
 479  1.30000000000000E+0000 -1.57611721611722E+0000
 480  1.08080586080586E+0000 -2.00000000000000E+0000
 481 -2.00000000000000E+0000 -2.00000000000000E+0000
 482  1.30000000000000E+0000 -1.58739926739927E+0000
 483 -2.00000000000000E+0000 -2.00000000000000E+0000
 484  1.30000000000000E+0000 -1.47699633699634E+0000
 485  8.59194139194139E-0001 -2.00000000000000E+0000
 486 -2.00000000000000E+0000 -2.00000000000000E+0000
 487  1.30000000000000E+0000 -1.57450549450549E+0000
 488 -2.00000000000000E+0000 -2.00000000000000E+0000
 489 -2.00000000000000E+0000 -2.00000000000000E+0000
 490  1.30000000000000E+0000 -1.45684981684982E+0000
 491  5.52161172161172E-0001 -2.00000000000000E+0000
 492 -2.00000000000000E+0000 -2.00000000000000E+0000
 493  1.30000000000000E+0000 -1.58336996336996E+0000
 494 -2.00000000000000E+0000 -2.00000000000000E+0000
 495  1.30000000000000E+0000 -1.45120879120879E+0000
 496  2.29816849816850E-0001 -2.00000000000000E+0000
 497 -2.00000000000000E+0000 -2.00000000000000E+0000
 498  1.30000000000000E+0000 -1.59948717948718E+0000
 499 -2.00000000000000E+0000 -2.00000000000000E+0000
 500  1.30000000000000E+0000 -1.43509157509158E+0000
 501 -5.70695970695971E-0002 -2.00000000000000E+0000
 502 -2.00000000000000E+0000 -2.00000000000000E+0000
 503  1.30000000000000E+0000 -1.62205128205128E+0000
 504 -2.00000000000000E+0000 -1.99838827838828E+0000
 505  1.30000000000000E+0000 -1.44234432234432E+0000
 506 -3.31868131868132E-0001 -2.00000000000000E+0000
 507 -1.97340659340659E+0000 -1.98952380952381E+0000
 508  1.30000000000000E+0000 -1.43992673992674E+0000
 509 -5.31721611721612E-0001 -1.64864468864469E+0000
 510 -2.00000000000000E+0000 -1.97179487179487E+0000
 511  1.30000000000000E+0000 -1.44395604395604E+0000
 512 -6.21172161172161E-0001 -1.66395604395604E+0000
 513 -2.00000000000000E+0000 -2.00000000000000E+0000
 514 -1.63413919413919E+0000 -1.44073260073260E+0000
 515 -8.47619047619048E-0001 -2.00000000000000E+0000
 516 -1.52857142857143E+0000 -1.95084249084249E+0000
 517  1.30000000000000E+0000 -1.68893772893773E+0000
 518 -2.00000000000000E+0000 -1.92989010989011E+0000
 519  1.30000000000000E+0000 -1.43509157509158E+0000
 520 -1.14739926739927E+0000 -2.00000000000000E+0000
 521 -1.17157509157509E+0000 -1.91780219780220E+0000
 522  1.30000000000000E+0000 -1.43347985347985E+0000
 523 -1.34483516483516E+0000 -1.70666666666667E+0000
 524 -2.00000000000000E+0000 -1.91457875457875E+0000
 525  1.30000000000000E+0000 -1.73567765567766E+0000
 526 -2.00000000000000E+0000 -2.00000000000000E+0000
 527 -8.01684981684982E-0001 -1.47619047619048E+0000
 528 -1.70102564102564E+0000 -2.00000000000000E+0000
 529 -6.84029304029304E-0001 -1.88476190476190E+0000
 530  1.30000000000000E+0000 -1.79853479853480E+0000
 531 -2.00000000000000E+0000 -1.86542124542125E+0000
 532  1.30000000000000E+0000 -1.47538461538462E+0000
 533 -2.00000000000000E+0000 -1.81384615384615E+0000
 534 -2.00000000000000E+0000 -2.00000000000000E+0000
 535 -3.30256410256410E-0001 -1.48505494505495E+0000
 536 -2.00000000000000E+0000 -2.00000000000000E+0000
 537 -1.19926739926739E-0001 -1.47457875457875E+0000
 538 -2.00000000000000E+0000 -2.00000000000000E+0000
 539  1.12161172161172E-0001 -1.82190476190476E+0000
 540  1.30000000000000E+0000 -1.90168498168498E+0000
 541 -2.00000000000000E+0000 -1.81545787545788E+0000
 542  1.30000000000000E+0000 -1.47780219780220E+0000
 543 -2.00000000000000E+0000 -2.00000000000000E+0000
 544 -2.00000000000000E+0000 -2.00000000000000E+0000
 545  5.01391941391941E-0001 -1.48263736263736E+0000
 546 -2.00000000000000E+0000 -2.00000000000000E+0000
 547  6.16630036630037E-0001 -1.78241758241758E+0000
 548  1.30000000000000E+0000 -1.51728937728938E+0000
 549 -2.00000000000000E+0000 -2.00000000000000E+0000
 550 -2.00000000000000E+0000 -1.76227106227106E+0000
 551  1.30000000000000E+0000 -2.00000000000000E+0000
 552 -2.00000000000000E+0000 -1.74776556776557E+0000
 553  1.30000000000000E+0000 -1.52373626373626E+0000
 554 -2.00000000000000E+0000 -2.00000000000000E+0000
 555  1.14688644688645E+0000 -1.52051282051282E+0000
 556 -2.00000000000000E+0000 -2.00000000000000E+0000
 557  1.30000000000000E+0000 -1.72117216117216E+0000
 558  1.30000000000000E+0000 -1.52131868131868E+0000
 559 -2.00000000000000E+0000 -2.00000000000000E+0000
 560 -2.00000000000000E+0000 -1.70505494505495E+0000
 561  1.30000000000000E+0000 -2.00000000000000E+0000
 562 -2.00000000000000E+0000 -1.69216117216117E+0000
 563  1.30000000000000E+0000 -1.50681318681319E+0000
 564 -2.00000000000000E+0000 -2.00000000000000E+0000
 565 -2.00000000000000E+0000 -2.00000000000000E+0000
 566  1.30000000000000E+0000 -1.54952380952381E+0000
 567 -2.00000000000000E+0000 -2.00000000000000E+0000
 568  1.30000000000000E+0000 -1.55597069597070E+0000
 569 -2.00000000000000E+0000 -2.00000000000000E+0000
 570 -2.00000000000000E+0000 -2.00000000000000E+0000
 571  1.30000000000000E+0000 -1.64461538461538E+0000
 572  1.30000000000000E+0000 -2.00000000000000E+0000
 573 -2.00000000000000E+0000 -1.64461538461538E+0000
 574  1.30000000000000E+0000 -2.00000000000000E+0000
 575 -2.00000000000000E+0000 -2.00000000000000E+0000
 576  1.30000000000000E+0000 -1.64461538461538E+0000
 577  1.30000000000000E+0000 -1.55838827838828E+0000
 578 -2.00000000000000E+0000 -2.00000000000000E+0000
 579 -2.00000000000000E+0000 -2.00000000000000E+0000
 580  1.30000000000000E+0000 -1.55113553113553E+0000
 581 -2.00000000000000E+0000 -2.00000000000000E+0000
 582  1.30000000000000E+0000 -1.55032967032967E+0000
 583 -2.00000000000000E+0000 -2.00000000000000E+0000
 584  1.30000000000000E+0000 -1.64703296703297E+0000
 585  1.30000000000000E+0000 -2.00000000000000E+0000
 586 -2.00000000000000E+0000 -1.64622710622711E+0000
 587  1.30000000000000E+0000 -2.00000000000000E+0000
 588 -2.00000000000000E+0000 -1.64864468864469E+0000
 589  1.30000000000000E+0000 -2.00000000000000E+0000
 590 -2.00000000000000E+0000 -2.00000000000000E+0000
 591  1.30000000000000E+0000 -1.56241758241758E+0000
 592 -2.00000000000000E+0000 -2.00000000000000E+0000
 593  1.30000000000000E+0000 -1.55758241758242E+0000
 594 -2.00000000000000E+0000 -2.00000000000000E+0000
 595  1.30000000000000E+0000 -1.55919413919414E+0000
 596 -2.00000000000000E+0000 -2.00000000000000E+0000
 597  1.30000000000000E+0000 -1.56161172161172E+0000
 598 -2.00000000000000E+0000 -2.00000000000000E+0000
 599  1.30000000000000E+0000 -1.55516483516484E+0000
 600 -2.00000000000000E+0000 -2.00000000000000E+0000
 601  1.30000000000000E+0000 -1.65347985347985E+0000
 602  1.30000000000000E+0000 -1.55516483516484E+0000
 603 -2.00000000000000E+0000 -2.00000000000000E+0000
 604 -2.00000000000000E+0000 -2.00000000000000E+0000
 605  1.30000000000000E+0000 -1.65106227106227E+0000
 606  1.30000000000000E+0000 -2.00000000000000E+0000
 607 -2.00000000000000E+0000 -1.65267399267399E+0000
 608  1.30000000000000E+0000 -2.00000000000000E+0000
 609 -2.00000000000000E+0000 -1.65267399267399E+0000
 610  1.30000000000000E+0000 -2.00000000000000E+0000
 611 -2.00000000000000E+0000 -1.65509157509158E+0000
 612  1.30000000000000E+0000 -2.00000000000000E+0000
 613 -2.00000000000000E+0000 -2.00000000000000E+0000
 614  1.30000000000000E+0000 -1.65509157509158E+0000
 615  1.30000000000000E+0000 -2.00000000000000E+0000
 616 -2.00000000000000E+0000 -2.00000000000000E+0000
 617  1.30000000000000E+0000 -1.59545787545788E+0000
 618 -2.00000000000000E+0000 -2.00000000000000E+0000
 619  1.30000000000000E+0000 -1.61802197802198E+0000
 620 -2.00000000000000E+0000 -2.00000000000000E+0000
 621  1.30000000000000E+0000 -1.63413919413919E+0000
 622 -2.00000000000000E+0000 -2.00000000000000E+0000
 623  1.30000000000000E+0000 -1.64461538461538E+0000
 624 -2.00000000000000E+0000 -2.00000000000000E+0000
 625  1.30000000000000E+0000 -1.65589743589744E+0000
 626 -2.00000000000000E+0000 -2.00000000000000E+0000
 627  1.30000000000000E+0000 -1.56000000000000E+0000
 628  1.04131868131868E+0000 -1.60915750915751E+0000
 629 -2.00000000000000E+0000 -2.00000000000000E+0000
 630  1.30000000000000E+0000 -1.47941391941392E+0000
 631  8.83369963369963E-0001 -2.00000000000000E+0000
 632 -2.00000000000000E+0000 -2.00000000000000E+0000
 633  1.30000000000000E+0000 -1.46974358974359E+0000
 634  7.17362637362637E-0001 -2.00000000000000E+0000
 635 -2.00000000000000E+0000 -1.46087912087912E+0000
 636  6.41611721611722E-0001 -2.00000000000000E+0000
 637 -2.00000000000000E+0000 -1.45362637362637E+0000
 638  4.11135531135531E-0001 -2.00000000000000E+0000
 639 -2.00000000000000E+0000 -1.45282051282051E+0000
 640  2.74945054945055E-0001 -2.00000000000000E+0000
 641 -2.00000000000000E+0000 -1.43912087912088E+0000
 642  1.31501831501832E-0001 -2.00000000000000E+0000
 643 -2.00000000000000E+0000 -2.00000000000000E+0000
 644  1.30000000000000E+0000 -1.43589743589744E+0000
 645 -6.59340659340659E-0002 -2.00000000000000E+0000
 646 -2.00000000000000E+0000 -2.00000000000000E+0000
 647  1.30000000000000E+0000 -1.61479853479853E+0000
 648 -2.00000000000000E+0000 -2.00000000000000E+0000
 649 -2.00000000000000E+0000 -2.00000000000000E+0000
 650  1.30000000000000E+0000 -1.65347985347985E+0000
 651 -2.00000000000000E+0000 -1.99032967032967E+0000
 652  1.30000000000000E+0000 -1.65106227106227E+0000
 653 -2.00000000000000E+0000 -1.96937728937729E+0000
 654  1.30000000000000E+0000 -1.66476190476190E+0000
 655 -2.00000000000000E+0000 -1.95809523809524E+0000
 656  1.30000000000000E+0000 -1.67926739926740E+0000
 657 -2.00000000000000E+0000 -1.94439560439560E+0000
 658  1.30000000000000E+0000 -1.68974358974359E+0000
 659 -2.00000000000000E+0000 -1.92989010989011E+0000
 660  1.30000000000000E+0000 -1.43509157509158E+0000
 661 -1.18205128205128E+0000 -1.69457875457875E+0000
 662 -2.00000000000000E+0000 -1.92183150183150E+0000
 663  1.30000000000000E+0000 -1.72761904761905E+0000
 664 -2.00000000000000E+0000 -2.00000000000000E+0000
 665 -9.35457875457875E-0001 -1.90249084249084E+0000
 666  1.30000000000000E+0000 -1.44556776556777E+0000
 667 -1.47619047619048E+0000 -1.73890109890110E+0000
 668 -2.00000000000000E+0000 -1.89120879120879E+0000
 669  1.30000000000000E+0000 -1.47457875457875E+0000
 670 -1.70021978021978E+0000 -1.78322344322344E+0000
 671 -2.00000000000000E+0000 -1.87912087912088E+0000
 672  1.30000000000000E+0000 -1.47619047619048E+0000
 673 -1.77597069597070E+0000 -1.79369963369963E+0000
 674 -2.00000000000000E+0000 -2.00000000000000E+0000
 675 -4.56776556776557E-0001 -1.86461538461538E+0000
 676  1.30000000000000E+0000 -1.82271062271062E+0000
 677 -2.00000000000000E+0000 -2.00000000000000E+0000
 678 -3.93113553113553E-0001 -1.85897435897436E+0000
 679  1.30000000000000E+0000 -1.80981684981685E+0000
 680 -2.00000000000000E+0000 -2.00000000000000E+0000
 681 -1.27985347985348E-0001 -1.83882783882784E+0000
 682  1.30000000000000E+0000 -1.48424908424908E+0000
 683 -2.00000000000000E+0000 -1.84205128205128E+0000
 684 -2.00000000000000E+0000 -1.83238095238095E+0000
 685  1.30000000000000E+0000 -1.81545787545788E+0000
 686 -2.00000000000000E+0000 -2.00000000000000E+0000
 687  1.50842490842491E-0001 -1.47780219780220E+0000
 688 -2.00000000000000E+0000 -2.00000000000000E+0000
 689  3.49084249084249E-0001 -1.47457875457875E+0000
 690 -2.00000000000000E+0000 -2.00000000000000E+0000
 691  4.62710622710623E-0001 -1.52373626373626E+0000
 692 -2.00000000000000E+0000 -2.00000000000000E+0000
 693  7.08498168498168E-0001 -1.52373626373626E+0000
 694 -2.00000000000000E+0000 -2.00000000000000E+0000
 695  8.14065934065934E-0001 -1.52212454212454E+0000
 696 -2.00000000000000E+0000 -2.00000000000000E+0000
 697  1.02520146520147E+0000 -1.51567765567766E+0000
 698 -2.00000000000000E+0000 -2.00000000000000E+0000
 699  1.23794871794872E+0000 -1.51890109890110E+0000
 700 -2.00000000000000E+0000 -2.00000000000000E+0000
 701  1.29758241758242E+0000 -1.72600732600733E+0000
 702  1.30000000000000E+0000 -2.00000000000000E+0000
 703 -2.00000000000000E+0000 -2.00000000000000E+0000
 704  1.30000000000000E+0000 -1.70989010989011E+0000
 705  1.30000000000000E+0000 -2.00000000000000E+0000
 706 -2.00000000000000E+0000 -1.69941391941392E+0000
 707  1.30000000000000E+0000 -2.00000000000000E+0000
 708 -2.00000000000000E+0000 -1.68329670329670E+0000
 709  1.30000000000000E+0000 -2.00000000000000E+0000
 710 -2.00000000000000E+0000 -1.67282051282051E+0000
 711  1.30000000000000E+0000 -2.00000000000000E+0000
 712 -2.00000000000000E+0000 -1.66395604395604E+0000
 713  1.30000000000000E+0000 -2.00000000000000E+0000
 714 -2.00000000000000E+0000 -1.64380952380952E+0000
 715  1.30000000000000E+0000 -2.00000000000000E+0000
 716 -2.00000000000000E+0000 -2.00000000000000E+0000
 717  1.30000000000000E+0000 -1.64380952380952E+0000
 718  1.30000000000000E+0000 -2.00000000000000E+0000
 719 -2.00000000000000E+0000 -2.00000000000000E+0000
 720  1.30000000000000E+0000 -1.56000000000000E+0000
 721 -2.00000000000000E+0000 -2.00000000000000E+0000
 722  1.30000000000000E+0000 -1.55274725274725E+0000
 723 -2.00000000000000E+0000 -2.00000000000000E+0000
 724  1.30000000000000E+0000 -1.56161172161172E+0000
 725 -2.00000000000000E+0000 -2.00000000000000E+0000
 726  1.30000000000000E+0000 -1.55677655677656E+0000
 727 -2.00000000000000E+0000 -2.00000000000000E+0000
 728  1.30000000000000E+0000 -1.56000000000000E+0000
 729 -2.00000000000000E+0000 -2.00000000000000E+0000
 730  1.30000000000000E+0000 -1.55435897435897E+0000
 731 -2.00000000000000E+0000 -2.00000000000000E+0000
 732  1.30000000000000E+0000 -1.55677655677656E+0000
 733 -2.00000000000000E+0000 -2.00000000000000E+0000
 734  1.30000000000000E+0000 -1.55677655677656E+0000
 735 -2.00000000000000E+0000 -2.00000000000000E+0000
 736  1.30000000000000E+0000 -1.55516483516484E+0000
 737 -2.00000000000000E+0000 -2.00000000000000E+0000
 738  1.30000000000000E+0000 -1.64864468864469E+0000
 739  1.30000000000000E+0000 -1.56241758241758E+0000
 740 -2.00000000000000E+0000 -2.00000000000000E+0000
 741  1.30000000000000E+0000 -1.56322344322344E+0000
 742 -2.00000000000000E+0000 -2.00000000000000E+0000
 743  1.30000000000000E+0000 -1.64864468864469E+0000
 744  1.30000000000000E+0000 -1.56000000000000E+0000
 745 -2.00000000000000E+0000 -2.00000000000000E+0000
 746  1.30000000000000E+0000 -1.64461538461538E+0000
 747  1.30000000000000E+0000 -1.56161172161172E+0000
 748 -2.00000000000000E+0000 -2.00000000000000E+0000
 749  1.30000000000000E+0000 -1.65025641025641E+0000
 750  1.30000000000000E+0000 -1.56483516483516E+0000
 751 -2.00000000000000E+0000 -2.00000000000000E+0000
 752  1.30000000000000E+0000 -1.64945054945055E+0000
 753  1.30000000000000E+0000 -1.56241758241758E+0000
 754 -2.00000000000000E+0000 -2.00000000000000E+0000
 755  1.30000000000000E+0000 -1.65186813186813E+0000
 756  1.30000000000000E+0000 -1.56725274725275E+0000
 757 -2.00000000000000E+0000 -2.00000000000000E+0000
 758  1.30000000000000E+0000 -1.65186813186813E+0000
 759  1.30000000000000E+0000 -1.57289377289377E+0000
 760 -2.00000000000000E+0000 -2.00000000000000E+0000
 761  1.30000000000000E+0000 -1.65186813186813E+0000
 762  1.30000000000000E+0000 -1.58256410256410E+0000
 763 -2.00000000000000E+0000 -2.00000000000000E+0000
 764  1.30000000000000E+0000 -1.58659340659341E+0000
 765 -2.00000000000000E+0000 -2.00000000000000E+0000
 766  1.30000000000000E+0000 -1.65267399267399E+0000
 767  1.30000000000000E+0000 -1.59706959706960E+0000
 768 -2.00000000000000E+0000 -2.00000000000000E+0000
 769  1.30000000000000E+0000 -1.65347985347985E+0000
 770  1.30000000000000E+0000 -1.60835164835165E+0000
 771 -2.00000000000000E+0000 -2.00000000000000E+0000
 772  1.30000000000000E+0000 -1.62205128205128E+0000
 773 -2.00000000000000E+0000 -2.00000000000000E+0000
 774  1.30000000000000E+0000 -1.65509157509158E+0000
 775  1.30000000000000E+0000 -1.63252747252747E+0000
 776 -2.00000000000000E+0000 -2.00000000000000E+0000
 777  1.30000000000000E+0000 -1.65589743589744E+0000
 778  1.27260073260073E+0000 -2.00000000000000E+0000
 779 -2.00000000000000E+0000 -2.00000000000000E+0000
 780  1.30000000000000E+0000 -1.65509157509158E+0000
 781  1.12190476190476E+0000 -1.66315018315018E+0000
 782 -2.00000000000000E+0000 -2.00000000000000E+0000
 783  1.30000000000000E+0000 -1.55597069597070E+0000
 784  1.03809523809524E+0000 -1.59787545787546E+0000
 785 -2.00000000000000E+0000 -2.00000000000000E+0000
 786  1.30000000000000E+0000 -1.59223443223443E+0000
 787 -2.00000000000000E+0000 -2.00000000000000E+0000
 788  1.30000000000000E+0000 -1.47054945054945E+0000
 789  7.24615384615385E-0001 -1.58256410256410E+0000
 790 -2.00000000000000E+0000 -2.00000000000000E+0000
 791  1.30000000000000E+0000 -1.45765567765568E+0000
 792  5.90842490842491E-0001 -1.58820512820513E+0000
 793 -2.00000000000000E+0000 -2.00000000000000E+0000
 794  1.30000000000000E+0000 -1.58498168498168E+0000
 795 -2.00000000000000E+0000 -2.00000000000000E+0000
 796  1.30000000000000E+0000 -1.45120879120879E+0000
 797  3.17655677655678E-0001 -1.59868131868132E+0000
 798 -2.00000000000000E+0000 -2.00000000000000E+0000
 799  1.30000000000000E+0000 -1.59948717948718E+0000
 800 -2.00000000000000E+0000 -2.00000000000000E+0000
 801  1.30000000000000E+0000 -1.44073260073260E+0000
 802 -6.02930402930403E-0002 -1.60835164835165E+0000
 803 -2.00000000000000E+0000 -2.00000000000000E+0000
 804  1.30000000000000E+0000 -1.44153846153846E+0000
 805 -1.94871794871795E-0001 -1.62285714285714E+0000
 806 -2.00000000000000E+0000 -2.00000000000000E+0000
 807  1.30000000000000E+0000 -1.44153846153846E+0000
 808 -4.40659340659341E-0001 -2.00000000000000E+0000
 809 -1.91457875457875E+0000 -1.43428571428571E+0000
 810 -5.45421245421245E-0001 -2.00000000000000E+0000
 811 -1.67684981684982E+0000 -1.44395604395604E+0000
 812 -7.58974358974359E-0001 -2.00000000000000E+0000
 813 -1.58981684981685E+0000 -1.44395604395604E+0000
 814 -9.20952380952381E-0001 -2.00000000000000E+0000
 815 -1.35531135531136E+0000 -1.43750915750916E+0000
 816 -1.05150183150183E+0000 -2.00000000000000E+0000
 817 -1.25216117216117E+0000 -1.45040293040293E+0000
 818 -1.28358974358974E+0000 -2.00000000000000E+0000
 819 -1.07890109890110E+0000 -1.44153846153846E+0000
 820 -1.37304029304029E+0000 -2.00000000000000E+0000
 821 -8.83076923076923E-0001 -1.43992673992674E+0000
 822 -1.62043956043956E+0000 -2.00000000000000E+0000
 823 -7.65421245421245E-0001 -1.48344322344322E+0000
 824 -1.77597069597070E+0000 -2.00000000000000E+0000
 825 -5.51868131868132E-0001 -1.47780219780220E+0000
 826 -1.91296703296703E+0000 -2.00000000000000E+0000
 827 -4.14871794871795E-0001 -1.48263736263736E+0000
 828 -2.00000000000000E+0000 -2.00000000000000E+0000
 829 -2.45641025641026E-0001 -1.47860805860806E+0000
 830 -2.00000000000000E+0000 -2.00000000000000E+0000
 831 -1.11355311355311E-0002 -1.48102564102564E+0000
 832 -2.00000000000000E+0000 -2.00000000000000E+0000
 833  1.00879120879120E-0001 -1.47135531135531E+0000
 834 -2.00000000000000E+0000 -2.00000000000000E+0000
 835  3.80512820512821E-0001 -1.80095238095238E+0000
 836  1.30000000000000E+0000 -1.47538461538462E+0000
 837 -2.00000000000000E+0000 -2.00000000000000E+0000
 838  4.91721611721612E-0001 -1.52131868131868E+0000
 839 -2.00000000000000E+0000 -2.00000000000000E+0000
 840  7.13333333333333E-0001 -1.77435897435897E+0000
 841  1.30000000000000E+0000 -1.52534798534799E+0000
 842 -2.00000000000000E+0000 -2.00000000000000E+0000
 843  9.07545787545788E-0001 -1.75824175824176E+0000
 844  1.30000000000000E+0000 -1.51890109890110E+0000
 845 -2.00000000000000E+0000 -2.00000000000000E+0000
 846  1.02923076923077E+0000 -1.52454212454212E+0000
 847 -2.00000000000000E+0000 -2.00000000000000E+0000
 848  1.23553113553114E+0000 -1.73487179487179E+0000
 849  1.30000000000000E+0000 -1.52212454212454E+0000
 850 -2.00000000000000E+0000 -2.00000000000000E+0000
 851  1.30000000000000E+0000 -1.52212454212454E+0000
 852 -2.00000000000000E+0000 -2.00000000000000E+0000
 853  1.30000000000000E+0000 -1.51326007326007E+0000
 854 -2.00000000000000E+0000 -2.00000000000000E+0000
 855  1.30000000000000E+0000 -1.51084249084249E+0000
 856 -2.00000000000000E+0000 -2.00000000000000E+0000
 857  1.30000000000000E+0000 -1.68732600732601E+0000
 858  1.30000000000000E+0000 -1.55597069597070E+0000
 859 -2.00000000000000E+0000 -2.00000000000000E+0000
 860  1.30000000000000E+0000 -1.55274725274725E+0000
 861 -2.00000000000000E+0000 -2.00000000000000E+0000
 862  1.30000000000000E+0000 -1.55032967032967E+0000
 863 -2.00000000000000E+0000 -2.00000000000000E+0000
 864  1.30000000000000E+0000 -1.55919413919414E+0000
 865 -2.00000000000000E+0000 -2.00000000000000E+0000
 866  1.30000000000000E+0000 -1.64542124542125E+0000
 867  1.30000000000000E+0000 -1.56080586080586E+0000
 868 -2.00000000000000E+0000 -2.00000000000000E+0000
 869  1.30000000000000E+0000 -1.56000000000000E+0000
 870 -2.00000000000000E+0000 -2.00000000000000E+0000
 871  1.30000000000000E+0000 -1.64542124542125E+0000
 872  1.30000000000000E+0000 -1.55919413919414E+0000
 873 -2.00000000000000E+0000 -2.00000000000000E+0000
 874  1.30000000000000E+0000 -1.55274725274725E+0000
 875 -2.00000000000000E+0000 -2.00000000000000E+0000
 876  1.30000000000000E+0000 -1.55355311355311E+0000
 877 -2.00000000000000E+0000 -2.00000000000000E+0000
 878  1.30000000000000E+0000 -1.55516483516484E+0000
 879 -2.00000000000000E+0000 -2.00000000000000E+0000
 880  1.30000000000000E+0000 -1.56000000000000E+0000
 881 -2.00000000000000E+0000 -2.00000000000000E+0000
 882  1.30000000000000E+0000 -1.55677655677656E+0000
 883 -2.00000000000000E+0000 -2.00000000000000E+0000
 884  1.30000000000000E+0000 -1.55677655677656E+0000
 885 -2.00000000000000E+0000 -2.00000000000000E+0000
 886  1.30000000000000E+0000 -1.55758241758242E+0000
 887 -2.00000000000000E+0000 -2.00000000000000E+0000
 888  1.30000000000000E+0000 -1.55838827838828E+0000
 889 -2.00000000000000E+0000 -2.00000000000000E+0000
 890  1.30000000000000E+0000 -1.56241758241758E+0000
 891 -2.00000000000000E+0000 -2.00000000000000E+0000
 892  1.30000000000000E+0000 -1.56322344322344E+0000
 893 -2.00000000000000E+0000 -2.00000000000000E+0000
 894  1.30000000000000E+0000 -1.55838827838828E+0000
 895 -2.00000000000000E+0000 -2.00000000000000E+0000
 896  1.30000000000000E+0000 -1.55516483516484E+0000
 897 -2.00000000000000E+0000 -2.00000000000000E+0000
 898  1.30000000000000E+0000 -1.56483516483516E+0000
 899 -2.00000000000000E+0000 -2.00000000000000E+0000
 900  1.30000000000000E+0000 -1.56564102564103E+0000
 901 -2.00000000000000E+0000 -2.00000000000000E+0000
 902  1.30000000000000E+0000 -1.57934065934066E+0000
 903 -2.00000000000000E+0000 -2.00000000000000E+0000
 904  1.30000000000000E+0000 -1.59142857142857E+0000
 905 -2.00000000000000E+0000 -2.00000000000000E+0000
 906  1.30000000000000E+0000 -1.60029304029304E+0000
 907 -2.00000000000000E+0000 -2.00000000000000E+0000
 908  1.30000000000000E+0000 -1.61399267399267E+0000
 909 -2.00000000000000E+0000 -2.00000000000000E+0000
 910  1.30000000000000E+0000 -1.63172161172161E+0000
 911 -2.00000000000000E+0000 -2.00000000000000E+0000
 912  1.30000000000000E+0000 -1.64219780219780E+0000
 913 -2.00000000000000E+0000 -2.00000000000000E+0000
 914  1.30000000000000E+0000 -1.66153846153846E+0000
 915 -2.00000000000000E+0000 -2.00000000000000E+0000
 916  1.30000000000000E+0000 -1.62205128205128E+0000
 917 -2.00000000000000E+0000 -2.00000000000000E+0000
 918  1.30000000000000E+0000 -1.54146520146520E+0000
 919 -2.00000000000000E+0000 -2.00000000000000E+0000
 920  1.30000000000000E+0000 -1.57369963369963E+0000
 921 -2.00000000000000E+0000 -2.00000000000000E+0000
 922  1.30000000000000E+0000 -1.58095238095238E+0000
 923 -2.00000000000000E+0000 -2.00000000000000E+0000
 924  1.30000000000000E+0000 -1.59062271062271E+0000
 925 -2.00000000000000E+0000 -2.00000000000000E+0000
 926  1.30000000000000E+0000 -1.60432234432234E+0000
 927 -2.00000000000000E+0000 -2.00000000000000E+0000
 928  1.30000000000000E+0000 -1.60351648351648E+0000
 929 -2.00000000000000E+0000 -2.00000000000000E+0000
 930  1.30000000000000E+0000 -1.61318681318681E+0000
 931 -2.00000000000000E+0000 -2.00000000000000E+0000
 932  1.30000000000000E+0000 -1.63816849816850E+0000
 933 -2.00000000000000E+0000 -1.99435897435897E+0000
 934  1.30000000000000E+0000 -1.63655677655678E+0000
 935 -2.00000000000000E+0000 -1.97582417582418E+0000
 936  1.30000000000000E+0000 -1.65670329670330E+0000
 937 -2.00000000000000E+0000 -1.95728937728938E+0000
 938  1.30000000000000E+0000 -1.66879120879121E+0000
 939 -2.00000000000000E+0000 -1.94842490842491E+0000
 940  1.30000000000000E+0000 -1.70021978021978E+0000
 941 -2.00000000000000E+0000 -2.00000000000000E+0000
 942 -1.28842490842491E+0000 -1.92908424908425E+0000
 943  1.30000000000000E+0000 -1.44395604395604E+0000
 944 -1.16512820512821E+0000 -2.00000000000000E+0000
 945 -1.14417582417582E+0000 -1.43992673992674E+0000
 946 -1.41978021978022E+0000 -2.00000000000000E+0000
 947 -9.45128205128205E-0001 -1.44476190476190E+0000
 948 -1.55516483516484E+0000 -2.00000000000000E+0000
 949 -6.85641025641026E-0001 -1.47619047619048E+0000
 950 -1.77274725274725E+0000 -2.00000000000000E+0000
 951 -5.80879120879121E-0001 -1.48102564102564E+0000
 952 -1.95164835164835E+0000 -2.00000000000000E+0000
 953 -3.10109890109890E-0001 -1.47377289377289E+0000
 954 -2.00000000000000E+0000 -2.00000000000000E+0000
 955 -1.47326007326007E-0001 -1.47457875457875E+0000
 956 -2.00000000000000E+0000 -2.00000000000000E+0000
 957  6.62271062271062E-0002 -1.48102564102564E+0000
 958 -2.00000000000000E+0000 -2.00000000000000E+0000
 959  3.48278388278388E-0001 -1.48344322344322E+0000
 960 -2.00000000000000E+0000 -2.00000000000000E+0000
 961  4.59487179487179E-0001 -1.48827838827839E+0000
 962 -2.00000000000000E+0000 -2.00000000000000E+0000
 963  7.48791208791209E-0001 -1.51648351648352E+0000
 964 -2.00000000000000E+0000 -2.00000000000000E+0000
 965  9.01904761904762E-0001 -1.51890109890110E+0000
 966 -2.00000000000000E+0000 -2.00000000000000E+0000
 967  1.06791208791209E+0000 -1.52051282051282E+0000
 968 -2.00000000000000E+0000 -2.00000000000000E+0000
 969  1.30000000000000E+0000 -1.52131868131868E+0000
 970 -2.00000000000000E+0000 -2.00000000000000E+0000
 971  1.30000000000000E+0000 -1.51648351648352E+0000
 972 -2.00000000000000E+0000 -2.00000000000000E+0000
 973 -2.00000000000000E+0000 -1.70263736263736E+0000
 974  1.30000000000000E+0000 -2.00000000000000E+0000
 975 -2.00000000000000E+0000 -1.68813186813187E+0000
 976  1.30000000000000E+0000 -2.00000000000000E+0000
 977 -2.00000000000000E+0000 -1.67201465201465E+0000
 978  1.30000000000000E+0000 -2.00000000000000E+0000
 979 -2.00000000000000E+0000 -1.65267399267399E+0000
 980  1.30000000000000E+0000 -2.00000000000000E+0000
 981 -2.00000000000000E+0000 -1.64300366300366E+0000
 982  1.30000000000000E+0000 -2.00000000000000E+0000
 983 -2.00000000000000E+0000 -1.64461538461538E+0000
 984  1.30000000000000E+0000 -2.00000000000000E+0000
 985 -2.00000000000000E+0000 -1.64300366300366E+0000
 986  1.30000000000000E+0000 -2.00000000000000E+0000
 987 -2.00000000000000E+0000 -1.64622710622711E+0000
 988  1.30000000000000E+0000 -2.00000000000000E+0000
 989 -2.00000000000000E+0000 -1.64542124542125E+0000
 990  1.30000000000000E+0000 -2.00000000000000E+0000
 991 -2.00000000000000E+0000 -1.64380952380952E+0000
