 0 -1.31208791208791E-0001 -1.40205128205128E+0000
 1 -1.07032967032967E-0001 -1.38029304029304E+0000
 2 -5.70695970695971E-0002 -1.39157509157509E+0000
 3 -3.20879120879121E-0002 -1.37223443223443E+0000
 4 -6.51282051282051E-0002 -1.40608058608059E+0000
 5 -1.08644688644688E-0001 -1.39963369963370E+0000
 6 -1.31208791208791E-0001 -1.37787545787546E+0000
 7 -1.39267399267399E-0001 -1.39963369963370E+0000
 8 -9.81684981684982E-0002 -1.38996336996337E+0000
 9 -4.65934065934066E-0002 -1.36498168498168E+0000
 10 -5.94871794871795E-0002 -1.37062271062271E+0000
 11 -6.83516483516484E-0002 -1.39641025641026E+0000
 12 -1.17509157509157E-0001 -1.38593406593407E+0000
 13 -1.44102564102564E-0001 -1.37384615384615E+0000
 14 -1.13479853479853E-0001 -1.38673992673993E+0000
 15 -7.23809523809524E-0002 -1.36901098901099E+0000
 16 -2.40293040293040E-0002 -1.38835164835165E+0000
 17 -4.01465201465201E-0002 -1.36659340659341E+0000
 18 -8.20512820512821E-0002 -1.38190476190476E+0000
 19 -1.28791208791209E-0001 -1.36417582417582E+0000
 20 -1.36043956043956E-0001 -1.38915750915751E+0000
 21 -1.05421245421245E-0001 -1.36417582417582E+0000
 22 -4.09523809523810E-0002 -1.36739926739927E+0000
 23 -2.80586080586081E-0002 -1.39238095238095E+0000
 24 -5.78754578754579E-0002 -1.38512820512821E+0000
 25 -1.05421245421245E-0001 -1.37062271062271E+0000
 26 -1.43296703296703E-0001 -1.38271062271062E+0000
 27 -1.32014652014652E-0001 -1.35692307692308E+0000
 28 -9.33333333333333E-0002 -1.37706959706960E+0000
 29 -4.09523809523810E-0002 -1.39318681318681E+0000
 30 -4.82051282051282E-0002 -1.37626373626374E+0000
 31 -6.91575091575092E-0002 -1.39479853479853E+0000
 32 -1.26373626373626E-0001 -1.38351648351648E+0000
 33 -1.38461538461538E-0001 -1.36256410256410E+0000
 34 -1.15897435897435E-0001 -1.36498168498168E+0000
 35 -6.67399267399267E-0002 -1.38512820512821E+0000
 36 -2.72527472527473E-0002 -1.36981684981685E+0000
 37 -4.82051282051282E-0002 -1.38835164835165E+0000
 38 -8.44688644688645E-0002 -1.35531135531136E+0000
 39 -1.34432234432234E-0001 -1.38593406593407E+0000
 40 -1.32014652014652E-0001 -1.37545787545788E+0000
 41 -1.07032967032967E-0001 -1.39076923076923E+0000
 42 -3.45054945054945E-0002 -1.35450549450549E+0000
 43 -4.09523809523810E-0002 -1.38271062271062E+0000
 44 -6.27106227106227E-0002 -1.36820512820513E+0000
 45 -1.14285714285714E-0001 -1.39641025641026E+0000
 46 -1.34432234432234E-0001 -1.36498168498168E+0000
 47 -1.24761904761904E-0001 -1.38996336996337E+0000
 48 -6.99633699633700E-0002 -1.37062271062271E+0000
 49 -3.61172161172161E-0002 -1.38673992673993E+0000
 50 -4.41758241758242E-0002 -1.36095238095238E+0000
 51 -7.96336996336996E-0002 -1.39157509157509E+0000
 52 -1.34432234432234E-0001 -1.38673992673993E+0000
 53 -1.43296703296703E-0001 -1.37223443223443E+0000
 54 -1.11868131868131E-0001 -1.38029304029304E+0000
 55 -6.91575091575092E-0002 -1.41010989010989E+0000
 56 -3.77289377289377E-0002 -1.39641025641026E+0000
 57 -5.38461538461538E-0002 -1.37545787545788E+0000
 58 -9.57509157509158E-0002 -1.38512820512821E+0000
 59 -1.42490842490842E-0001 -1.37465201465201E+0000
 60 -1.52161172161172E-0001 -1.40930402930403E+0000
 61 -1.00586080586080E-0001 -1.38512820512821E+0000
 62 -4.82051282051282E-0002 -1.35208791208791E+0000
 63 -3.45054945054945E-0002 -1.37626373626374E+0000
 64 -5.94871794871795E-0002 -1.40205128205128E+0000
 65 -1.24761904761904E-0001 -1.38432234432234E+0000
 66 -1.39267399267399E-0001 -1.35692307692308E+0000
 67 -1.26373626373626E-0001 -1.37626373626374E+0000
 68 -6.99633699633700E-0002 -1.39560439560440E+0000
 69 -4.01465201465201E-0002 -1.36981684981685E+0000
 70 -3.45054945054945E-0002 -1.37626373626374E+0000
 71 -8.44688644688645E-0002 -1.40285714285714E+0000
 72 -1.24761904761904E-0001 -1.39479853479853E+0000
 73 -1.40879120879121E-0001 -1.37062271062271E+0000
 74 -1.11868131868131E-0001 -1.37626373626374E+0000
 75 -6.67399267399267E-0002 -1.39560439560440E+0000
 76 -2.32234432234432E-0002 -1.37626373626374E+0000
 77 -5.78754578754579E-0002 -1.39560439560440E+0000
 78 -9.81684981684982E-0002 -1.36820512820513E+0000
 79 -1.32014652014652E-0001 -1.40285714285714E+0000
 80 -1.27985347985348E-0001 -1.38835164835165E+0000
 81 -9.73626373626374E-0002 -1.35853479853480E+0000
 82 -4.57875457875458E-0002 -1.36417582417582E+0000
 83 -3.04761904761905E-0002 -1.38835164835165E+0000
 84 -9.65567765567766E-0002 -1.37465201465201E+0000
 85 -1.11868131868131E-0001 -1.40124542124542E+0000
 86 -1.44102564102564E-0001 -1.37062271062271E+0000
 87 -1.16703296703296E-0001 -1.39479853479853E+0000
 88 -7.07692307692308E-0002 -1.37223443223443E+0000
 89 -3.12820512820513E-0002 -1.38835164835165E+0000
 90 -3.77289377289377E-0002 -1.35369963369963E+0000
 91 -8.76923076923077E-0002 -1.38754578754579E+0000
 92 -1.31208791208791E-0001 -1.38512820512821E+0000
 93 -1.35238095238095E-0001 -1.36498168498168E+0000
 94 -1.03003663003663E-0001 -1.37304029304029E+0000
 95 -5.94871794871795E-0002 -1.40124542124542E+0000
 96 -4.09523809523810E-0002 -1.38432234432234E+0000
 97 -5.46520146520147E-0002 -1.36175824175824E+0000
 98 -1.05421245421245E-0001 -1.38190476190476E+0000
 99 -1.33626373626374E-0001 -1.36498168498168E+0000
 100 -1.34432234432234E-0001 -1.39318681318681E+0000
 101 -8.04395604395604E-0002 -1.37223443223443E+0000
 102 -4.09523809523810E-0002 -1.38109890109890E+0000
 103 -2.96703296703297E-0002 -1.41413919413919E+0000
 104 -6.99633699633700E-0002 -1.40043956043956E+0000
 105 -1.21538461538461E-0001 -1.38915750915751E+0000
 106 -1.38461538461538E-0001 -1.35692307692308E+0000
 107 -1.22344322344322E-0001 -1.37948717948718E+0000
 108 -7.15750915750916E-0002 -1.40608058608059E+0000
 109 -3.36996336996337E-0002 -1.38593406593407E+0000
 110 -4.73992673992674E-0002 -1.36014652014652E+0000
 111 -9.57509157509158E-0002 -1.39479853479853E+0000
 112 -1.30402930402930E-0001 -1.37948717948718E+0000
 113 -1.46520146520147E-0001 -1.40205128205128E+0000
 114 -9.25274725274725E-0002 -1.36578754578755E+0000
 115 -4.25641025641026E-0002 -1.39076923076923E+0000
 116 -2.72527472527473E-0002 -1.37626373626374E+0000
 117 -7.96336996336996E-0002 -1.39963369963370E+0000
 118 -1.02197802197802E-0001 -1.37545787545788E+0000
 119 -1.35238095238095E-0001 -1.40366300366300E+0000
 120 -1.22344322344322E-0001 -1.39076923076923E+0000
 121 -8.44688644688645E-0002 -1.36578754578755E+0000
 122 -2.64468864468864E-0002 -1.37465201465201E+0000
 123 -4.49816849816850E-0002 -1.41010989010989E+0000
 124 -7.15750915750916E-0002 -1.40124542124542E+0000
 125 -1.24761904761904E-0001 -1.37706959706960E+0000
 126 -1.43296703296703E-0001 -1.38835164835165E+0000
 127 -1.17509157509157E-0001 -1.36901098901099E+0000
 128 -7.47985347985348E-0002 -1.38673992673993E+0000
 129 -4.09523809523810E-0002 -1.36336996336996E+0000
 130 -4.57875457875458E-0002 -1.37062271062271E+0000
 131 -8.44688644688645E-0002 -1.40043956043956E+0000
 132 -1.34432234432234E-0001 -1.39802197802198E+0000
 133 -1.31208791208791E-0001 -1.37384615384615E+0000
 134 -8.84981684981685E-0002 -1.38835164835165E+0000
 135 -4.57875457875458E-0002 -1.36901098901099E+0000
 136 -2.80586080586081E-0002 -1.38754578754579E+0000
 137 -6.59340659340659E-0002 -1.37142857142857E+0000
 138 -1.19120879120879E-0001 -1.38915750915751E+0000
 139 -1.41684981684982E-0001 -1.37545787545788E+0000
 140 -1.32820512820513E-0001 -1.39641025641026E+0000
 141 -7.31868131868132E-0002 -1.36417582417582E+0000
 142 -4.25641025641026E-0002 -1.37142857142857E+0000
 143 -4.25641025641026E-0002 -1.40124542124542E+0000
 144 -8.28571428571429E-0002 -1.38673992673993E+0000
 145 -1.22344322344322E-0001 -1.36901098901099E+0000
 146 -1.56996336996337E-0001 -1.37868131868132E+0000
 147 -1.18315018315018E-0001 -1.40769230769231E+0000
 148 -5.06227106227106E-0002 -1.38351648351648E+0000
 149 -2.88644688644689E-0002 -1.35531135531136E+0000
 150 -5.62637362637363E-0002 -1.37626373626374E+0000
 151 -1.00586080586080E-0001 -1.40527472527473E+0000
 152 -1.21538461538461E-0001 -1.39721611721612E+0000
 153 -1.35238095238095E-0001 -1.37384615384615E+0000
 154 -8.60805860805861E-0002 -1.38835164835165E+0000
 155 -3.28937728937729E-0002 -1.36659340659341E+0000
 156 -1.75824175824176E-0002 -1.39238095238095E+0000
 157 -6.02930402930403E-0002 -1.37545787545788E+0000
 158 -1.24761904761904E-0001 -1.38835164835165E+0000
 159 -1.46520146520147E-0001 -1.37465201465201E+0000
 160 -1.01391941391941E-0001 -1.39479853479853E+0000
 161 -7.31868131868132E-0002 -1.36498168498168E+0000
 162 -2.64468864468864E-0002 -1.37545787545788E+0000
 163 -4.25641025641026E-0002 -1.40124542124542E+0000
 164 -6.91575091575092E-0002 -1.38593406593407E+0000
 165 -1.26373626373626E-0001 -1.36336996336996E+0000
 166 -1.30402930402930E-0001 -1.37465201465201E+0000
 167 -9.97802197802198E-0002 -1.40769230769231E+0000
 168 -4.82051282051282E-0002 -1.38432234432234E+0000
 169 -2.48351648351648E-0002 -1.35692307692308E+0000
 170 -6.43223443223443E-0002 -1.37142857142857E+0000
 171 -1.07838827838827E-0001 -1.40608058608059E+0000
 172 -1.44908424908425E-0001 -1.39963369963370E+0000
 173 -1.22344322344322E-0001 -1.37787545787546E+0000
 174 -9.81684981684982E-0002 -1.38996336996337E+0000
 175 -3.36996336996337E-0002 -1.37062271062271E+0000
 176 -1.91941391941392E-0002 -1.39157509157509E+0000
 177 -7.15750915750916E-0002 -1.37142857142857E+0000
 178 -1.15897435897435E-0001 -1.39076923076923E+0000
 179 -1.45714285714286E-0001 -1.38351648351648E+0000
 180 -1.24761904761904E-0001 -1.36336996336996E+0000
 181 -7.15750915750916E-0002 -1.36901098901099E+0000
 182 -4.09523809523810E-0002 -1.37706959706960E+0000
 183 -4.73992673992674E-0002 -1.40527472527473E+0000
 184 -8.28571428571429E-0002 -1.39641025641026E+0000
 185 -1.36043956043956E-0001 -1.37465201465201E+0000
 186 -1.32014652014652E-0001 -1.39479853479853E+0000
 187 -1.05421245421245E-0001 -1.37706959706960E+0000
 188 -6.19047619047619E-0002 -1.39479853479853E+0000
 189 -3.36996336996337E-0002 -1.36175824175824E+0000
 190 -4.57875457875458E-0002 -1.38190476190476E+0000
 191 -1.15897435897435E-0001 -1.37062271062271E+0000
 192 -1.29597069597070E-0001 -1.39479853479853E+0000
 193 -1.25567765567766E-0001 -1.36336996336996E+0000
 194 -7.64102564102564E-0002 -1.37062271062271E+0000
 195 -4.49816849816850E-0002 -1.39963369963370E+0000
 196 -5.06227106227106E-0002 -1.38190476190476E+0000
 197 -7.96336996336996E-0002 -1.35450549450549E+0000
 198 -1.40073260073260E-0001 -1.37787545787546E+0000
 199 -1.40073260073260E-0001 -1.40930402930403E+0000
 200 -1.01391941391941E-0001 -1.38915750915751E+0000
 201 -6.19047619047619E-0002 -1.35611721611722E+0000
 202 -4.09523809523810E-0002 -1.36336996336996E+0000
 203 -5.38461538461538E-0002 -1.39076923076923E+0000
 204 -1.11868131868131E-0001 -1.39721611721612E+0000
 205 -1.25567765567766E-0001 -1.37142857142857E+0000
 206 -9.97802197802198E-0002 -1.40124542124542E+0000
 207 -4.09523809523810E-0002 -1.37545787545788E+0000
 208 -3.45054945054945E-0002 -1.38512820512821E+0000
 209 -6.83516483516484E-0002 -1.36336996336996E+0000
 210 -1.12673992673992E-0001 -1.39157509157509E+0000
 211 -1.34432234432234E-0001 -1.37706959706960E+0000
 212 -1.17509157509157E-0001 -1.38593406593407E+0000
 213 -5.94871794871795E-0002 -1.35369963369963E+0000
 214 -4.41758241758242E-0002 -1.38673992673993E+0000
 215 -4.17582417582418E-0002 -1.37223443223443E+0000
 216 -7.96336996336996E-0002 -1.39238095238095E+0000
 217 -1.24761904761904E-0001 -1.37545787545788E+0000
 218 -1.38461538461538E-0001 -1.39560439560440E+0000
 219 -1.03003663003663E-0001 -1.37545787545788E+0000
 220 -5.70695970695971E-0002 -1.38029304029304E+0000
 221 -1.35531135531135E-0002 -1.39963369963370E+0000
 222 -5.86813186813187E-0002 -1.39802197802198E+0000
 223 -9.33333333333333E-0002 -1.38673992673993E+0000
 224 -1.40073260073260E-0001 -1.36901098901099E+0000
 225 -1.73919413919414E-0001 -1.38271062271062E+0000
 226 -9.17216117216117E-0002 -1.36175824175824E+0000
 227 -5.38461538461538E-0002 -1.38673992673993E+0000
 228 -3.77289377289377E-0002 -1.36256410256410E+0000
 229 -6.10989010989011E-0002 -1.37626373626374E+0000
 230 -1.13479853479853E-0001 -1.40043956043956E+0000
 231 -1.32014652014652E-0001 -1.39238095238095E+0000
 232 -1.20732600732600E-0001 -1.37062271062271E+0000
 233 -5.62637362637363E-0002 -1.37787545787546E+0000
 234 -3.77289377289377E-0002 -1.40930402930403E+0000
 235 -3.45054945054945E-0002 -1.38915750915751E+0000
 236 -8.93040293040293E-0002 -1.36336996336996E+0000
 237 -1.32014652014652E-0001 -1.38029304029304E+0000
 238 -1.36849816849817E-0001 -1.41494505494505E+0000
 239 -1.04615384615384E-0001 -1.39882783882784E+0000
 240 -5.78754578754579E-0002 -1.36981684981685E+0000
 241 -2.72527472527473E-0002 -1.38190476190476E+0000
 242 -5.54578754578755E-0002 -1.36659340659341E+0000
 243 -1.06227106227106E-0001 -1.39560439560440E+0000
 244 -1.49743589743590E-0001 -1.36981684981685E+0000
 245 -1.16703296703296E-0001 -1.38029304029304E+0000
 246 -8.60805860805861E-0002 -1.41494505494505E+0000
 247 -4.09523809523810E-0002 -1.38996336996337E+0000
 248 -4.17582417582418E-0002 -1.36175824175824E+0000
 249 -7.39926739926740E-0002 -1.38835164835165E+0000
 250 -1.16703296703296E-0001 -1.37787545787546E+0000
 251 -1.47326007326007E-0001 -1.40205128205128E+0000
 252 -1.20732600732600E-0001 -1.37223443223443E+0000
 253 -7.07692307692308E-0002 -1.38754578754579E+0000
 254 -2.80586080586081E-0002 -1.37948717948718E+0000
 255 -4.73992673992674E-0002 -1.40608058608059E+0000
 256 -9.01098901098901E-0002 -1.38512820512821E+0000
 257 -1.34432234432234E-0001 -1.36981684981685E+0000
 258 -1.46520146520147E-0001 -1.39802197802198E+0000
 259 -9.81684981684982E-0002 -1.37465201465201E+0000
 260 -5.38461538461538E-0002 -1.39076923076923E+0000
 261 -3.45054945054945E-0002 -1.36820512820513E+0000
 262 -5.70695970695971E-0002 -1.40527472527473E+0000
 263 -1.27985347985348E-0001 -1.37706959706960E+0000
 264 -1.30402930402930E-0001 -1.39560439560440E+0000
 265 -7.96336996336996E-0002 -1.37626373626374E+0000
 266 -3.77289377289377E-0002 -1.38996336996337E+0000
 267 -3.45054945054945E-0002 -1.36256410256410E+0000
 268 -7.72161172161172E-0002 -1.37868131868132E+0000
 269 -1.25567765567766E-0001 -1.41655677655678E+0000
 270 -1.44102564102564E-0001 -1.40043956043956E+0000
 271 -1.21538461538461E-0001 -1.37868131868132E+0000
 272 -5.94871794871795E-0002 -1.39802197802198E+0000
 273 -2.96703296703297E-0002 -1.36336996336996E+0000
 274 -9.65567765567766E-0002 -1.37787545787546E+0000
 275 -1.33626373626374E-0001 -1.40124542124542E+0000
 276 -1.37655677655678E-0001 -1.38835164835165E+0000
 277 -9.49450549450549E-0002 -1.35692307692308E+0000
 278 -5.38461538461538E-0002 -1.36175824175824E+0000
 279 -2.48351648351648E-0002 -1.38673992673993E+0000
 280 -5.78754578754579E-0002 -1.38351648351648E+0000
 281 -1.10256410256410E-0001 -1.36175824175824E+0000
 282 -1.27985347985348E-0001 -1.38190476190476E+0000
 283 -1.17509157509157E-0001 -1.35450549450549E+0000
 284 -8.36630036630037E-0002 -1.38673992673993E+0000
 285 -3.69230769230769E-0002 -1.36417582417582E+0000
 286 -4.57875457875458E-0002 -1.37545787545788E+0000
 287 -8.76923076923077E-0002 -1.39560439560440E+0000
 288 -1.36043956043956E-0001 -1.38593406593407E+0000
 289 -1.44102564102564E-0001 -1.36820512820513E+0000
 290 -1.06227106227106E-0001 -1.38351648351648E+0000
 291 -6.02930402930403E-0002 -1.35853479853480E+0000
 292 -2.80586080586081E-0002 -1.38593406593407E+0000
 293 -5.14285714285714E-0002 -1.36820512820513E+0000
 294 -1.05421245421245E-0001 -1.38996336996337E+0000
 295 -1.40879120879121E-0001 -1.37465201465201E+0000
 296 -1.26373626373626E-0001 -1.40688644688645E+0000
 297 -8.52747252747253E-0002 -1.38351648351648E+0000
 298 -4.73992673992674E-0002 -1.35289377289377E+0000
 299 -4.33699633699634E-0002 -1.37465201465201E+0000
 300 -7.23809523809524E-0002 -1.40769230769231E+0000
 301 -1.12673992673992E-0001 -1.38673992673993E+0000
 302 -1.56996336996337E-0001 -1.39157509157509E+0000
 303 -7.56043956043956E-0002 -1.37948717948718E+0000
 304 -3.61172161172161E-0002 -1.39721611721612E+0000
 305 -4.09523809523810E-0002 -1.37545787545788E+0000
 306 -8.93040293040293E-0002 -1.39802197802198E+0000
 307 -1.31208791208791E-0001 -1.36578754578755E+0000
 308 -1.10256410256410E-0001 -1.37787545787546E+0000
 309 -5.22344322344322E-0002 -1.39802197802198E+0000
 310 -3.20879120879121E-0002 -1.38835164835165E+0000
 311 -5.38461538461538E-0002 -1.36014652014652E+0000
 312 -1.10256410256410E-0001 -1.38029304029304E+0000
 313 -1.47326007326007E-0001 -1.41091575091575E+0000
 314 -1.37655677655678E-0001 -1.40527472527473E+0000
 315 -8.44688644688645E-0002 -1.38190476190476E+0000
 316 -4.01465201465201E-0002 -1.34564102564103E+0000
 317 -3.69230769230769E-0002 -1.36739926739927E+0000
 318 -6.99633699633700E-0002 -1.40446886446886E+0000
 319 -1.15897435897435E-0001 -1.38673992673993E+0000
 320 -1.44102564102564E-0001 -1.36659340659341E+0000
 321 -1.12673992673992E-0001 -1.37787545787546E+0000
 322 -2.40293040293040E-0002 -1.38835164835165E+0000
 323 -5.38461538461538E-0002 -1.35934065934066E+0000
 324 -9.41391941391941E-0002 -1.38673992673993E+0000
 325 -1.32014652014652E-0001 -1.38432234432234E+0000
 326 -1.46520146520147E-0001 -1.36095238095238E+0000
 327 -1.02197802197802E-0001 -1.37465201465201E+0000
 328 -5.70695970695971E-0002 -1.40043956043956E+0000
 329 -3.85347985347985E-0002 -1.37062271062271E+0000
 330 -1.23956043956044E-0001 -1.38835164835165E+0000
 331 -1.42490842490842E-0001 -1.36820512820513E+0000
 332 -1.31208791208791E-0001 -1.40366300366300E+0000
 333 -7.56043956043956E-0002 -1.38351648351648E+0000
 334 -2.64468864468864E-0002 -1.36417582417582E+0000
 335 -8.44688644688645E-0002 -1.39721611721612E+0000
 336 -1.25567765567766E-0001 -1.37787545787546E+0000
 337 -1.40073260073260E-0001 -1.39238095238095E+0000
 338 -1.10256410256410E-0001 -1.38109890109890E+0000
 339 -6.27106227106227E-0002 -1.41333333333333E+0000
 340 -3.77289377289377E-0002 -1.39318681318681E+0000
 341 -5.38461538461538E-0002 -1.37304029304029E+0000
 342 -1.00586080586080E-0001 -1.40366300366300E+0000
 343 -1.39267399267399E-0001 -1.39802197802198E+0000
 344 -1.32820512820513E-0001 -1.37304029304029E+0000
 345 -9.49450549450549E-0002 -1.36256410256410E+0000
 346 -3.04761904761905E-0002 -1.38512820512821E+0000
 347 -6.67399267399267E-0002 -1.36175824175824E+0000
 348 -1.06227106227106E-0001 -1.41333333333333E+0000
 349 -1.36043956043956E-0001 -1.40930402930403E+0000
 350 -7.31868131868132E-0002 -1.38673992673993E+0000
 351 -3.93406593406593E-0002 -1.37787545787546E+0000
 352 -8.84981684981685E-0002 -1.41333333333333E+0000
 353 -1.33626373626374E-0001 -1.39721611721612E+0000
 354 -1.48937728937729E-0001 -1.39238095238095E+0000
 355 -4.57875457875458E-0002 -1.37787545787546E+0000
 356 -3.45054945054945E-0002 -1.39238095238095E+0000
 357 -3.69230769230769E-0002 -1.39641025641026E+0000
 358 -1.56996336996337E-0001 -1.39721611721612E+0000
 359 -1.39267399267399E-0001 -1.36417582417582E+0000
 360 -8.68864468864469E-0002 -1.39721611721612E+0000
 361 -4.82051282051282E-0002 -1.38996336996337E+0000
 362 -7.39926739926740E-0002 -1.36256410256410E+0000
 363 -1.07032967032967E-0001 -1.37465201465201E+0000
 364 -1.53772893772894E-0001 -1.41091575091575E+0000
 365 -9.89743589743590E-0002 -1.39963369963370E+0000
 366 -6.59340659340659E-0002 -1.38109890109890E+0000
 367 -3.53113553113553E-0002 -1.41494505494505E+0000
 368 -7.96336996336996E-0002 -1.40769230769231E+0000
 369 -1.40879120879121E-0001 -1.38109890109890E+0000
 370 -1.32820512820513E-0001 -1.40285714285714E+0000
 371 -1.00586080586080E-0001 -1.38512820512821E+0000
 372 -7.23809523809524E-0002 -1.38512820512821E+0000
 373 -4.65934065934066E-0002 -1.36095238095238E+0000
 374 -1.07032967032967E-0001 -1.38673992673993E+0000
 375 -1.27179487179487E-0001 -1.36095238095238E+0000
 376 -9.49450549450549E-0002 -1.37787545787546E+0000
 377 -3.45054945054945E-0002 -1.38673992673993E+0000
 378 -6.91575091575092E-0002 -1.36498168498168E+0000
 379 -1.22344322344322E-0001 -1.38593406593407E+0000
 380 -1.50549450549451E-0001 -1.37706959706960E+0000
 381 -1.16703296703296E-0001 -1.40205128205128E+0000
 382 -5.70695970695971E-0002 -1.36739926739927E+0000
 383 -2.40293040293040E-0002 -1.38432234432234E+0000
 384 -4.57875457875458E-0002 -1.37304029304029E+0000
 385 -9.65567765567766E-0002 -1.38271062271062E+0000
 386 -1.43296703296703E-0001 -1.35531135531136E+0000
 387 -1.02197802197802E-0001 -1.38271062271062E+0000
 388 -4.01465201465201E-0002 -1.36014652014652E+0000
 389 -3.53113553113553E-0002 -1.37384615384615E+0000
 390 -4.73992673992674E-0002 -1.39721611721612E+0000
 391 -9.97802197802198E-0002 -1.38754578754579E+0000
 392 -1.36849816849817E-0001 -1.38512820512821E+0000
 393 -1.31208791208791E-0001 -1.35531135531136E+0000
 394 -1.01391941391941E-0001 -1.37948717948718E+0000
 395 -4.09523809523810E-0002 -1.40124542124542E+0000
 396 -3.77289377289377E-0002 -1.36014652014652E+0000
 397 -1.27179487179487E-0001 -1.38271062271062E+0000
 398 -1.37655677655678E-0001 -1.39479853479853E+0000
 399 -5.54578754578755E-0002 -1.35208791208791E+0000
 400 -4.57875457875458E-0002 -1.39238095238095E+0000
 401 -9.97802197802198E-0002 -1.38915750915751E+0000
 402 -1.32014652014652E-0001 -1.37545787545788E+0000
 403 -9.41391941391941E-0002 -1.39721611721612E+0000
 404 -6.83516483516484E-0002 -1.34805860805861E+0000
 405 -7.31868131868132E-0002 -1.36981684981685E+0000
 406 -1.15897435897435E-0001 -1.38835164835165E+0000
 407 -1.14285714285714E-0001 -1.35128205128205E+0000
 408 -6.75457875457875E-0002 -1.38512820512821E+0000
 409 -5.38461538461538E-0002 -1.37304029304029E+0000
 410 -8.28571428571429E-0002 -1.37465201465201E+0000
 411 -1.39267399267399E-0001 -1.41091575091575E+0000
 412 -1.15897435897435E-0001 -1.35853479853480E+0000
 413 -1.91941391941392E-0002 -1.37223443223443E+0000
 414 -5.38461538461538E-0002 -1.39641025641026E+0000
 415 -1.40879120879121E-0001 -1.36981684981685E+0000
 416 -1.46520146520147E-0001 -1.37223443223443E+0000
 417 -3.93406593406593E-0002 -1.39479853479853E+0000
 418 -3.77289377289377E-0002 -1.38512820512821E+0000
 419 -1.18315018315018E-0001 -1.37545787545788E+0000
 420 -1.40879120879121E-0001 -1.36981684981685E+0000
 421 -8.68864468864469E-0002 -1.38351648351648E+0000
 422 -3.61172161172161E-0002 -1.39318681318681E+0000
 423 -8.76923076923077E-0002 -1.37223443223443E+0000
 424 -1.08644688644688E-0001 -1.39479853479853E+0000
 425 -1.41684981684982E-0001 -1.38109890109890E+0000
 426 -1.14285714285714E-0001 -1.38190476190476E+0000
 427 -4.09523809523810E-0002 -1.35369963369963E+0000
 428 -6.10989010989011E-0002 -1.37948717948718E+0000
 429 -1.41684981684982E-0001 -1.40043956043956E+0000
 430 -1.24761904761904E-0001 -1.36336996336996E+0000
 431 -4.73992673992674E-0002 -1.38109890109890E+0000
 432 -3.36996336996337E-0002 -1.38029304029304E+0000
 433 -1.23150183150183E-0001 -1.41816849816850E+0000
 434 -1.32014652014652E-0001 -1.41010989010989E+0000
 435 -1.17509157509157E-0001 -1.38351648351648E+0000
 436 -6.75457875457875E-0002 -1.37787545787546E+0000
 437 -3.04761904761905E-0002 -1.40366300366300E+0000
 438 -9.25274725274725E-0002 -1.40849816849817E+0000
 439 -1.29597069597070E-0001 -1.37706959706960E+0000
 440 -4.09523809523810E-0002 -1.37868131868132E+0000
 441 -3.12820512820513E-0002 -1.39641025641026E+0000
 442 -1.23956043956044E-0001 -1.38432234432234E+0000
 443 -1.33626373626374E-0001 -1.37545787545788E+0000
 444 -7.72161172161172E-0002 -1.37948717948718E+0000
 445 -4.82051282051282E-0002 -1.39479853479853E+0000
 446 -7.15750915750916E-0002 -1.41252747252747E+0000
 447 -1.45714285714286E-0001 -1.40285714285714E+0000
 448 -1.05421245421245E-0001 -1.36981684981685E+0000
 449 -6.51282051282051E-0002 -1.38432234432234E+0000
 450 -2.88644688644689E-0002 -1.39641025641026E+0000
 451 -9.33333333333333E-0002 -1.36901098901099E+0000
 452 -1.40073260073260E-0001 -1.38996336996337E+0000
 453 -1.27985347985348E-0001 -1.37304029304029E+0000
 454 -9.97802197802198E-0002 -1.36739926739927E+0000
 455 -4.49816849816850E-0002 -1.39157509157509E+0000
 456 -6.43223443223443E-0002 -1.38432234432234E+0000
 457 -1.11062271062271E-0001 -1.37062271062271E+0000
 458 -1.41684981684982E-0001 -1.35692307692308E+0000
 459 -8.36630036630037E-0002 -1.39963369963370E+0000
 460 -3.45054945054945E-0002 -1.37465201465201E+0000
 461 -8.20512820512821E-0002 -1.39560439560440E+0000
 462 -1.36849816849817E-0001 -1.37465201465201E+0000
 463 -1.13479853479853E-0001 -1.38835164835165E+0000
 464 -5.78754578754579E-0002 -1.36336996336996E+0000
 465 -4.33699633699634E-0002 -1.36739926739927E+0000
 466 -1.08644688644688E-0001 -1.37626373626374E+0000
 467 -1.37655677655678E-0001 -1.40205128205128E+0000
 468 -9.33333333333333E-0002 -1.38673992673993E+0000
 469 -3.69230769230769E-0002 -1.40688644688645E+0000
 470 -1.19926739926739E-0001 -1.39882783882784E+0000
 471 -1.47326007326007E-0001 -1.39157509157509E+0000
 472 -7.47985347985348E-0002 -1.39157509157509E+0000
 473 -4.25641025641026E-0002 -1.36336996336996E+0000
 474 -8.60805860805861E-0002 -1.37948717948718E+0000
 475 -1.40879120879121E-0001 -1.38109890109890E+0000
 476 -6.10989010989011E-0002 -1.40769230769231E+0000
 477 -3.69230769230769E-0002 -1.37384615384615E+0000
 478 -1.07838827838827E-0001 -1.38432234432234E+0000
 479 -1.22344322344322E-0001 -1.38915750915751E+0000
 480 -3.61172161172161E-0002 -1.35289377289377E+0000
 481 -3.61172161172161E-0002 -1.40608058608059E+0000
 482 -1.22344322344322E-0001 -1.35934065934066E+0000
 483 -1.11868131868131E-0001 -1.38271062271062E+0000
 484 -6.43223443223443E-0002 -1.37787545787546E+0000
 485 -4.25641025641026E-0002 -1.37465201465201E+0000
 486 -1.25567765567766E-0001 -1.41172161172161E+0000
 487 -1.40879120879121E-0001 -1.39963369963370E+0000
 488 -1.02197802197802E-0001 -1.37223443223443E+0000
 489 -5.54578754578755E-0002 -1.37626373626374E+0000
 490 -5.78754578754579E-0002 -1.36417582417582E+0000
 491 -1.41684981684982E-0001 -1.38996336996337E+0000
 492 -1.40073260073260E-0001 -1.37626373626374E+0000
 493 -7.31868131868132E-0002 -1.38593406593407E+0000
 494 -4.09523809523810E-0002 -1.38432234432234E+0000
 495 -7.64102564102564E-0002 -1.40285714285714E+0000
 496 -1.38461538461538E-0001 -1.39963369963370E+0000
 497 -6.75457875457875E-0002 -1.38996336996337E+0000
 498 -3.45054945054945E-0002 -1.36336996336996E+0000
 499 -3.69230769230769E-0002 -1.36498168498168E+0000
 500 -9.49450549450549E-0002 -1.39076923076923E+0000
 501 -1.37655677655678E-0001 -1.37304029304029E+0000
 502 -4.82051282051282E-0002 -1.38915750915751E+0000
 503 -7.15750915750916E-0002 -1.37062271062271E+0000
 504 -1.13479853479853E-0001 -1.36417582417582E+0000
 505 -1.28791208791209E-0001 -1.35772893772894E+0000
 506 -3.28937728937729E-0002 -1.39076923076923E+0000
 507 -7.72161172161172E-0002 -1.38109890109890E+0000
 508 -1.24761904761904E-0001 -1.41010989010989E+0000
 509 -1.32014652014652E-0001 -1.38271062271062E+0000
 510 -1.15897435897435E-0001 -1.37948717948718E+0000
 511 -5.78754578754579E-0002 -1.36981684981685E+0000
 512 -1.05421245421245E-0001 -1.39318681318681E+0000
 513 -1.32014652014652E-0001 -1.38673992673993E+0000
 514 -5.38461538461538E-0002 -1.37465201465201E+0000
 515 -4.09523809523810E-0002 -1.38996336996337E+0000
 516 -1.07032967032967E-0001 -1.39479853479853E+0000
 517 -1.12673992673992E-0001 -1.39479853479853E+0000
 518 -3.04761904761905E-0002 -1.38109890109890E+0000
 519 -8.84981684981685E-0002 -1.40043956043956E+0000
 520 -1.40073260073260E-0001 -1.40205128205128E+0000
 521 -6.35164835164835E-0002 -1.38271062271062E+0000
 522 -4.09523809523810E-0002 -1.36820512820513E+0000
 523 -1.08644688644688E-0001 -1.40043956043956E+0000
 524 -1.32014652014652E-0001 -1.39238095238095E+0000
 525 -4.17582417582418E-0002 -1.36175824175824E+0000
 526 -6.35164835164835E-0002 -1.36578754578755E+0000
 527 -1.44102564102564E-0001 -1.38593406593407E+0000
 528 -5.78754578754579E-0002 -1.36739926739927E+0000
 529 -4.17582417582418E-0002 -1.40205128205128E+0000
 530 -9.33333333333333E-0002 -1.39479853479853E+0000
 531 -1.24761904761904E-0001 -1.35853479853480E+0000
 532 -1.36043956043956E-0001 -1.37868131868132E+0000
 533 -1.05421245421245E-0001 -1.40688644688645E+0000
 534 -5.62637362637363E-0002 -1.39479853479853E+0000
 535 -3.53113553113553E-0002 -1.36498168498168E+0000
 536 -6.83516483516484E-0002 -1.37706959706960E+0000
 537 -9.97802197802198E-0002 -1.40688644688645E+0000
 538 -1.44908424908425E-0001 -1.40446886446886E+0000
 539 -1.27179487179487E-0001 -1.38109890109890E+0000
 540 -9.01098901098901E-0002 -1.38754578754579E+0000
 541 -2.96703296703297E-0002 -1.39802197802198E+0000
 542 -1.13479853479853E-0001 -1.40849816849817E+0000
 543 -1.10256410256410E-0001 -1.36578754578755E+0000
 544 -4.09523809523810E-0002 -1.40285714285714E+0000
 545 -8.93040293040293E-0002 -1.37304029304029E+0000
 546 -1.24761904761904E-0001 -1.37626373626374E+0000
 547 -4.33699633699634E-0002 -1.36498168498168E+0000
 548 -6.67399267399267E-0002 -1.42219780219780E+0000
 549 -1.32014652014652E-0001 -1.38351648351648E+0000
 550 -5.70695970695971E-0002 -1.34644688644689E+0000
 551 -4.65934065934066E-0002 -1.37465201465201E+0000
 552 -4.90109890109890E-0002 -1.40608058608059E+0000
 553 -7.31868131868132E-0002 -1.38996336996337E+0000
 554 -1.33626373626374E-0001 -1.36659340659341E+0000
 555 -1.31208791208791E-0001 -1.39802197802198E+0000
 556 -1.11868131868131E-0001 -1.38351648351648E+0000
 557 -6.67399267399267E-0002 -1.35369963369963E+0000
 558 -2.27106227106227E-0003 -1.36095238095238E+0000
 559 -5.06227106227106E-0002 -1.39721611721612E+0000
 560 -8.60805860805861E-0002 -1.38673992673993E+0000
 561 -1.43296703296703E-0001 -1.37787545787546E+0000
 562 -1.28791208791209E-0001 -1.38593406593407E+0000
 563 -9.49450549450549E-0002 -1.37465201465201E+0000
 564 -4.09523809523810E-0002 -1.38351648351648E+0000
 565 -5.30402930402930E-0002 -1.39076923076923E+0000
 566 -1.27179487179487E-0001 -1.38996336996337E+0000
 567 -8.04395604395604E-0002 -1.35853479853480E+0000
 568 -3.45054945054945E-0002 -1.38351648351648E+0000
 569 -6.59340659340659E-0002 -1.36659340659341E+0000
 570 -8.84981684981685E-0002 -1.38673992673993E+0000
 571 -1.38461538461538E-0001 -1.39641025641026E+0000
 572 -1.34432234432234E-0001 -1.38915750915751E+0000
 573 -3.12820512820513E-0002 -1.38512820512821E+0000
 574 -1.08644688644688E-0001 -1.37465201465201E+0000
 575 -1.35238095238095E-0001 -1.39721611721612E+0000
 576 -1.18315018315018E-0001 -1.36256410256410E+0000
 577 -8.84981684981685E-0002 -1.38835164835165E+0000
 578 -3.20879120879121E-0002 -1.37384615384615E+0000
 579 -6.59340659340659E-0002 -1.38432234432234E+0000
 580 -1.30402930402930E-0001 -1.37948717948718E+0000
 581 -7.56043956043956E-0002 -1.37787545787546E+0000
 582 -4.25641025641026E-0002 -1.38351648351648E+0000
 583 -1.40879120879121E-0001 -1.38996336996337E+0000
 584 -8.68864468864469E-0002 -1.38190476190476E+0000
 585 -4.09523809523810E-0002 -1.37465201465201E+0000
 586 -9.17216117216117E-0002 -1.38915750915751E+0000
 587 -1.48131868131868E-0001 -1.39157509157509E+0000
 588 -4.33699633699634E-0002 -1.38915750915751E+0000
 589 -6.99633699633700E-0002 -1.40043956043956E+0000
 590 -1.36849816849817E-0001 -1.36417582417582E+0000
 591 -6.75457875457875E-0002 -1.40849816849817E+0000
 592 -5.22344322344322E-0002 -1.36256410256410E+0000
 593 -1.36043956043956E-0001 -1.40124542124542E+0000
 594 -1.25567765567766E-0001 -1.39479853479853E+0000
 595 -5.22344322344322E-0002 -1.39721611721612E+0000
 596 -1.11062271062271E-0001 -1.36578754578755E+0000
 597 -1.52161172161172E-0001 -1.37142857142857E+0000
 598 -3.36996336996337E-0002 -1.36498168498168E+0000
 599 -7.47985347985348E-0002 -1.37948717948718E+0000
 600 -1.26373626373626E-0001 -1.38432234432234E+0000
 601 -5.22344322344322E-0002 -1.38512820512821E+0000
 602 -6.19047619047619E-0002 -1.38754578754579E+0000
 603 -1.50549450549451E-0001 -1.39802197802198E+0000
 604 -8.28571428571429E-0002 -1.39157509157509E+0000
 605 -2.00000000000000E-0002 -1.36739926739927E+0000
 606 -6.75457875457875E-0002 -1.39641025641026E+0000
 607 -1.44102564102564E-0001 -1.39076923076923E+0000
 608 -7.96336996336996E-0002 -1.39479853479853E+0000
 609 -4.01465201465201E-0002 -1.38512820512821E+0000
 610 -1.31208791208791E-0001 -1.36417582417582E+0000
 611 -1.05421245421245E-0001 -1.38190476190476E+0000
 612 -3.04761904761905E-0002 -1.38029304029304E+0000
 613 -1.01391941391941E-0001 -1.39076923076923E+0000
 614 -1.31208791208791E-0001 -1.35934065934066E+0000
 615 -3.69230769230769E-0002 -1.39399267399267E+0000
 616 -7.96336996336996E-0002 -1.38109890109890E+0000
 617 -1.40879120879121E-0001 -1.37868131868132E+0000
 618 -7.31868131868132E-0002 -1.40849816849817E+0000
 619 -3.61172161172161E-0002 -1.35531135531136E+0000
 620 -8.60805860805861E-0002 -1.42219780219780E+0000
 621 -1.36849816849817E-0001 -1.37868131868132E+0000
 622 -5.86813186813187E-0002 -1.39076923076923E+0000
 623 -5.38461538461538E-0002 -1.39076923076923E+0000
 624 -1.42490842490842E-0001 -1.41010989010989E+0000
 625 -8.84981684981685E-0002 -1.35531135531136E+0000
 626 -3.53113553113553E-0002 -1.41413919413919E+0000
 627 -1.21538461538461E-0001 -1.36901098901099E+0000
 628 -1.15091575091575E-0001 -1.36659340659341E+0000
 629 -3.77289377289377E-0002 -1.36256410256410E+0000
 630 -9.01098901098901E-0002 -1.36901098901099E+0000
 631 -1.40879120879121E-0001 -1.35047619047619E+0000
 632 -4.33699633699634E-0002 -1.39157509157509E+0000
 633 -5.46520146520147E-0002 -1.40446886446886E+0000
 634 -1.43296703296703E-0001 -1.37304029304029E+0000
 635 -7.31868131868132E-0002 -1.35853479853480E+0000
 636 -3.77289377289377E-0002 -1.37868131868132E+0000
 637 -7.31868131868132E-0002 -1.39882783882784E+0000
 638 -1.47326007326007E-0001 -1.40124542124542E+0000
 639 -7.96336996336996E-0002 -1.34967032967033E+0000
 640 -4.90109890109890E-0002 -1.39238095238095E+0000
 641 -1.31208791208791E-0001 -1.36256410256410E+0000
 642 -8.76923076923077E-0002 -1.38915750915751E+0000
 643 -5.38461538461538E-0002 -1.39963369963370E+0000
 644 -1.11062271062271E-0001 -1.36095238095238E+0000
 645 -1.27985347985348E-0001 -1.37142857142857E+0000
 646 -5.06227106227106E-0002 -1.38512820512821E+0000
 647 -1.32820512820513E-0001 -1.38432234432234E+0000
 648 -1.11062271062271E-0001 -1.38673992673993E+0000
 649 -2.32234432234432E-0002 -1.38190476190476E+0000
 650 -9.41391941391941E-0002 -1.40043956043956E+0000
 651 -1.38461538461538E-0001 -1.39721611721612E+0000
 652 -4.41758241758242E-0002 -1.40608058608059E+0000
 653 -6.27106227106227E-0002 -1.38915750915751E+0000
 654 -1.11062271062271E-0001 -1.39157509157509E+0000
 655 -1.19120879120879E-0001 -1.39641025641026E+0000
 656 -3.28937728937729E-0002 -1.38351648351648E+0000
 657 -8.36630036630037E-0002 -1.38835164835165E+0000
 658 -1.36849816849817E-0001 -1.37465201465201E+0000
 659 -5.86813186813187E-0002 -1.37626373626374E+0000
 660 -5.38461538461538E-0002 -1.38109890109890E+0000
 661 -1.48937728937729E-0001 -1.40205128205128E+0000
 662 -8.60805860805861E-0002 -1.37706959706960E+0000
 663 -3.69230769230769E-0002 -1.38673992673993E+0000
 664 -1.11868131868131E-0001 -1.39560439560440E+0000
 665 -1.23150183150183E-0001 -1.35450549450549E+0000
 666 -3.61172161172161E-0002 -1.38996336996337E+0000
 667 -9.49450549450549E-0002 -1.38351648351648E+0000
 668 -1.27179487179487E-0001 -1.36256410256410E+0000
 669 -9.17216117216117E-0002 -1.40285714285714E+0000
 670 -3.53113553113553E-0002 -1.39157509157509E+0000
 671 -1.04615384615384E-0001 -1.42139194139194E+0000
 672 -1.27985347985348E-0001 -1.36498168498168E+0000
 673 -4.09523809523810E-0002 -1.38109890109890E+0000
 674 -7.64102564102564E-0002 -1.38190476190476E+0000
 675 -1.44908424908425E-0001 -1.38512820512821E+0000
 676 -6.35164835164835E-0002 -1.37062271062271E+0000
 677 -4.41758241758242E-0002 -1.39318681318681E+0000
 678 -1.36849816849817E-0001 -1.39157509157509E+0000
 679 -9.97802197802198E-0002 -1.39238095238095E+0000
 680 -2.96703296703297E-0002 -1.38029304029304E+0000
 681 -1.01391941391941E-0001 -1.41816849816850E+0000
 682 -1.41684981684982E-0001 -1.38432234432234E+0000
 683 -8.84981684981685E-0002 -1.38271062271062E+0000
 684 -3.85347985347985E-0002 -1.38835164835165E+0000
 685 -1.08644688644688E-0001 -1.39238095238095E+0000
 686 -9.01098901098901E-0002 -1.38432234432234E+0000
 687 -4.82051282051282E-0002 -1.38512820512821E+0000
 688 -9.73626373626374E-0002 -1.39318681318681E+0000
 689 -1.19926739926739E-0001 -1.40205128205128E+0000
 690 -4.65934065934066E-0002 -1.35772893772894E+0000
 691 -5.86813186813187E-0002 -1.40527472527473E+0000
 692 -1.48131868131868E-0001 -1.37545787545788E+0000
 693 -7.96336996336996E-0002 -1.36095238095238E+0000
 694 -3.28937728937729E-0002 -1.37545787545788E+0000
 695 -1.27985347985348E-0001 -1.37142857142857E+0000
 696 -1.01391941391941E-0001 -1.37304029304029E+0000
 697 -3.45054945054945E-0002 -1.39076923076923E+0000
 698 -5.38461538461538E-0002 -1.41333333333333E+0000
 699 -1.38461538461538E-0001 -1.36820512820513E+0000
 700 -8.84981684981685E-0002 -1.37787545787546E+0000
 701 -3.45054945054945E-0002 -1.37142857142857E+0000
 702 -1.14285714285714E-0001 -1.39318681318681E+0000
 703 -1.22344322344322E-0001 -1.38432234432234E+0000
 704 -3.04761904761905E-0002 -1.40205128205128E+0000
 705 -9.09157509157509E-0002 -1.39560439560440E+0000
 706 -1.50549450549451E-0001 -1.40688644688645E+0000
 707 -6.02930402930403E-0002 -1.39802197802198E+0000
 708 -5.14285714285714E-0002 -1.37465201465201E+0000
 709 -1.44102564102564E-0001 -1.36659340659341E+0000
 710 -7.96336996336996E-0002 -1.38029304029304E+0000
 711 -2.96703296703297E-0002 -1.38029304029304E+0000
 712 -1.36849816849817E-0001 -1.40849816849817E+0000
 713 -1.14285714285714E-0001 -1.37626373626374E+0000
 714 -6.43223443223443E-0002 -1.36981684981685E+0000
 715 -6.99633699633700E-0002 -1.36659340659341E+0000
 716 -1.31208791208791E-0001 -1.38754578754579E+0000
 717 -8.52747252747253E-0002 -1.37465201465201E+0000
 718 -1.83882783882784E-0002 -1.39076923076923E+0000
 719 -9.57509157509158E-0002 -1.39882783882784E+0000
 720 -1.37655677655678E-0001 -1.40527472527473E+0000
 721 -3.04761904761905E-0002 -1.35934065934066E+0000
 722 -6.19047619047619E-0002 -1.41575091575092E+0000
 723 -1.32820512820513E-0001 -1.37142857142857E+0000
 724 -7.56043956043956E-0002 -1.37465201465201E+0000
 725 -5.94871794871795E-0002 -1.38512820512821E+0000
 726 -1.32820512820513E-0001 -1.39560439560440E+0000
 727 -1.07838827838827E-0001 -1.37465201465201E+0000
 728 -4.90109890109890E-0002 -1.36256410256410E+0000
 729 -6.67399267399267E-0002 -1.38029304029304E+0000
 730 -1.40879120879121E-0001 -1.37706959706960E+0000
 731 -7.96336996336996E-0002 -1.37948717948718E+0000
 732 -4.09523809523810E-0002 -1.37223443223443E+0000
 733 -1.24761904761904E-0001 -1.40124542124542E+0000
 734 -1.08644688644688E-0001 -1.38351648351648E+0000
 735 -3.45054945054945E-0002 -1.39479853479853E+0000
 736 -9.97802197802198E-0002 -1.38754578754579E+0000
 737 -1.35238095238095E-0001 -1.40608058608059E+0000
 738 -4.57875457875458E-0002 -1.40205128205128E+0000
 739 -6.75457875457875E-0002 -1.38109890109890E+0000
 740 -1.47326007326007E-0001 -1.37948717948718E+0000
 741 -7.31868131868132E-0002 -1.39479853479853E+0000
 742 -4.09523809523810E-0002 -1.36175824175824E+0000
 743 -1.17509157509157E-0001 -1.37626373626374E+0000
 744 -1.38461538461538E-0001 -1.36417582417582E+0000
 745 -6.83516483516484E-0002 -1.40608058608059E+0000
 746 -4.49816849816850E-0002 -1.37706959706960E+0000
 747 -1.31208791208791E-0001 -1.38029304029304E+0000
 748 -1.06227106227106E-0001 -1.37868131868132E+0000
 749 -2.80586080586081E-0002 -1.39882783882784E+0000
 750 -1.34432234432234E-0001 -1.39318681318681E+0000
 751 -6.51282051282051E-0002 -1.40205128205128E+0000
 752 -3.45054945054945E-0002 -1.39802197802198E+0000
 753 -1.27985347985348E-0001 -1.37465201465201E+0000
 754 -9.57509157509158E-0002 -1.36901098901099E+0000
 755 -2.48351648351648E-0002 -1.36901098901099E+0000
 756 -1.03809523809523E-0001 -1.40124542124542E+0000
 757 -1.29597069597070E-0001 -1.35772893772894E+0000
 758 -4.73992673992674E-0002 -1.37545787545788E+0000
 759 -6.91575091575092E-0002 -1.38512820512821E+0000
 760 -1.44908424908425E-0001 -1.38754578754579E+0000
 761 -6.10989010989011E-0002 -1.39479853479853E+0000
 762 -4.73992673992674E-0002 -1.38351648351648E+0000
 763 -1.36849816849817E-0001 -1.39479853479853E+0000
 764 -9.33333333333333E-0002 -1.35531135531136E+0000
 765 -5.38461538461538E-0002 -1.40366300366300E+0000
 766 -6.83516483516484E-0002 -1.36659340659341E+0000
 767 -1.48131868131868E-0001 -1.38109890109890E+0000
 768 -7.96336996336996E-0002 -1.37545787545788E+0000
 769 -4.01465201465201E-0002 -1.37868131868132E+0000
 770 -1.27179487179487E-0001 -1.38593406593407E+0000
 771 -1.12673992673992E-0001 -1.38835164835165E+0000
 772 -2.80586080586081E-0002 -1.37465201465201E+0000
 773 -9.97802197802198E-0002 -1.40366300366300E+0000
 774 -1.40879120879121E-0001 -1.34886446886447E+0000
 775 -4.73992673992674E-0002 -1.39963369963370E+0000
 776 -6.75457875457875E-0002 -1.36417582417582E+0000
 777 -1.44908424908425E-0001 -1.37062271062271E+0000
 778 -7.39926739926740E-0002 -1.35853479853480E+0000
 779 -4.09523809523810E-0002 -1.38271062271062E+0000
 780 -8.20512820512821E-0002 -1.38996336996337E+0000
 781 -1.43296703296703E-0001 -1.38432234432234E+0000
 782 -5.14285714285714E-0002 -1.38271062271062E+0000
 783 -5.54578754578755E-0002 -1.38754578754579E+0000
 784 -1.37655677655678E-0001 -1.35692307692308E+0000
 785 -8.68864468864469E-0002 -1.37787545787546E+0000
 786 -2.80586080586081E-0002 -1.38996336996337E+0000
 787 -1.19120879120879E-0001 -1.38512820512821E+0000
 788 -1.22344322344322E-0001 -1.38190476190476E+0000
 789 -4.09523809523810E-0002 -1.36901098901099E+0000
 790 -8.93040293040293E-0002 -1.37626373626374E+0000
 791 -1.41684981684982E-0001 -1.37384615384615E+0000
 792 -5.14285714285714E-0002 -1.37384615384615E+0000
 793 -5.94871794871795E-0002 -1.39157509157509E+0000
 794 -1.05421245421245E-0001 -1.41494505494505E+0000
 795 -1.31208791208791E-0001 -1.35934065934066E+0000
 796 -4.41758241758242E-0002 -1.37304029304029E+0000
 797 -6.43223443223443E-0002 -1.37304029304029E+0000
 798 -1.43296703296703E-0001 -1.38835164835165E+0000
 799 -5.86813186813187E-0002 -1.35853479853480E+0000
 800 -4.17582417582418E-0002 -1.37626373626374E+0000
 801 -1.32014652014652E-0001 -1.36014652014652E+0000
 802 -9.73626373626374E-0002 -1.38593406593407E+0000
 803 -5.54578754578755E-0002 -1.38351648351648E+0000
 804 -6.27106227106227E-0002 -1.38351648351648E+0000
 805 -1.32014652014652E-0001 -1.38512820512821E+0000
 806 -8.44688644688645E-0002 -1.37304029304029E+0000
 807 -4.33699633699634E-0002 -1.38915750915751E+0000
 808 -1.19926739926739E-0001 -1.38996336996337E+0000
 809 -1.14285714285714E-0001 -1.38996336996337E+0000
 810 -3.69230769230769E-0002 -1.38835164835165E+0000
 811 -9.57509157509158E-0002 -1.39721611721612E+0000
 812 -1.36849816849817E-0001 -1.39479853479853E+0000
 813 -4.09523809523810E-0002 -1.39076923076923E+0000
 814 -6.67399267399267E-0002 -1.39721611721612E+0000
 815 -1.44102564102564E-0001 -1.36659340659341E+0000
 816 -7.72161172161172E-0002 -1.37787545787546E+0000
 817 -2.96703296703297E-0002 -1.38996336996337E+0000
 818 -9.49450549450549E-0002 -1.38754578754579E+0000
 819 -1.35238095238095E-0001 -1.39721611721612E+0000
 820 -6.19047619047619E-0002 -1.38351648351648E+0000
 821 -5.78754578754579E-0002 -1.40124542124542E+0000
 822 -1.35238095238095E-0001 -1.37706959706960E+0000
 823 -9.41391941391941E-0002 -1.39076923076923E+0000
 824 -3.69230769230769E-0002 -1.37706959706960E+0000
 825 -1.22344322344322E-0001 -1.39238095238095E+0000
 826 -1.25567765567766E-0001 -1.37626373626374E+0000
 827 -3.69230769230769E-0002 -1.39157509157509E+0000
 828 -9.65567765567766E-0002 -1.39560439560440E+0000
 829 -1.38461538461538E-0001 -1.40849816849817E+0000
 830 -5.38461538461538E-0002 -1.37948717948718E+0000
 831 -2.32234432234432E-0002 -1.38915750915751E+0000
 832 -1.10256410256410E-0001 -1.39641025641026E+0000
 833 -1.26373626373626E-0001 -1.39641025641026E+0000
 834 -4.09523809523810E-0002 -1.39641025641026E+0000
 835 -6.67399267399267E-0002 -1.40849816849817E+0000
 836 -1.45714285714286E-0001 -1.37142857142857E+0000
 837 -7.56043956043956E-0002 -1.40769230769231E+0000
 838 -5.54578754578755E-0002 -1.36739926739927E+0000
 839 -1.25567765567766E-0001 -1.38109890109890E+0000
 840 -1.16703296703296E-0001 -1.38432234432234E+0000
 841 -4.98168498168498E-0002 -1.37948717948718E+0000
 842 -8.52747252747253E-0002 -1.39479853479853E+0000
 843 -1.44102564102564E-0001 -1.38754578754579E+0000
 844 -2.40293040293040E-0002 -1.39318681318681E+0000
 845 -5.86813186813187E-0002 -1.37223443223443E+0000
 846 -1.27179487179487E-0001 -1.39238095238095E+0000
 847 -1.19926739926739E-0001 -1.37465201465201E+0000
 848 -4.01465201465201E-0002 -1.39721611721612E+0000
 849 -9.33333333333333E-0002 -1.40124542124542E+0000
 850 -1.36043956043956E-0001 -1.36578754578755E+0000
 851 -5.38461538461538E-0002 -1.39560439560440E+0000
 852 -6.75457875457875E-0002 -1.37948717948718E+0000
 853 -1.44102564102564E-0001 -1.37706959706960E+0000
 854 -7.47985347985348E-0002 -1.38351648351648E+0000
 855 -4.25641025641026E-0002 -1.35531135531136E+0000
 856 -8.76923076923077E-0002 -1.41172161172161E+0000
 857 -1.32820512820513E-0001 -1.37545787545788E+0000
 858 -4.90109890109890E-0002 -1.40849816849817E+0000
 859 -5.22344322344322E-0002 -1.37223443223443E+0000
 860 -1.50549450549451E-0001 -1.38190476190476E+0000
 861 -1.06227106227106E-0001 -1.36256410256410E+0000
 862 -5.06227106227106E-0002 -1.40366300366300E+0000
 863 -1.07838827838827E-0001 -1.37384615384615E+0000
 864 -1.22344322344322E-0001 -1.38029304029304E+0000
 865 -4.65934065934066E-0002 -1.38271062271062E+0000
 866 -8.36630036630037E-0002 -1.38754578754579E+0000
 867 -1.40073260073260E-0001 -1.38432234432234E+0000
 868 -6.59340659340659E-0002 -1.38754578754579E+0000
 869 -5.46520146520147E-0002 -1.37626373626374E+0000
 870 -1.05421245421245E-0001 -1.36820512820513E+0000
 871 -1.37655677655678E-0001 -1.38996336996337E+0000
 872 -4.73992673992674E-0002 -1.37304029304029E+0000
 873 -6.91575091575092E-0002 -1.39802197802198E+0000
 874 -1.43296703296703E-0001 -1.38835164835165E+0000
 875 -7.15750915750916E-0002 -1.38835164835165E+0000
 876 -4.41758241758242E-0002 -1.37787545787546E+0000
 877 -1.23956043956044E-0001 -1.39721611721612E+0000
 878 -1.01391941391941E-0001 -1.37868131868132E+0000
 879 -3.93406593406593E-0002 -1.39882783882784E+0000
 880 -1.07838827838827E-0001 -1.36014652014652E+0000
 881 -1.46520146520147E-0001 -1.36901098901099E+0000
 882 -4.33699633699634E-0002 -1.37626373626374E+0000
 883 -4.09523809523810E-0002 -1.37304029304029E+0000
 884 -1.23150183150183E-0001 -1.38915750915751E+0000
 885 -1.28791208791209E-0001 -1.38673992673993E+0000
 886 -2.80586080586081E-0002 -1.39238095238095E+0000
 887 -1.01391941391941E-0001 -1.40527472527473E+0000
 888 -1.27179487179487E-0001 -1.36014652014652E+0000
 889 -6.19047619047619E-0002 -1.40769230769231E+0000
 890 -7.72161172161172E-0002 -1.36659340659341E+0000
 891 -1.44102564102564E-0001 -1.38029304029304E+0000
 892 -7.96336996336996E-0002 -1.36981684981685E+0000
 893 -4.73992673992674E-0002 -1.37465201465201E+0000
 894 -1.15897435897435E-0001 -1.38271062271062E+0000
 895 -1.15091575091575E-0001 -1.38109890109890E+0000
 896 -4.33699633699634E-0002 -1.40769230769231E+0000
 897 -5.46520146520147E-0002 -1.40205128205128E+0000
 898 -1.32014652014652E-0001 -1.38029304029304E+0000
 899 -9.65567765567766E-0002 -1.36336996336996E+0000
 900 -3.28937728937729E-0002 -1.36659340659341E+0000
 901 -1.23956043956044E-0001 -1.36256410256410E+0000
 902 -1.20732600732600E-0001 -1.36659340659341E+0000
 903 -4.49816849816850E-0002 -1.40205128205128E+0000
 904 -8.76923076923077E-0002 -1.38190476190476E+0000
 905 -1.24761904761904E-0001 -1.36901098901099E+0000
 906 -6.75457875457875E-0002 -1.36498168498168E+0000
 907 -4.90109890109890E-0002 -1.40608058608059E+0000
 908 -1.34432234432234E-0001 -1.38593406593407E+0000
 909 -9.09157509157509E-0002 -1.37948717948718E+0000
 910 -3.45054945054945E-0002 -1.41333333333333E+0000
 911 -6.99633699633700E-0002 -1.38432234432234E+0000
 912 -1.50549450549451E-0001 -1.40124542124542E+0000
 913 -7.47985347985348E-0002 -1.38996336996337E+0000
 914 -4.09523809523810E-0002 -1.40688644688645E+0000
 915 -1.30402930402930E-0001 -1.36578754578755E+0000
 916 -1.10256410256410E-0001 -1.37062271062271E+0000
 917 -3.20879120879121E-0002 -1.36578754578755E+0000
 918 -1.10256410256410E-0001 -1.39076923076923E+0000
 919 -1.33626373626374E-0001 -1.37223443223443E+0000
 920 -4.41758241758242E-0002 -1.38593406593407E+0000
 921 -7.64102564102564E-0002 -1.38754578754579E+0000
 922 -1.42490842490842E-0001 -1.40124542124542E+0000
 923 -6.75457875457875E-0002 -1.37384615384615E+0000
 924 -5.30402930402930E-0002 -1.40366300366300E+0000
 925 -8.36630036630037E-0002 -1.38512820512821E+0000
 926 -1.39267399267399E-0001 -1.38351648351648E+0000
 927 -6.10989010989011E-0002 -1.38029304029304E+0000
 928 -6.43223443223443E-0002 -1.39076923076923E+0000
 929 -1.40073260073260E-0001 -1.36417582417582E+0000
 930 -8.60805860805861E-0002 -1.39157509157509E+0000
 931 -4.73992673992674E-0002 -1.36417582417582E+0000
 932 -1.31208791208791E-0001 -1.41091575091575E+0000
 933 -1.15897435897435E-0001 -1.37142857142857E+0000
 934 -3.69230769230769E-0002 -1.35772893772894E+0000
 935 -9.33333333333333E-0002 -1.36417582417582E+0000
 936 -1.37655677655678E-0001 -1.37706959706960E+0000
 937 -1.02197802197802E-0001 -1.38271062271062E+0000
 938 -3.61172161172161E-0002 -1.36820512820513E+0000
 939 -1.11868131868131E-0001 -1.39882783882784E+0000
 940 -1.27985347985348E-0001 -1.38996336996337E+0000
 941 -3.69230769230769E-0002 -1.40366300366300E+0000
 942 -8.28571428571429E-0002 -1.36175824175824E+0000
 943 -1.46520146520147E-0001 -1.38271062271062E+0000
 944 -5.06227106227106E-0002 -1.35934065934066E+0000
 945 -5.14285714285714E-0002 -1.37868131868132E+0000
 946 -1.40073260073260E-0001 -1.37868131868132E+0000
 947 -8.76923076923077E-0002 -1.38432234432234E+0000
 948 -3.20879120879121E-0002 -1.37465201465201E+0000
 949 -1.17509157509157E-0001 -1.40124542124542E+0000
 950 -1.11868131868131E-0001 -1.36820512820513E+0000
 951 -7.31868131868132E-0002 -1.36175824175824E+0000
 952 -4.90109890109890E-0002 -1.38351648351648E+0000
 953 -1.37655677655678E-0001 -1.38029304029304E+0000
 954 -1.05421245421245E-0001 -1.39802197802198E+0000
 955 -2.80586080586081E-0002 -1.40043956043956E+0000
 956 -1.05421245421245E-0001 -1.38029304029304E+0000
 957 -1.32014652014652E-0001 -1.38190476190476E+0000
 958 -4.01465201465201E-0002 -1.37304029304029E+0000
 959 -7.96336996336996E-0002 -1.37787545787546E+0000
 960 -1.36849816849817E-0001 -1.38996336996337E+0000
 961 -7.07692307692308E-0002 -1.37304029304029E+0000
 962 -5.06227106227106E-0002 -1.40849816849817E+0000
 963 -9.57509157509158E-0002 -1.36417582417582E+0000
 964 -1.36043956043956E-0001 -1.37062271062271E+0000
 965 -6.19047619047619E-0002 -1.34644688644689E+0000
 966 -6.02930402930403E-0002 -1.41413919413919E+0000
 967 -1.46520146520147E-0001 -1.36256410256410E+0000
 968 -9.01098901098901E-0002 -1.41172161172161E+0000
 969 -3.36996336996337E-0002 -1.36498168498168E+0000
 970 -1.24761904761904E-0001 -1.38432234432234E+0000
 971 -1.16703296703296E-0001 -1.36659340659341E+0000
 972 -3.04761904761905E-0002 -1.38432234432234E+0000
 973 -9.25274725274725E-0002 -1.37465201465201E+0000
 974 -1.40879120879121E-0001 -1.39641025641026E+0000
 975 -4.65934065934066E-0002 -1.37465201465201E+0000
 976 -6.10989010989011E-0002 -1.40849816849817E+0000
 977 -1.05421245421245E-0001 -1.38351648351648E+0000
 978 -1.16703296703296E-0001 -1.37948717948718E+0000
 979 -4.57875457875458E-0002 -1.38915750915751E+0000
 980 -6.83516483516484E-0002 -1.38673992673993E+0000
 981 -1.38461538461538E-0001 -1.39399267399267E+0000
 982 -6.83516483516484E-0002 -1.39802197802198E+0000
 983 -2.80586080586081E-0002 -1.35531135531136E+0000
 984 -1.23150183150183E-0001 -1.40769230769231E+0000
 985 -1.07838827838827E-0001 -1.35128205128205E+0000
 986 -4.49816849816850E-0002 -1.38754578754579E+0000
 987 -1.10256410256410E-0001 -1.35531135531136E+0000
 988 -1.39267399267399E-0001 -1.41010989010989E+0000
 989 -2.80586080586081E-0002 -1.38915750915751E+0000
 990 -4.73992673992674E-0002 -1.38190476190476E+0000
 991 -1.32014652014652E-0001 -1.39802197802198E+0000
 992 -1.08644688644688E-0001 -1.38835164835165E+0000
 993 -3.20879120879121E-0002 -1.39560439560440E+0000
 994 -1.03809523809523E-0001 -1.38432234432234E+0000
 995 -1.29597069597070E-0001 -1.39076923076923E+0000
 996 -4.49816849816850E-0002 -1.37787545787546E+0000
 997 -6.67399267399267E-0002 -1.40446886446886E+0000
 998 -1.44102564102564E-0001 -1.35208791208791E+0000
 999 -7.15750915750916E-0002 -1.40205128205128E+0000
 1000 -4.33699633699634E-0002 -1.39076923076923E+0000
 1001 -1.26373626373626E-0001 -1.36417582417582E+0000
 1002 -1.01391941391941E-0001 -1.38190476190476E+0000
 1003 -3.69230769230769E-0002 -1.38432234432234E+0000
 1004 -1.04615384615384E-0001 -1.38351648351648E+0000
 1005 -1.25567765567766E-0001 -1.38271062271062E+0000
 1006 -4.09523809523810E-0002 -1.34644688644689E+0000
 1007 -4.73992673992674E-0002 -1.39238095238095E+0000
 1008 -1.15091575091575E-0001 -1.35208791208791E+0000
 1009 -1.38461538461538E-0001 -1.39560439560440E+0000
 1010 -4.90109890109890E-0002 -1.38593406593407E+0000
 1011 -1.01391941391941E-0001 -1.40285714285714E+0000
 1012 -1.56996336996337E-0001 -1.34967032967033E+0000
 1013 -3.53113553113553E-0002 -1.38593406593407E+0000
 1014 -3.69230769230769E-0002 -1.39560439560440E+0000
 1015 -1.65054945054945E-0001 -1.36498168498168E+0000
 1016 -6.83516483516484E-0002 -1.36256410256410E+0000
 1017 -2.80586080586081E-0002 -1.40608058608059E+0000
 1018 -1.47326007326007E-0001 -1.37142857142857E+0000
 1019 -1.05421245421245E-0001 -1.37545787545788E+0000
