 0  2.20952380952381E-0001 -1.38593406593407E+0000
 1 -2.27106227106227E-0003 -1.38432234432234E+0000
 2 -1.07838827838827E-0001 -1.36659340659341E+0000
 3  1.66153846153846E-0001 -1.37223443223443E+0000
 4  2.55604395604396E-0001 -1.39641025641026E+0000
 5 -1.67765567765568E-0002 -1.39641025641026E+0000
 6 -1.10256410256410E-0001 -1.38432234432234E+0000
 7  1.33919413919414E-0001 -1.34241758241758E+0000
 8  2.22564102564103E-0001 -1.36901098901099E+0000
 9 -5.49450549450549E-0003 -1.40124542124542E+0000
 10 -1.00586080586080E-0001 -1.37868131868132E+0000
 11  1.62124542124542E-0001 -1.38432234432234E+0000
 12  2.18534798534799E-0001 -1.37223443223443E+0000
 13 -1.35531135531135E-0002 -1.41252747252747E+0000
 14 -8.04395604395604E-0002 -1.39882783882784E+0000
 15  1.71794871794872E-0001 -1.36739926739927E+0000
 16  2.68498168498168E-0001 -1.39479853479853E+0000
 17 -2.16117216117216E-0002 -1.39157509157509E+0000
 18 -6.75457875457875E-0002 -1.37062271062271E+0000
 19  1.65347985347985E-0001 -1.37223443223443E+0000
 20  1.97582417582418E-0001 -1.40446886446886E+0000
 21 -6.30036630036630E-0003 -1.40285714285714E+0000
 22 -1.07032967032967E-0001 -1.38512820512821E+0000
 23  1.56483516483516E-0001 -1.34644688644689E+0000
 24  2.01611721611722E-0001 -1.37626373626374E+0000
 25 -2.56410256410256E-0002 -1.40688644688645E+0000
 26 -6.02930402930403E-0002 -1.39076923076923E+0000
 27  1.48424908424908E-0001 -1.36901098901099E+0000
 28  2.46739926739927E-0001 -1.38190476190476E+0000
 29 -2.16117216117216E-0002 -1.37384615384615E+0000
 30 -1.05421245421245E-0001 -1.39560439560440E+0000
 31  1.60512820512821E-0001 -1.35692307692308E+0000
 32  2.20952380952381E-0001 -1.38029304029304E+0000
 33 -2.40293040293040E-0002 -1.42058608058608E+0000
 34 -9.09157509157509E-0002 -1.39963369963370E+0000
 35  1.56483516483516E-0001 -1.37062271062271E+0000
 36  1.51648351648352E-0001 -1.40124542124542E+0000
 37 -1.83882783882784E-0002 -1.38512820512821E+0000
 38 -6.27106227106227E-0002 -1.36498168498168E+0000
 39  1.70989010989011E-0001 -1.37223443223443E+0000
 40  2.29816849816850E-0001 -1.40124542124542E+0000
 41 -3.04761904761905E-0002 -1.39318681318681E+0000
 42 -6.75457875457875E-0002 -1.37545787545788E+0000
 43  1.71794871794872E-0001 -1.37545787545788E+0000
 44  1.98388278388278E-0001 -1.40205128205128E+0000
 45 -3.53113553113553E-0002 -1.39641025641026E+0000
 46 -4.73992673992674E-0002 -1.36981684981685E+0000
 47  1.65347985347985E-0001 -1.37465201465201E+0000
 48  2.08864468864469E-0001 -1.40849816849817E+0000
 49 -4.82051282051282E-0002 -1.40366300366300E+0000
 50 -8.44688644688645E-0002 -1.38190476190476E+0000
 51  1.58095238095238E-0001 -1.34241758241758E+0000
 52  2.53186813186813E-0001 -1.36901098901099E+0000
 53 -5.38461538461538E-0002 -1.40446886446886E+0000
 54 -5.94871794871795E-0002 -1.38271062271062E+0000
 55  1.65347985347985E-0001 -1.34644688644689E+0000
 56  1.75824175824176E-0001 -1.37626373626374E+0000
 57 -4.73992673992674E-0002 -1.40769230769231E+0000
 58 -7.96336996336996E-0002 -1.38271062271062E+0000
 59  1.74212454212454E-0001 -1.34483516483516E+0000
 60  2.16117216117216E-0001 -1.36981684981685E+0000
 61 -6.99633699633700E-0002 -1.40446886446886E+0000
 62 -6.99633699633700E-0002 -1.38351648351648E+0000
 63  1.74212454212454E-0001 -1.34644688644689E+0000
 64  2.20146520146520E-0001 -1.37384615384615E+0000
 65 -5.62637362637363E-0002 -1.41413919413919E+0000
 66 -6.02930402930403E-0002 -1.38996336996337E+0000
 67  1.95970695970696E-0001 -1.35450549450549E+0000
 68  1.85494505494505E-0001 -1.38754578754579E+0000
 69 -4.98168498168498E-0002 -1.38835164835165E+0000
 70 -3.85347985347985E-0002 -1.35692307692308E+0000
 71  1.91941391941392E-0001 -1.35853479853480E+0000
 72  2.00000000000000E-0001 -1.38996336996337E+0000
 73 -4.09523809523810E-0002 -1.38190476190476E+0000
 74 -4.25641025641026E-0002 -1.35208791208791E+0000
 75  1.87106227106227E-0001 -1.35692307692308E+0000
 76  2.11282051282051E-0001 -1.38109890109890E+0000
 77 -4.98168498168498E-0002 -1.42461538461538E+0000
 78 -1.03296703296703E-0002 -1.40285714285714E+0000
 79  2.05641025641026E-0001 -1.36175824175824E+0000
 80  1.67765567765568E-0001 -1.40527472527473E+0000
 81 -7.64102564102564E-0002 -1.40366300366300E+0000
 82 -1.67765567765568E-0002 -1.37465201465201E+0000
 83  2.04835164835165E-0001 -1.38915750915751E+0000
 84  1.44395604395604E-0001 -1.38109890109890E+0000
 85 -5.86813186813187E-0002 -1.41655677655678E+0000
 86 -6.67399267399267E-0002 -1.39721611721612E+0000
 87  1.87912087912088E-0001 -1.36498168498168E+0000
 88  1.45201465201465E-0001 -1.39157509157509E+0000
 89 -5.30402930402930E-0002 -1.38754578754579E+0000
 90 -9.57509157509158E-0002 -1.37142857142857E+0000
 91  1.72600732600733E-0001 -1.37787545787546E+0000
 92  1.77435897435897E-0001 -1.41010989010989E+0000
 93 -5.62637362637363E-0002 -1.39882783882784E+0000
 94 -7.56043956043956E-0002 -1.38271062271062E+0000
 95  2.00000000000000E-0001 -1.34241758241758E+0000
 96  1.52454212454212E-0001 -1.38029304029304E+0000
 97 -5.94871794871795E-0002 -1.41736263736264E+0000
 98 -5.70695970695971E-0002 -1.39560439560440E+0000
 99  2.11282051282051E-0001 -1.35531135531136E+0000
 100  9.84615384615385E-0002 -1.40124542124542E+0000
 101 -6.91575091575092E-0002 -1.38432234432234E+0000
 102  2.10989010989011E-0002 -1.35369963369963E+0000
 103  2.08058608058608E-0001 -1.36498168498168E+0000
 104  1.65347985347985E-0001 -1.40366300366300E+0000
 105 -6.83516483516484E-0002 -1.39721611721612E+0000
 106  2.02930402930403E-0002 -1.36820512820513E+0000
 107  1.96776556776557E-0001 -1.38593406593407E+0000
 108  1.32307692307692E-0001 -1.38593406593407E+0000
 109 -7.23809523809524E-0002 -1.37787545787546E+0000
 110 -6.75457875457875E-0002 -1.39560439560440E+0000
 111  2.09670329670330E-0001 -1.35692307692308E+0000
 112  1.16996336996337E-0001 -1.39076923076923E+0000
 113 -6.51282051282051E-0002 -1.38109890109890E+0000
 114 -7.07692307692308E-0002 -1.40366300366300E+0000
 115  1.97582417582418E-0001 -1.37223443223443E+0000
 116  1.25054945054945E-0001 -1.41252747252747E+0000
 117 -7.23809523809524E-0002 -1.41010989010989E+0000
 118 -5.54578754578755E-0002 -1.38593406593407E+0000
 119  2.08058608058608E-0001 -1.35531135531136E+0000
 120  2.12893772893773E-0001 -1.39076923076923E+0000
 121 -7.64102564102564E-0002 -1.38754578754579E+0000
 122  4.84981684981685E-0002 -1.35934065934066E+0000
 123  2.16923076923077E-0001 -1.37465201465201E+0000
 124  1.00879120879120E-0001 -1.41897435897436E+0000
 125 -7.15750915750916E-0002 -1.41494505494505E+0000
 126 -1.11355311355311E-0002 -1.38432234432234E+0000
 127  2.20952380952381E-0001 -1.35208791208791E+0000
 128  1.38754578754579E-0001 -1.38835164835165E+0000
 129 -6.99633699633700E-0002 -1.36498168498168E+0000
 130 -6.99633699633700E-0002 -1.38593406593407E+0000
 131  2.29816849816850E-0001 -1.35208791208791E+0000
 132  1.72600732600733E-0001 -1.38673992673993E+0000
 133 -6.51282051282051E-0002 -1.38271062271062E+0000
 134 -6.59340659340659E-0002 -1.35450549450549E+0000
 135  2.23369963369963E-0001 -1.36095238095238E+0000
 136  1.19413919413919E-0001 -1.40124542124542E+0000
 137 -7.23809523809524E-0002 -1.38593406593407E+0000
 138  2.83516483516484E-0002 -1.35853479853480E+0000
 139  2.12893772893773E-0001 -1.37062271062271E+0000
 140  1.64542124542125E-0001 -1.40205128205128E+0000
 141 -6.99633699633700E-0002 -1.39076923076923E+0000
 142 -5.06227106227106E-0002 -1.36739926739927E+0000
 143  2.18534798534799E-0001 -1.37787545787546E+0000
 144  2.04029304029304E-0001 -1.40930402930403E+0000
 145 -7.23809523809524E-0002 -1.40446886446886E+0000
 146  3.47985347985348E-0002 -1.37626373626374E+0000
 147  2.19340659340659E-0001 -1.38593406593407E+0000
 148  9.60439560439560E-0002 -1.38754578754579E+0000
 149 -8.76923076923077E-0002 -1.37948717948718E+0000
 150 -8.04395604395604E-0002 -1.40124542124542E+0000
 151  2.18534798534799E-0001 -1.35934065934066E+0000
 152  9.76556776556777E-0002 -1.40043956043956E+0000
 153 -8.60805860805861E-0002 -1.39399267399267E+0000
 154 -1.67765567765568E-0002 -1.37384615384615E+0000
 155  2.17728937728938E-0001 -1.38512820512821E+0000
 156  1.55677655677656E-0001 -1.37948717948718E+0000
 157 -8.84981684981685E-0002 -1.41655677655678E+0000
 158  2.99633699633700E-0002 -1.38835164835165E+0000
 159  2.09670329670330E-0001 -1.35692307692308E+0000
 160  1.15384615384615E-0001 -1.38754578754579E+0000
 161 -8.93040293040293E-0002 -1.38109890109890E+0000
 162 -8.93040293040293E-0002 -1.40769230769231E+0000
 163  2.18534798534799E-0001 -1.36659340659341E+0000
 164  6.78388278388278E-0002 -1.41010989010989E+0000
 165 -8.36630036630037E-0002 -1.39882783882784E+0000
 166  4.68864468864469E-0002 -1.37062271062271E+0000
 167  2.20952380952381E-0001 -1.37948717948718E+0000
 168  1.50842490842491E-0001 -1.41897435897436E+0000
 169 -8.93040293040293E-0002 -1.41897435897436E+0000
 170  2.35164835164835E-0002 -1.39479853479853E+0000
 171  2.31428571428571E-0001 -1.36014652014652E+0000
 172  8.55677655677656E-0002 -1.40285714285714E+0000
 173 -1.12673992673992E-0001 -1.39238095238095E+0000
 174  3.88278388278388E-0002 -1.36175824175824E+0000
 175  2.29010989010989E-0001 -1.38029304029304E+0000
 176  1.86300366300366E-0001 -1.41655677655678E+0000
 177 -9.09157509157509E-0002 -1.41494505494505E+0000
 178  8.31501831501832E-0002 -1.37787545787546E+0000
 179  2.33846153846154E-0001 -1.39560439560440E+0000
 180  1.90329670329670E-0001 -1.37706959706960E+0000
 181 -1.01391941391941E-0001 -1.41494505494505E+0000
 182  7.91208791208791E-0002 -1.37787545787546E+0000
 183  2.11282051282051E-0001 -1.39882783882784E+0000
 184  1.92747252747253E-0001 -1.39157509157509E+0000
 185 -9.25274725274725E-0002 -1.38835164835165E+0000
 186  4.98168498168498E-0003 -1.35450549450549E+0000
 187  2.34652014652015E-0001 -1.36739926739927E+0000
 188  1.22637362637362E-0001 -1.40688644688645E+0000
 189 -1.02197802197802E-0001 -1.40527472527473E+0000
 190 -1.03296703296703E-0002 -1.38190476190476E+0000
 191  2.42710622710623E-0001 -1.34241758241758E+0000
 192  1.73406593406593E-0001 -1.37787545787546E+0000
 193 -1.04615384615384E-0001 -1.41333333333333E+0000
 194  4.04395604395604E-0002 -1.38835164835165E+0000
 195  2.33040293040293E-0001 -1.35531135531136E+0000
 196  9.52380952380952E-0002 -1.39641025641026E+0000
 197 -9.49450549450549E-0002 -1.38351648351648E+0000
 198  1.19413919413919E-0001 -1.33919413919414E+0000
 199  2.47545787545788E-0001 -1.35531135531136E+0000
 200  1.71794871794872E-0001 -1.39399267399267E+0000
 201 -9.41391941391941E-0002 -1.39238095238095E+0000
 202 -6.30036630036630E-0003 -1.36901098901099E+0000
 203  2.39487179487179E-0001 -1.37223443223443E+0000
 204  1.47619047619048E-0001 -1.40688644688645E+0000
 205 -9.25274725274725E-0002 -1.40527472527473E+0000
 206 -4.73992673992674E-0002 -1.38754578754579E+0000
 207  2.29816849816850E-0001 -1.35853479853480E+0000
 208  5.78754578754579E-0003 -1.40285714285714E+0000
 209 -8.93040293040293E-0002 -1.38190476190476E+0000
 210  7.10622710622711E-0002 -1.34967032967033E+0000
 211  2.54798534798535E-0001 -1.35208791208791E+0000
 212  5.33333333333333E-0002 -1.39238095238095E+0000
 213 -8.76923076923077E-0002 -1.37948717948718E+0000
 214  4.84981684981685E-0002 -1.39318681318681E+0000
 215  2.53186813186813E-0001 -1.36901098901099E+0000
 216  1.26666666666667E-0001 -1.40124542124542E+0000
 217 -1.04615384615384E-0001 -1.38835164835165E+0000
 218  8.20512820512821E-0003 -1.35369963369963E+0000
 219  2.77362637362637E-0001 -1.36336996336996E+0000
 220  6.30036630036630E-0002 -1.40446886446886E+0000
 221 -1.32014652014652E-0001 -1.39479853479853E+0000
 222  1.00879120879120E-0001 -1.35289377289377E+0000
 223  2.83003663003663E-0001 -1.36256410256410E+0000
 224 -4.68864468864469E-0003 -1.40849816849817E+0000
 225 -9.65567765567766E-0002 -1.38673992673993E+0000
 226  1.06227106227106E-0002 -1.36336996336996E+0000
 227  2.34652014652015E-0001 -1.36901098901099E+0000
 228  8.79853479853480E-0002 -1.40285714285714E+0000
 229 -1.22344322344322E-0001 -1.38754578754579E+0000
 230  1.30695970695971E-0001 -1.35450549450549E+0000
 231  2.29010989010989E-0001 -1.38673992673993E+0000
 232  3.31868131868132E-0002 -1.38673992673993E+0000
 233 -1.44102564102564E-0001 -1.37868131868132E+0000
 234  1.05714285714285E-0001 -1.38109890109890E+0000
 235  2.25787545787546E-0001 -1.40688644688645E+0000
 236  4.04395604395604E-0002 -1.41575091575092E+0000
 237 -1.16703296703296E-0001 -1.40043956043956E+0000
 238  4.60805860805861E-0002 -1.37545787545788E+0000
 239  2.29010989010989E-0001 -1.38512820512821E+0000
 240  7.10622710622711E-0002 -1.38351648351648E+0000
 241 -9.89743589743590E-0002 -1.36739926739927E+0000
 242  7.50915750915751E-0002 -1.37948717948718E+0000
 243  2.58827838827839E-0001 -1.39802197802198E+0000
 244  7.50915750915751E-0002 -1.40124542124542E+0000
 245 -1.29597069597070E-0001 -1.38512820512821E+0000
 246  7.50915750915751E-0002 -1.35128205128205E+0000
 247  2.76556776556777E-0001 -1.36014652014652E+0000
 248  6.21978021978022E-0002 -1.40446886446886E+0000
 249 -1.07032967032967E-0001 -1.39318681318681E+0000
 250  8.63736263736264E-0002 -1.36498168498168E+0000
 251  2.07252747252747E-0001 -1.38512820512821E+0000
 252  6.86446886446886E-0002 -1.37465201465201E+0000
 253 -9.57509157509158E-0002 -1.41010989010989E+0000
 254  1.00879120879120E-0001 -1.37948717948718E+0000
 255  2.35457875457875E-0001 -1.39560439560440E+0000
 256  5.73626373626374E-0002 -1.39479853479853E+0000
 257 -4.73992673992674E-0002 -1.37142857142857E+0000
 258  9.52380952380952E-0002 -1.38271062271062E+0000
 259  2.52380952380952E-0001 -1.35531135531136E+0000
 260  4.93040293040293E-0002 -1.39963369963370E+0000
 261 -1.32820512820513E-0001 -1.39318681318681E+0000
 262  8.23443223443223E-0002 -1.36256410256410E+0000
 263  2.53992673992674E-0001 -1.37062271062271E+0000
 264  4.93040293040293E-0002 -1.40930402930403E+0000
 265 -1.26373626373626E-0001 -1.39641025641026E+0000
 266  8.55677655677656E-0002 -1.36256410256410E+0000
 267  2.34652014652015E-0001 -1.37465201465201E+0000
 268  4.20512820512821E-0002 -1.41897435897436E+0000
 269 -8.76923076923077E-0002 -1.40205128205128E+0000
 270  9.36263736263736E-0002 -1.37304029304029E+0000
 271  2.91868131868132E-0001 -1.38835164835165E+0000
 272  4.93040293040293E-0002 -1.38593406593407E+0000
 273 -1.26373626373626E-0001 -1.37545787545788E+0000
 274  9.68498168498168E-0002 -1.37626373626374E+0000
 275  2.66886446886447E-0001 -1.38835164835165E+0000
 276  3.31868131868132E-0002 -1.38432234432234E+0000
 277 -8.84981684981685E-0002 -1.36578754578755E+0000
 278  1.00073260073260E-0001 -1.37626373626374E+0000
 279  2.40293040293040E-0001 -1.38915750915751E+0000
 280  2.35164835164835E-0002 -1.38593406593407E+0000
 281 -8.68864468864469E-0002 -1.36820512820513E+0000
 282  9.84615384615385E-0002 -1.38673992673993E+0000
 283  2.32234432234432E-0001 -1.36659340659341E+0000
 284  2.35164835164835E-0002 -1.40849816849817E+0000
 285 -7.39926739926740E-0002 -1.38593406593407E+0000
 286  1.05714285714285E-0001 -1.35853479853480E+0000
 287  2.96703296703297E-0001 -1.36981684981685E+0000
 288  2.35164835164835E-0002 -1.40849816849817E+0000
 289 -1.07838827838827E-0001 -1.38996336996337E+0000
 290  1.18608058608058E-0001 -1.35450549450549E+0000
 291  2.74945054945055E-0001 -1.37223443223443E+0000
 292  1.54578754578754E-0002 -1.41816849816850E+0000
 293 -1.48131868131868E-0001 -1.41010989010989E+0000
 294  1.34725274725275E-0001 -1.37142857142857E+0000
 295  2.78168498168498E-0001 -1.39157509157509E+0000
 296  2.67399267399267E-0002 -1.39479853479853E+0000
 297 -1.28791208791209E-0001 -1.37465201465201E+0000
 298  1.24249084249084E-0001 -1.38512820512821E+0000
 299  2.10476190476190E-0001 -1.36901098901099E+0000
 300  2.67399267399267E-0002 -1.39882783882784E+0000
 301 -1.27985347985348E-0001 -1.35692307692308E+0000
 302  2.84615384615385E-0001 -1.36739926739927E+0000
 303  2.35164835164835E-0002 -1.41575091575092E+0000
 304 -1.13479853479853E-0001 -1.39721611721612E+0000
 305  1.26666666666667E-0001 -1.36659340659341E+0000
 306  2.95091575091575E-0001 -1.38673992673993E+0000
 307  2.27106227106227E-0002 -1.37787545787546E+0000
 308  1.24249084249084E-0001 -1.38754578754579E+0000
 309  2.58021978021978E-0001 -1.37304029304029E+0000
 310  1.46520146520146E-0002 -1.41413919413919E+0000
 311 -1.23150183150183E-0001 -1.39318681318681E+0000
 312  1.33113553113553E-0001 -1.36336996336996E+0000
 313  2.17728937728938E-0001 -1.38271062271062E+0000
 314  5.78754578754579E-0003 -1.37626373626374E+0000
 315 -8.04395604395604E-0002 -1.39399267399267E+0000
 316  1.42783882783883E-0001 -1.36659340659341E+0000
 317  2.24981684981685E-0001 -1.38271062271062E+0000
 318  9.52380952380952E-0004 -1.38029304029304E+0000
 319 -8.68864468864469E-0002 -1.40366300366300E+0000
 320  1.33919413919414E-0001 -1.37545787545788E+0000
 321  2.75750915750916E-0001 -1.38996336996337E+0000
 322  3.36996336996337E-0003 -1.38673992673993E+0000
 323 -9.25274725274725E-0002 -1.36901098901099E+0000
 324  1.38754578754579E-0001 -1.37626373626374E+0000
 325  2.20146520146520E-0001 -1.39399267399267E+0000
 326 -6.30036630036630E-0003 -1.39882783882784E+0000
 327 -7.96336996336996E-0002 -1.38029304029304E+0000
 328  1.41172161172161E-0001 -1.39560439560440E+0000
 329  2.60439560439560E-0001 -1.37142857142857E+0000
 330 -9.52380952380952E-0003 -1.41010989010989E+0000
 331 -1.13479853479853E-0001 -1.39479853479853E+0000
 332  1.51648351648352E-0001 -1.35772893772894E+0000
 333  2.66886446886447E-0001 -1.36820512820513E+0000
 334 -1.51648351648351E-0002 -1.42058608058608E+0000
 335 -5.46520146520147E-0002 -1.39238095238095E+0000
 336  1.26666666666667E-0001 -1.36901098901099E+0000
 337  2.42710622710623E-0001 -1.38351648351648E+0000
 338 -1.19413919413919E-0002 -1.40446886446886E+0000
 339  1.37142857142857E-0001 -1.37626373626374E+0000
 340  2.53992673992674E-0001 -1.39238095238095E+0000
 341 -1.19413919413919E-0002 -1.39560439560440E+0000
 342 -9.01098901098901E-0002 -1.38432234432234E+0000
 343  1.87912087912088E-0001 -1.36901098901099E+0000
 344 -3.12820512820513E-0002 -1.40124542124542E+0000
 345 -9.49450549450549E-0002 -1.37545787545788E+0000
 346  1.52454212454212E-0001 -1.37868131868132E+0000
 347  2.35457875457875E-0001 -1.40366300366300E+0000
 348 -2.00000000000000E-0002 -1.40527472527473E+0000
 349 -1.19120879120879E-0001 -1.35047619047619E+0000
 350  1.58901098901099E-0001 -1.37304029304029E+0000
 351 -2.80586080586081E-0002 -1.41010989010989E+0000
 352 -6.59340659340659E-0002 -1.38835164835165E+0000
 353  1.44395604395604E-0001 -1.35450549450549E+0000
 354  1.96776556776557E-0001 -1.38190476190476E+0000
 355 -3.61172161172161E-0002 -1.37384615384615E+0000
 356 -3.69230769230769E-0002 -1.39076923076923E+0000
 357  1.56483516483516E-0001 -1.36659340659341E+0000
 358  2.00805860805861E-0001 -1.39479853479853E+0000
 359 -3.36996336996337E-0002 -1.38432234432234E+0000
 360 -6.99633699633700E-0002 -1.37142857142857E+0000
 361  1.70989010989011E-0001 -1.39963369963370E+0000
 362 -2.80586080586081E-0002 -1.39157509157509E+0000
 363 -4.73992673992674E-0002 -1.38029304029304E+0000
 364  2.16117216117216E-0001 -1.41413919413919E+0000
 365 -3.69230769230769E-0002 -1.40688644688645E+0000
 366 -4.65934065934066E-0002 -1.35289377289377E+0000
 367  1.95970695970696E-0001 -1.37948717948718E+0000
 368 -4.57875457875458E-0002 -1.42058608058608E+0000
 369 -7.31868131868132E-0002 -1.36659340659341E+0000
 370  2.13699633699634E-0001 -1.39802197802198E+0000
 371 -4.17582417582418E-0002 -1.39641025641026E+0000
 372 -3.28937728937729E-0002 -1.38351648351648E+0000
 373  2.36263736263736E-0001 -1.36417582417582E+0000
 374 -4.82051282051282E-0002 -1.40205128205128E+0000
 375 -4.41758241758242E-0002 -1.37384615384615E+0000
 376  1.66153846153846E-0001 -1.38996336996337E+0000
 377  2.19340659340659E-0001 -1.37223443223443E+0000
 378 -3.69230769230769E-0002 -1.39479853479853E+0000
 379  1.64542124542125E-0001 -1.35853479853480E+0000
 380  2.33040293040293E-0001 -1.38029304029304E+0000
 381 -5.62637362637363E-0002 -1.42864468864469E+0000
 382 -9.09157509157509E-0002 -1.40446886446886E+0000
 383  1.82271062271062E-0001 -1.37545787545788E+0000
 384  1.53260073260073E-0001 -1.39963369963370E+0000
 385 -1.11868131868131E-0001 -1.38029304029304E+0000
 386  1.68571428571429E-0001 -1.37626373626374E+0000
 387 -6.19047619047619E-0002 -1.40930402930403E+0000
 388  4.17582417582418E-0003 -1.37787545787546E+0000
 389  1.87912087912088E-0001 -1.39560439560440E+0000
 390  1.94358974358974E-0001 -1.38029304029304E+0000
 391 -6.91575091575092E-0002 -1.42461538461538E+0000
 392 -9.49450549450549E-0002 -1.37787545787546E+0000
 393  2.15311355311355E-0001 -1.40527472527473E+0000
 394 -5.06227106227106E-0002 -1.37787545787546E+0000
 395  1.92747252747253E-0001 -1.39882783882784E+0000
 396  1.80659340659341E-0001 -1.38996336996337E+0000
 397 -6.02930402930403E-0002 -1.38432234432234E+0000
 398 -3.28937728937729E-0002 -1.35369963369963E+0000
 399  1.93553113553114E-0001 -1.36901098901099E+0000
 400  1.49230769230769E-0001 -1.39479853479853E+0000
 401 -4.68864468864469E-0003 -1.35531135531136E+0000
 402  2.04029304029304E-0001 -1.39802197802198E+0000
 403 -5.78754578754579E-0002 -1.39963369963370E+0000
 404 -2.72527472527473E-0002 -1.38271062271062E+0000
 405  1.17802197802197E-0001 -1.37142857142857E+0000
 406 -6.35164835164835E-0002 -1.38593406593407E+0000
 407  2.04029304029304E-0001 -1.35208791208791E+0000
 408  1.64542124542125E-0001 -1.37787545787546E+0000
 409 -5.54578754578755E-0002 -1.41494505494505E+0000
 410  1.14285714285714E-0002 -1.38190476190476E+0000
 411  2.04029304029304E-0001 -1.38029304029304E+0000
 412 -6.83516483516484E-0002 -1.42380952380952E+0000
 413 -2.64468864468864E-0002 -1.37465201465201E+0000
 414  1.75018315018315E-0001 -1.41091575091575E+0000
 415 -6.51282051282051E-0002 -1.38029304029304E+0000
 416  2.12893772893773E-0001 -1.40205128205128E+0000
 417  1.65347985347985E-0001 -1.38673992673993E+0000
 418 -1.25567765567766E-0001 -1.36901098901099E+0000
 419  2.16923076923077E-0001 -1.39318681318681E+0000
 420 -9.09157509157509E-0002 -1.39560439560440E+0000
 421  3.31868131868132E-0002 -1.37384615384615E+0000
 422  2.12087912087912E-0001 -1.40527472527473E+0000
 423 -8.93040293040293E-0002 -1.38271062271062E+0000
 424  1.78241758241758E-0001 -1.35047619047619E+0000
 425  1.21025641025641E-0001 -1.41172161172161E+0000
 426 -5.22344322344322E-0002 -1.39157509157509E+0000
 427  2.00000000000000E-0001 -1.39157509157509E+0000
 428 -6.91575091575092E-0002 -1.38835164835165E+0000
 429  3.56043956043956E-0002 -1.37142857142857E+0000
 430  1.12161172161172E-0001 -1.40285714285714E+0000
 431 -8.20512820512821E-0002 -1.39479853479853E+0000
 432 -3.07692307692308E-0003 -1.35934065934066E+0000
 433  2.21758241758242E-0001 -1.40769230769231E+0000
 434 -7.96336996336996E-0002 -1.39479853479853E+0000
 435  2.51282051282051E-0002 -1.36901098901099E+0000
 436  1.01684981684981E-0001 -1.39882783882784E+0000
 437 -7.96336996336996E-0002 -1.36095238095238E+0000
 438  2.11282051282051E-0001 -1.38109890109890E+0000
 439  1.49230769230769E-0001 -1.41736263736264E+0000
 440 -8.04395604395604E-0002 -1.36498168498168E+0000
 441  1.82271062271062E-0001 -1.39399267399267E+0000
 442 -8.76923076923077E-0002 -1.37142857142857E+0000
 443  2.24175824175824E-0001 -1.37868131868132E+0000
 444  1.57289377289377E-0001 -1.41575091575092E+0000
 445 -4.25641025641026E-0002 -1.38029304029304E+0000
 446  2.29010989010989E-0001 -1.39721611721612E+0000
 447  1.79853479853480E-0001 -1.38915750915751E+0000
 448 -7.96336996336996E-0002 -1.38996336996337E+0000
 449  2.48351648351648E-0001 -1.35611721611722E+0000
 450  2.91575091575092E-0002 -1.38271062271062E+0000
 451  7.58974358974359E-0002 -1.36256410256410E+0000
 452  1.78241758241758E-0001 -1.38351648351648E+0000
 453 -9.49450549450549E-0002 -1.38996336996337E+0000
 454  2.34652014652015E-0001 -1.36014652014652E+0000
 455  1.16996336996337E-0001 -1.38271062271062E+0000
 456 -5.30402930402930E-0002 -1.36901098901099E+0000
 457  1.42783882783883E-0001 -1.38915750915751E+0000
 458 -1.27179487179487E-0001 -1.35450549450549E+0000
 459  2.27399267399267E-0001 -1.36578754578755E+0000
 460  1.18608058608058E-0001 -1.40527472527473E+0000
 461 -4.73992673992674E-0002 -1.39721611721612E+0000
 462  1.02490842490842E-0001 -1.37787545787546E+0000
 463  1.59706959706960E-0001 -1.41010989010989E+0000
 464 -7.39926739926740E-0002 -1.40769230769231E+0000
 465  5.25274725274725E-0002 -1.37465201465201E+0000
 466  2.40293040293040E-0001 -1.39399267399267E+0000
 467 -1.22344322344322E-0001 -1.39076923076923E+0000
 468  8.63736263736264E-0002 -1.35289377289377E+0000
 469  2.55604395604396E-0001 -1.36981684981685E+0000
 470  8.87912087912088E-0002 -1.39157509157509E+0000
 471  3.36996336996337E-0003 -1.36095238095238E+0000
 472  1.92747252747253E-0001 -1.38512820512821E+0000
 473  1.15384615384615E-0001 -1.37545787545788E+0000
 474 -1.21538461538461E-0001 -1.37384615384615E+0000
 475  2.71721611721612E-0001 -1.38512820512821E+0000
 476 -7.56043956043956E-0002 -1.37384615384615E+0000
 477  5.89743589743590E-0002 -1.36014652014652E+0000
 478  8.71794871794872E-0002 -1.39238095238095E+0000
 479  5.89743589743590E-0002 -1.36498168498168E+0000
 480  2.81391941391941E-0001 -1.41897435897436E+0000
 481 -9.33333333333333E-0002 -1.39157509157509E+0000
 482  2.03223443223443E-0001 -1.37384615384615E+0000
 483  7.99267399267399E-0002 -1.38996336996337E+0000
 484  6.46153846153846E-0002 -1.37545787545788E+0000
 485  5.57509157509158E-0002 -1.40285714285714E+0000
 486 -9.65567765567766E-0002 -1.38835164835165E+0000
 487  6.62271062271062E-0002 -1.34967032967033E+0000
 488  2.29816849816850E-0001 -1.39802197802198E+0000
 489 -4.65934065934066E-0002 -1.35289377289377E+0000
 490  2.15311355311355E-0001 -1.37304029304029E+0000
 491  6.54212454212454E-0002 -1.40849816849817E+0000
 492 -8.93040293040293E-0002 -1.40043956043956E+0000
 493  7.67032967032967E-0002 -1.38029304029304E+0000
 494  4.84981684981685E-0002 -1.40930402930403E+0000
 495  8.47619047619048E-0002 -1.37545787545788E+0000
 496  2.75750915750916E-0001 -1.38835164835165E+0000
 497  5.65567765567766E-0002 -1.38109890109890E+0000
 498 -1.27985347985348E-0001 -1.38593406593407E+0000
 499  2.81391941391941E-0001 -1.39560439560440E+0000
 500 -1.06227106227106E-0001 -1.39076923076923E+0000
 501  2.29010989010989E-0001 -1.37304029304029E+0000
 502  5.41391941391941E-0002 -1.39560439560440E+0000
 503  9.44322344322344E-0002 -1.38271062271062E+0000
 504  5.89743589743590E-0002 -1.39963369963370E+0000
 505  1.10549450549450E-0001 -1.36981684981685E+0000
 506  2.19340659340659E-0001 -1.38915750915751E+0000
 507  5.01098901098901E-0002 -1.37787545787546E+0000
 508 -8.52747252747253E-0002 -1.37706959706960E+0000
 509  2.64468864468864E-0001 -1.38512820512821E+0000
 510 -1.32014652014652E-0001 -1.37626373626374E+0000
 511  2.36263736263736E-0001 -1.39479853479853E+0000
 512  4.04395604395604E-0002 -1.36901098901099E+0000
 513  1.16996336996337E-0001 -1.39560439560440E+0000
 514  2.83516483516484E-0002 -1.37223443223443E+0000
 515  1.07326007326007E-0001 -1.39318681318681E+0000
 516  2.02930402930403E-0002 -1.39882783882784E+0000
 517 -7.23809523809524E-0002 -1.35128205128205E+0000
 518  2.75750915750916E-0001 -1.40930402930403E+0000
 519 -1.14285714285714E-0001 -1.35369963369963E+0000
 520  2.40293040293040E-0001 -1.41172161172161E+0000
 521 -7.64102564102564E-0002 -1.39802197802198E+0000
 522  1.25054945054945E-0001 -1.36981684981685E+0000
 523  2.29816849816850E-0001 -1.38915750915751E+0000
 524  1.70695970695971E-0002 -1.41091575091575E+0000
 525  1.33113553113553E-0001 -1.40366300366300E+0000
 526  1.38461538461538E-0002 -1.38109890109890E+0000
 527  1.16190476190476E-0001 -1.37868131868132E+0000
 528  8.20512820512821E-0003 -1.41736263736264E+0000
 529 -8.04395604395604E-0002 -1.40285714285714E+0000
 530  1.25860805860806E-0001 -1.36981684981685E+0000
 531  2.65274725274725E-0001 -1.38754578754579E+0000
 532 -7.10622710622711E-0003 -1.38996336996337E+0000
 533 -1.07838827838827E-0001 -1.37545787545788E+0000
 534  2.49157509157509E-0001 -1.38835164835165E+0000
 535 -8.36630036630037E-0002 -1.37062271062271E+0000
 536  2.28205128205128E-0001 -1.38915750915751E+0000
 537 -8.04395604395604E-0002 -1.37465201465201E+0000
 538  2.33846153846154E-0001 -1.40366300366300E+0000
 539 -9.17216117216117E-0002 -1.35369963369963E+0000
 540  2.14505494505495E-0001 -1.37545787545788E+0000
 541 -1.27472527472527E-0002 -1.40769230769231E+0000
 542 -6.51282051282051E-0002 -1.38351648351648E+0000
 543  1.48424908424908E-0001 -1.35047619047619E+0000
 544  2.23369963369963E-0001 -1.36901098901099E+0000
 545 -2.80586080586081E-0002 -1.37948717948718E+0000
 546  1.51648351648352E-0001 -1.37626373626374E+0000
 547 -1.51648351648351E-0002 -1.39238095238095E+0000
 548  1.46007326007326E-0001 -1.38754578754579E+0000
 549 -2.00000000000000E-0002 -1.37142857142857E+0000
 550  1.60512820512821E-0001 -1.40285714285714E+0000
 551 -2.88644688644689E-0002 -1.38673992673993E+0000
 552  1.52454212454212E-0001 -1.38835164835165E+0000
 553 -4.09523809523810E-0002 -1.39802197802198E+0000
 554  1.70989010989011E-0001 -1.36417582417582E+0000
 555  2.38681318681319E-0001 -1.38673992673993E+0000
 556 -3.69230769230769E-0002 -1.38673992673993E+0000
 557 -1.45714285714286E-0001 -1.37545787545788E+0000
 558  1.62124542124542E-0001 -1.37384615384615E+0000
 559  1.24249084249084E-0001 -1.41010989010989E+0000
 560 -4.09523809523810E-0002 -1.37545787545788E+0000
 561  1.62124542124542E-0001 -1.38109890109890E+0000
 562  1.09743589743589E-0001 -1.41575091575092E+0000
 563 -4.25641025641026E-0002 -1.39479853479853E+0000
 564  1.64542124542125E-0001 -1.34644688644689E+0000
 565  1.66153846153846E-0001 -1.37948717948718E+0000
 566 -3.28937728937729E-0002 -1.41172161172161E+0000
 567 -7.31868131868132E-0002 -1.39641025641026E+0000
 568  1.71794871794872E-0001 -1.39479853479853E+0000
 569 -5.46520146520147E-0002 -1.38271062271062E+0000
 570  3.88278388278388E-0002 -1.34644688644689E+0000
 571  1.87912087912088E-0001 -1.36095238095238E+0000
 572  2.81391941391941E-0001 -1.38593406593407E+0000
 573 -4.09523809523810E-0002 -1.36417582417582E+0000
 574  1.77435897435897E-0001 -1.39721611721612E+0000
 575 -4.90109890109890E-0002 -1.37223443223443E+0000
 576  1.92747252747253E-0001 -1.40124542124542E+0000
 577 -4.73992673992674E-0002 -1.37868131868132E+0000
 578  1.83882783882784E-0001 -1.37626373626374E+0000
 579 -5.06227106227106E-0002 -1.38754578754579E+0000
 580  1.95970695970696E-0001 -1.38432234432234E+0000
 581 -5.70695970695971E-0002 -1.39479853479853E+0000
 582  1.96776556776557E-0001 -1.38754578754579E+0000
 583 -7.64102564102564E-0002 -1.40124542124542E+0000
 584  1.80659340659341E-0001 -1.40205128205128E+0000
 585 -6.67399267399267E-0002 -1.36095238095238E+0000
 586  1.84688644688645E-0001 -1.40285714285714E+0000
 587 -6.02930402930403E-0002 -1.37223443223443E+0000
 588  2.02417582417582E-0001 -1.41494505494505E+0000
 589 -5.86813186813187E-0002 -1.38512820512821E+0000
 590  1.99194139194139E-0001 -1.37948717948718E+0000
 591 -6.02930402930403E-0002 -1.40124542124542E+0000
 592  2.14505494505495E-0001 -1.39882783882784E+0000
 593 -7.23809523809524E-0002 -1.36820512820513E+0000
 594  2.04029304029304E-0001 -1.37062271062271E+0000
 595 -7.72161172161172E-0002 -1.38835164835165E+0000
 596  2.16117216117216E-0001 -1.38432234432234E+0000
 597 -6.51282051282051E-0002 -1.39479853479853E+0000
 598  2.04835164835165E-0001 -1.37787545787546E+0000
 599 -6.99633699633700E-0002 -1.39238095238095E+0000
 600  2.18534798534799E-0001 -1.38512820512821E+0000
 601 -8.60805860805861E-0002 -1.35692307692308E+0000
 602  2.24175824175824E-0001 -1.40446886446886E+0000
 603 -7.64102564102564E-0002 -1.37787545787546E+0000
 604  2.22564102564103E-0001 -1.41494505494505E+0000
 605 -7.39926739926740E-0002 -1.37062271062271E+0000
 606  2.29010989010989E-0001 -1.41252747252747E+0000
 607 -7.07692307692308E-0002 -1.39802197802198E+0000
 608  2.29816849816850E-0001 -1.40527472527473E+0000
 609 -6.51282051282051E-0002 -1.39721611721612E+0000
 610 -6.27106227106227E-0002 -1.39560439560440E+0000
 611  5.89743589743590E-0002 -1.36578754578755E+0000
 612 -2.16117216117216E-0002 -1.35047619047619E+0000
 613  7.50915750915751E-0002 -1.40849816849817E+0000
 614  9.84615384615385E-0002 -1.39318681318681E+0000
 615  1.41978021978022E-0001 -1.37948717948718E+0000
 616 -1.91941391941392E-0002 -1.36981684981685E+0000
 617  1.10549450549450E-0001 -1.38593406593407E+0000
 618  4.20512820512821E-0002 -1.37223443223443E+0000
 619  1.74212454212454E-0001 -1.39963369963370E+0000
 620  3.88278388278388E-0002 -1.38190476190476E+0000
 621  1.15384615384615E-0001 -1.40608058608059E+0000
 622  3.56043956043956E-0002 -1.35611721611722E+0000
 623  1.26666666666667E-0001 -1.36578754578755E+0000
 624  2.10989010989011E-0002 -1.39399267399267E+0000
 625  1.12967032967033E-0001 -1.38190476190476E+0000
 626  4.04395604395604E-0002 -1.36014652014652E+0000
 627  1.14578754578754E-0001 -1.38512820512821E+0000
 628  2.35164835164835E-0002 -1.36336996336996E+0000
 629  2.84615384615385E-0001 -1.39560439560440E+0000
 630 -8.52747252747253E-0002 -1.40849816849817E+0000
 631  2.78974358974359E-0001 -1.41010989010989E+0000
 632 -8.20512820512821E-0002 -1.37948717948718E+0000
 633  2.35457875457875E-0001 -1.39479853479853E+0000
 634 -1.12673992673992E-0001 -1.39157509157509E+0000
 635  2.21758241758242E-0001 -1.40769230769231E+0000
 636 -9.97802197802198E-0002 -1.36901098901099E+0000
 637  2.59633699633700E-0001 -1.41816849816850E+0000
 638 -7.23809523809524E-0002 -1.38109890109890E+0000
 639  2.13699633699634E-0001 -1.40043956043956E+0000
 640 -1.44102564102564E-0001 -1.36014652014652E+0000
 641  2.62051282051282E-0001 -1.40608058608059E+0000
 642 -9.97802197802198E-0002 -1.37626373626374E+0000
 643  2.90256410256410E-0001 -1.38351648351648E+0000
 644 -1.08644688644688E-0001 -1.36578754578755E+0000
 645  7.02564102564103E-0002 -1.39399267399267E+0000
 646  7.34798534798535E-0002 -1.38512820512821E+0000
 647  5.89743589743590E-0002 -1.36417582417582E+0000
 648  7.91208791208791E-0002 -1.38996336996337E+0000
 649  7.10622710622711E-0002 -1.37384615384615E+0000
 650  7.83150183150183E-0002 -1.41010989010989E+0000
 651  7.18681318681319E-0002 -1.34805860805861E+0000
 652  6.21978021978022E-0002 -1.37545787545788E+0000
 653  8.23443223443223E-0002 -1.36336996336996E+0000
 654  7.02564102564103E-0002 -1.37948717948718E+0000
 655  8.47619047619048E-0002 -1.37304029304029E+0000
 656  5.73626373626374E-0002 -1.39479853479853E+0000
 657  7.50915750915751E-0002 -1.38512820512821E+0000
 658  4.60805860805861E-0002 -1.36095238095238E+0000
 659  8.87912087912088E-0002 -1.38673992673993E+0000
 660  5.65567765567766E-0002 -1.38754578754579E+0000
 661 -9.65567765567766E-0002 -1.38835164835165E+0000
 662  2.95091575091575E-0001 -1.39641025641026E+0000
 663 -7.31868131868132E-0002 -1.38512820512821E+0000
 664  2.83003663003663E-0001 -1.39318681318681E+0000
 665 -1.00586080586080E-0001 -1.39721611721612E+0000
 666  2.36263736263736E-0001 -1.40849816849817E+0000
 667 -1.06227106227106E-0001 -1.36578754578755E+0000
 668  2.60439560439560E-0001 -1.37304029304029E+0000
 669 -1.03003663003663E-0001 -1.37545787545788E+0000
 670  1.96776556776557E-0001 -1.38754578754579E+0000
 671 -1.11868131868131E-0001 -1.39318681318681E+0000
 672  1.93553113553114E-0001 -1.40769230769231E+0000
 673 -8.12454212454212E-0002 -1.35692307692308E+0000
 674  2.16923076923077E-0001 -1.41091575091575E+0000
 675 -9.89743589743590E-0002 -1.35934065934066E+0000
 676  2.33846153846154E-0001 -1.38996336996337E+0000
 677  2.19047619047619E-0002 -1.40446886446886E+0000
 678  1.26666666666667E-0001 -1.39963369963370E+0000
 679  1.70695970695971E-0002 -1.37465201465201E+0000
 680  1.16996336996337E-0001 -1.37062271062271E+0000
 681  1.46520146520146E-0002 -1.38673992673993E+0000
 682  1.24249084249084E-0001 -1.37465201465201E+0000
 683  1.06227106227106E-0002 -1.40366300366300E+0000
 684  1.36336996336996E-0001 -1.40043956043956E+0000
 685  9.01098901098901E-0003 -1.37948717948718E+0000
 686  1.23443223443223E-0001 -1.37223443223443E+0000
 687  1.38461538461538E-0002 -1.38996336996337E+0000
 688  1.21831501831501E-0001 -1.39076923076923E+0000
 689 -9.52380952380952E-0003 -1.36981684981685E+0000
 690  1.24249084249084E-0001 -1.39399267399267E+0000
 691 -1.27472527472527E-0002 -1.39318681318681E+0000
 692 -1.65860805860806E-0001 -1.34564102564103E+0000
 693  1.52454212454212E-0001 -1.39479853479853E+0000
 694 -1.20732600732600E-0001 -1.37787545787546E+0000
 695  1.82271062271062E-0001 -1.40285714285714E+0000
 696 -8.60805860805861E-0002 -1.35128205128205E+0000
 697  2.42710622710623E-0001 -1.40930402930403E+0000
 698 -1.04615384615384E-0001 -1.35611721611722E+0000
 699  1.55677655677656E-0001 -1.40446886446886E+0000
 700 -7.72161172161172E-0002 -1.36256410256410E+0000
 701  2.92673992673993E-0001 -1.41655677655678E+0000
 702 -5.06227106227106E-0002 -1.37142857142857E+0000
 703  1.80659340659341E-0001 -1.39479853479853E+0000
 704 -4.90109890109890E-0002 -1.37706959706960E+0000
 705  1.63736263736264E-0001 -1.39882783882784E+0000
 706 -8.20512820512821E-0002 -1.39802197802198E+0000
 707  1.24249084249084E-0001 -1.38754578754579E+0000
 708 -2.08058608058608E-0002 -1.40446886446886E+0000
 709  1.52454212454212E-0001 -1.36417582417582E+0000
 710 -2.16117216117216E-0002 -1.38109890109890E+0000
 711  1.67765567765568E-0001 -1.37304029304029E+0000
 712 -2.80586080586081E-0002 -1.39641025641026E+0000
 713  1.69377289377289E-0001 -1.39318681318681E+0000
 714 -3.53113553113553E-0002 -1.37545787545788E+0000
 715  1.47619047619048E-0001 -1.40366300366300E+0000
 716 -4.01465201465201E-0002 -1.37465201465201E+0000
 717  1.84688644688645E-0001 -1.37787545787546E+0000
 718 -5.38461538461538E-0002 -1.40043956043956E+0000
 719  1.63736263736264E-0001 -1.39560439560440E+0000
 720 -6.02930402930403E-0002 -1.36659340659341E+0000
 721  1.75824175824176E-0001 -1.39560439560440E+0000
 722 -4.90109890109890E-0002 -1.35934065934066E+0000
 723  1.78241758241758E-0001 -1.37223443223443E+0000
 724  1.41172161172161E-0001 -1.39318681318681E+0000
 725 -4.73992673992674E-0002 -1.37948717948718E+0000
 726  1.46813186813187E-0001 -1.40930402930403E+0000
 727  2.02930402930403E-0002 -1.39963369963370E+0000
 728  2.52380952380952E-0001 -1.38835164835165E+0000
 729 -1.39267399267399E-0001 -1.36659340659341E+0000
 730  8.15384615384615E-0002 -1.39963369963370E+0000
 731 -1.11868131868131E-0001 -1.35208791208791E+0000
 732  8.15384615384615E-0002 -1.37868131868132E+0000
 733 -3.61172161172161E-0002 -1.36175824175824E+0000
 734  1.58095238095238E-0001 -1.38351648351648E+0000
 735 -8.52747252747253E-0002 -1.36981684981685E+0000
 736  1.65347985347985E-0001 -1.39157509157509E+0000
 737 -3.07692307692308E-0003 -1.38915750915751E+0000
 738  1.66153846153846E-0001 -1.40285714285714E+0000
 739 -6.02930402930403E-0002 -1.37626373626374E+0000
 740  1.99194139194139E-0001 -1.36820512820513E+0000
 741 -7.07692307692308E-0002 -1.38351648351648E+0000
 742  2.10476190476190E-0001 -1.38512820512821E+0000
 743 -6.35164835164835E-0002 -1.35611721611722E+0000
 744  1.84688644688645E-0001 -1.38190476190476E+0000
 745 -6.10989010989011E-0002 -1.38190476190476E+0000
 746  1.93553113553114E-0001 -1.36659340659341E+0000
 747 -5.86813186813187E-0002 -1.38190476190476E+0000
 748  2.00805860805861E-0001 -1.36820512820513E+0000
 749 -9.65567765567766E-0002 -1.38029304029304E+0000
 750  1.91135531135531E-0001 -1.39721611721612E+0000
 751 -8.68864468864469E-0002 -1.36739926739927E+0000
 752  2.53992673992674E-0001 -1.41494505494505E+0000
 753 -1.15897435897435E-0001 -1.38271062271062E+0000
 754  2.55604395604396E-0001 -1.35128205128205E+0000
 755  1.23443223443223E-0001 -1.41655677655678E+0000
 756 -2.16117216117216E-0002 -1.36417582417582E+0000
 757  1.46813186813187E-0001 -1.37706959706960E+0000
 758  1.46520146520147E-0004 -1.35611721611722E+0000
 759  1.41978021978022E-0001 -1.42058608058608E+0000
 760 -6.30036630036630E-0003 -1.36175824175824E+0000
 761  1.49230769230769E-0001 -1.39560439560440E+0000
 762  9.52380952380952E-0004 -1.37142857142857E+0000
 763  1.29084249084249E-0001 -1.39963369963370E+0000
 764  1.46520146520146E-0002 -1.39560439560440E+0000
 765  1.29084249084249E-0001 -1.42058608058608E+0000
 766  3.36996336996337E-0003 -1.35611721611722E+0000
 767  1.28278388278388E-0001 -1.36901098901099E+0000
 768  4.17582417582418E-0003 -1.37465201465201E+0000
 769  2.72527472527473E-0001 -1.38190476190476E+0000
 770 -1.33626373626374E-0001 -1.38190476190476E+0000
 771  1.82271062271062E-0001 -1.38835164835165E+0000
 772 -7.07692307692308E-0002 -1.38512820512821E+0000
 773  2.49157509157509E-0001 -1.39238095238095E+0000
 774 -1.10256410256410E-0001 -1.36336996336996E+0000
 775  2.12893772893773E-0001 -1.39963369963370E+0000
 776 -9.89743589743590E-0002 -1.36417582417582E+0000
 777  2.28205128205128E-0001 -1.39641025641026E+0000
 778 -1.43296703296703E-0001 -1.36417582417582E+0000
 779  2.26593406593407E-0001 -1.41252747252747E+0000
 780 -1.16703296703296E-0001 -1.38432234432234E+0000
 781  2.24175824175824E-0001 -1.39318681318681E+0000
 782 -1.26373626373626E-0001 -1.35369963369963E+0000
 783  2.36263736263736E-0001 -1.36659340659341E+0000
 784  9.68498168498168E-0002 -1.38915750915751E+0000
 785  4.76923076923077E-0002 -1.37062271062271E+0000
 786  1.05714285714285E-0001 -1.39479853479853E+0000
 787  6.78388278388278E-0002 -1.36739926739927E+0000
 788  1.02490842490842E-0001 -1.39238095238095E+0000
 789  5.17216117216117E-0002 -1.38996336996337E+0000
 790  8.07326007326007E-0002 -1.40769230769231E+0000
 791  5.41391941391941E-0002 -1.39641025641026E+0000
 792  9.28205128205128E-0002 -1.37545787545788E+0000
 793  5.57509157509158E-0002 -1.35934065934066E+0000
 794  8.15384615384615E-0002 -1.37142857142857E+0000
 795  5.57509157509158E-0002 -1.35531135531136E+0000
 796  7.18681318681319E-0002 -1.37062271062271E+0000
 797  6.94505494505495E-0002 -1.35369963369963E+0000
 798  8.31501831501832E-0002 -1.38271062271062E+0000
 799 -1.05421245421245E-0001 -1.38029304029304E+0000
 800  2.62051282051282E-0001 -1.39157509157509E+0000
 801 -1.19120879120879E-0001 -1.35047619047619E+0000
 802  2.37069597069597E-0001 -1.39882783882784E+0000
 803 -9.81684981684982E-0002 -1.35692307692308E+0000
 804  2.04029304029304E-0001 -1.40688644688645E+0000
 805 -1.01391941391941E-0001 -1.37868131868132E+0000
 806  2.04029304029304E-0001 -1.39479853479853E+0000
 807 -1.19120879120879E-0001 -1.39560439560440E+0000
 808  2.65274725274725E-0001 -1.40688644688645E+0000
 809 -1.16703296703296E-0001 -1.37626373626374E+0000
 810  2.29816849816850E-0001 -1.38754578754579E+0000
 811 -6.59340659340659E-0002 -1.39238095238095E+0000
 812  2.34652014652015E-0001 -1.40849816849817E+0000
 813 -9.25274725274725E-0002 -1.39479853479853E+0000
 814  7.75091575091575E-0002 -1.38432234432234E+0000
 815  4.20512820512821E-0002 -1.39802197802198E+0000
 816  7.91208791208791E-0002 -1.39399267399267E+0000
 817  3.64102564102564E-0002 -1.37142857142857E+0000
 818  7.99267399267399E-0002 -1.37062271062271E+0000
 819  3.56043956043956E-0002 -1.38754578754579E+0000
 820  9.76556776556777E-0002 -1.38996336996337E+0000
 821  2.91575091575092E-0002 -1.40446886446886E+0000
 822  9.20146520146520E-0002 -1.39076923076923E+0000
 823  3.07692307692308E-0002 -1.35531135531136E+0000
 824  9.76556776556777E-0002 -1.40124542124542E+0000
 825  2.43223443223443E-0002 -1.36901098901099E+0000
 826  9.84615384615385E-0002 -1.39238095238095E+0000
 827  4.17582417582418E-0003 -1.38673992673993E+0000
 828 -8.60805860805861E-0002 -1.38915750915751E+0000
 829  2.55604395604396E-0001 -1.39318681318681E+0000
 830 -6.99633699633700E-0002 -1.40124542124542E+0000
 831  2.62051282051282E-0001 -1.40769230769231E+0000
 832 -1.08644688644688E-0001 -1.36578754578755E+0000
 833  2.49963369963370E-0001 -1.38432234432234E+0000
 834 -1.31208791208791E-0001 -1.38432234432234E+0000
 835  2.17728937728938E-0001 -1.39560439560440E+0000
 836 -7.47985347985348E-0002 -1.39157509157509E+0000
 837  2.63663003663004E-0001 -1.40205128205128E+0000
 838 -1.20732600732600E-0001 -1.35289377289377E+0000
 839  2.75750915750916E-0001 -1.39963369963370E+0000
 840 -9.33333333333333E-0002 -1.36095238095238E+0000
 841  1.34725274725275E-0001 -1.37545787545788E+0000
 842 -1.63443223443223E-0001 -1.37142857142857E+0000
 843  1.62124542124542E-0001 -1.39963369963370E+0000
 844  9.01098901098901E-0003 -1.38029304029304E+0000
 845  1.36336996336996E-0001 -1.37304029304029E+0000
 846  7.39926739926740E-0003 -1.39963369963370E+0000
 847  1.50842490842491E-0001 -1.39882783882784E+0000
 848  2.56410256410256E-0003 -1.38593406593407E+0000
 849  1.42783882783883E-0001 -1.39157509157509E+0000
 850 -2.27106227106227E-0003 -1.40366300366300E+0000
 851  1.50842490842491E-0001 -1.38432234432234E+0000
 852 -3.07692307692308E-0003 -1.40366300366300E+0000
 853  1.39560439560440E-0001 -1.41413919413919E+0000
 854 -1.03296703296703E-0002 -1.37465201465201E+0000
 855  1.50036630036630E-0001 -1.37142857142857E+0000
 856 -3.36996336996337E-0002 -1.39882783882784E+0000
 857  1.39560439560440E-0001 -1.37062271062271E+0000
 858  2.04029304029304E-0001 -1.38754578754579E+0000
 859 -1.44102564102564E-0001 -1.34644688644689E+0000
 860  1.66153846153846E-0001 -1.40446886446886E+0000
 861 -1.24761904761904E-0001 -1.35450549450549E+0000
 862  1.78241758241758E-0001 -1.36578754578755E+0000
 863 -1.35531135531135E-0002 -1.35531135531136E+0000
 864  1.33113553113553E-0001 -1.37304029304029E+0000
 865 -7.39926739926740E-0002 -1.37545787545788E+0000
 866  3.02344322344322E-0001 -1.39157509157509E+0000
 867 -3.45054945054945E-0002 -1.38835164835165E+0000
 868  2.53186813186813E-0001 -1.39560439560440E+0000
 869 -6.51282051282051E-0002 -1.37545787545788E+0000
 870  1.71794871794872E-0001 -1.40527472527473E+0000
 871 -3.45054945054945E-0002 -1.38754578754579E+0000
 872  1.68571428571429E-0001 -1.38673992673993E+0000
 873 -3.77289377289377E-0002 -1.40688644688645E+0000
 874  1.79047619047619E-0001 -1.41413919413919E+0000
 875 -4.25641025641026E-0002 -1.39157509157509E+0000
 876  1.77435897435897E-0001 -1.38432234432234E+0000
 877 -3.45054945054945E-0002 -1.38271062271062E+0000
 878  1.83882783882784E-0001 -1.36578754578755E+0000
 879 -4.82051282051282E-0002 -1.38754578754579E+0000
 880  1.85494505494505E-0001 -1.38835164835165E+0000
 881 -4.33699633699634E-0002 -1.40205128205128E+0000
 882  1.78241758241758E-0001 -1.40205128205128E+0000
 883 -5.62637362637363E-0002 -1.38835164835165E+0000
 884 -6.02930402930403E-0002 -1.37223443223443E+0000
 885  1.72600732600733E-0001 -1.39318681318681E+0000
 886 -1.27985347985348E-0001 -1.35369963369963E+0000
 887  1.36336996336996E-0001 -1.36175824175824E+0000
 888 -1.32820512820513E-0001 -1.36336996336996E+0000
 889  1.04102564102564E-0001 -1.38109890109890E+0000
 890  4.17582417582418E-0003 -1.37142857142857E+0000
 891  2.23369963369963E-0001 -1.39641025641026E+0000
 892  1.46520146520146E-0002 -1.37304029304029E+0000
 893  2.16923076923077E-0001 -1.40446886446886E+0000
 894 -8.28571428571429E-0002 -1.38593406593407E+0000
 895  1.98388278388278E-0001 -1.39479853479853E+0000
 896 -9.17216117216117E-0002 -1.40688644688645E+0000
 897  2.20146520146520E-0001 -1.36256410256410E+0000
 898 -1.07032967032967E-0001 -1.37062271062271E+0000
 899  2.08864468864469E-0001 -1.40688644688645E+0000
 900 -7.96336996336996E-0002 -1.38271062271062E+0000
 901  1.91135531135531E-0001 -1.37465201465201E+0000
 902 -7.72161172161172E-0002 -1.39318681318681E+0000
 903  2.30622710622711E-0001 -1.40285714285714E+0000
 904 -5.14285714285714E-0002 -1.37465201465201E+0000
 905  2.49157509157509E-0001 -1.37706959706960E+0000
 906 -8.68864468864469E-0002 -1.40769230769231E+0000
 907 -2.27106227106227E-0003 -1.39479853479853E+0000
 908  1.60512820512821E-0001 -1.41413919413919E+0000
 909 -1.59706959706960E-0002 -1.34967032967033E+0000
 910  1.47619047619048E-0001 -1.41333333333333E+0000
 911 -2.40293040293040E-0002 -1.37304029304029E+0000
 912  1.42783882783883E-0001 -1.40769230769231E+0000
 913 -1.19413919413919E-0002 -1.38835164835165E+0000
 914  1.38754578754579E-0001 -1.41333333333333E+0000
 915 -1.43589743589743E-0002 -1.36901098901099E+0000
 916  1.26666666666667E-0001 -1.38271062271062E+0000
 917  9.01098901098901E-0003 -1.37465201465201E+0000
 918  1.44395604395604E-0001 -1.39641025641026E+0000
 919  5.78754578754579E-0003 -1.39076923076923E+0000
 920  1.26666666666667E-0001 -1.41978021978022E+0000
 921  1.62637362637363E-0002 -1.40366300366300E+0000
 922  2.33040293040293E-0001 -1.40205128205128E+0000
 923 -9.01098901098901E-0002 -1.36498168498168E+0000
 924  2.33040293040293E-0001 -1.40688644688645E+0000
 925 -1.05421245421245E-0001 -1.38351648351648E+0000
 926  2.49963369963370E-0001 -1.38271062271062E+0000
 927 -9.89743589743590E-0002 -1.38351648351648E+0000
 928  2.24981684981685E-0001 -1.38190476190476E+0000
 929 -1.08644688644688E-0001 -1.38673992673993E+0000
 930  2.42710622710623E-0001 -1.39479853479853E+0000
 931 -6.02930402930403E-0002 -1.39802197802198E+0000
 932  2.00805860805861E-0001 -1.39963369963370E+0000
 933 -1.24761904761904E-0001 -1.37223443223443E+0000
 934  2.55604395604396E-0001 -1.37626373626374E+0000
 935 -9.81684981684982E-0002 -1.40446886446886E+0000
 936  4.12454212454212E-0002 -1.34967032967033E+0000
 937  1.00879120879120E-0001 -1.40688644688645E+0000
 938  4.20512820512821E-0002 -1.36578754578755E+0000
 939  1.00879120879120E-0001 -1.37948717948718E+0000
 940  3.39926739926740E-0002 -1.36901098901099E+0000
 941  8.63736263736264E-0002 -1.38432234432234E+0000
 942  2.19047619047619E-0002 -1.36981684981685E+0000
 943  1.08131868131868E-0001 -1.38754578754579E+0000
 944  4.28571428571429E-0002 -1.39076923076923E+0000
 945  7.50915750915751E-0002 -1.41010989010989E+0000
 946  4.28571428571429E-0002 -1.35853479853480E+0000
 947  1.00879120879120E-0001 -1.38996336996337E+0000
 948 -8.60805860805861E-0002 -1.39076923076923E+0000
 949  2.23369963369963E-0001 -1.39802197802198E+0000
 950 -1.11868131868131E-0001 -1.36578754578755E+0000
 951  2.01611721611722E-0001 -1.37626373626374E+0000
 952 -1.11062271062271E-0001 -1.37142857142857E+0000
 953  1.79853479853480E-0001 -1.38432234432234E+0000
 954 -1.00586080586080E-0001 -1.37948717948718E+0000
 955  2.27399267399267E-0001 -1.40366300366300E+0000
 956 -1.19120879120879E-0001 -1.37545787545788E+0000
 957  2.23369963369963E-0001 -1.36981684981685E+0000
 958 -8.20512820512821E-0002 -1.37062271062271E+0000
 959  2.29816849816850E-0001 -1.37787545787546E+0000
 960 -1.02197802197802E-0001 -1.38271062271062E+0000
 961  2.46739926739927E-0001 -1.35531135531136E+0000
 962  5.89743589743590E-0002 -1.37465201465201E+0000
 963  5.89743589743590E-0002 -1.36659340659341E+0000
 964  6.62271062271062E-0002 -1.38996336996337E+0000
 965  6.30036630036630E-0002 -1.38512820512821E+0000
 966  4.68864468864469E-0002 -1.40043956043956E+0000
 967  6.21978021978022E-0002 -1.36659340659341E+0000
 968  6.62271062271062E-0002 -1.39157509157509E+0000
 969  7.83150183150183E-0002 -1.38190476190476E+0000
 970  5.65567765567766E-0002 -1.38915750915751E+0000
 971  7.91208791208791E-0002 -1.36739926739927E+0000
 972  4.04395604395604E-0002 -1.39157509157509E+0000
 973  7.50915750915751E-0002 -1.36498168498168E+0000
 974  2.76556776556777E-0001 -1.41091575091575E+0000
 975 -1.70695970695971E-0001 -1.38190476190476E+0000
 976  1.74212454212454E-0001 -1.38190476190476E+0000
 977 -1.68278388278388E-0001 -1.37948717948718E+0000
 978  2.07252747252747E-0001 -1.39238095238095E+0000
 979 -4.09523809523810E-0002 -1.39157509157509E+0000
 980  1.87106227106227E-0001 -1.40043956043956E+0000
 981 -1.32014652014652E-0001 -1.37142857142857E+0000
 982  1.73406593406593E-0001 -1.38593406593407E+0000
 983 -7.80219780219780E-0002 -1.38109890109890E+0000
 984  1.79853479853480E-0001 -1.39802197802198E+0000
 985 -1.11868131868131E-0001 -1.36336996336996E+0000
 986  1.65347985347985E-0001 -1.36336996336996E+0000
 987 -1.30402930402930E-0001 -1.38835164835165E+0000
 988  1.25054945054945E-0001 -1.37545787545788E+0000
 989  2.35164835164835E-0002 -1.38512820512821E+0000
 990  1.21831501831501E-0001 -1.37626373626374E+0000
 991  2.27106227106227E-0002 -1.38996336996337E+0000
 992  1.20219780219780E-0001 -1.38512820512821E+0000
 993  1.38461538461538E-0002 -1.40446886446886E+0000
 994  1.25054945054945E-0001 -1.39318681318681E+0000
 995 -3.88278388278388E-0003 -1.36820512820513E+0000
 996  1.16190476190476E-0001 -1.36901098901099E+0000
 997 -1.35531135531135E-0002 -1.38754578754579E+0000
 998  1.17802197802197E-0001 -1.37948717948718E+0000
 999 -2.27106227106227E-0003 -1.42139194139194E+0000
 1000 -1.46520146520147E-0001 -1.37787545787546E+0000
 1001  1.77435897435897E-0001 -1.38593406593407E+0000
 1002 -1.03809523809523E-0001 -1.39318681318681E+0000
 1003  1.97582417582418E-0001 -1.40366300366300E+0000
 1004 -2.96703296703297E-0002 -1.36256410256410E+0000
 1005  2.20146520146520E-0001 -1.41655677655678E+0000
 1006 -1.34432234432234E-0001 -1.37787545787546E+0000
 1007  2.78168498168498E-0001 -1.39721611721612E+0000
 1008 -9.73626373626374E-0002 -1.34644688644689E+0000
 1009  1.36336996336996E-0001 -1.40205128205128E+0000
 1010 -1.26373626373626E-0001 -1.35611721611722E+0000
 1011  2.00805860805861E-0001 -1.39802197802198E+0000
 1012 -7.56043956043956E-0002 -1.39963369963370E+0000
 1013  1.57289377289377E-0001 -1.37223443223443E+0000
 1014 -6.75457875457875E-0002 -1.36659340659341E+0000
 1015  1.69377289377289E-0001 -1.38996336996337E+0000
 1016 -9.52380952380952E-0003 -1.37868131868132E+0000
 1017  3.03150183150183E-0001 -1.40043956043956E+0000
 1018 -1.02197802197802E-0001 -1.35531135531136E+0000
 1019  1.96776556776557E-0001 -1.36739926739927E+0000
 1020 -1.54578754578755E-0001 -1.36739926739927E+0000
 1021  2.37875457875458E-0001 -1.40366300366300E+0000
 1022 -9.73626373626374E-0002 -1.34564102564103E+0000
 1023  2.12087912087912E-0001 -1.39641025641026E+0000
 1024 -4.33699633699634E-0002 -1.39076923076923E+0000
 1025  2.99926739926740E-0001 -1.40446886446886E+0000
 1026 -9.09157509157509E-0002 -1.36014652014652E+0000
 1027  1.81465201465201E-0001 -1.37062271062271E+0000
 1028 -1.11062271062271E-0001 -1.36336996336996E+0000
 1029  1.85494505494505E-0001 -1.37626373626374E+0000
 1030 -7.64102564102564E-0002 -1.39238095238095E+0000
 1031  1.73406593406593E-0001 -1.38512820512821E+0000
 1032 -6.99633699633700E-0002 -1.36256410256410E+0000
 1033  2.22564102564103E-0001 -1.38673992673993E+0000
 1034 -4.90109890109890E-0002 -1.36336996336996E+0000
 1035  2.01611721611722E-0001 -1.39157509157509E+0000
 1036 -6.10989010989011E-0002 -1.36256410256410E+0000
 1037  2.24981684981685E-0001 -1.38835164835165E+0000
 1038 -7.39926739926740E-0002 -1.40285714285714E+0000
 1039  2.26593406593407E-0001 -1.39963369963370E+0000
 1040 -7.23809523809524E-0002 -1.37948717948718E+0000
 1041  2.25787545787546E-0001 -1.38109890109890E+0000
 1042 -7.96336996336996E-0002 -1.41172161172161E+0000
 1043  2.26593406593407E-0001 -1.37304029304029E+0000
 1044 -7.96336996336996E-0002 -1.39560439560440E+0000
 1045  2.33846153846154E-0001 -1.37304029304029E+0000
 1046 -8.36630036630037E-0002 -1.39963369963370E+0000
 1047  2.10476190476190E-0001 -1.39479853479853E+0000
 1048 -9.57509157509158E-0002 -1.37304029304029E+0000
 1049  2.00805860805861E-0001 -1.35934065934066E+0000
 1050 -8.36630036630037E-0002 -1.38190476190476E+0000
 1051  2.24175824175824E-0001 -1.37223443223443E+0000
 1052 -9.65567765567766E-0002 -1.39318681318681E+0000
 1053  2.50769230769231E-0001 -1.39157509157509E+0000
 1054 -1.20732600732600E-0001 -1.36820512820513E+0000
 1055  2.71721611721612E-0001 -1.36498168498168E+0000
 1056 -1.05421245421245E-0001 -1.37304029304029E+0000
 1057  2.16923076923077E-0001 -1.37384615384615E+0000
 1058 -7.56043956043956E-0002 -1.39399267399267E+0000
 1059  2.18534798534799E-0001 -1.39963369963370E+0000
 1060 -1.07838827838827E-0001 -1.37465201465201E+0000
 1061  1.75018315018315E-0001 -1.37868131868132E+0000
 1062 -7.96336996336996E-0002 -1.39076923076923E+0000
 1063  2.73333333333333E-0001 -1.36175824175824E+0000
 1064  1.59706959706960E-0001 -1.39238095238095E+0000
 1065 -1.38461538461538E-0001 -1.39560439560440E+0000
 1066 -6.59340659340659E-0004 -1.38190476190476E+0000
 1067  1.40366300366300E-0001 -1.39802197802198E+0000
 1068  1.75824175824176E-0003 -1.39157509157509E+0000
 1069  1.35531135531136E-0001 -1.41091575091575E+0000
 1070  1.46520146520147E-0004 -1.36578754578755E+0000
 1071  1.36336996336996E-0001 -1.38593406593407E+0000
 1072  2.56410256410256E-0003 -1.38593406593407E+0000
 1073  1.37948717948718E-0001 -1.40366300366300E+0000
 1074  5.78754578754579E-0003 -1.36498168498168E+0000
 1075  1.29084249084249E-0001 -1.38351648351648E+0000
 1076  9.52380952380952E-0004 -1.36981684981685E+0000
 1077  1.08937728937728E-0001 -1.38754578754579E+0000
 1078  1.86813186813187E-0002 -1.38190476190476E+0000
 1079  1.22637362637362E-0001 -1.39479853479853E+0000
 1080  2.75457875457875E-0002 -1.38351648351648E+0000
 1081  9.76556776556777E-0002 -1.40608058608059E+0000
 1082  1.06227106227106E-0002 -1.35531135531136E+0000
 1083  1.14578754578754E-0001 -1.38029304029304E+0000
 1084  3.64102564102564E-0002 -1.37626373626374E+0000
 1085  1.00073260073260E-0001 -1.39238095238095E+0000
 1086  3.72161172161172E-0002 -1.38996336996337E+0000
 1087  1.14578754578754E-0001 -1.40527472527473E+0000
 1088  3.64102564102564E-0002 -1.35772893772894E+0000
 1089  8.79853479853480E-0002 -1.36901098901099E+0000
 1090  4.20512820512821E-0002 -1.38190476190476E+0000
 1091  8.07326007326007E-0002 -1.40608058608059E+0000
 1092  3.47985347985348E-0002 -1.36336996336996E+0000
 1093  9.76556776556777E-0002 -1.38593406593407E+0000
 1094  3.64102564102564E-0002 -1.36014652014652E+0000
 1095  2.53186813186813E-0001 -1.40205128205128E+0000
 1096 -1.25567765567766E-0001 -1.36578754578755E+0000
 1097  2.65274725274725E-0001 -1.41333333333333E+0000
 1098 -2.08058608058608E-0002 -1.39318681318681E+0000
 1099  1.83076923076923E-0001 -1.40366300366300E+0000
 1100 -4.57875457875458E-0002 -1.37545787545788E+0000
 1101  1.75018315018315E-0001 -1.37868131868132E+0000
 1102 -1.48131868131868E-0001 -1.38271062271062E+0000
 1103  2.81391941391941E-0001 -1.37706959706960E+0000
 1104 -4.49816849816850E-0002 -1.38029304029304E+0000
 1105  2.27399267399267E-0001 -1.38754578754579E+0000
 1106 -1.24761904761904E-0001 -1.35934065934066E+0000
 1107  2.13699633699634E-0001 -1.40366300366300E+0000
 1108 -1.31208791208791E-0001 -1.37545787545788E+0000
 1109  1.50036630036630E-0001 -1.37223443223443E+0000
 1110 -1.62637362637363E-0001 -1.38432234432234E+0000
 1111  2.12087912087912E-0001 -1.38593406593407E+0000
 1112 -1.47326007326007E-0001 -1.35369963369963E+0000
 1113  2.99120879120879E-0001 -1.39802197802198E+0000
 1114 -1.73919413919414E-0001 -1.36417582417582E+0000
 1115  2.29010989010989E-0001 -1.40930402930403E+0000
 1116 -1.05421245421245E-0001 -1.37787545787546E+0000
 1117  2.77362637362637E-0001 -1.38835164835165E+0000
 1118 -1.32014652014652E-0001 -1.38432234432234E+0000
 1119  1.78241758241758E-0001 -1.39076923076923E+0000
 1120 -1.62637362637363E-0001 -1.35772893772894E+0000
 1121  1.88717948717949E-0001 -1.40849816849817E+0000
 1122 -7.56043956043956E-0002 -1.36014652014652E+0000
 1123  2.55604395604396E-0001 -1.41575091575092E+0000
 1124 -1.74725274725275E-0001 -1.41091575091575E+0000
 1125  8.95970695970696E-0002 -1.40608058608059E+0000
 1126  2.02930402930403E-0002 -1.39157509157509E+0000
 1127  9.92673992673993E-0002 -1.38996336996337E+0000
 1128  2.43223443223443E-0002 -1.40205128205128E+0000
 1129  1.14578754578754E-0001 -1.38512820512821E+0000
 1130  3.15750915750916E-0002 -1.40285714285714E+0000
 1131  1.20219780219780E-0001 -1.40608058608059E+0000
 1132  3.31868131868132E-0002 -1.39560439560440E+0000
 1133  1.20219780219780E-0001 -1.37465201465201E+0000
 1134  2.43223443223443E-0002 -1.40285714285714E+0000
 1135  1.26666666666667E-0001 -1.39318681318681E+0000
 1136  1.30402930402930E-0002 -1.37223443223443E+0000
 1137  1.14578754578754E-0001 -1.36578754578755E+0000
 1138  2.19047619047619E-0002 -1.38593406593407E+0000
 1139  1.29890109890110E-0001 -1.36256410256410E+0000
 1140  3.02344322344322E-0001 -1.40366300366300E+0000
 1141 -1.43296703296703E-0001 -1.36739926739927E+0000
 1142  1.72600732600733E-0001 -1.37706959706960E+0000
