 0  7.39926739926740E-0003 -1.37626373626374E+0000
 1 -9.52380952380952E-0003 -1.40608058608059E+0000
 2 -2.27106227106227E-0003 -1.39721611721612E+0000
 3 -8.71794871794872E-0003 -1.37465201465201E+0000
 4 -1.11355311355311E-0002 -1.39479853479853E+0000
 5 -2.16117216117216E-0002 -1.38271062271062E+0000
 6 -2.24175824175824E-0002 -1.36336996336996E+0000
 7 -1.75824175824176E-0002 -1.37384615384615E+0000
 8 -9.52380952380952E-0003 -1.38996336996337E+0000
 9 -9.52380952380952E-0003 -1.37868131868132E+0000
 10 -3.36996336996337E-0002 -1.41010989010989E+0000
 11 -1.11355311355311E-0002 -1.38593406593407E+0000
 12  1.14285714285714E-0002 -1.36095238095238E+0000
 13 -1.27472527472527E-0002 -1.39641025641026E+0000
 14  7.39926739926740E-0003 -1.37948717948718E+0000
 15 -1.83882783882784E-0002 -1.40849816849817E+0000
 16 -5.49450549450549E-0003 -1.37706959706960E+0000
 17 -1.19413919413919E-0002 -1.40688644688645E+0000
 18 -4.68864468864469E-0003 -1.39560439560440E+0000
 19 -1.11355311355311E-0002 -1.36901098901099E+0000
 20  1.78754578754579E-0002 -1.37706959706960E+0000
 21 -1.19413919413919E-0002 -1.40930402930403E+0000
 22 -1.51648351648351E-0002 -1.39721611721612E+0000
 23 -1.35531135531135E-0002 -1.37142857142857E+0000
 24  1.86813186813187E-0002 -1.38673992673993E+0000
 25 -1.11355311355311E-0002 -1.38754578754579E+0000
 26 -2.40293040293040E-0002 -1.37545787545788E+0000
 27 -6.30036630036630E-0003 -1.38593406593407E+0000
 28 -1.19413919413919E-0002 -1.36498168498168E+0000
 29 -1.11355311355311E-0002 -1.39479853479853E+0000
 30 -2.88644688644689E-0002 -1.37626373626374E+0000
 31 -1.35531135531135E-0002 -1.38754578754579E+0000
 32 -9.52380952380952E-0003 -1.36659340659341E+0000
 33 -1.03296703296703E-0002 -1.40124542124542E+0000
 34 -2.56410256410256E-0002 -1.38029304029304E+0000
 35 -9.52380952380952E-0003 -1.40043956043956E+0000
 36  1.75824175824176E-0003 -1.38029304029304E+0000
 37 -1.19413919413919E-0002 -1.41736263736264E+0000
 38 -2.08058608058608E-0002 -1.40769230769231E+0000
 39 -1.51648351648351E-0002 -1.38754578754579E+0000
 40  1.06227106227106E-0002 -1.36014652014652E+0000
 41 -7.91208791208791E-0003 -1.39479853479853E+0000
 42 -8.71794871794872E-0003 -1.37304029304029E+0000
 43 -1.11355311355311E-0002 -1.39157509157509E+0000
 44 -2.72527472527473E-0002 -1.37062271062271E+0000
 45 -1.35531135531135E-0002 -1.39802197802198E+0000
 46 -1.67765567765568E-0002 -1.38512820512821E+0000
 47 -8.71794871794872E-0003 -1.36014652014652E+0000
 48  1.54578754578754E-0002 -1.37545787545788E+0000
 49 -9.52380952380952E-0003 -1.40366300366300E+0000
 50  4.17582417582418E-0003 -1.38754578754579E+0000
 51 -8.71794871794872E-0003 -1.37062271062271E+0000
 52 -1.35531135531135E-0002 -1.38512820512821E+0000
 53 -1.35531135531135E-0002 -1.37706959706960E+0000
 54 -1.27472527472527E-0002 -1.39318681318681E+0000
 55 -7.91208791208791E-0003 -1.37465201465201E+0000
 56 -1.83882783882784E-0002 -1.39802197802198E+0000
 57 -1.11355311355311E-0002 -1.39238095238095E+0000
 58 -4.09523809523810E-0002 -1.38109890109890E+0000
 59 -1.27472527472527E-0002 -1.40446886446886E+0000
 60  1.38461538461538E-0002 -1.37948717948718E+0000
 61 -3.88278388278388E-0003 -1.40930402930403E+0000
 62 -2.16117216117216E-0002 -1.39802197802198E+0000
 63 -1.03296703296703E-0002 -1.37384615384615E+0000
 64  5.78754578754579E-0003 -1.39479853479853E+0000
 65 -1.35531135531135E-0002 -1.38432234432234E+0000
 66 -7.10622710622711E-0003 -1.36820512820513E+0000
 67 -9.52380952380952E-0003 -1.38754578754579E+0000
 68 -1.59706959706960E-0002 -1.36739926739927E+0000
 69 -1.03296703296703E-0002 -1.40285714285714E+0000
 70 -2.48351648351648E-0002 -1.38835164835165E+0000
 71 -8.71794871794872E-0003 -1.35531135531136E+0000
 72  3.36996336996337E-0003 -1.37465201465201E+0000
 73 -1.19413919413919E-0002 -1.41333333333333E+0000
 74 -1.27472527472527E-0002 -1.40527472527473E+0000
 75 -4.68864468864469E-0003 -1.38432234432234E+0000
 76 -2.48351648351648E-0002 -1.36175824175824E+0000
 77 -1.19413919413919E-0002 -1.39802197802198E+0000
 78 -7.10622710622711E-0003 -1.38351648351648E+0000
 79 -7.10622710622711E-0003 -1.35531135531136E+0000
 80  1.22344322344322E-0002 -1.37465201465201E+0000
 81 -1.35531135531135E-0002 -1.41413919413919E+0000
 82 -1.75824175824176E-0002 -1.39641025641026E+0000
 83 -1.11355311355311E-0002 -1.37062271062271E+0000
 84  7.39926739926740E-0003 -1.38109890109890E+0000
 85 -1.19413919413919E-0002 -1.42300366300366E+0000
 86 -3.88278388278388E-0003 -1.40849816849817E+0000
 87 -7.10622710622711E-0003 -1.38271062271062E+0000
 88 -3.88278388278388E-0003 -1.35369963369963E+0000
 89 -4.68864468864469E-0003 -1.38754578754579E+0000
 90 -1.59706959706960E-0002 -1.37465201465201E+0000
 91 -8.71794871794872E-0003 -1.39641025641026E+0000
 92 -1.43589743589743E-0002 -1.37384615384615E+0000
 93 -8.71794871794872E-0003 -1.41010989010989E+0000
 94 -3.88278388278388E-0003 -1.39479853479853E+0000
 95 -7.91208791208791E-0003 -1.36417582417582E+0000
 96 -1.83882783882784E-0002 -1.38190476190476E+0000
 97 -1.59706959706960E-0002 -1.36578754578755E+0000
 98 -4.68864468864469E-0003 -1.38915750915751E+0000
 99 -4.68864468864469E-0003 -1.36014652014652E+0000
 100 -9.52380952380952E-0003 -1.37868131868132E+0000
 101 -2.80586080586081E-0002 -1.41172161172161E+0000
 102 -1.27472527472527E-0002 -1.39963369963370E+0000
 103 -2.27106227106227E-0003 -1.37787545787546E+0000
 104 -1.75824175824176E-0002 -1.39963369963370E+0000
 105 -1.75824175824176E-0002 -1.39721611721612E+0000
 106 -1.83882783882784E-0002 -1.38109890109890E+0000
 107 -7.10622710622711E-0003 -1.40124542124542E+0000
 108 -2.32234432234432E-0002 -1.38593406593407E+0000
 109 -2.27106227106227E-0003 -1.37384615384615E+0000
 110 -1.51648351648351E-0002 -1.40043956043956E+0000
 111 -1.51648351648351E-0002 -1.38109890109890E+0000
 112  1.75824175824176E-0003 -1.40446886446886E+0000
 113 -8.71794871794872E-0003 -1.40043956043956E+0000
 114 -1.19413919413919E-0002 -1.38915750915751E+0000
 115 -1.03296703296703E-0002 -1.35934065934066E+0000
 116 -1.11355311355311E-0002 -1.37868131868132E+0000
 117 -5.49450549450549E-0003 -1.41333333333333E+0000
 118 -1.19413919413919E-0002 -1.40446886446886E+0000
 119 -1.19413919413919E-0002 -1.38190476190476E+0000
 120  1.06227106227106E-0002 -1.35128205128205E+0000
 121 -8.71794871794872E-0003 -1.38029304029304E+0000
 122 -7.91208791208791E-0003 -1.40446886446886E+0000
 123 -6.30036630036630E-0003 -1.38190476190476E+0000
 124 -8.71794871794872E-0003 -1.35369963369963E+0000
 125 -1.67765567765568E-0002 -1.38996336996337E+0000
 126 -1.43589743589743E-0002 -1.36820512820513E+0000
 127 -2.27106227106227E-0003 -1.38593406593407E+0000
 128 -1.46520146520146E-0003 -1.36981684981685E+0000
 129 -1.67765567765568E-0002 -1.40285714285714E+0000
 130 -1.75824175824176E-0002 -1.38109890109890E+0000
 131 -3.88278388278388E-0003 -1.40205128205128E+0000
 132 -3.88278388278388E-0003 -1.37706959706960E+0000
 133 -1.03296703296703E-0002 -1.40849816849817E+0000
 134 -7.91208791208791E-0003 -1.38512820512821E+0000
 135 -1.03296703296703E-0002 -1.36014652014652E+0000
 136 -6.59340659340659E-0004 -1.38271062271062E+0000
 137 -8.71794871794872E-0003 -1.36981684981685E+0000
 138 -6.30036630036630E-0003 -1.38593406593407E+0000
 139 -1.43589743589743E-0002 -1.36498168498168E+0000
 140 -5.49450549450549E-0003 -1.38271062271062E+0000
 141 -1.75824175824176E-0002 -1.37142857142857E+0000
 142 -1.11355311355311E-0002 -1.39238095238095E+0000
 143 -3.88278388278388E-0003 -1.36901098901099E+0000
 144 -3.88278388278388E-0003 -1.38512820512821E+0000
 145 -6.30036630036630E-0003 -1.37787545787546E+0000
 146 -6.30036630036630E-0003 -1.39882783882784E+0000
 147 -1.75824175824176E-0002 -1.38835164835165E+0000
 148 -3.07692307692308E-0003 -1.35853479853480E+0000
 149 -2.16117216117216E-0002 -1.39157509157509E+0000
 150 -1.35531135531135E-0002 -1.37142857142857E+0000
 151 -1.43589743589743E-0002 -1.38915750915751E+0000
 152 -3.07692307692308E-0003 -1.36417582417582E+0000
 153 -3.88278388278388E-0003 -1.39479853479853E+0000
 154 -1.43589743589743E-0002 -1.36901098901099E+0000
 155 -5.49450549450549E-0003 -1.37706959706960E+0000
 156 -1.46520146520146E-0003 -1.39641025641026E+0000
 157 -2.16117216117216E-0002 -1.38996336996337E+0000
 158 -1.27472527472527E-0002 -1.36498168498168E+0000
 159 -2.27106227106227E-0003 -1.37868131868132E+0000
 160 -1.11355311355311E-0002 -1.40366300366300E+0000
 161 -3.88278388278388E-0003 -1.39721611721612E+0000
 162 -1.35531135531135E-0002 -1.37706959706960E+0000
 163 -7.91208791208791E-0003 -1.38915750915751E+0000
 164 -3.88278388278388E-0003 -1.36820512820513E+0000
 165 -2.27106227106227E-0003 -1.40446886446886E+0000
 166 -4.68864468864469E-0003 -1.38190476190476E+0000
 167 -7.91208791208791E-0003 -1.35128205128205E+0000
 168 -5.49450549450549E-0003 -1.37062271062271E+0000
 169 -2.27106227106227E-0003 -1.39963369963370E+0000
 170 -1.27472527472527E-0002 -1.38512820512821E+0000
 171 -7.10622710622711E-0003 -1.36578754578755E+0000
 172 -2.27106227106227E-0003 -1.38432234432234E+0000
 173 -8.71794871794872E-0003 -1.37706959706960E+0000
 174 -1.59706959706960E-0002 -1.39560439560440E+0000
 175 -7.10622710622711E-0003 -1.36417582417582E+0000
 176 -3.88278388278388E-0003 -1.38351648351648E+0000
 177 -6.30036630036630E-0003 -1.36498168498168E+0000
 178 -1.11355311355311E-0002 -1.38835164835165E+0000
 179 -1.11355311355311E-0002 -1.35531135531136E+0000
 180 -8.71794871794872E-0003 -1.38109890109890E+0000
 181  1.75824175824176E-0003 -1.41252747252747E+0000
 182 -1.11355311355311E-0002 -1.40043956043956E+0000
 183 -4.68864468864469E-0003 -1.38029304029304E+0000
 184  1.75824175824176E-0003 -1.40608058608059E+0000
 185 -7.10622710622711E-0003 -1.40366300366300E+0000
 186 -1.27472527472527E-0002 -1.38432234432234E+0000
 187  2.56410256410256E-0003 -1.35531135531136E+0000
 188 -3.88278388278388E-0003 -1.38512820512821E+0000
 189 -6.30036630036630E-0003 -1.37626373626374E+0000
 190 -8.71794871794872E-0003 -1.39238095238095E+0000
 191 -6.30036630036630E-0003 -1.36901098901099E+0000
 192 -8.71794871794872E-0003 -1.38915750915751E+0000
 193 -1.19413919413919E-0002 -1.37626373626374E+0000
 194 -1.03296703296703E-0002 -1.39076923076923E+0000
 195 -4.68864468864469E-0003 -1.36417582417582E+0000
 196 -4.68864468864469E-0003 -1.38593406593407E+0000
 197 -2.08058608058608E-0002 -1.38190476190476E+0000
 198 -7.91208791208791E-0003 -1.34967032967033E+0000
 199 -3.07692307692308E-0003 -1.35692307692308E+0000
 200 -1.03296703296703E-0002 -1.37706959706960E+0000
 201 -7.91208791208791E-0003 -1.40849816849817E+0000
 202 -8.71794871794872E-0003 -1.38351648351648E+0000
 203 -5.49450549450549E-0003 -1.35369963369963E+0000
 204 -9.52380952380952E-0003 -1.38029304029304E+0000
 205 -4.68864468864469E-0003 -1.41736263736264E+0000
 206 -1.67765567765568E-0002 -1.39802197802198E+0000
 207 -7.10622710622711E-0003 -1.37304029304029E+0000
 208 -9.52380952380952E-0003 -1.39802197802198E+0000
 209 -3.28937728937729E-0002 -1.39560439560440E+0000
 210 -3.88278388278388E-0003 -1.36820512820513E+0000
 211 -8.71794871794872E-0003 -1.38835164835165E+0000
 212 -1.59706959706960E-0002 -1.36739926739927E+0000
 213 -5.49450549450549E-0003 -1.40446886446886E+0000
 214 -6.30036630036630E-0003 -1.38190476190476E+0000
 215 -2.27106227106227E-0003 -1.35047619047619E+0000
 216 -8.71794871794872E-0003 -1.36981684981685E+0000
 217 -8.71794871794872E-0003 -1.39802197802198E+0000
 218 -1.03296703296703E-0002 -1.37706959706960E+0000
 219 -3.88278388278388E-0003 -1.39076923076923E+0000
 220 -6.30036630036630E-0003 -1.37626373626374E+0000
 221 -4.68864468864469E-0003 -1.40446886446886E+0000
 222 -1.35531135531135E-0002 -1.38432234432234E+0000
 223 -2.27106227106227E-0003 -1.35772893772894E+0000
 224 -1.35531135531135E-0002 -1.38190476190476E+0000
 225 -4.68864468864469E-0003 -1.36659340659341E+0000
 226 -4.68864468864469E-0003 -1.38673992673993E+0000
 227 -2.27106227106227E-0003 -1.36175824175824E+0000
 228 -3.07692307692308E-0003 -1.39238095238095E+0000
 229 -2.32234432234432E-0002 -1.38996336996337E+0000
 230 -3.88278388278388E-0003 -1.36256410256410E+0000
 231 -6.30036630036630E-0003 -1.37142857142857E+0000
 232 -6.59340659340659E-0004 -1.39641025641026E+0000
 233 -1.03296703296703E-0002 -1.38673992673993E+0000
 234 -9.52380952380952E-0003 -1.36417582417582E+0000
 235 -2.27106227106227E-0003 -1.37465201465201E+0000
 236 -1.35531135531135E-0002 -1.40849816849817E+0000
 237 -8.71794871794872E-0003 -1.39802197802198E+0000
 238  1.46520146520147E-0004 -1.37465201465201E+0000
 239 -7.10622710622711E-0003 -1.39560439560440E+0000
 240 -9.52380952380952E-0003 -1.37787545787546E+0000
 241 -1.59706959706960E-0002 -1.41252747252747E+0000
 242 -7.91208791208791E-0003 -1.39318681318681E+0000
 243 -6.30036630036630E-0003 -1.37142857142857E+0000
 244 -5.49450549450549E-0003 -1.39963369963370E+0000
 245 -8.71794871794872E-0003 -1.39560439560440E+0000
 246 -1.03296703296703E-0002 -1.36739926739927E+0000
 247 -3.88278388278388E-0003 -1.38190476190476E+0000
 248 -1.35531135531135E-0002 -1.36256410256410E+0000
 249 -1.27472527472527E-0002 -1.38915750915751E+0000
 250 -1.03296703296703E-0002 -1.36095238095238E+0000
 251 -8.71794871794872E-0003 -1.37787545787546E+0000
 252 -1.59706959706960E-0002 -1.40688644688645E+0000
 253 -1.03296703296703E-0002 -1.40688644688645E+0000
 254 -3.07692307692308E-0003 -1.38673992673993E+0000
 255 -2.27106227106227E-0003 -1.36578754578755E+0000
 256 -3.88278388278388E-0003 -1.39238095238095E+0000
 257 -1.91941391941392E-0002 -1.38835164835165E+0000
 258 -7.91208791208791E-0003 -1.35611721611722E+0000
 259 -2.27106227106227E-0003 -1.36095238095238E+0000
 260 -2.16117216117216E-0002 -1.39157509157509E+0000
 261 -1.67765567765568E-0002 -1.38351648351648E+0000
 262  1.46520146520147E-0004 -1.35289377289377E+0000
 263 -2.27106227106227E-0003 -1.36901098901099E+0000
 264 -6.59340659340659E-0004 -1.38996336996337E+0000
 265 -2.32234432234432E-0002 -1.38190476190476E+0000
 266 -1.75824175824176E-0002 -1.34967032967033E+0000
 267 -8.71794871794872E-0003 -1.35692307692308E+0000
 268  1.75824175824176E-0003 -1.37626373626374E+0000
 269 -8.71794871794872E-0003 -1.40446886446886E+0000
 270 -1.35531135531135E-0002 -1.38271062271062E+0000
 271  4.98168498168498E-0003 -1.34886446886447E+0000
 272 -2.27106227106227E-0003 -1.38190476190476E+0000
 273 -1.67765567765568E-0002 -1.36739926739927E+0000
 274 -7.10622710622711E-0003 -1.38593406593407E+0000
 275  3.36996336996337E-0003 -1.36336996336996E+0000
 276 -1.83882783882784E-0002 -1.38673992673993E+0000
 277 -1.67765567765568E-0002 -1.38029304029304E+0000
 278 -1.03296703296703E-0002 -1.40043956043956E+0000
 279 -1.11355311355311E-0002 -1.38109890109890E+0000
 280 -7.10622710622711E-0003 -1.41413919413919E+0000
 281 -8.71794871794872E-0003 -1.40285714285714E+0000
 282 -5.49450549450549E-0003 -1.37465201465201E+0000
 283 -8.71794871794872E-0003 -1.39641025641026E+0000
 284 -6.30036630036630E-0003 -1.38190476190476E+0000
 285 -2.80586080586081E-0002 -1.36659340659341E+0000
 286 -1.03296703296703E-0002 -1.38109890109890E+0000
 287 -2.48351648351648E-0002 -1.40527472527473E+0000
 288 -1.11355311355311E-0002 -1.39641025641026E+0000
 289 -1.27472527472527E-0002 -1.38512820512821E+0000
 290 -1.11355311355311E-0002 -1.35853479853480E+0000
 291  8.20512820512821E-0003 -1.37304029304029E+0000
 292 -1.75824175824176E-0002 -1.40769230769231E+0000
 293 -2.24175824175824E-0002 -1.39479853479853E+0000
 294 -5.49450549450549E-0003 -1.36095238095238E+0000
 295  9.52380952380952E-0004 -1.38029304029304E+0000
 296 -2.27106227106227E-0003 -1.41333333333333E+0000
 297 -1.19413919413919E-0002 -1.41172161172161E+0000
 298 -5.49450549450549E-0003 -1.38996336996337E+0000
 299 -2.08058608058608E-0002 -1.38835164835165E+0000
 300  2.56410256410256E-0003 -1.37062271062271E+0000
 301 -5.49450549450549E-0003 -1.38109890109890E+0000
 302  9.52380952380952E-0004 -1.40608058608059E+0000
 303 -1.19413919413919E-0002 -1.39963369963370E+0000
 304  3.36996336996337E-0003 -1.39238095238095E+0000
 305 -8.71794871794872E-0003 -1.38432234432234E+0000
 306 -9.52380952380952E-0003 -1.37465201465201E+0000
 307 -2.27106227106227E-0003 -1.41091575091575E+0000
 308 -3.88278388278388E-0003 -1.38673992673993E+0000
 309  3.36996336996337E-0003 -1.36981684981685E+0000
 310 -1.35531135531135E-0002 -1.39238095238095E+0000
 311 -3.88278388278388E-0003 -1.38593406593407E+0000
 312 -1.35531135531135E-0002 -1.36175824175824E+0000
 313 -1.51648351648351E-0002 -1.38190476190476E+0000
 314 -9.52380952380952E-0003 -1.36256410256410E+0000
 315 -3.45054945054945E-0002 -1.38835164835165E+0000
 316 -9.52380952380952E-0003 -1.37062271062271E+0000
 317 -2.00000000000000E-0002 -1.39882783882784E+0000
 318 -2.27106227106227E-0003 -1.39157509157509E+0000
 319 -1.51648351648351E-0002 -1.36739926739927E+0000
 320 -7.91208791208791E-0003 -1.38673992673993E+0000
 321 -6.30036630036630E-0003 -1.41172161172161E+0000
 322 -3.88278388278388E-0003 -1.38915750915751E+0000
 323 -1.43589743589743E-0002 -1.36256410256410E+0000
 324 -6.59340659340659E-0004 -1.38432234432234E+0000
 325 -3.12820512820513E-0002 -1.37626373626374E+0000
 326 -4.68864468864469E-0003 -1.38351648351648E+0000
 327 -4.68864468864469E-0003 -1.35772893772894E+0000
 328 -1.19413919413919E-0002 -1.38432234432234E+0000
 329 -1.11355311355311E-0002 -1.37465201465201E+0000
 330 -6.30036630036630E-0003 -1.39238095238095E+0000
 331  4.17582417582418E-0003 -1.37304029304029E+0000
 332 -9.52380952380952E-0003 -1.40608058608059E+0000
 333 -8.71794871794872E-0003 -1.39882783882784E+0000
 334 -9.52380952380952E-0003 -1.37545787545788E+0000
 335  9.81684981684982E-0003 -1.38593406593407E+0000
 336 -7.10622710622711E-0003 -1.37787545787546E+0000
 337  6.59340659340659E-0003 -1.40769230769231E+0000
 338 -1.11355311355311E-0002 -1.37787545787546E+0000
 339  6.59340659340659E-0003 -1.39479853479853E+0000
 340 -1.03296703296703E-0002 -1.36336996336996E+0000
 341 -8.71794871794872E-0003 -1.37142857142857E+0000
 342 -9.52380952380952E-0003 -1.39802197802198E+0000
 343 -6.30036630036630E-0003 -1.38271062271062E+0000
 344 -2.08058608058608E-0002 -1.37706959706960E+0000
 345  3.36996336996337E-0003 -1.39318681318681E+0000
 346 -1.19413919413919E-0002 -1.38754578754579E+0000
 347 -2.27106227106227E-0003 -1.39641025641026E+0000
 348 -1.83882783882784E-0002 -1.37545787545788E+0000
 349 -9.52380952380952E-0003 -1.39721611721612E+0000
 350 -2.27106227106227E-0003 -1.38512820512821E+0000
 351 -6.30036630036630E-0003 -1.35934065934066E+0000
 352  1.14285714285714E-0002 -1.37626373626374E+0000
 353 -1.35531135531135E-0002 -1.40446886446886E+0000
 354 -2.16117216117216E-0002 -1.39641025641026E+0000
 355 -4.68864468864469E-0003 -1.36336996336996E+0000
 356 -7.91208791208791E-0003 -1.37868131868132E+0000
 357 -7.10622710622711E-0003 -1.40930402930403E+0000
 358 -3.12820512820513E-0002 -1.39882783882784E+0000
 359 -2.27106227106227E-0003 -1.37304029304029E+0000
 360 -1.19413919413919E-0002 -1.39802197802198E+0000
 361 -4.68864468864469E-0003 -1.38271062271062E+0000
 362 -3.12820512820513E-0002 -1.37545787545788E+0000
 363  4.98168498168498E-0003 -1.38915750915751E+0000
 364 -1.03296703296703E-0002 -1.37465201465201E+0000
 365  5.78754578754579E-0003 -1.39318681318681E+0000
 366 -2.27106227106227E-0003 -1.37223443223443E+0000
 367 -1.03296703296703E-0002 -1.40285714285714E+0000
 368  2.56410256410256E-0003 -1.36336996336996E+0000
 369 -2.32234432234432E-0002 -1.38109890109890E+0000
 370 -1.03296703296703E-0002 -1.41413919413919E+0000
 371 -2.16117216117216E-0002 -1.37545787545788E+0000
 372 -2.27106227106227E-0003 -1.39076923076923E+0000
 373 -1.03296703296703E-0002 -1.38029304029304E+0000
 374 -7.91208791208791E-0003 -1.41252747252747E+0000
 375 -1.46520146520146E-0003 -1.38915750915751E+0000
 376 -2.27106227106227E-0003 -1.36498168498168E+0000
 377 -6.30036630036630E-0003 -1.37304029304029E+0000
 378 -7.10622710622711E-0003 -1.39076923076923E+0000
 379 -1.83882783882784E-0002 -1.37223443223443E+0000
 380 -1.19413919413919E-0002 -1.40043956043956E+0000
 381 -1.19413919413919E-0002 -1.39318681318681E+0000
 382 -5.49450549450549E-0003 -1.37062271062271E+0000
 383 -8.71794871794872E-0003 -1.37465201465201E+0000
 384 -5.49450549450549E-0003 -1.40527472527473E+0000
 385 -1.27472527472527E-0002 -1.38190476190476E+0000
 386 -1.67765567765568E-0002 -1.35692307692308E+0000
 387 -1.11355311355311E-0002 -1.37948717948718E+0000
 388 -2.80586080586081E-0002 -1.41091575091575E+0000
 389 -8.71794871794872E-0003 -1.36256410256410E+0000
 390 -1.59706959706960E-0002 -1.38835164835165E+0000
 391 -1.59706959706960E-0002 -1.37706959706960E+0000
 392 -2.27106227106227E-0003 -1.39479853479853E+0000
 393 -8.71794871794872E-0003 -1.37868131868132E+0000
 394  9.52380952380952E-0004 -1.40688644688645E+0000
 395 -6.30036630036630E-0003 -1.38754578754579E+0000
 396 -8.71794871794872E-0003 -1.37223443223443E+0000
 397 -8.71794871794872E-0003 -1.40205128205128E+0000
 398 -3.07692307692308E-0003 -1.38512820512821E+0000
 399 -3.88278388278388E-0003 -1.35853479853480E+0000
 400 -5.49450549450549E-0003 -1.41172161172161E+0000
 401 -1.83882783882784E-0002 -1.40205128205128E+0000
 402 -2.27106227106227E-0003 -1.38915750915751E+0000
 403 -2.48351648351648E-0002 -1.37626373626374E+0000
 404 -2.80586080586081E-0002 -1.37142857142857E+0000
 405  3.39926739926740E-0002 -1.39076923076923E+0000
 406 -5.49450549450549E-0003 -1.36175824175824E+0000
 407 -5.49450549450549E-0003 -1.37868131868132E+0000
 408 -1.51648351648351E-0002 -1.40205128205128E+0000
 409 -8.71794871794872E-0003 -1.38835164835165E+0000
 410 -1.03296703296703E-0002 -1.36659340659341E+0000
 411 -5.49450549450549E-0003 -1.35692307692308E+0000
 412 -6.30036630036630E-0003 -1.38029304029304E+0000
 413 -2.27106227106227E-0003 -1.40930402930403E+0000
 414 -3.07692307692308E-0003 -1.38029304029304E+0000
 415  4.17582417582418E-0003 -1.40527472527473E+0000
 416 -3.07692307692308E-0003 -1.38190476190476E+0000
 417  9.52380952380952E-0004 -1.34402930402930E+0000
 418 -9.52380952380952E-0003 -1.39238095238095E+0000
 419 -1.67765567765568E-0002 -1.38190476190476E+0000
 420 -5.49450549450549E-0003 -1.36336996336996E+0000
 421 -4.68864468864469E-0003 -1.38754578754579E+0000
 422 -8.71794871794872E-0003 -1.39238095238095E+0000
 423 -9.52380952380952E-0003 -1.37948717948718E+0000
 424 -1.43589743589743E-0002 -1.40124542124542E+0000
 425 -1.46520146520146E-0003 -1.36739926739927E+0000
 426 -1.03296703296703E-0002 -1.37868131868132E+0000
 427 -1.19413919413919E-0002 -1.40446886446886E+0000
 428 -1.35531135531135E-0002 -1.39641025641026E+0000
 429 -5.49450549450549E-0003 -1.38190476190476E+0000
 430 -1.83882783882784E-0002 -1.37304029304029E+0000
 431 -6.30036630036630E-0003 -1.40043956043956E+0000
 432 -5.49450549450549E-0003 -1.39399267399267E+0000
 433 -1.27472527472527E-0002 -1.38190476190476E+0000
 434 -7.91208791208791E-0003 -1.37142857142857E+0000
 435 -1.91941391941392E-0002 -1.40043956043956E+0000
 436 -1.75824175824176E-0002 -1.36014652014652E+0000
 437 -8.71794871794872E-0003 -1.38432234432234E+0000
 438 -1.43589743589743E-0002 -1.37384615384615E+0000
 439 -8.71794871794872E-0003 -1.40043956043956E+0000
 440 -2.27106227106227E-0003 -1.40043956043956E+0000
 441 -1.11355311355311E-0002 -1.39479853479853E+0000
 442 -9.52380952380952E-0003 -1.37868131868132E+0000
 443 -9.52380952380952E-0003 -1.40527472527473E+0000
 444 -9.52380952380952E-0003 -1.38835164835165E+0000
 445 -1.03296703296703E-0002 -1.37787545787546E+0000
 446 -1.51648351648351E-0002 -1.41010989010989E+0000
 447 -8.71794871794872E-0003 -1.36014652014652E+0000
 448 -3.07692307692308E-0003 -1.38593406593407E+0000
 449 -3.07692307692308E-0003 -1.39721611721612E+0000
 450  9.52380952380952E-0004 -1.36981684981685E+0000
 451 -7.10622710622711E-0003 -1.37384615384615E+0000
 452 -3.12820512820513E-0002 -1.36820512820513E+0000
 453 -6.30036630036630E-0003 -1.39721611721612E+0000
 454 -3.88278388278388E-0003 -1.37868131868132E+0000
 455 -3.07692307692308E-0003 -1.38835164835165E+0000
 456 -2.27106227106227E-0003 -1.36901098901099E+0000
 457 -7.10622710622711E-0003 -1.39479853479853E+0000
 458 -7.91208791208791E-0003 -1.37706959706960E+0000
 459 -2.27106227106227E-0003 -1.39882783882784E+0000
 460 -2.00000000000000E-0002 -1.39399267399267E+0000
 461 -4.68864468864469E-0003 -1.38029304029304E+0000
 462 -7.91208791208791E-0003 -1.37948717948718E+0000
 463 -2.00000000000000E-0002 -1.41413919413919E+0000
 464 -8.71794871794872E-0003 -1.36417582417582E+0000
 465 -2.27106227106227E-0003 -1.38190476190476E+0000
 466 -1.19413919413919E-0002 -1.35047619047619E+0000
 467  9.52380952380952E-0004 -1.38512820512821E+0000
 468 -9.52380952380952E-0003 -1.39963369963370E+0000
 469 -3.88278388278388E-0003 -1.37545787545788E+0000
 470 -5.49450549450549E-0003 -1.38190476190476E+0000
 471 -1.03296703296703E-0002 -1.36578754578755E+0000
 472 -7.91208791208791E-0003 -1.39318681318681E+0000
 473 -2.32234432234432E-0002 -1.36901098901099E+0000
 474 -1.91941391941392E-0002 -1.40043956043956E+0000
 475 -3.88278388278388E-0003 -1.39399267399267E+0000
 476 -1.83882783882784E-0002 -1.39238095238095E+0000
 477 -1.35531135531135E-0002 -1.37465201465201E+0000
 478 -1.27472527472527E-0002 -1.40043956043956E+0000
 479  1.14285714285714E-0002 -1.40366300366300E+0000
 480 -1.43589743589743E-0002 -1.37223443223443E+0000
 481 -3.88278388278388E-0003 -1.38593406593407E+0000
 482 -7.10622710622711E-0003 -1.40205128205128E+0000
 483 -1.19413919413919E-0002 -1.39157509157509E+0000
 484 -3.88278388278388E-0003 -1.38029304029304E+0000
 485 -1.35531135531135E-0002 -1.41494505494505E+0000
 486 -1.03296703296703E-0002 -1.39318681318681E+0000
 487 -8.71794871794872E-0003 -1.40043956043956E+0000
 488 -1.91941391941392E-0002 -1.37868131868132E+0000
 489 -6.59340659340659E-0004 -1.39076923076923E+0000
 490 -7.10622710622711E-0003 -1.40849816849817E+0000
 491 -1.03296703296703E-0002 -1.35531135531136E+0000
 492 -1.43589743589743E-0002 -1.38754578754579E+0000
 493 -1.11355311355311E-0002 -1.36901098901099E+0000
 494 -6.30036630036630E-0003 -1.40366300366300E+0000
 495 -1.35531135531135E-0002 -1.36901098901099E+0000
 496 -1.43589743589743E-0002 -1.37545787545788E+0000
 497 -1.59706959706960E-0002 -1.39882783882784E+0000
 498 -2.00000000000000E-0002 -1.39318681318681E+0000
 499 -1.03296703296703E-0002 -1.39076923076923E+0000
 500 -1.03296703296703E-0002 -1.41252747252747E+0000
 501 -1.19413919413919E-0002 -1.39802197802198E+0000
 502 -3.88278388278388E-0003 -1.37142857142857E+0000
 503 -1.27472527472527E-0002 -1.40124542124542E+0000
 504 -8.71794871794872E-0003 -1.36659340659341E+0000
 505 -3.88278388278388E-0003 -1.41575091575092E+0000
 506 -1.83882783882784E-0002 -1.39802197802198E+0000
 507 -7.91208791208791E-0003 -1.36659340659341E+0000
 508 -1.27472527472527E-0002 -1.40043956043956E+0000
 509 -1.03296703296703E-0002 -1.39560439560440E+0000
 510 -1.27472527472527E-0002 -1.37545787545788E+0000
 511 -5.49450549450549E-0003 -1.39318681318681E+0000
 512 -5.49450549450549E-0003 -1.39157509157509E+0000
 513 -1.11355311355311E-0002 -1.38351648351648E+0000
 514 -2.00000000000000E-0002 -1.38109890109890E+0000
 515 -3.07692307692308E-0003 -1.39479853479853E+0000
 516 -1.27472527472527E-0002 -1.40124542124542E+0000
 517 -1.46520146520146E-0003 -1.36901098901099E+0000
 518 -6.30036630036630E-0003 -1.39318681318681E+0000
 519 -1.11355311355311E-0002 -1.38512820512821E+0000
 520 -9.52380952380952E-0003 -1.36739926739927E+0000
 521 -6.30036630036630E-0003 -1.39479853479853E+0000
 522 -1.27472527472527E-0002 -1.38029304029304E+0000
 523 -1.27472527472527E-0002 -1.40446886446886E+0000
 524 -8.71794871794872E-0003 -1.38512820512821E+0000
 525 -6.30036630036630E-0003 -1.39076923076923E+0000
 526  1.30402930402930E-0002 -1.39076923076923E+0000
 527  4.17582417582418E-0003 -1.39076923076923E+0000
 528 -2.40293040293040E-0002 -1.39963369963370E+0000
 529  1.75824175824176E-0003 -1.37626373626374E+0000
 530 -7.10622710622711E-0003 -1.38673992673993E+0000
 531 -5.49450549450549E-0003 -1.36901098901099E+0000
 532 -1.35531135531135E-0002 -1.40043956043956E+0000
 533 -1.83882783882784E-0002 -1.37062271062271E+0000
 534 -2.00000000000000E-0002 -1.38109890109890E+0000
 535 -1.19413919413919E-0002 -1.41816849816850E+0000
 536 -1.27472527472527E-0002 -1.41010989010989E+0000
 537 -8.71794871794872E-0003 -1.38835164835165E+0000
 538 -7.10622710622711E-0003 -1.35772893772894E+0000
 539 -1.19413919413919E-0002 -1.37223443223443E+0000
 540 -2.27106227106227E-0003 -1.35934065934066E+0000
 541 -1.67765567765568E-0002 -1.37142857142857E+0000
 542 -5.49450549450549E-0003 -1.35289377289377E+0000
 543 -1.03296703296703E-0002 -1.37706959706960E+0000
 544 -8.71794871794872E-0003 -1.38996336996337E+0000
 545 -1.19413919413919E-0002 -1.36175824175824E+0000
 546 -1.19413919413919E-0002 -1.39641025641026E+0000
 547 -1.83882783882784E-0002 -1.40285714285714E+0000
 548  1.75824175824176E-0003 -1.40205128205128E+0000
 549 -2.00000000000000E-0002 -1.36256410256410E+0000
 550 -1.46520146520146E-0003 -1.39479853479853E+0000
 551 -2.32234432234432E-0002 -1.38673992673993E+0000
 552  9.52380952380952E-0004 -1.39882783882784E+0000
 553 -2.16117216117216E-0002 -1.36175824175824E+0000
 554  8.20512820512821E-0003 -1.37948717948718E+0000
 555 -8.71794871794872E-0003 -1.40608058608059E+0000
 556 -3.88278388278388E-0003 -1.36256410256410E+0000
 557 -1.75824175824176E-0002 -1.37142857142857E+0000
 558  4.98168498168498E-0003 -1.36820512820513E+0000
 559 -1.67765567765568E-0002 -1.39076923076923E+0000
 560 -9.52380952380952E-0003 -1.38512820512821E+0000
 561 -4.68864468864469E-0003 -1.40285714285714E+0000
 562 -2.27106227106227E-0003 -1.38996336996337E+0000
 563 -1.67765567765568E-0002 -1.41172161172161E+0000
 564 -4.68864468864469E-0003 -1.37465201465201E+0000
 565 -7.91208791208791E-0003 -1.38673992673993E+0000
 566 -2.27106227106227E-0003 -1.37948717948718E+0000
 567 -2.00000000000000E-0002 -1.40930402930403E+0000
 568 -1.03296703296703E-0002 -1.36498168498168E+0000
 569 -1.03296703296703E-0002 -1.39641025641026E+0000
 570 -2.40293040293040E-0002 -1.38351648351648E+0000
 571 -1.03296703296703E-0002 -1.36820512820513E+0000
 572 -9.52380952380952E-0003 -1.39560439560440E+0000
 573 -8.71794871794872E-0003 -1.36901098901099E+0000
 574 -2.16117216117216E-0002 -1.38190476190476E+0000
 575 -1.03296703296703E-0002 -1.39076923076923E+0000
 576 -8.71794871794872E-0003 -1.36498168498168E+0000
 577 -6.59340659340659E-0004 -1.38109890109890E+0000
 578 -1.03296703296703E-0002 -1.40285714285714E+0000
 579 -6.30036630036630E-0003 -1.39560439560440E+0000
 580 -1.03296703296703E-0002 -1.38593406593407E+0000
 581 -2.27106227106227E-0003 -1.37142857142857E+0000
 582 -9.52380952380952E-0003 -1.36256410256410E+0000
 583 -1.11355311355311E-0002 -1.38754578754579E+0000
 584 -2.16117216117216E-0002 -1.37545787545788E+0000
 585 -6.30036630036630E-0003 -1.36498168498168E+0000
 586 -1.51648351648351E-0002 -1.38351648351648E+0000
 587 -1.27472527472527E-0002 -1.37465201465201E+0000
 588 -1.67765567765568E-0002 -1.40527472527473E+0000
 589 -1.11355311355311E-0002 -1.35208791208791E+0000
 590 -8.71794871794872E-0003 -1.36095238095238E+0000
 591 -7.91208791208791E-0003 -1.39318681318681E+0000
 592 -1.91941391941392E-0002 -1.36820512820513E+0000
 593 -4.68864468864469E-0003 -1.35531135531136E+0000
 594 -9.52380952380952E-0003 -1.38029304029304E+0000
 595 -1.19413919413919E-0002 -1.37304029304029E+0000
 596 -1.11355311355311E-0002 -1.39157509157509E+0000
 597 -4.68864468864469E-0003 -1.38351648351648E+0000
 598 -1.19413919413919E-0002 -1.40285714285714E+0000
 599 -8.71794871794872E-0003 -1.38835164835165E+0000
 600 -5.49450549450549E-0003 -1.39560439560440E+0000
 601 -5.49450549450549E-0003 -1.38593406593407E+0000
 602 -1.59706959706960E-0002 -1.35772893772894E+0000
 603 -4.68864468864469E-0003 -1.38190476190476E+0000
 604 -1.91941391941392E-0002 -1.39318681318681E+0000
 605 -1.03296703296703E-0002 -1.38512820512821E+0000
 606 -1.19413919413919E-0002 -1.40124542124542E+0000
 607 -8.71794871794872E-0003 -1.39479853479853E+0000
 608 -2.27106227106227E-0003 -1.40849816849817E+0000
 609 -2.27106227106227E-0003 -1.40446886446886E+0000
 610 -8.71794871794872E-0003 -1.37868131868132E+0000
 611 -2.27106227106227E-0003 -1.36901098901099E+0000
 612 -1.67765567765568E-0002 -1.37142857142857E+0000
 613 -2.27106227106227E-0003 -1.36739926739927E+0000
 614 -1.35531135531135E-0002 -1.38835164835165E+0000
 615 -8.71794871794872E-0003 -1.36820512820513E+0000
 616 -2.16117216117216E-0002 -1.40527472527473E+0000
 617 -1.03296703296703E-0002 -1.36498168498168E+0000
 618 -5.49450549450549E-0003 -1.38351648351648E+0000
 619 -1.19413919413919E-0002 -1.37062271062271E+0000
 620 -5.49450549450549E-0003 -1.37787545787546E+0000
 621 -1.43589743589743E-0002 -1.36659340659341E+0000
 622 -1.67765567765568E-0002 -1.39238095238095E+0000
 623 -7.10622710622711E-0003 -1.39076923076923E+0000
 624  9.52380952380952E-0004 -1.39641025641026E+0000
 625 -8.71794871794872E-0003 -1.38432234432234E+0000
 626 -6.30036630036630E-0003 -1.39238095238095E+0000
 627 -1.35531135531135E-0002 -1.39479853479853E+0000
 628 -3.88278388278388E-0003 -1.39802197802198E+0000
 629 -9.52380952380952E-0003 -1.39479853479853E+0000
 630 -8.71794871794872E-0003 -1.40608058608059E+0000
 631 -8.71794871794872E-0003 -1.36739926739927E+0000
 632 -5.49450549450549E-0003 -1.38673992673993E+0000
 633 -4.68864468864469E-0003 -1.38512820512821E+0000
 634 -7.10622710622711E-0003 -1.40285714285714E+0000
 635 -1.51648351648351E-0002 -1.39882783882784E+0000
 636 -8.71794871794872E-0003 -1.38271062271062E+0000
 637 -1.91941391941392E-0002 -1.38996336996337E+0000
 638 -3.07692307692308E-0003 -1.38835164835165E+0000
 639 -8.71794871794872E-0003 -1.39721611721612E+0000
 640 -3.88278388278388E-0003 -1.39721611721612E+0000
 641 -1.19413919413919E-0002 -1.36981684981685E+0000
 642  2.56410256410256E-0003 -1.40366300366300E+0000
 643 -5.49450549450549E-0003 -1.38271062271062E+0000
 644 -3.07692307692308E-0003 -1.37062271062271E+0000
 645 -1.11355311355311E-0002 -1.37706959706960E+0000
 646 -8.71794871794872E-0003 -1.37142857142857E+0000
 647 -2.00000000000000E-0002 -1.38835164835165E+0000
 648 -3.88278388278388E-0003 -1.38190476190476E+0000
 649 -2.32234432234432E-0002 -1.38271062271062E+0000
 650 -4.68864468864469E-0003 -1.36820512820513E+0000
 651 -2.80586080586081E-0002 -1.38593406593407E+0000
 652 -7.10622710622711E-0003 -1.38029304029304E+0000
 653 -2.00000000000000E-0002 -1.39479853479853E+0000
 654 -3.88278388278388E-0003 -1.38190476190476E+0000
 655 -2.16117216117216E-0002 -1.37948717948718E+0000
 656  6.59340659340659E-0003 -1.38190476190476E+0000
 657 -2.00000000000000E-0002 -1.38190476190476E+0000
 658 -8.71794871794872E-0003 -1.36578754578755E+0000
 659 -1.43589743589743E-0002 -1.37787545787546E+0000
 660 -7.91208791208791E-0003 -1.39479853479853E+0000
 661 -8.71794871794872E-0003 -1.41010989010989E+0000
 662 -1.03296703296703E-0002 -1.36256410256410E+0000
 663 -7.10622710622711E-0003 -1.42058608058608E+0000
 664 -1.51648351648351E-0002 -1.36901098901099E+0000
 665 -8.71794871794872E-0003 -1.37868131868132E+0000
 666  6.59340659340659E-0003 -1.36578754578755E+0000
 667 -1.19413919413919E-0002 -1.38512820512821E+0000
 668  9.52380952380952E-0004 -1.36175824175824E+0000
 669 -1.19413919413919E-0002 -1.38351648351648E+0000
 670 -2.27106227106227E-0003 -1.37304029304029E+0000
 671 -2.27106227106227E-0003 -1.39802197802198E+0000
 672 -1.59706959706960E-0002 -1.35047619047619E+0000
 673 -3.07692307692308E-0003 -1.40205128205128E+0000
 674 -1.67765567765568E-0002 -1.38512820512821E+0000
 675 -7.91208791208791E-0003 -1.40366300366300E+0000
 676 -1.59706959706960E-0002 -1.35208791208791E+0000
 677 -8.71794871794872E-0003 -1.41172161172161E+0000
 678 -1.03296703296703E-0002 -1.37142857142857E+0000
 679 -9.52380952380952E-0003 -1.39479853479853E+0000
 680 -3.88278388278388E-0003 -1.37223443223443E+0000
 681 -1.46520146520146E-0003 -1.39479853479853E+0000
 682 -8.71794871794872E-0003 -1.37062271062271E+0000
 683 -4.68864468864469E-0003 -1.38271062271062E+0000
 684 -4.68864468864469E-0003 -1.36981684981685E+0000
 685 -1.59706959706960E-0002 -1.39882783882784E+0000
 686 -1.35531135531135E-0002 -1.36578754578755E+0000
 687 -1.35531135531135E-0002 -1.41978021978022E+0000
 688 -1.83882783882784E-0002 -1.39318681318681E+0000
 689 -6.30036630036630E-0003 -1.40205128205128E+0000
 690 -7.91208791208791E-0003 -1.36820512820513E+0000
 691 -2.27106227106227E-0003 -1.37948717948718E+0000
 692 -6.30036630036630E-0003 -1.38512820512821E+0000
 693 -2.27106227106227E-0003 -1.39076923076923E+0000
 694 -1.91941391941392E-0002 -1.34805860805861E+0000
 695 -3.88278388278388E-0003 -1.39882783882784E+0000
 696 -1.59706959706960E-0002 -1.37062271062271E+0000
 697 -5.49450549450549E-0003 -1.36578754578755E+0000
 698 -6.30036630036630E-0003 -1.37142857142857E+0000
 699 -5.49450549450549E-0003 -1.37706959706960E+0000
 700 -1.43589743589743E-0002 -1.38109890109890E+0000
 701 -1.11355311355311E-0002 -1.38673992673993E+0000
 702 -9.52380952380952E-0003 -1.36014652014652E+0000
 703 -8.71794871794872E-0003 -1.40930402930403E+0000
 704 -6.30036630036630E-0003 -1.37142857142857E+0000
 705  9.01098901098901E-0003 -1.37626373626374E+0000
 706 -2.16117216117216E-0002 -1.38271062271062E+0000
 707  9.01098901098901E-0003 -1.37465201465201E+0000
 708 -1.83882783882784E-0002 -1.38512820512821E+0000
 709 -2.27106227106227E-0003 -1.38835164835165E+0000
 710 -3.04761904761905E-0002 -1.39076923076923E+0000
 711 -1.59706959706960E-0002 -1.36901098901099E+0000
 712 -1.27472527472527E-0002 -1.38996336996337E+0000
 713 -7.91208791208791E-0003 -1.37142857142857E+0000
 714 -9.52380952380952E-0003 -1.39238095238095E+0000
 715 -7.10622710622711E-0003 -1.38432234432234E+0000
 716 -1.91941391941392E-0002 -1.41172161172161E+0000
 717 -8.71794871794872E-0003 -1.36659340659341E+0000
 718 -1.19413919413919E-0002 -1.38271062271062E+0000
 719 -1.11355311355311E-0002 -1.36981684981685E+0000
 720 -1.19413919413919E-0002 -1.38835164835165E+0000
 721 -1.43589743589743E-0002 -1.37223443223443E+0000
 722 -8.71794871794872E-0003 -1.39641025641026E+0000
 723 -1.35531135531135E-0002 -1.38754578754579E+0000
 724 -1.11355311355311E-0002 -1.36417582417582E+0000
 725 -1.03296703296703E-0002 -1.39076923076923E+0000
 726 -1.51648351648351E-0002 -1.41575091575092E+0000
 727  9.52380952380952E-0004 -1.35853479853480E+0000
 728 -1.03296703296703E-0002 -1.38271062271062E+0000
 729 -5.49450549450549E-0003 -1.35853479853480E+0000
 730 -6.30036630036630E-0003 -1.41575091575092E+0000
 731  9.52380952380952E-0004 -1.36256410256410E+0000
 732 -1.43589743589743E-0002 -1.37787545787546E+0000
 733 -1.83882783882784E-0002 -1.36901098901099E+0000
 734 -1.27472527472527E-0002 -1.38673992673993E+0000
 735 -1.46520146520146E-0003 -1.38029304029304E+0000
 736 -8.71794871794872E-0003 -1.41252747252747E+0000
 737  4.98168498168498E-0003 -1.38673992673993E+0000
 738 -8.71794871794872E-0003 -1.39157509157509E+0000
 739 -2.40293040293040E-0002 -1.35047619047619E+0000
 740  3.36996336996337E-0003 -1.38673992673993E+0000
 741 -8.71794871794872E-0003 -1.39318681318681E+0000
 742  1.06227106227106E-0002 -1.40205128205128E+0000
 743 -1.75824175824176E-0002 -1.36417582417582E+0000
 744  1.14285714285714E-0002 -1.40688644688645E+0000
 745 -7.10622710622711E-0003 -1.36739926739927E+0000
 746 -1.67765567765568E-0002 -1.38190476190476E+0000
 747 -3.12820512820513E-0002 -1.36256410256410E+0000
 748 -2.16117216117216E-0002 -1.41252747252747E+0000
 749 -1.43589743589743E-0002 -1.38512820512821E+0000
 750  3.36996336996337E-0003 -1.38673992673993E+0000
 751 -7.91208791208791E-0003 -1.39076923076923E+0000
 752  7.39926739926740E-0003 -1.39238095238095E+0000
 753 -2.24175824175824E-0002 -1.36095238095238E+0000
 754  5.78754578754579E-0003 -1.36820512820513E+0000
 755 -2.16117216117216E-0002 -1.37062271062271E+0000
 756 -2.27106227106227E-0003 -1.38593406593407E+0000
 757 -1.27472527472527E-0002 -1.40527472527473E+0000
 758 -5.49450549450549E-0003 -1.40608058608059E+0000
 759 -1.11355311355311E-0002 -1.38351648351648E+0000
 760 -4.68864468864469E-0003 -1.36417582417582E+0000
 761 -1.51648351648351E-0002 -1.38271062271062E+0000
 762 -1.46520146520146E-0003 -1.36175824175824E+0000
 763 -1.03296703296703E-0002 -1.38835164835165E+0000
 764 -1.03296703296703E-0002 -1.37062271062271E+0000
 765 -4.09523809523810E-0002 -1.37868131868132E+0000
 766 -8.71794871794872E-0003 -1.36981684981685E+0000
 767 -1.27472527472527E-0002 -1.37706959706960E+0000
 768  9.52380952380952E-0004 -1.36659340659341E+0000
 769 -1.03296703296703E-0002 -1.38512820512821E+0000
 770 -3.88278388278388E-0003 -1.37706959706960E+0000
 771 -9.52380952380952E-0003 -1.39560439560440E+0000
 772 -8.71794871794872E-0003 -1.38271062271062E+0000
 773 -6.30036630036630E-0003 -1.38754578754579E+0000
 774 -3.07692307692308E-0003 -1.38271062271062E+0000
 775 -1.43589743589743E-0002 -1.39238095238095E+0000
 776 -6.30036630036630E-0003 -1.38754578754579E+0000
 777 -1.59706959706960E-0002 -1.38432234432234E+0000
 778 -8.71794871794872E-0003 -1.38271062271062E+0000
 779 -4.68864468864469E-0003 -1.38915750915751E+0000
 780 -3.07692307692308E-0003 -1.37626373626374E+0000
 781  1.75824175824176E-0003 -1.38673992673993E+0000
 782 -7.10622710622711E-0003 -1.37465201465201E+0000
 783 -2.80586080586081E-0002 -1.39157509157509E+0000
 784 -2.16117216117216E-0002 -1.38996336996337E+0000
 785 -2.16117216117216E-0002 -1.39560439560440E+0000
 786 -1.83882783882784E-0002 -1.38512820512821E+0000
