 0  1.00505494505495E+0000 -1.43186813186813E+0000
 1 -5.55091575091575E-0001 -1.44234432234432E+0000
 2  9.00293040293040E-0001 -1.31663003663004E+0000
 3  5.09157509157509E-0002 -1.40769230769231E+0000
 4 -8.21025641025641E-0001 -1.45040293040293E+0000
 5  6.46446886446886E-0001 -1.31824175824176E+0000
 6  6.67399267399267E-0001 -1.33838827838828E+0000
 7 -7.63003663003663E-0001 -1.47377289377289E+0000
 8  8.47619047619048E-0002 -1.38835164835165E+0000
 9  9.41391941391941E-0001 -1.28761904761905E+0000
 10 -4.36630036630037E-0001 -1.42542124542125E+0000
 11 -4.34212454212454E-0001 -1.41413919413919E+0000
 12  9.26080586080586E-0001 -1.27553113553114E+0000
 13  3.47985347985348E-0002 -1.40043956043956E+0000
 14 -7.43663003663004E-0001 -1.46410256410256E+0000
 15  6.60146520146520E-0001 -1.33758241758242E+0000
 16  5.56190476190476E-0001 -1.35369963369963E+0000
 17 -7.92820512820513E-0001 -1.48747252747253E+0000
 18  1.41978021978022E-0001 -1.37223443223443E+0000
 19  9.29304029304029E-0001 -1.32871794871795E+0000
 20 -5.09157509157509E-0001 -1.46329670329670E+0000
 21 -3.71355311355311E-0001 -1.44234432234432E+0000
 22  9.59120879120879E-0001 -1.33032967032967E+0000
 23 -9.52380952380952E-0003 -1.42058608058608E+0000
 24 -7.85567765567766E-0001 -1.45684981684982E+0000
 25  7.02051282051282E-0001 -1.32468864468864E+0000
 26  4.87692307692308E-0001 -1.36336996336996E+0000
 27 -8.20219780219780E-0001 -1.48908424908425E+0000
 28  1.70989010989011E-0001 -1.35208791208791E+0000
 29  8.79340659340659E-0001 -1.31340659340659E+0000
 30 -5.86520146520147E-0001 -1.46087912087912E+0000
 31 -3.29450549450549E-0001 -1.42461538461538E+0000
 32  9.42197802197802E-0001 -1.29970695970696E+0000
 33 -1.02197802197802E-0001 -1.39882783882784E+0000
 34 -7.09816849816850E-0001 -1.44637362637363E+0000
 35  7.32673992673993E-0001 -1.30615384615385E+0000
 36  4.49816849816850E-0001 -1.33677655677656E+0000
 37 -8.26666666666667E-0001 -1.45443223443223E+0000
 38  2.60439560439560E-0001 -1.36256410256410E+0000
 39  8.63223443223443E-0001 -1.32307692307692E+0000
 40 -5.84102564102564E-0001 -1.45040293040293E+0000
 41 -2.61758241758242E-0001 -1.41978021978022E+0000
 42  9.72820512820513E-0001 -1.32146520146520E+0000
 43 -1.45714285714286E-0001 -1.42864468864469E+0000
 44 -6.94505494505495E-0001 -1.46007326007326E+0000
 45  7.84249084249084E-0001 -1.31824175824176E+0000
 46  3.71648351648352E-0001 -1.37062271062271E+0000
 47 -8.12967032967033E-0001 -1.48586080586081E+0000
 48  3.22490842490842E-0001 -1.33274725274725E+0000
 49  8.50329670329670E-0001 -1.30615384615385E+0000
 50 -6.12307692307692E-0001 -1.45040293040293E+0000
 51 -2.04542124542125E-0001 -1.40527472527473E+0000
 52  9.46227106227106E-0001 -1.28923076923077E+0000
 53 -2.05347985347985E-0001 -1.40205128205128E+0000
 54 -6.53406593406593E-0001 -1.42783882783883E+0000
 55  8.33406593406593E-0001 -1.28358974358974E+0000
 56  3.52307692307692E-0001 -1.33355311355311E+0000
 57 -8.33113553113553E-0001 -1.45201465201465E+0000
 58  3.47472527472527E-0001 -1.35772893772894E+0000
 59  7.72161172161172E-0001 -1.33677655677656E+0000
 60 -6.98534798534799E-0001 -1.46410256410256E+0000
 61 -1.45714285714286E-0001 -1.40769230769231E+0000
 62  9.72820512820513E-0001 -1.30454212454212E+0000
 63 -2.66593406593407E-0001 -1.41252747252747E+0000
 64 -6.13919413919414E-0001 -1.42058608058608E+0000
 65  8.64835164835165E-0001 -1.28197802197802E+0000
 66  2.52380952380952E-0001 -1.35611721611722E+0000
 67 -8.36336996336996E-0001 -1.45926739926740E+0000
 68  4.82051282051282E-0001 -1.32791208791209E+0000
 69  7.32673992673993E-0001 -1.33032967032967E+0000
 70 -7.54139194139194E-0001 -1.47457875457875E+0000
 71 -7.56043956043956E-0002 -1.40366300366300E+0000
 72  9.76043956043956E-0001 -1.29326007326007E+0000
 73 -3.47179487179487E-0001 -1.41736263736264E+0000
 74 -5.51062271062271E-0001 -1.42945054945055E+0000
 75  8.83369963369963E-0001 -1.29245421245421E+0000
 76  2.04029304029304E-0001 -1.34886446886447E+0000
 77 -8.26666666666667E-0001 -1.46410256410256E+0000
 78  5.26373626373626E-0001 -1.35611721611722E+0000
 79  6.80293040293040E-0001 -1.35208791208791E+0000
 80 -7.64615384615385E-0001 -1.48666666666667E+0000
 81 -2.64468864468864E-0002 -1.37626373626374E+0000
 82  9.67179487179487E-0001 -1.32146520146520E+0000
 83 -3.91501831501832E-0001 -1.44879120879121E+0000
 84 -5.09157509157509E-0001 -1.43912087912088E+0000
 85  9.05934065934066E-0001 -1.31824175824176E+0000
 86  1.75824175824176E-0001 -1.39963369963370E+0000
 87 -8.03296703296703E-0001 -1.46087912087912E+0000
 88  5.39267399267399E-0001 -1.32791208791209E+0000
 89  6.28717948717949E-0001 -1.34483516483516E+0000
 90 -7.92820512820513E-0001 -1.49069597069597E+0000
 91  5.33333333333333E-0002 -1.36820512820513E+0000
 92  9.63956043956044E-0001 -1.31179487179487E+0000
 93 -4.43882783882784E-0001 -1.44556776556777E+0000
 94 -4.63223443223443E-0001 -1.45120879120879E+0000
 95  9.41391941391941E-0001 -1.31904761904762E+0000
 96  7.02564102564103E-0002 -1.39802197802198E+0000
 97 -7.84761904761905E-0001 -1.45765567765568E+0000
 98  6.13406593406593E-0001 -1.34402930402930E+0000
 99  5.81978021978022E-0001 -1.35531135531136E+0000
 100 -8.12161172161172E-0001 -1.49069597069597E+0000
 101  1.04908424908424E-0001 -1.37465201465201E+0000
 102  9.51062271062271E-0001 -1.34161172161172E+0000
 103 -5.01098901098901E-0001 -1.47619047619048E+0000
 104 -4.02783882783883E-0001 -1.45443223443223E+0000
 105  9.51868131868132E-0001 -1.33355311355311E+0000
 106 -4.49816849816850E-0002 -1.44476190476190E+0000
 107 -7.63003663003663E-0001 -1.48827838827839E+0000
 108  7.27838827838828E-0001 -1.30857142857143E+0000
 109  5.18315018315018E-0001 -1.34644688644689E+0000
 110 -8.33919413919414E-0001 -1.48989010989011E+0000
 111  1.75018315018315E-0001 -1.35128205128205E+0000
 112  9.16410256410256E-0001 -1.30373626373626E+0000
 113 -5.71208791208791E-0001 -1.45120879120879E+0000
 114 -4.35018315018315E-0001 -1.43750915750916E+0000
 115  9.67179487179487E-0001 -1.30454212454212E+0000
 116 -4.01465201465201E-0002 -1.39238095238095E+0000
 117 -7.24322344322344E-0001 -1.43912087912088E+0000
 118  6.68205128205128E-0001 -1.32549450549451E+0000
 119  4.74798534798535E-0001 -1.34725274725275E+0000
 120 -7.27545787545788E-0001 -1.46329670329670E+0000
 121  2.41904761904762E-0001 -1.37948717948718E+0000
 122  7.97142857142857E-0001 -1.36578754578755E+0000
 123 -6.09890109890110E-0001 -1.49875457875458E+0000
 124 -2.60146520146520E-0001 -1.41010989010989E+0000
 125  9.71208791208791E-0001 -1.29809523809524E+0000
 126 -1.16703296703296E-0001 -1.40527472527473E+0000
 127 -7.08205128205128E-0001 -1.43428571428571E+0000
 128  7.55238095238095E-0001 -1.29164835164835E+0000
 129  4.10329670329670E-0001 -1.33435897435897E+0000
 130 -8.53260073260073E-0001 -1.46813186813187E+0000
 131  3.05567765567766E-0001 -1.35369963369963E+0000
 132  8.48717948717949E-0001 -1.32630036630037E+0000
 133 -6.46959706959707E-0001 -1.47296703296703E+0000
 134 -2.41611721611722E-0001 -1.43428571428571E+0000
 135  9.90549450549451E-0001 -1.30534798534799E+0000
 136 -1.82783882783883E-0001 -1.40769230769231E+0000
 137 -6.61465201465201E-0001 -1.43347985347985E+0000
 138  8.56776556776557E-0001 -1.29648351648352E+0000
 139  3.67619047619048E-0001 -1.34725274725275E+0000
 140 -8.76630036630037E-0001 -1.46732600732601E+0000
 141  3.71648351648352E-0001 -1.35853479853480E+0000
 142  7.61684981684982E-0001 -1.35450549450549E+0000
 143 -6.84835164835165E-0001 -1.49069597069597E+0000
 144 -1.17509157509157E-0001 -1.39479853479853E+0000
 145  9.77655677655678E-0001 -1.28600732600733E+0000
 146 -3.31062271062271E-0001 -1.41010989010989E+0000
 147 -6.10695970695971E-0001 -1.40930402930403E+0000
 148  7.93919413919414E-0001 -1.26989010989011E+0000
 149  2.86227106227106E-0001 -1.37545787545788E+0000
 150 -7.53333333333333E-0001 -1.48747252747253E+0000
 151  4.27252747252747E-0001 -1.33113553113553E+0000
 152  6.92380952380952E-0001 -1.31824175824176E+0000
 153 -7.22710622710623E-0001 -1.45443223443223E+0000
 154 -9.73626373626374E-0002 -1.39238095238095E+0000
 155  9.70402930402930E-0001 -1.28117216117216E+0000
 156 -3.12527472527473E-0001 -1.39560439560440E+0000
 157 -5.94578754578755E-0001 -1.40527472527473E+0000
 158  8.47912087912088E-0001 -1.27794871794872E+0000
 159  2.29010989010989E-0001 -1.37948717948718E+0000
 160 -8.09743589743590E-0001 -1.48666666666667E+0000
 161  4.87692307692308E-0001 -1.33677655677656E+0000
 162  7.84249084249084E-0001 -1.33113553113553E+0000
 163 -7.36410256410256E-0001 -1.46087912087912E+0000
 164 -9.17216117216117E-0002 -1.39076923076923E+0000
 165  9.67985347985348E-0001 -1.29164835164835E+0000
 166 -4.22124542124542E-0001 -1.42058608058608E+0000
 167 -5.30915750915751E-0001 -1.40124542124542E+0000
 168  8.56776556776557E-0001 -1.25941391941392E+0000
 169  1.63736263736264E-0001 -1.36981684981685E+0000
 170 -8.89523809523810E-0001 -1.48183150183150E+0000
 171  5.60219780219780E-0001 -1.34241758241758E+0000
 172  6.76263736263736E-0001 -1.35531135531136E+0000
 173 -7.72673992673993E-0001 -1.50923076923077E+0000
 174 -6.02930402930403E-0002 -1.41091575091575E+0000
 175  9.77655677655678E-0001 -1.30131868131868E+0000
 176 -4.79340659340659E-0001 -1.43428571428571E+0000
 177 -4.86593406593407E-0001 -1.42542124542125E+0000
 178  8.96263736263736E-0001 -1.30534798534799E+0000
 179  1.08937728937728E-0001 -1.37062271062271E+0000
 180 -8.37948717948718E-0001 -1.46732600732601E+0000
 181  6.02124542124542E-0001 -1.34241758241758E+0000
 182  5.39267399267399E-0001 -1.37465201465201E+0000
 183 -7.78315018315018E-0001 -1.49956043956044E+0000
 184  1.33919413919414E-0001 -1.36901098901099E+0000
 185  9.32527472527473E-0001 -1.32710622710623E+0000
 186 -5.40586080586081E-0001 -1.47780219780220E+0000
 187 -4.40659340659341E-0001 -1.45523809523810E+0000
 188  9.45421245421245E-0001 -1.32630036630037E+0000
 189  3.64102564102564E-0002 -1.42542124542125E+0000
 190 -8.41978021978022E-0001 -1.49391941391941E+0000
 191  6.52087912087912E-0001 -1.31179487179487E+0000
 192  5.65054945054945E-0001 -1.32871794871795E+0000
 193 -8.04102564102564E-0001 -1.47135531135531E+0000
 194  1.90329670329670E-0001 -1.38835164835165E+0000
 195  9.21245421245421E-0001 -1.29406593406593E+0000
 196 -5.09157509157509E-0001 -1.42622710622711E+0000
 197 -3.94725274725275E-0001 -1.41494505494505E+0000
 198  9.67179487179487E-0001 -1.29487179487179E+0000
 199 -2.16117216117216E-0002 -1.37384615384615E+0000
 200 -8.25054945054945E-0001 -1.46893772893773E+0000
 201  7.03663003663004E-0001 -1.34000000000000E+0000
 202  5.70695970695971E-0001 -1.37706959706960E+0000
 203 -8.25860805860806E-0001 -1.50197802197802E+0000
 204  2.70109890109890E-0001 -1.36659340659341E+0000
 205  9.22051282051282E-0001 -1.34161172161172E+0000
 206 -6.26007326007326E-0001 -1.49633699633700E+0000
 207 -2.99633699633700E-0001 -1.41413919413919E+0000
 208  1.00989010989011E+0000 -1.28358974358974E+0000
 209 -1.43296703296703E-0001 -1.40124542124542E+0000
 210 -6.98534798534799E-0001 -1.43106227106227E+0000
 211  7.59267399267399E-0001 -1.28197802197802E+0000
 212  4.91721611721612E-0001 -1.31179487179487E+0000
 213 -7.91208791208791E-0001 -1.44073260073260E+0000
 214  2.54798534798535E-0001 -1.34080586080586E+0000
 215  8.35824175824176E-0001 -1.30212454212454E+0000
 216 -6.27619047619048E-0001 -1.44073260073260E+0000
 217 -2.95604395604396E-0001 -1.40688644688645E+0000
 218  9.88131868131868E-0001 -1.29326007326007E+0000
 219 -1.00586080586080E-0001 -1.38432234432234E+0000
 220 -6.72747252747253E-0001 -1.42058608058608E+0000
 221  8.06007326007326E-0001 -1.28278388278388E+0000
 222  3.84542124542125E-0001 -1.33355311355311E+0000
 223 -8.44395604395604E-0001 -1.44476190476190E+0000
 224  3.42637362637363E-0001 -1.34080586080586E+0000
 225  7.74578754578755E-0001 -1.33355311355311E+0000
 226 -6.46959706959707E-0001 -1.47296703296703E+0000
 227 -2.12600732600733E-0001 -1.41252747252747E+0000
 228  9.84102564102564E-0001 -1.30454212454212E+0000
 229 -2.27106227106227E-0001 -1.42219780219780E+0000
 230 -6.42124542124542E-0001 -1.44234432234432E+0000
 231  8.57582417582418E-0001 -1.29406593406593E+0000
 232  3.32967032967033E-0001 -1.35128205128205E+0000
 233 -7.79120879120879E-0001 -1.46652014652015E+0000
 234  3.84542124542125E-0001 -1.35611721611722E+0000
 235  7.64908424908425E-0001 -1.32871794871795E+0000
 236 -6.90476190476190E-0001 -1.47296703296703E+0000
 237 -1.58608058608059E-0001 -1.42380952380952E+0000
 238  9.77655677655678E-0001 -1.31743589743590E+0000
 239 -2.42417582417582E-0001 -1.41816849816850E+0000
 240 -6.26813186813187E-0001 -1.44153846153846E+0000
 241  8.16483516483516E-0001 -1.31501831501832E+0000
 242  2.55604395604396E-0001 -1.38109890109890E+0000
 243 -8.54065934065934E-0001 -1.49150183150183E+0000
 244  4.48205128205128E-0001 -1.33113553113553E+0000
 245  7.48791208791209E-0001 -1.32549450549451E+0000
 246 -7.25128205128205E-0001 -1.46410256410256E+0000
 247 -8.60805860805861E-0002 -1.38835164835165E+0000
 248  9.74432234432234E-0001 -1.28197802197802E+0000
 249 -3.27838827838828E-0001 -1.41172161172161E+0000
 250 -5.69597069597070E-0001 -1.41816849816850E+0000
 251  8.56776556776557E-0001 -1.27714285714286E+0000
 252  2.18534798534799E-0001 -1.39076923076923E+0000
 253 -8.11355311355311E-0001 -1.46490842490842E+0000
 254  5.11868131868132E-0001 -1.35047619047619E+0000
 255  6.64981684981685E-0001 -1.34322344322344E+0000
 256 -7.35604395604396E-0001 -1.47619047619048E+0000
 257  3.64102564102564E-0002 -1.41494505494505E+0000
 258  9.77655677655678E-0001 -1.31582417582418E+0000
 259 -4.17289377289377E-0001 -1.43992673992674E+0000
 260 -5.18827838827839E-0001 -1.43267399267399E+0000
 261  9.45421245421245E-0001 -1.31098901098901E+0000
 262  1.52454212454212E-0001 -1.38512820512821E+0000
 263 -7.89597069597070E-0001 -1.43509157509158E+0000
 264  5.52161172161172E-0001 -1.31501831501832E+0000
 265  6.90769230769231E-0001 -1.33032967032967E+0000
 266 -7.75897435897436E-0001 -1.46329670329670E+0000
 267  1.62637362637363E-0002 -1.38029304029304E+0000
 268  9.51868131868132E-0001 -1.33274725274725E+0000
 269 -4.30989010989011E-0001 -1.47377289377289E+0000
 270 -4.70476190476190E-0001 -1.46249084249084E+0000
 271  9.10769230769231E-0001 -1.32710622710623E+0000
 272  8.15384615384615E-0002 -1.41897435897436E+0000
 273 -8.11355311355311E-0001 -1.49069597069597E+0000
 274  6.04542124542125E-0001 -1.32630036630037E+0000
 275  6.40805860805861E-0001 -1.33032967032967E+0000
 276 -7.90402930402930E-0001 -1.46652014652015E+0000
 277  1.09743589743589E-0001 -1.38593406593407E+0000
 278  9.09157509157509E-0001 -1.30051282051282E+0000
 279 -4.88205128205128E-0001 -1.41978021978022E+0000
 280 -4.26959706959707E-0001 -1.40446886446886E+0000
 281  9.80879120879121E-0001 -1.28197802197802E+0000
 282  2.99633699633700E-0002 -1.37223443223443E+0000
 283 -7.56556776556777E-0001 -1.44879120879121E+0000
 284  6.42417582417582E-0001 -1.32710622710623E+0000
 285  5.23956043956044E-0001 -1.36336996336996E+0000
 286 -8.13772893772894E-0001 -1.48827838827839E+0000
 287  1.58095238095238E-0001 -1.34886446886447E+0000
 288  9.00293040293040E-0001 -1.31743589743590E+0000
 289 -5.81684981684982E-0001 -1.45846153846154E+0000
 290 -3.79413919413919E-0001 -1.43267399267399E+0000
 291  9.38974358974359E-0001 -1.30293040293040E+0000
 292 -3.93406593406593E-0002 -1.41010989010989E+0000
 293 -7.64615384615385E-0001 -1.46007326007326E+0000
 294  6.93992673992674E-0001 -1.32146520146520E+0000
 295  5.28791208791209E-0001 -1.34483516483516E+0000
 296 -8.25054945054945E-0001 -1.48102564102564E+0000
 297  2.33040293040293E-0001 -1.39399267399267E+0000
 298  8.74505494505495E-0001 -1.32388278388278E+0000
 299 -5.56703296703297E-0001 -1.44315018315018E+0000
 300 -3.27838827838828E-0001 -1.41978021978022E+0000
 301  9.12380952380952E-0001 -1.31582417582418E+0000
 302 -1.16703296703296E-0001 -1.41736263736264E+0000
 303 -7.01758241758242E-0001 -1.44153846153846E+0000
 304  7.55238095238095E-0001 -1.30695970695971E+0000
 305  4.47399267399267E-0001 -1.35611721611722E+0000
 306 -8.27472527472527E-0001 -1.47296703296703E+0000
 307  2.95091575091575E-0001 -1.35692307692308E+0000
 308  8.60000000000000E-0001 -1.32952380952381E+0000
 309 -6.27619047619048E-0001 -1.48344322344322E+0000
 310 -2.60952380952381E-0001 -1.44234432234432E+0000
 311  9.80879120879121E-0001 -1.31743589743590E+0000
 312 -1.87619047619048E-0001 -1.43186813186813E+0000
 313 -6.48571428571429E-0001 -1.46813186813187E+0000
 314  7.85054945054945E-0001 -1.33516483516484E+0000
 315  4.39340659340659E-0001 -1.37545787545788E+0000
 316 -8.54871794871795E-0001 -1.51567765567766E+0000
 317  3.69230769230769E-0001 -1.37465201465201E+0000
 318  8.15677655677656E-0001 -1.36095238095238E+0000
 319 -7.27545787545788E-0001 -1.50439560439560E+0000
 320 -1.91648351648352E-0001 -1.41413919413919E+0000
 321  9.71208791208791E-0001 -1.30293040293040E+0000
 322 -2.31941391941392E-0001 -1.41494505494505E+0000
 323 -7.01758241758242E-0001 -1.42461538461538E+0000
 324  8.14065934065934E-0001 -1.29245421245421E+0000
 325  3.82930402930403E-0001 -1.34402930402930E+0000
 326 -8.43589743589744E-0001 -1.45523809523810E+0000
 327  3.14432234432234E-0001 -1.34000000000000E+0000
 328  7.57655677655678E-0001 -1.33435897435897E+0000
 329 -6.59853479853480E-0001 -1.47780219780220E+0000
 330 -1.31208791208791E-0001 -1.42300366300366E+0000
 331  9.51062271062271E-0001 -1.44879120879121E+0000
 332 -6.71941391941392E-0001 -1.46893772893773E+0000
 333  8.62417582417582E-0001 -1.32871794871795E+0000
 334  3.05567765567766E-0001 -1.38673992673993E+0000
 335 -8.44395604395604E-0001 -1.47619047619048E+0000
 336  4.74798534798535E-0001 -1.36578754578755E+0000
 337  7.19780219780220E-0001 -1.36417582417582E+0000
 338 -7.13846153846154E-0001 -1.49714285714286E+0000
 339 -6.10989010989011E-0002 -1.40446886446886E+0000
 340  1.02197802197802E+0000 -1.30776556776557E+0000
 341 -3.56849816849817E-0001 -1.43186813186813E+0000
 342 -5.77655677655678E-0001 -1.31018315018315E+0000
 343  8.15384615384615E-0002 -1.40446886446886E+0000
 344 -8.14578754578755E-0001 -1.46410256410256E+0000
 345  4.74798534798535E-0001 -1.33919413919414E+0000
 346  6.78681318681319E-0001 -1.35047619047619E+0000
 347 -8.31501831501832E-0001 -1.49633699633700E+0000
 348  3.15750915750916E-0002 -1.37304029304029E+0000
 349  8.46300366300366E-0001 -1.45040293040293E+0000
 350 -4.61611721611722E-0001 -1.44959706959707E+0000
 351  9.36556776556777E-0001 -1.31743589743590E+0000
 352  1.70183150183150E-0001 -1.45282051282051E+0000
 353  5.92454212454212E-0001 -1.32388278388278E+0000
 354  6.09377289377289E-0001 -1.32630036630037E+0000
 355 -8.75018315018315E-0001 -1.38673992673993E+0000
 356  9.68791208791209E-0001 -1.30131868131868E+0000
 357 -4.82564102564103E-0001 -1.43106227106227E+0000
 358 -4.45494505494505E-0001 -1.29487179487179E+0000
 359  8.87912087912088E-0002 -1.38190476190476E+0000
 360 -7.75897435897436E-0001 -1.42380952380952E+0000
 361  5.92454212454212E-0001 -1.29164835164835E+0000
 362  5.39267399267399E-0001 -1.31421245421245E+0000
 363 -8.70183150183150E-0001 -1.45282051282051E+0000
 364  1.52454212454212E-0001 -1.34483516483516E+0000
 365  9.52673992673993E-0001 -1.29003663003663E+0000
 366 -5.31721611721612E-0001 -1.43831501831502E+0000
 367 -3.77802197802198E-0001 -1.29326007326007E+0000
 368 -4.09523809523810E-0002 -1.37948717948718E+0000
 369 -7.39633699633700E-0001 -1.47538461538462E+0000
 370  7.31062271062271E-0001 -1.34805860805861E+0000
 371  4.97362637362637E-0001 -1.38432234432234E+0000
 372 -7.59780219780220E-0001 -1.46249084249084E+0000
 373  2.00805860805861E-0001 -1.32388278388278E+0000
 374 -5.80073260073260E-0001 -1.44798534798535E+0000
 375 -3.45567765567766E-0001 -1.28761904761905E+0000
 376 -4.90109890109890E-0002 -1.38593406593407E+0000
 377 -7.10622710622711E-0001 -1.41736263736264E+0000
 378  7.16556776556777E-0001 -1.32388278388278E+0000
 379 -7.79926739926740E-0001 -1.44073260073260E+0000
 380  2.69304029304029E-0001 -1.29487179487179E+0000
 381 -6.32454212454212E-0001 -1.44717948717949E+0000
 382 -1.90036630036630E-0001 -1.27472527472527E+0000
 383 -1.95677655677656E-0001 -1.42058608058608E+0000
 384 -6.78388278388278E-0001 -1.33032967032967E+0000
 385  3.82124542124542E-0001 -1.36498168498168E+0000
 386 -7.32380952380952E-0001 -1.47457875457875E+0000
 387  3.42637362637363E-0001 -1.38512820512821E+0000
 388  8.26153846153846E-0001 -1.32952380952381E+0000
 389 -6.46959706959707E-0001 -1.46893772893773E+0000
 390 -2.91575091575092E-0001 -1.42461538461538E+0000
 391  1.00344322344322E+0000 -1.31743589743590E+0000
 392 -1.94871794871795E-0001 -1.43025641025641E+0000
 393 -6.55018315018315E-0001 -1.44879120879121E+0000
 394  7.68937728937729E-0001 -1.31743589743590E+0000
 395  3.07179487179487E-0001 -1.37545787545788E+0000
 396 -7.56556776556777E-0001 -1.32468864468864E+0000
 397  7.97142857142857E-0001 -1.30293040293040E+0000
 398 -7.45274725274725E-0001 -1.40124542124542E+0000
 399  9.51868131868132E-0001 -1.28278388278388E+0000
 400 -2.89963369963370E-0001 -1.41413919413919E+0000
 401  8.83369963369963E-0001 -1.27553113553114E+0000
 402  2.35457875457875E-0001 -1.48908424908425E+0000
 403  5.07838827838828E-0001 -1.34000000000000E+0000
 404  7.22197802197802E-0001 -1.47780219780220E+0000
 405 -4.25641025641026E-0002 -1.41413919413919E+0000
 406  9.58315018315018E-0001 -1.44556776556777E+0000
 407 -5.47032967032967E-0001 -1.45282051282051E+0000
 408  9.14798534798535E-0001 -1.39721611721612E+0000
 409 -8.01684981684982E-0001 -1.45765567765568E+0000
 410  5.35238095238095E-0001 -1.34322344322344E+0000
 411 -7.52527472527473E-0001 -1.48424908424908E+0000
 412  2.51282051282051E-0002 -1.41252747252747E+0000
 413  9.15604395604396E-0001 -1.31985347985348E+0000
 414 -4.22124542124542E-0001 -1.44717948717949E+0000
 415 -4.33406593406593E-0001 -1.31582417582418E+0000
 416  8.87912087912088E-0002 -1.39721611721612E+0000
 417 -7.95238095238095E-0001 -1.33435897435897E+0000
 418  6.22271062271062E-0001 -1.35208791208791E+0000
 419 -7.88791208791209E-0001 -1.40446886446886E+0000
 420  8.80952380952381E-0001 -1.33113553113553E+0000
 421 -4.78534798534799E-0001 -1.43509157509158E+0000
 422  9.49450549450549E-0001 -1.30373626373626E+0000
 423  3.64102564102564E-0002 -1.45846153846154E+0000
 424  5.90842490842491E-0001 -1.33838827838828E+0000
 425  5.69890109890110E-0001 -1.49069597069597E+0000
 426  1.48424908424908E-0001 -1.36498168498168E+0000
 427  9.00293040293040E-0001 -1.44798534798535E+0000
 428 -3.75384615384615E-0001 -1.43670329670330E+0000
 429  9.67985347985348E-0001 -1.30776556776557E+0000
 430 -3.28937728937729E-0002 -1.40043956043956E+0000
 431 -7.43663003663004E-0001 -1.32227106227106E+0000
 432  4.91721611721612E-0001 -1.35853479853480E+0000
 433 -7.70256410256410E-0001 -1.38915750915751E+0000
 434  8.98681318681319E-0001 -1.32307692307692E+0000
 435 -5.72014652014652E-0001 -1.46168498168498E+0000
 436 -2.93186813186813E-0001 -1.42058608058608E+0000
 437  9.76849816849817E-0001 -1.40527472527473E+0000
 438 -6.92087912087912E-0001 -1.43750915750916E+0000
 439  7.10915750915751E-0001 -1.34402930402930E+0000
 440 -8.01684981684982E-0001 -1.36417582417582E+0000
 441  8.65641025641026E-0001 -1.32630036630037E+0000
 442 -6.18754578754579E-0001 -1.43912087912088E+0000
 443  9.83296703296703E-0001 -1.32630036630037E+0000
 444 -1.60219780219780E-0001 -1.43025641025641E+0000
 445 -6.78388278388278E-0001 -1.46410256410256E+0000
 446  8.22930402930403E-0001 -1.38996336996337E+0000
 447 -8.23443223443223E-0001 -1.46168498168498E+0000
 448  3.16043956043956E-0001 -1.36014652014652E+0000
 449  7.97142857142857E-0001 -1.35450549450549E+0000
 450 -6.52600732600733E-0001 -1.39802197802198E+0000
 451  9.66373626373626E-0001 -1.28761904761905E+0000
 452 -2.51282051282051E-0001 -1.41172161172161E+0000
 453 -6.48571428571429E-0001 -1.42622710622711E+0000
 454  8.36630036630037E-0001 -1.34644688644689E+0000
 455 -8.38754578754579E-0001 -1.35289377289377E+0000
 456  7.64908424908425E-0001 -1.33677655677656E+0000
 457 -7.04175824175824E-0001 -1.43025641025641E+0000
 458  9.71208791208791E-0001 -1.42945054945055E+0000
 459 -6.15531135531136E-0001 -1.44798534798535E+0000
 460  8.68864468864469E-0001 -1.38351648351648E+0000
 461 -8.23443223443223E-0001 -1.33516483516484E+0000
 462  7.71355311355311E-0001 -1.34080586080586E+0000
 463 -7.24322344322344E-0001 -1.41091575091575E+0000
 464  9.62344322344322E-0001 -1.44073260073260E+0000
 465 -5.65567765567766E-0001 -1.43428571428571E+0000
 466  8.74505494505495E-0001 -1.35853479853480E+0000
 467 -8.72600732600733E-0001 -1.34805860805861E+0000
 468  7.09304029304029E-0001 -1.34886446886447E+0000
 469 -7.54945054945055E-0001 -1.39479853479853E+0000
 470  9.60732600732601E-0001 -1.39560439560440E+0000
 471 -5.30109890109890E-0001 -1.39157509157509E+0000
 472  9.51868131868132E-0001 -1.36820512820513E+0000
 473 -8.23443223443223E-0001 -1.35531135531136E+0000
 474  6.02930402930403E-0001 -1.38109890109890E+0000
 475 -7.74285714285714E-0001 -1.39721611721612E+0000
 476  9.44615384615385E-0001 -1.44959706959707E+0000
 477 -4.63223443223443E-0001 -1.43509157509158E+0000
 478  9.77655677655678E-0001 -1.29406593406593E+0000
 479  7.10622710622711E-0002 -1.38432234432234E+0000
 480 -8.70183150183150E-0001 -1.30776556776557E+0000
 481  5.89230769230769E-0001 -1.45362637362637E+0000
 482  1.15384615384615E-0001 -1.37142857142857E+0000
 483  9.33333333333333E-0001 -1.44395604395604E+0000
 484 -4.30989010989011E-0001 -1.31582417582418E+0000
 485  9.52380952380952E-0004 -1.41091575091575E+0000
 486 -6.47765567765568E-0001 -1.44476190476190E+0000
 487  6.55311355311355E-0001 -1.33274725274725E+0000
 488  6.26300366300366E-0001 -1.49794871794872E+0000
 489  2.55604395604396E-0001 -1.32307692307692E+0000
 490 -5.19633699633700E-0001 -1.46893772893773E+0000
 491 -3.76190476190476E-0001 -1.31824175824176E+0000
 492 -4.82051282051282E-0002 -1.48021978021978E+0000
 493  7.22197802197802E-0001 -1.36739926739927E+0000
 494 -8.27472527472527E-0001 -1.51487179487179E+0000
 495  2.49157509157509E-0001 -1.38835164835165E+0000
 496  8.85787545787546E-0001 -1.30293040293040E+0000
 497 -6.50989010989011E-0001 -1.41333333333333E+0000
 498  1.00666666666667E+0000 -1.38593406593407E+0000
 499 -6.63882783882784E-0001 -1.29728937728938E+0000
 500  4.46593406593407E-0001 -1.34564102564103E+0000
 501 -8.31501831501832E-0001 -1.36739926739927E+0000
 502  8.51135531135531E-0001 -1.49633699633700E+0000
 503 -2.71428571428571E-0001 -1.28842490842491E+0000
 504 -1.68278388278388E-0001 -1.40849816849817E+0000
 505 -6.47765567765568E-0001 -1.29245421245421E+0000
 506  4.16776556776557E-0001 -1.44798534798535E+0000
 507  2.49157509157509E-0001 -1.30857142857143E+0000
 508 -6.17948717948718E-0001 -1.44395604395604E+0000
 509 -2.19047619047619E-0001 -1.40849816849817E+0000
 510  1.01391941391941E+0000 -1.29245421245421E+0000
 511 -2.05347985347985E-0001 -1.41091575091575E+0000
 512  8.22930402930403E-0001 -1.37142857142857E+0000
 513 -8.18608058608059E-0001 -1.33113553113553E+0000
 514  7.84249084249084E-0001 -1.32146520146520E+0000
 515 -7.14652014652015E-0001 -1.46893772893773E+0000
 516 -1.46520146520147E-0001 -1.40527472527473E+0000
 517  9.71208791208791E-0001 -1.29567765567766E+0000
 518 -2.68205128205128E-0001 -1.42139194139194E+0000
 519 -6.85641025641026E-0001 -1.29487179487179E+0000
 520  2.11282051282051E-0001 -1.46813186813187E+0000
 521  3.65201465201465E-0001 -1.33274725274725E+0000
 522 -8.01684981684982E-0001 -1.41413919413919E+0000
 523  9.09963369963370E-0001 -1.31421245421245E+0000
 524 -3.10109890109890E-0001 -1.42380952380952E+0000
 525 -5.38168498168498E-0001 -1.42783882783883E+0000
 526  8.84175824175824E-0001 -1.29728937728938E+0000
 527  2.29816849816850E-0001 -1.37545787545788E+0000
 528 -8.37948717948718E-0001 -1.35772893772894E+0000
 529  7.24615384615385E-0001 -1.50439560439560E+0000
 530 -4.82051282051282E-0002 -1.27875457875458E+0000
 531 -3.72161172161172E-0001 -1.41252747252747E+0000
 532  9.14798534798535E-0001 -1.38512820512821E+0000
 533 -8.00073260073260E-0001 -1.44556776556777E+0000
 534  5.30402930402930E-0001 -1.33274725274725E+0000
 535  6.90769230769231E-0001 -1.32952380952381E+0000
 536 -7.58168498168498E-0001 -1.40446886446886E+0000
 537  1.01069597069597E+0000 -1.43912087912088E+0000
 538 -5.78461538461538E-0001 -1.31098901098901E+0000
 539  5.49450549450549E-0002 -1.43267399267399E+0000
 540  6.27912087912088E-0001 -1.32146520146520E+0000
 541 -7.63003663003663E-0001 -1.37465201465201E+0000
 542  9.00293040293040E-0001 -1.47135531135531E+0000
 543 -4.88205128205128E-0001 -1.46087912087912E+0000
 544  9.18021978021978E-0001 -1.32307692307692E+0000
 545  4.68864468864469E-0002 -1.41897435897436E+0000
 546 -7.34798534798535E-0001 -1.48102564102564E+0000
 547  6.51282051282051E-0001 -1.36014652014652E+0000
 548  5.40879120879121E-0001 -1.38593406593407E+0000
 549 -8.02490842490842E-0001 -1.48102564102564E+0000
 550  1.86300366300366E-0001 -1.39721611721612E+0000
 551  9.22857142857143E-0001 -1.32065934065934E+0000
 552 -5.03516483516484E-0001 -1.44717948717949E+0000
 553 -3.80219780219780E-0001 -1.29809523809524E+0000
 554 -2.27106227106227E-0003 -1.39076923076923E+0000
 555 -7.57362637362637E-0001 -1.42703296703297E+0000
 556  6.92380952380952E-0001 -1.28923076923077E+0000
 557  5.56996336996337E-0001 -1.32549450549451E+0000
 558 -8.04102564102564E-0001 -1.45282051282051E+0000
 559  1.94358974358974E-0001 -1.34161172161172E+0000
 560  9.00293040293040E-0001 -1.30857142857143E+0000
 561 -5.47838827838828E-0001 -1.45523809523810E+0000
 562 -3.37509157509158E-0001 -1.29084249084249E+0000
 563 -7.96336996336996E-0002 -1.39882783882784E+0000
 564 -6.91282051282051E-0001 -1.44476190476190E+0000
 565  7.34285714285714E-0001 -1.31824175824176E+0000
 566  5.09450549450549E-0001 -1.33838827838828E+0000
 567 -8.17802197802198E-0001 -1.36095238095238E+0000
 568  8.57582417582418E-0001 -1.34000000000000E+0000
 569 -6.17948717948718E-0001 -1.47216117216117E+0000
 570 -2.88351648351648E-0001 -1.43267399267399E+0000
 571  9.55091575091575E-0001 -1.32791208791209E+0000
 572 -1.38461538461538E-0001 -1.45846153846154E+0000
 573  7.66520146520147E-0001 -1.38754578754579E+0000
 574 -8.27472527472527E-0001 -1.37223443223443E+0000
 575  8.43076923076923E-0001 -1.50197802197802E+0000
 576 -2.23076923076923E-0001 -1.29970695970696E+0000
 577 -1.96483516483516E-0001 -1.44234432234432E+0000
 578  8.10842490842491E-0001 -1.30857142857143E+0000
 579  3.33772893772894E-0001 -1.35531135531136E+0000
 580 -8.30695970695971E-0001 -1.37626373626374E+0000
 581  7.97142857142857E-0001 -1.49633699633700E+0000
 582 -1.77142857142857E-0001 -1.30615384615385E+0000
 583 -2.45641025641026E-0001 -1.41978021978022E+0000
 584  8.47106227106227E-0001 -1.36256410256410E+0000
 585 -8.34725274725275E-0001 -1.34241758241758E+0000
 586  7.74578754578755E-0001 -1.49230769230769E+0000
 587 -1.08644688644688E-0001 -1.27311355311355E+0000
 588 -3.15750915750916E-0001 -1.44476190476190E+0000
 589  8.74505494505495E-0001 -1.37223443223443E+0000
 590 -8.34725274725275E-0001 -1.33597069597070E+0000
 591  7.16556776556777E-0001 -1.46410256410256E+0000
 592 -6.51282051282051E-0002 -1.30454212454212E+0000
 593 -3.50402930402930E-0001 -1.41816849816850E+0000
 594  8.93846153846154E-0001 -1.36175824175824E+0000
 595 -8.28278388278388E-0001 -1.33597069597070E+0000
 596  6.65787545787546E-0001 -1.50681318681319E+0000
 597  6.59340659340659E-0003 -1.27875457875458E+0000
 598 -3.98754578754579E-0001 -1.40043956043956E+0000
 599  9.12380952380952E-0001 -1.38029304029304E+0000
 600 -8.02490842490842E-0001 -1.32710622710623E+0000
 601  6.33553113553114E-0001 -1.46410256410256E+0000
 602  4.52747252747253E-0002 -1.30373626373626E+0000
 603 -4.48717948717949E-0001 -1.40930402930403E+0000
 604  9.23663003663004E-0001 -1.37384615384615E+0000
 605 -7.95238095238095E-0001 -1.33355311355311E+0000
 606  5.82783882783883E-0001 -1.37223443223443E+0000
 607 -8.12161172161172E-0001 -1.38351648351648E+0000
 608  9.21245421245421E-0001 -1.42542124542125E+0000
 609 -4.14871794871795E-0001 -1.27875457875458E+0000
 610  1.94871794871795E-0002 -1.45282051282051E+0000
 611  6.64981684981685E-0001 -1.34402930402930E+0000
 612 -7.98461538461538E-0001 -1.38754578754579E+0000
 613  8.51941391941392E-0001 -1.45120879120879E+0000
 614 -3.76190476190476E-0001 -1.30373626373626E+0000
 615 -1.27472527472527E-0002 -1.44637362637363E+0000
 616  7.81831501831502E-0001 -1.33597069597070E+0000
 617 -8.79853479853480E-0001 -1.37787545787546E+0000
 618  8.38241758241758E-0001 -1.47538461538462E+0000
 619 -3.75384615384615E-0001 -1.33194139194139E+0000
 620 -1.17509157509157E-0001 -1.46974358974359E+0000
 621  6.59340659340659E-0001 -1.35611721611722E+0000
 622  4.36117216117216E-0001 -1.46410256410256E+0000
 623  2.55604395604396E-0001 -1.35692307692308E+0000
 624 -6.01025641025641E-0001 -1.39560439560440E+0000
 625  9.77655677655678E-0001 -1.38029304029304E+0000
 626 -6.98534798534799E-0001 -1.30212454212454E+0000
 627  3.83736263736264E-0001 -1.48505494505495E+0000
 628  3.28937728937729E-0001 -1.30615384615385E+0000
 629 -6.50989010989011E-0001 -1.41010989010989E+0000
 630  1.00021978021978E+0000 -1.38673992673993E+0000
 631 -6.63076923076923E-0001 -1.29567765567766E+0000
 632  3.29743589743590E-0001 -1.45040293040293E+0000
 633  3.78095238095238E-0001 -1.34161172161172E+0000
 634 -6.80000000000000E-0001 -1.41816849816850E+0000
 635  9.77655677655678E-0001 -1.43750915750916E+0000
 636 -6.02637362637363E-0001 -1.31018315018315E+0000
 637  2.91062271062271E-0001 -1.38190476190476E+0000
 638 -8.36336996336996E-0001 -1.34000000000000E+0000
 639  7.81831501831502E-0001 -1.48666666666667E+0000
 640 -1.53772893772894E-0001 -1.26989010989011E+0000
 641 -3.72967032967033E-0001 -1.44395604395604E+0000
 642  8.51941391941392E-0001 -1.38351648351648E+0000
 643 -8.08131868131868E-0001 -1.33435897435897E+0000
 644  7.68131868131868E-0001 -1.47457875457875E+0000
 645  9.52380952380952E-0004 -1.31743589743590E+0000
 646 -3.67326007326007E-0001 -1.43831501831502E+0000
 647  9.43003663003663E-0001 -1.38593406593407E+0000
 648 -7.72673992673993E-0001 -1.32791208791209E+0000
 649  6.26300366300366E-0001 -1.33677655677656E+0000
 650 -7.72673992673993E-0001 -1.40043956043956E+0000
 651  9.51868131868132E-0001 -1.43831501831502E+0000
 652 -5.05128205128205E-0001 -1.31501831501832E+0000
 653  1.25054945054945E-0001 -1.44959706959707E+0000
 654  5.81172161172161E-0001 -1.34000000000000E+0000
 655 -7.91208791208791E-0001 -1.38271062271062E+0000
 656  9.26080586080586E-0001 -1.42945054945055E+0000
 657 -4.48717948717949E-0001 -1.26424908424908E+0000
 658  5.49450549450549E-0002 -1.44798534798535E+0000
 659  6.48864468864469E-0001 -1.33838827838828E+0000
 660 -8.01684981684982E-0001 -1.39157509157509E+0000
 661  9.26080586080586E-0001 -1.42461538461538E+0000
 662 -4.15677655677656E-0001 -1.28600732600733E+0000
 663  1.54578754578754E-0002 -1.36336996336996E+0000
 664 -7.50109890109890E-0001 -1.31824175824176E+0000
 665  5.29597069597070E-0001 -1.46249084249084E+0000
 666  2.16923076923077E-0001 -1.33032967032967E+0000
 667 -5.65567765567766E-0001 -1.42864468864469E+0000
 668  1.01230769230769E+0000 -1.39882783882784E+0000
 669 -7.63003663003663E-0001 -1.30615384615385E+0000
 670  4.80439560439560E-0001 -1.46893772893773E+0000
 671  2.38681318681319E-0001 -1.33597069597070E+0000
 672 -5.52673992673993E-0001 -1.44717948717949E+0000
 673  1.00183150183150E+0000 -1.42058608058608E+0000
 674 -7.26739926739927E-0001 -1.31098901098901E+0000
 675  4.36117216117216E-0001 -1.46732600732601E+0000
 676  2.83003663003663E-0001 -1.33919413919414E+0000
 677 -6.17948717948718E-0001 -1.48102564102564E+0000
 678 -2.83516483516484E-0001 -1.31904761904762E+0000
 679 -1.13479853479853E-0001 -1.46168498168498E+0000
 680  7.45567765567766E-0001 -1.37545787545788E+0000
 681 -8.17802197802198E-0001 -1.35934065934066E+0000
 682  8.42271062271062E-0001 -1.47296703296703E+0000
 683 -2.43223443223443E-0001 -1.31663003663004E+0000
 684 -2.40805860805861E-0001 -1.44879120879121E+0000
 685  8.21318681318681E-0001 -1.37787545787546E+0000
 686 -8.27472527472527E-0001 -1.33677655677656E+0000
 687  7.71355311355311E-0001 -1.46732600732601E+0000
 688 -1.22344322344322E-0001 -1.29245421245421E+0000
 689 -2.66593406593407E-0001 -1.43025641025641E+0000
 690  8.43076923076923E-0001 -1.28842490842491E+0000
 691  2.68498168498168E-0001 -1.46490842490842E+0000
 692  4.34505494505495E-0001 -1.33758241758242E+0000
 693 -6.96923076923077E-0001 -1.42300366300366E+0000
 694  9.80879120879121E-0001 -1.44073260073260E+0000
 695 -5.61538461538462E-0001 -1.32871794871795E+0000
 696  2.33846153846154E-0001 -1.46168498168498E+0000
 697  4.85274725274725E-0001 -1.36014652014652E+0000
 698 -7.37216117216117E-0001 -1.38029304029304E+0000
 699  9.83296703296703E-0001 -1.46974358974359E+0000
 700 -5.35750915750916E-0001 -1.33113553113553E+0000
 701  1.57289377289377E-0001 -1.48827838827839E+0000
 702  5.69084249084249E-0001 -1.31743589743590E+0000
 703 -7.58168498168498E-0001 -1.37787545787546E+0000
 704  9.48644688644689E-0001 -1.44879120879121E+0000
 705 -4.82564102564103E-0001 -1.44556776556777E+0000
 706  9.11575091575092E-0001 -1.41494505494505E+0000
 707 -8.10549450549451E-0001 -1.34161172161172E+0000
 708  6.68205128205128E-0001 -1.50197802197802E+0000
 709  4.04395604395604E-0002 -1.33355311355311E+0000
 710 -4.40659340659341E-0001 -1.45926739926740E+0000
 711  9.65567765567766E-0001 -1.41172161172161E+0000
 712 -7.38021978021978E-0001 -1.33758241758242E+0000
 713  5.32014652014652E-0001 -1.49311355311355E+0000
 714  1.74212454212454E-0001 -1.32468864468864E+0000
 715 -5.46227106227106E-0001 -1.43025641025641E+0000
 716  9.43003663003663E-0001 -1.40366300366300E+0000
 717 -7.58974358974359E-0001 -1.31260073260073E+0000
 718  5.43296703296703E-0001 -1.47941391941392E+0000
 719  1.98388278388278E-0001 -1.35369963369963E+0000
 720 -5.41391941391941E-0001 -1.43186813186813E+0000
 721  9.71208791208791E-0001 -1.30776556776557E+0000
 722 -9.33333333333333E-0002 -1.46249084249084E+0000
 723  7.37509157509158E-0001 -1.35772893772894E+0000
 724 -8.29084249084249E-0001 -1.35208791208791E+0000
 725  8.51941391941392E-0001 -1.46007326007326E+0000
 726 -2.77875457875458E-0001 -1.31501831501832E+0000
 727 -1.53772893772894E-0001 -1.44315018315018E+0000
 728  7.68131868131868E-0001 -1.37384615384615E+0000
 729 -8.24249084249084E-0001 -1.34000000000000E+0000
 730  8.18095238095238E-0001 -1.47216117216117E+0000
 731 -2.26300366300366E-0001 -1.29487179487179E+0000
 732 -2.23882783882784E-0001 -1.44395604395604E+0000
 733  8.14065934065934E-0001 -1.36417582417582E+0000
 734 -8.27472527472527E-0001 -1.37142857142857E+0000
 735  7.76996336996337E-0001 -1.35772893772894E+0000
 736 -6.55824175824176E-0001 -1.40366300366300E+0000
 737  9.45421245421245E-0001 -1.41010989010989E+0000
 738 -5.65567765567766E-0001 -1.29245421245421E+0000
 739  2.29816849816850E-0001 -1.45604395604396E+0000
 740  4.45787545787546E-0001 -1.34241758241758E+0000
 741 -6.84029304029304E-0001 -1.38915750915751E+0000
 742  9.26080586080586E-0001 -1.43106227106227E+0000
 743 -6.51794871794872E-0001 -1.30534798534799E+0000
 744  1.85494505494505E-0001 -1.47780219780220E+0000
 745  4.74798534798535E-0001 -1.36498168498168E+0000
 746 -6.55018315018315E-0001 -1.39882783882784E+0000
 747  1.03890109890110E+0000 -1.42945054945055E+0000
 748 -5.23663003663004E-0001 -1.30051282051282E+0000
 749  1.44395604395604E-0001 -1.38512820512821E+0000
 750 -8.08131868131868E-0001 -1.30454212454212E+0000
 751  6.58534798534799E-0001 -1.45765567765568E+0000
 752  4.68864468864469E-0002 -1.32549450549451E+0000
 753 -4.36630036630037E-0001 -1.46007326007326E+0000
 754  9.29304029304029E-0001 -1.38996336996337E+0000
 755 -7.85567765567766E-0001 -1.32227106227106E+0000
 756  6.05347985347985E-0001 -1.46329670329670E+0000
 757  7.50915750915751E-0002 -1.30776556776557E+0000
 758 -4.77728937728938E-0001 -1.40849816849817E+0000
 759  9.45421245421245E-0001 -1.38673992673993E+0000
 760 -7.63003663003663E-0001 -1.28278388278388E+0000
 761  5.48937728937729E-0001 -1.44879120879121E+0000
 762  1.60512820512821E-0001 -1.30051282051282E+0000
 763 -5.26080586080586E-0001 -1.44315018315018E+0000
 764 -4.86593406593407E-0001 -1.29487179487179E+0000
 765 -4.25641025641026E-0002 -1.43750915750916E+0000
 766  7.10915750915751E-0001 -1.33274725274725E+0000
 767 -8.95164835164835E-0001 -1.37062271062271E+0000
 768  9.13186813186813E-0001 -1.47377289377289E+0000
 769 -3.05274725274725E-0001 -1.32952380952381E+0000
 770 -4.73992673992674E-0002 -1.46893772893773E+0000
 771  7.18974358974359E-0001 -1.39076923076923E+0000
 772 -8.35531135531136E-0001 -1.37706959706960E+0000
 773  8.29377289377289E-0001 -1.50036630036630E+0000
 774 -2.54505494505495E-0001 -1.30131868131868E+0000
 775 -1.12673992673992E-0001 -1.44798534798535E+0000
 776  9.14798534798535E-0001 -1.30776556776557E+0000
 777  4.00659340659341E-0001 -1.46490842490842E+0000
 778  3.50695970695971E-0001 -1.37142857142857E+0000
 779 -6.63076923076923E-0001 -1.42461538461538E+0000
 780  9.58315018315018E-0001 -1.44959706959707E+0000
 781 -6.40512820512821E-0001 -1.32227106227106E+0000
 782  3.27326007326007E-0001 -1.47699633699634E+0000
 783  3.60366300366300E-0001 -1.35128205128205E+0000
 784 -6.50183150183150E-0001 -1.41091575091575E+0000
 785  1.01150183150183E+0000 -1.40205128205128E+0000
 786 -6.01025641025641E-0001 -1.28842490842491E+0000
 787  2.74945054945055E-0001 -1.45926739926740E+0000
 788  4.13553113553114E-0001 -1.33355311355311E+0000
 789 -7.29963369963370E-0001 -1.40688644688645E+0000
 790  9.47838827838828E-0001 -1.31663003663004E+0000
 791 -3.27838827838828E-0001 -1.43992673992674E+0000
 792  8.85787545787546E-0001 -1.37384615384615E+0000
 793 -8.08131868131868E-0001 -1.32710622710623E+0000
 794  7.11721611721612E-0001 -1.47860805860806E+0000
 795 -2.32234432234432E-0002 -1.29970695970696E+0000
 796 -3.86666666666667E-0001 -1.42864468864469E+0000
 797  9.00293040293040E-0001 -1.36739926739927E+0000
 798 -8.02490842490842E-0001 -1.34886446886447E+0000
 799  6.68205128205128E-0001 -1.49956043956044E+0000
 800  3.36996336996337E-0003 -1.33838827838828E+0000
 801 -4.30989010989011E-0001 -1.45201465201465E+0000
 802  9.26080586080586E-0001 -1.42783882783883E+0000
 803 -7.98461538461538E-0001 -1.30131868131868E+0000
 804  6.15018315018315E-0001 -1.46007326007326E+0000
 805  7.50915750915751E-0002 -1.37304029304029E+0000
 806  9.19633699633700E-0001 -1.45362637362637E+0000
 807 -4.88205128205128E-0001 -1.31421245421245E+0000
 808  6.62271062271062E-0002 -1.45604395604396E+0000
 809  6.68205128205128E-0001 -1.36175824175824E+0000
 810 -8.42783882783883E-0001 -1.36981684981685E+0000
 811  9.76043956043956E-0001 -1.45926739926740E+0000
 812 -3.89890109890110E-0001 -1.30051282051282E+0000
 813 -2.32234432234432E-0002 -1.45362637362637E+0000
 814  6.85128205128205E-0001 -1.34000000000000E+0000
 815 -8.41172161172161E-0001 -1.38271062271062E+0000
 816  9.16410256410256E-0001 -1.43267399267399E+0000
 817 -3.35897435897436E-0001 -1.41413919413919E+0000
 818  9.67985347985348E-0001 -1.37223443223443E+0000
 819 -7.30769230769231E-0001 -1.32952380952381E+0000
 820  4.82857142857143E-0001 -1.48666666666667E+0000
 821  2.29010989010989E-0001 -1.33516483516484E+0000
 822 -5.80879120879121E-0001 -1.44798534798535E+0000
 823  9.77655677655678E-0001 -1.43670329670330E+0000
 824 -7.01758241758242E-0001 -1.32710622710623E+0000
 825  4.49010989010989E-0001 -1.50681318681319E+0000
 826  2.70915750915751E-0001 -1.33355311355311E+0000
 827 -6.18754578754579E-0001 -1.45201465201465E+0000
 828  9.92967032967033E-0001 -1.33597069597070E+0000
 829 -1.69084249084249E-0001 -1.48666666666667E+0000
 830  7.97142857142857E-0001 -1.37223443223443E+0000
 831 -8.14578754578755E-0001 -1.34322344322344E+0000
 832  8.55164835164835E-0001 -1.46007326007326E+0000
 833 -2.15824175824176E-0001 -1.29406593406593E+0000
 834 -2.05347985347985E-0001 -1.44073260073260E+0000
 835  8.12454212454212E-0001 -1.35047619047619E+0000
 836 -8.40366300366300E-0001 -1.35450549450549E+0000
 837  8.26959706959707E-0001 -1.48747252747253E+0000
 838 -1.58608058608059E-0001 -1.28842490842491E+0000
 839 -2.61758241758242E-0001 -1.40930402930403E+0000
 840  8.55164835164835E-0001 -1.34000000000000E+0000
 841 -8.09743589743590E-0001 -1.43912087912088E+0000
 842  4.36117216117216E-0001 -1.33113553113553E+0000
 843 -7.25128205128205E-0001 -1.39560439560440E+0000
 844  9.67179487179487E-0001 -1.42300366300366E+0000
 845 -5.80073260073260E-0001 -1.28439560439560E+0000
 846  2.00000000000000E-0001 -1.48102564102564E+0000
 847  4.92527472527473E-0001 -1.34886446886447E+0000
 848 -7.50109890109890E-0001 -1.39963369963370E+0000
 849  9.63150183150183E-0001 -1.40930402930403E+0000
 850 -5.38168498168498E-0001 -1.28278388278388E+0000
 851  1.56483516483516E-0001 -1.45523809523810E+0000
 852  5.26373626373626E-0001 -1.36014652014652E+0000
 853 -7.43663003663004E-0001 -1.37706959706960E+0000
 854  9.42197802197802E-0001 -1.32710622710623E+0000
 855 -4.64029304029304E-0001 -1.44959706959707E+0000
 856  9.39780219780220E-0001 -1.40930402930403E+0000
 857 -8.19413919413919E-0001 -1.33355311355311E+0000
 858  7.00439560439560E-0001 -1.47780219780220E+0000
 859  6.62271062271062E-0002 -1.31340659340659E+0000
 860 -5.34139194139194E-0001 -1.43589743589744E+0000
 861  9.55091575091575E-0001 -1.39076923076923E+0000
 862 -8.25054945054945E-0001 -1.31582417582418E+0000
 863  6.03736263736264E-0001 -1.47216117216117E+0000
 864  1.11355311355311E-0001 -1.33516483516484E+0000
 865 -5.09963369963370E-0001 -1.44959706959707E+0000
 866  1.06952380952381E+0000 -1.42300366300366E+0000
 867 -6.69523809523810E-0001 -1.46974358974359E+0000
 868  6.85934065934066E-0001 -1.36659340659341E+0000
 869 -8.21831501831502E-0001 -1.39318681318681E+0000
 870  8.93846153846154E-0001 -1.44073260073260E+0000
 871 -3.47985347985348E-0001 -1.29326007326007E+0000
 872 -5.70695970695971E-0002 -1.45684981684982E+0000
 873  7.05274725274725E-0001 -1.38029304029304E+0000
 874 -8.27472527472527E-0001 -1.36820512820513E+0000
 875  8.42271062271062E-0001 -1.50358974358974E+0000
 876 -3.00439560439560E-0001 -1.30131868131868E+0000
 877 -1.40073260073260E-0001 -1.44959706959707E+0000
 878  7.51208791208791E-0001 -1.35772893772894E+0000
 879 -8.34725274725275E-0001 -1.34644688644689E+0000
 880  8.56776556776557E-0001 -1.45282051282051E+0000
 881 -2.60146520146520E-0001 -1.29406593406593E+0000
 882 -1.61025641025641E-0001 -1.40285714285714E+0000
 883 -6.26007326007326E-0001 -1.29164835164835E+0000
 884  3.23296703296703E-0001 -1.45201465201465E+0000
 885  3.58754578754579E-0001 -1.33274725274725E+0000
 886 -6.60659340659341E-0001 -1.42622710622711E+0000
 887  8.98681318681319E-0001 -1.44234432234432E+0000
 888 -7.27545787545788E-0001 -1.32710622710623E+0000
 889  2.78974358974359E-0001 -1.48102564102564E+0000
 890  4.34505494505495E-0001 -1.35208791208791E+0000
 891 -7.29963369963370E-0001 -1.41413919413919E+0000
 892  1.02117216117216E+0000 -1.41252747252747E+0000
 893 -6.39706959706960E-0001 -1.30615384615385E+0000
 894  3.30549450549451E-0001 -1.47780219780220E+0000
 895  3.32967032967033E-0001 -1.37142857142857E+0000
 896 -6.63076923076923E-0001 -1.40930402930403E+0000
 897  1.05179487179487E+0000 -1.29164835164835E+0000
 898 -3.02857142857143E-0001 -1.43106227106227E+0000
 899  8.74505494505495E-0001 -1.34805860805861E+0000
 900 -8.27472527472527E-0001 -1.35289377289377E+0000
 901  7.32673992673993E-0001 -1.49150183150183E+0000
 902 -5.62637362637363E-0002 -1.29487179487179E+0000
 903 -3.49597069597070E-0001 -1.40769230769231E+0000
 904  8.71282051282051E-0001 -1.38512820512821E+0000
 905 -7.82344322344322E-0001 -1.31098901098901E+0000
 906  7.19780219780220E-0001 -1.45443223443223E+0000
 907  4.68864468864469E-0002 -1.31582417582418E+0000
 908 -3.63296703296703E-0001 -1.45765567765568E+0000
 909  9.00293040293040E-0001 -1.40769230769231E+0000
 910 -7.96043956043956E-0001 -1.34725274725275E+0000
 911  6.30329670329670E-0001 -1.49714285714286E+0000
 912  6.21978021978022E-0002 -1.39238095238095E+0000
 913  9.51062271062271E-0001 -1.43106227106227E+0000
 914 -4.73699633699634E-0001 -1.29970695970696E+0000
 915  7.99267399267399E-0002 -1.47216117216117E+0000
 916  6.24688644688645E-0001 -1.35934065934066E+0000
 917 -7.83956043956044E-0001 -1.37223443223443E+0000
 918  9.32527472527473E-0001 -1.47296703296703E+0000
 919 -4.24542124542125E-0001 -1.31743589743590E+0000
 920  2.99633699633700E-0002 -1.46652014652015E+0000
 921  6.40000000000000E-0001 -1.35450549450549E+0000
 922 -7.93626373626374E-0001 -1.37626373626374E+0000
 923  9.13186813186813E-0001 -1.45443223443223E+0000
 924 -3.80219780219780E-0001 -1.30534798534799E+0000
 925 -2.40293040293040E-0002 -1.43831501831502E+0000
 926  7.06886446886447E-0001 -1.35934065934066E+0000
 927 -8.14578754578755E-0001 -1.48908424908425E+0000
 928  1.58901098901099E-0001 -1.31743589743590E+0000
 929 -5.40586080586081E-0001 -1.43106227106227E+0000
 930  9.71208791208791E-0001 -1.40527472527473E+0000
 931 -7.01758241758242E-0001 -1.32307692307692E+0000
 932  4.22417582417582E-0001 -1.49150183150183E+0000
 933  2.00000000000000E-0001 -1.32227106227106E+0000
 934 -5.86520146520147E-0001 -1.42461538461538E+0000
 935  9.49450549450549E-0001 -1.42703296703297E+0000
 936 -6.79194139194139E-0001 -1.31018315018315E+0000
 937  4.61904761904762E-0001 -1.49230769230769E+0000
 938  3.44249084249084E-0001 -1.31663003663004E+0000
 939 -6.28424908424908E-0001 -1.42461538461538E+0000
 940  9.86520146520147E-0001 -1.41816849816850E+0000
 941 -6.92087912087912E-0001 -1.32549450549451E+0000
 942  3.52307692307692E-0001 -1.36901098901099E+0000
 943 -8.36336996336996E-0001 -1.34483516483516E+0000
 944  7.97142857142857E-0001 -1.45362637362637E+0000
 945 -1.87619047619048E-0001 -1.29970695970696E+0000
 946 -2.37582417582418E-0001 -1.41333333333333E+0000
 947  8.45494505494505E-0001 -1.34161172161172E+0000
 948 -8.29890109890110E-0001 -1.32871794871795E+0000
 949  7.53626373626374E-0001 -1.46652014652015E+0000
 950 -1.47326007326007E-0001 -1.28761904761905E+0000
 951 -2.85128205128205E-0001 -1.42542124542125E+0000
 952  8.55970695970696E-0001 -1.34564102564103E+0000
 953 -8.24249084249084E-0001 -1.35289377289377E+0000
 954  7.38315018315018E-0001 -1.47699633699634E+0000
 955 -9.57509157509158E-0002 -1.33435897435897E+0000
 956 -3.45567765567766E-0001 -1.45282051282051E+0000
 957 -5.59926739926740E-0001 -1.31985347985348E+0000
 958  2.15311355311355E-0001 -1.46087912087912E+0000
 959  5.39267399267399E-0001 -1.33758241758242E+0000
 960 -7.24322344322344E-0001 -1.40769230769231E+0000
 961  9.67985347985348E-0001 -1.42945054945055E+0000
 962 -5.44615384615385E-0001 -1.29487179487179E+0000
 963  1.88717948717949E-0001 -1.47296703296703E+0000
 964  5.19926739926740E-0001 -1.36095238095238E+0000
 965 -7.69450549450549E-0001 -1.38996336996337E+0000
 966  9.96996336996337E-0001 -1.41655677655678E+0000
 967 -4.89010989010989E-0001 -1.27230769230769E+0000
 968  1.42783882783883E-0001 -1.44395604395604E+0000
 969  6.13406593406593E-0001 -1.30776556776557E+0000
 970  6.10183150183150E-0001 -1.48021978021978E+0000
 971  7.50915750915751E-0002 -1.29487179487179E+0000
 972 -4.73699633699634E-0001 -1.41655677655678E+0000
 973  9.41391941391941E-0001 -1.35047619047619E+0000
 974 -7.83150183150183E-0001 -1.32791208791209E+0000
 975  5.68278388278388E-0001 -1.47538461538462E+0000
 976  1.13772893772893E-0001 -1.32227106227106E+0000
 977 -5.11575091575092E-0001 -1.43831501831502E+0000
 978  9.57509157509158E-0001 -1.42461538461538E+0000
 979 -7.68644688644689E-0001 -1.32549450549451E+0000
 980  5.33626373626374E-0001 -1.49714285714286E+0000
 981  1.87912087912088E-0001 -1.31340659340659E+0000
 982 -5.60732600732601E-0001 -1.44153846153846E+0000
 983  9.65567765567766E-0001 -1.30454212454212E+0000
 984 -9.81684981684982E-0002 -1.43267399267399E+0000
 985  7.10915750915751E-0001 -1.34080586080586E+0000
 986 -7.85567765567766E-0001 -1.38109890109890E+0000
 987  8.26959706959707E-0001 -1.49391941391941E+0000
 988 -3.23809523809524E-0001 -1.30776556776557E+0000
 989 -1.22344322344322E-0001 -1.44798534798535E+0000
 990  8.42271062271062E-0001 -1.35128205128205E+0000
 991 -7.96849816849817E-0001 -1.36659340659341E+0000
 992  8.39853479853480E-0001 -1.48263736263736E+0000
 993 -2.27106227106227E-0001 -1.33677655677656E+0000
 994 -2.42417582417582E-0001 -1.47216117216117E+0000
 995  7.73772893772894E-0001 -1.38029304029304E+0000
 996 -8.58095238095238E-0001 -1.36095238095238E+0000
 997  8.67252747252747E-0001 -1.49311355311355E+0000
 998 -2.11794871794872E-0001 -1.39882783882784E+0000
 999  9.90549450549451E-0001 -1.41736263736264E+0000
 1000 -6.48571428571429E-0001 -1.28923076923077E+0000
 1001  3.04761904761905E-0001 -1.46893772893773E+0000
 1002  3.81318681318681E-0001 -1.33194139194139E+0000
 1003 -7.05787545787546E-0001 -1.42300366300366E+0000
 1004  9.85714285714286E-0001 -1.42139194139194E+0000
 1005 -6.23589743589744E-0001 -1.32630036630037E+0000
 1006  2.79780219780220E-0001 -1.37706959706960E+0000
 1007 -8.46813186813187E-0001 -1.33274725274725E+0000
 1008  7.07692307692308E-0001 -1.46813186813187E+0000
 1009 -1.27985347985348E-0001 -1.30534798534799E+0000
 1010 -3.60073260073260E-0001 -1.43025641025641E+0000
 1011  8.30183150183150E-0001 -1.36981684981685E+0000
 1012 -8.33113553113553E-0001 -1.35369963369963E+0000
 1013  7.43150183150183E-0001 -1.50761904761905E+0000
 1014 -1.11355311355311E-0002 -1.30131868131868E+0000
 1015 -3.82637362637363E-0001 -1.43509157509158E+0000
 1016  1.02520146520147E+0000 -1.37465201465201E+0000
 1017 -8.95164835164835E-0001 -1.32791208791209E+0000
 1018  6.80293040293040E-0001 -1.46652014652015E+0000
 1019  4.28571428571429E-0002 -1.29084249084249E+0000
