 0  4.62710622710623E-0001 -8.71794871794872E-0003
 1  4.61904761904762E-0001 -1.11355311355311E-0002
 2 -1.31824175824176E+0000 -1.11355311355311E+0000
 3 -1.07164835164835E+0000 -2.29523809523810E-0001
 4  4.61904761904762E-0001 -1.03296703296703E-0002
 5  4.65934065934066E-0001 -9.52380952380952E-0003
 6 -1.39157509157509E+0000 -1.18124542124542E+0000
 7 -1.14336996336996E+0000 -2.73846153846154E-0001
 8  4.61098901098901E-0001 -8.71794871794872E-0003
 9  4.61904761904762E-0001 -1.11355311355311E-0002
 10 -1.45604395604396E+0000 -1.23684981684982E+0000
 11 -1.19978021978022E+0000 -2.98827838827839E-0001
 12  4.61098901098901E-0001 -1.03296703296703E-0002
 13  4.58681318681319E-0001 -1.19413919413919E-0002
 14 -1.51728937728938E+0000 -1.31340659340659E+0000
 15 -1.25054945054945E+0000 -3.21391941391941E-0001
 16  4.61098901098901E-0001 -1.11355311355311E-0002
 17  4.61098901098901E-0001 -1.19413919413919E-0002
 18 -1.58014652014652E+0000 -1.35692307692308E+0000
 19 -1.29003663003663E+0000 -3.69743589743590E-0001
 20  4.60293040293040E-0001 -1.11355311355311E-0002
 21  4.61098901098901E-0001 -1.51648351648351E-0002
 22 -1.63978021978022E+0000 -1.43347985347985E+0000
 23 -1.32307692307692E+0000 -3.77802197802198E-0001
 24  4.62710622710623E-0001 -8.71794871794872E-0003
 25  4.68351648351648E-0001 -4.68864468864469E-0003
 26 -1.68249084249084E+0000 -1.46410256410256E+0000
 27 -1.35772893772894E+0000 -4.09230769230769E-0001
 28  4.61904761904762E-0001 -8.71794871794872E-0003
 29  4.61098901098901E-0001 -1.51648351648351E-0002
 30 -1.73890109890110E+0000 -1.52534798534799E+0000
 31 -1.40769230769231E+0000 -4.37435897435897E-0001
 32  4.61904761904762E-0001 -7.91208791208791E-0003
 33  4.61098901098901E-0001 -1.51648351648351E-0002
 34 -1.79369963369963E+0000 -1.57772893772894E+0000
 35 -1.45443223443223E+0000 -4.82564102564103E-0001
 36  4.61098901098901E-0001 -8.71794871794872E-0003
 37  4.58681318681319E-0001 -1.51648351648351E-0002
 38 -1.85575091575092E+0000 -1.62366300366300E+0000
 39 -1.48344322344322E+0000 -4.71282051282051E-0001
 40  4.66739926739927E-0001 -2.27106227106227E-0003
 41  4.59487179487179E-0001 -1.27472527472527E-0002
 42 -1.91054945054945E+0000 -1.62205128205128E+0000
 43 -1.49875457875458E+0000 -4.92234432234432E-0001
 44  4.61098901098901E-0001 -7.91208791208791E-0003
 45  4.58681318681319E-0001 -1.59706959706960E-0002
 46 -1.96131868131868E+0000 -1.62043956043956E+0000
 47 -1.52373626373626E+0000 -5.09963369963370E-0001
 48  4.61098901098901E-0001 -8.71794871794872E-0003
 49  4.60293040293040E-0001 -1.51648351648351E-0002
 50 -2.00000000000000E+0000 -1.62124542124542E+0000
 51 -1.54630036630037E+0000 -5.18021978021978E-0001
 52  4.61904761904762E-0001 -7.91208791208791E-0003
 53  4.58681318681319E-0001 -1.59706959706960E-0002
 54 -2.00000000000000E+0000 -1.61076923076923E+0000
 55 -1.55597069597070E+0000 -5.38168498168498E-0001
 56  4.61098901098901E-0001 -1.19413919413919E-0002
 57  4.59487179487179E-0001 -1.59706959706960E-0002
 58 -2.00000000000000E+0000 -1.61721611721612E+0000
 59 -1.56000000000000E+0000 -5.35750915750916E-0001
 60  4.66739926739927E-0001 -3.88278388278388E-0003
 61  4.58681318681319E-0001 -1.51648351648351E-0002
 62 -2.00000000000000E+0000 -1.61238095238095E+0000
 63 -1.57289377289377E+0000 -5.48644688644689E-0001
 64  4.60293040293040E-0001 -7.91208791208791E-0003
 65  4.58681318681319E-0001 -1.67765567765568E-0002
 66 -2.00000000000000E+0000 -1.61399267399267E+0000
 67 -1.60109890109890E+0000 -5.71208791208791E-0001
 68  4.60293040293040E-0001 -1.35531135531135E-0002
 69  4.57875457875458E-0001 -1.51648351648351E-0002
 70 -2.00000000000000E+0000 -1.61076923076923E+0000
 71 -1.59787545787546E+0000 -5.66373626373626E-0001
 72  4.61098901098901E-0001 -7.91208791208791E-0003
 73  4.57875457875458E-0001 -1.59706959706960E-0002
 74 -2.00000000000000E+0000 -1.60835164835165E+0000
 75 -1.59868131868132E+0000 -5.48644688644689E-0001
 76  4.61098901098901E-0001 -1.03296703296703E-0002
 77  4.57875457875458E-0001 -1.67765567765568E-0002
 78 -2.00000000000000E+0000 -1.60673992673993E+0000
 79 -1.60271062271062E+0000 -5.58315018315018E-0001
 80  4.60293040293040E-0001 -1.03296703296703E-0002
 81  4.57069597069597E-0001 -1.59706959706960E-0002
 82 -2.00000000000000E+0000 -1.60593406593407E+0000
 83 -1.60754578754579E+0000 -5.43003663003663E-0001
 84  4.61098901098901E-0001 -8.71794871794872E-0003
 85  4.56263736263736E-0001 -1.91941391941392E-0002
 86 -2.00000000000000E+0000 -1.60432234432234E+0000
 87 -1.59868131868132E+0000 -5.47838827838828E-0001
 88  4.59487179487179E-0001 -1.19413919413919E-0002
 89  4.54652014652015E-0001 -1.91941391941392E-0002
 90 -2.00000000000000E+0000 -1.60271062271062E+0000
 91 -1.58659340659341E+0000 -5.27692307692308E-0001
 92  4.61098901098901E-0001 -1.03296703296703E-0002
 93  4.56263736263736E-0001 -1.75824175824176E-0002
 94 -2.00000000000000E+0000 -1.58981684981685E+0000
 95 -1.58578754578755E+0000 -5.43003663003663E-0001
 96  4.60293040293040E-0001 -1.11355311355311E-0002
 97  4.56263736263736E-0001 -1.83882783882784E-0002
 98 -2.00000000000000E+0000 -1.59465201465201E+0000
 99 -1.57369963369963E+0000 -5.27692307692308E-0001
 100  4.57875457875458E-0001 -1.43589743589743E-0002
 101  4.55457875457875E-0001 -1.83882783882784E-0002
 102 -2.00000000000000E+0000 -1.58659340659341E+0000
 103 -1.57289377289377E+0000 -5.19633699633700E-0001
 104  4.58681318681319E-0001 -1.91941391941392E-0002
 105  4.57069597069597E-0001 -1.75824175824176E-0002
 106 -2.00000000000000E+0000 -1.58659340659341E+0000
 107 -1.55677655677656E+0000 -5.01098901098901E-0001
 108  4.61098901098901E-0001 -1.70183150183150E+0000
 109  4.55457875457875E-0001 -1.83882783882784E-0002
 110 -2.00000000000000E+0000 -1.57934065934066E+0000
 111 -1.53340659340659E+0000 -4.80952380952381E-0001
 112  4.57069597069597E-0001 -1.65025641025641E+0000
 113  4.55457875457875E-0001 -1.91941391941392E-0002
 114 -2.00000000000000E+0000 -1.57692307692308E+0000
 115 -1.52454212454212E+0000 -4.74505494505495E-0001
 116  4.60293040293040E-0001 -1.66717948717949E+0000
 117  4.53846153846154E-0001 -2.16117216117216E-0002
 118 -2.00000000000000E+0000 -1.56241758241758E+0000
 119 -1.51970695970696E+0000 -4.68058608058608E-0001
 120  4.59487179487179E-0001 -1.66315018315018E+0000
 121  4.53040293040293E-0001 -2.00000000000000E-0002
 122 -2.00000000000000E+0000 -6.67106227106227E-0001
 123 -1.47135531135531E+0000 -4.22124542124542E-0001
 124  4.59487179487179E-0001 -1.66153846153846E+0000
 125  4.54652014652015E-0001 -2.00000000000000E-0002
 126 -2.00000000000000E+0000  3.15750915750916E-0002
 127 -1.46893772893773E+0000 -4.31794871794872E-0001
 128  4.55457875457875E-0001 -1.65831501831502E+0000
 129  4.49010989010989E-0001 -2.32234432234432E-0002
 130 -2.00000000000000E+0000  3.72161172161172E-0002
 131 -1.45684981684982E+0000 -4.21318681318681E-0001
 132  4.59487179487179E-0001 -1.64945054945055E+0000
 133  4.49010989010989E-0001 -2.24175824175824E-0002
 134 -2.00000000000000E+0000  3.64102564102564E-0002
 135 -1.42139194139194E+0000 -3.80219780219780E-0001
 136  4.59487179487179E-0001 -1.64703296703297E+0000
 137  4.53040293040293E-0001  3.96336996336996E-0002
 138 -1.38835164835165E+0000 -3.76190476190476E-0001
 139  4.57069597069597E-0001 -1.64542124542125E+0000
 140  4.53040293040293E-0001 -2.16117216117216E-0002
 141 -2.00000000000000E+0000 -3.27032967032967E-0001
 142 -9.61245421245421E-0001 -1.63897435897436E+0000
 143  4.49010989010989E-0001 -2.24175824175824E-0002
 144 -2.00000000000000E+0000 -3.29450549450549E-0001
 145 -2.00000000000000E+0000 -1.59868131868132E+0000
 146  4.49010989010989E-0001 -2.48351648351648E-0002
 147 -2.00000000000000E+0000  4.36630036630037E-0002
 148 -1.31179487179487E+0000 -2.99633699633700E-0001
 149 -2.00000000000000E+0000 -1.59384615384615E+0000
 150  4.49010989010989E-0001 -2.48351648351648E-0002
 151 -2.00000000000000E+0000  3.96336996336996E-0002
 152 -1.28923076923077E+0000 -2.73040293040293E-0001
 153 -2.00000000000000E+0000 -1.58739926739927E+0000
 154  4.49010989010989E-0001 -2.48351648351648E-0002
 155 -4.53553113553114E-0001 -2.33553113553114E-0001
 156 -2.00000000000000E+0000 -1.58901098901099E+0000
 157  4.47399267399267E-0001 -2.64468864468864E-0002
 158  4.84468864468864E-0001 -2.21465201465201E-0001
 159 -2.00000000000000E+0000 -1.58417582417582E+0000
 160  4.49010989010989E-0001  9.81684981684982E-0003
 161 -1.16915750915751E+0000 -1.69890109890110E-0001
 162 -2.00000000000000E+0000 -2.56410256410256E-0002
 163  4.79633699633700E-0001  8.20512820512821E-0003
 164 -1.10791208791209E+0000 -1.57853479853480E+0000
 165  4.48205128205128E-0001 -2.80586080586081E-0002
 166  4.78827838827839E-0001  8.20512820512821E-0003
 167 -1.08695970695971E+0000 -1.52373626373626E+0000
 168  4.49010989010989E-0001 -2.64468864468864E-0002
 169  4.84468864468864E-0001 -8.20512820512821E-0002
 170 -2.00000000000000E+0000 -1.40688644688645E+0000
 171  4.49010989010989E-0001  1.30402930402930E-0002
 172 -1.00879120879121E+0000 -5.70695970695971E-0002
 173 -2.00000000000000E+0000 -2.64468864468864E-0002
 174  4.80439560439560E-0001  1.06227106227106E-0002
 175 -9.79780219780220E-0001 -6.30036630036630E-0003
 176 -2.00000000000000E+0000 -1.27633699633700E+0000
 177  4.48205128205128E-0001  1.06227106227106E-0002
 178 -9.57216117216117E-0001  9.81684981684982E-0003
 179 -2.00000000000000E+0000 -2.88644688644689E-0002
 180  4.74798534798535E-0001  5.78754578754579E-0003
 181 -9.08058608058608E-0001 -1.12322344322344E+0000
 182  4.46593406593407E-0001 -2.88644688644689E-0002
 183  4.79633699633700E-0001  9.81684981684982E-0003
 184 -2.00000000000000E+0000 -1.09824175824176E+0000
 185  4.47399267399267E-0001  9.81684981684982E-0003
 186 -8.47619047619048E-0001  8.20512820512821E-0003
 187 -2.00000000000000E+0000 -2.00000000000000E-0002
 188  4.78827838827839E-0001  9.01098901098901E-0003
 189 -8.46007326007326E-0001 -9.78168498168498E-0001
 190  4.45787545787546E-0001  9.01098901098901E-0003
 191 -7.75897435897436E-0001  6.59340659340659E-0003
 192 -2.00000000000000E+0000 -3.04761904761905E-0002
 193  4.74798534798535E-0001  8.20512820512821E-0003
 194 -7.30769230769231E-0001 -8.17802197802198E-0001
 195  4.44981684981685E-0001  4.17582417582418E-0003
 196 -7.01758241758242E-0001  6.59340659340659E-0003
 197 -2.00000000000000E+0000 -7.54139194139194E-0001
 198  4.46593406593407E-0001 -3.04761904761905E-0002
 199  4.74798534798535E-0001  4.17582417582418E-0003
 200 -2.00000000000000E+0000 -2.96703296703297E-0002
 201  4.74798534798535E-0001  2.56410256410256E-0003
 202 -6.30842490842491E-0001 -5.72820512820513E-0001
 203  4.55457875457875E-0001  7.39926739926740E-0003
 204 -5.93772893772894E-0001  4.17582417582418E-0003
 205 -2.00000000000000E+0000 -5.12380952380952E-0001
 206  3.95018315018315E-0001 -3.20879120879121E-0002
 207  4.73992673992674E-0001  4.98168498168498E-0003
 208 -1.91619047619048E+0000 -3.20879120879121E-0002
 209  4.72380952380952E-0001 -3.07692307692308E-0003
 210 -5.07545787545788E-0001 -4.01978021978022E-0001
 211  3.32967032967033E-0001 -6.59340659340659E-0004
 212 -4.67252747252747E-0001  3.36996336996337E-0003
 213 -1.67523809523810E+0000 -3.39926739926740E-0001
 214  2.55604395604396E-0001 -3.20879120879121E-0002
 215  4.71575091575092E-0001  1.75824175824176E-0003
 216 -1.56644688644689E+0000 -3.12820512820513E-0002
 217  4.71575091575092E-0001  4.17582417582418E-0003
 218 -1.46168498168498E+0000 -3.04761904761905E-0002
 219  4.70769230769231E-0001 -2.27106227106227E-0003
 220 -3.60073260073260E-0001  4.17582417582418E-0003
 221 -1.35369963369963E+0000 -1.77948717948718E-0001
 222  1.66153846153846E-0001 -2.27106227106227E-0003
 223 -3.25421245421245E-0001 -1.11062271062271E-0001
 224  1.18608058608058E-0001 -2.27106227106227E-0003
 225 -3.12527472527473E-0001 -7.15750915750916E-0002
 226  1.00879120879120E-0001 -3.45054945054945E-0002
 227  4.69157509157509E-0001 -5.49450549450549E-0003
 228 -2.61758241758242E-0001  1.75824175824176E-0003
 229 -1.07890109890110E+0000 -2.27106227106227E-0003
 230  2.75457875457875E-0002 -3.36996336996337E-0002
 231  4.69157509157509E-0001 -5.49450549450549E-0003
 232 -2.27106227106227E-0001  5.78754578754579E-0003
 233 -1.91941391941392E-0002 -4.68864468864469E-0003
 234 -1.89230769230769E-0001  2.56410256410256E-0003
 235 -6.67399267399267E-0002 -3.53113553113553E-0002
 236  4.67545787545788E-0001  9.52380952380952E-0004
 237 -7.50109890109890E-0001 -3.28937728937729E-0002
 238  4.65128205128205E-0001  9.52380952380952E-0004
 239 -6.65494505494505E-0001 -4.01465201465201E-0002
 240  4.70769230769231E-0001 -2.27106227106227E-0003
 241 -5.91355311355311E-0001 -1.18315018315018E-0001
 242  4.65934065934066E-0001 -6.59340659340659E-0004
 243 -4.92234432234432E-0001 -1.39267399267399E-0001
 244  4.63516483516484E-0001 -6.59340659340659E-0004
 245 -4.20512820512821E-0001 -1.27472527472527E-0002
 246  1.08131868131868E-0001 -2.27106227106227E-0003
 247 -2.97216117216117E-0001 -1.19413919413919E-0002
 248  1.37948717948718E-0001 -2.27106227106227E-0003
 249 -3.39926739926740E-0001 -1.27472527472527E-0002
 250  1.99194139194139E-0001 -2.27106227106227E-0003
 251 -4.22930402930403E-0001 -2.93186813186813E-0001
 252  8.63736263736264E-0002 -4.68864468864469E-0003
 253  1.06227106227106E-0002 -1.27472527472527E-0002
 254  3.43443223443223E-0001 -3.88278388278388E-0003
 255 -4.85787545787546E-0001 -3.88278388278388E-0003
 256  1.54871794871795E-0001 -1.11355311355311E-0002
 257  3.97435897435897E-0001 -4.68864468864469E-0003
 258 -6.06666666666667E-0001 -6.30036630036630E-0003
 259  3.32967032967033E-0001 -5.82490842490842E-0001
 260 -3.63296703296703E-0001 -5.49450549450549E-0003
 261 -7.41245421245421E-0001 -1.27472527472527E-0002
 262  4.65128205128205E-0001 -7.10622710622711E-0003
 263  4.49010989010989E-0001 -6.82417582417582E-0001
 264 -4.84175824175824E-0001 -7.91208791208791E-0003
 265 -8.54871794871795E-0001 -1.27472527472527E-0002
 266  4.65934065934066E-0001 -5.49450549450549E-0003
 267  4.66739926739927E-0001 -7.38827838827839E-0001
 268 -6.21172161172161E-0001 -8.71794871794872E-0003
 269 -9.41098901098901E-0001 -1.51648351648351E-0002
 270  4.64322344322344E-0001 -8.35531135531136E-0001
 271 -7.50915750915751E-0001 -6.30036630036630E-0003
 272  4.61904761904762E-0001 -8.71794871794872E-0001
 273 -8.32307692307692E-0001 -1.05421245421245E-0001
 274  4.65128205128205E-0001 -7.91208791208791E-0003
 275  4.63516483516484E-0001 -1.03296703296703E-0002
 276 -1.06761904761905E+0000 -1.27179487179487E-0001
 277  4.64322344322344E-0001 -1.11355311355311E-0002
 278 -1.12161172161172E+0000 -1.80366300366300E-0001
 279  4.63516483516484E-0001 -8.71794871794872E-0003
 280 -1.16351648351648E+0000 -1.01443223443223E+0000
 281 -1.00879120879121E+0000 -7.10622710622711E-0003
 282  4.62710622710623E-0001 -1.07326007326007E+0000
 283 -1.04989010989011E+0000 -1.19413919413919E-0002
 284  4.61098901098901E-0001 -2.43223443223443E-0001
 285  4.58681318681319E-0001 -1.19413919413919E-0002
 286 -1.33677655677656E+0000 -2.85934065934066E-0001
 287  4.60293040293040E-0001 -1.11355311355311E-0002
 288 -1.37223443223443E+0000 -2.92380952380952E-0001
 289  4.64322344322344E-0001 -1.19413919413919E-0002
 290 -1.43831501831502E+0000 -3.35091575091575E-0001
 291  4.62710622710623E-0001 -1.11355311355311E-0002
 292 -1.48263736263736E+0000 -7.91208791208791E-0003
 293  4.61098901098901E-0001 -1.34886446886447E+0000
 294 -1.25619047619048E+0000 -1.51648351648351E-0002
 295 -1.59465201465201E+0000 -4.02783882783883E-0001
 296  4.64322344322344E-0001 -7.91208791208791E-0003
 297  4.60293040293040E-0001 -1.42864468864469E+0000
 298 -1.32630036630037E+0000 -1.11355311355311E-0002
 299  4.59487179487179E-0001 -1.48102564102564E+0000
 300 -1.37062271062271E+0000 -1.35531135531135E-0002
 301 -1.75018315018315E+0000 -4.47912087912088E-0001
 302  4.62710622710623E-0001 -1.43589743589743E-0002
 303 -1.78725274725275E+0000 -4.49523809523810E-0001
 304  4.62710622710623E-0001 -7.91208791208791E-0003
 305  4.61098901098901E-0001 -1.61157509157509E+0000
 306 -1.44073260073260E+0000 -8.71794871794872E-0003
 307  4.59487179487179E-0001 -1.35531135531135E-0002
 308 -1.87589743589744E+0000 -5.01904761904762E-0001
 309  4.61904761904762E-0001 -1.43589743589743E-0002
 310 -1.91780219780220E+0000 -1.62043956043956E+0000
 311 -1.49633699633700E+0000 -8.71794871794872E-0003
 312  4.58681318681319E-0001 -1.62124542124542E+0000
 313 -1.50439560439560E+0000 -1.59706959706960E-0002
 314 -1.99919413919414E+0000 -5.32527472527473E-0001
 315  4.61904761904762E-0001 -1.35531135531135E-0002
 316 -2.00000000000000E+0000 -5.43809523809524E-0001
 317  4.61904761904762E-0001 -1.51648351648351E-0002
 318  4.59487179487179E-0001 -1.61721611721612E+0000
 319 -1.57692307692308E+0000 -1.03296703296703E-0002
 320  4.57875457875458E-0001 -1.61479853479853E+0000
 321 -1.57128205128205E+0000 -1.83882783882784E-0002
 322 -2.00000000000000E+0000 -5.59120879120879E-0001
 323  4.61904761904762E-0001 -1.19413919413919E-0002
 324  4.57069597069597E-0001 -1.61560439560440E+0000
 325 -1.60432234432234E+0000 -8.71794871794872E-0003
 326  4.56263736263736E-0001 -1.61238095238095E+0000
 327 -1.60673992673993E+0000 -5.72014652014652E-0001
 328  4.61098901098901E-0001 -1.75824175824176E-0002
 329 -2.00000000000000E+0000 -5.72014652014652E-0001
 330  4.61098901098901E-0001 -1.60996336996337E+0000
 331 -1.60915750915751E+0000 -1.75824175824176E-0002
 332 -2.00000000000000E+0000 -5.69597069597070E-0001
 333  4.61904761904762E-0001 -1.60835164835165E+0000
 334 -1.61641025641026E+0000 -7.91208791208791E-0003
 335  4.56263736263736E-0001 -5.60732600732601E-0001
 336  4.61904761904762E-0001 -1.83882783882784E-0002
 337 -2.00000000000000E+0000 -9.52380952380952E-0003
 338  4.55457875457875E-0001 -1.60109890109890E+0000
 339 -1.59626373626374E+0000 -1.83882783882784E-0002
 340 -2.00000000000000E+0000 -5.43809523809524E-0001
 341  4.57875457875458E-0001 -1.59626373626374E+0000
 342 -1.58739926739927E+0000 -2.16117216117216E-0002
 343  4.54652014652015E-0001 -5.36556776556777E-0001
 344  4.54652014652015E-0001 -1.91941391941392E-0002
 345 -2.00000000000000E+0000 -5.37362637362637E-0001
 346  4.59487179487179E-0001 -1.51648351648351E-0002
 347  4.53040293040293E-0001 -1.58901098901099E+0000
 348 -1.56161172161172E+0000 -2.00000000000000E-0002
 349 -2.00000000000000E+0000 -5.05934065934066E-0001
 350  4.59487179487179E-0001 -1.58256410256410E+0000
 351 -1.53743589743590E+0000 -1.46893772893773E+0000
 352  4.52234432234432E-0001 -5.18021978021978E-0001
 353  4.66739926739927E-0001 -1.57853479853480E+0000
 354 -1.53018315018315E+0000 -1.66073260073260E+0000
 355  4.53846153846154E-0001 -2.08058608058608E-0002
 356 -2.00000000000000E+0000 -4.92234432234432E-0001
 357  4.61098901098901E-0001 -1.43992673992674E+0000
 358 -1.50358974358974E+0000 -1.66717948717949E+0000
 359  4.52234432234432E-0001 -4.53553113553114E-0001
 360  4.55457875457875E-0001 -2.08058608058608E-0002
 361 -2.00000000000000E+0000  3.31868131868132E-0002
 362 -1.46249084249084E+0000 -1.65750915750916E+0000
 363  4.51428571428571E-0001 -4.12454212454212E-0001
 364  4.55457875457875E-0001  4.04395604395604E-0002
 365 -1.42945054945055E+0000 -1.64461538461538E+0000
 366  4.51428571428571E-0001 -2.24175824175824E-0002
 367 -2.00000000000000E+0000 -3.89890109890110E-0001
 368  4.60293040293040E-0001  4.04395604395604E-0002
 369 -1.38835164835165E+0000 -2.16117216117216E-0002
 370 -2.00000000000000E+0000 -3.68131868131868E-0001
 371  4.56263736263736E-0001  3.64102564102564E-0002
 372 -1.35047619047619E+0000 -2.80586080586081E-0002
 373 -2.00000000000000E+0000 -3.14945054945055E-0001
 374 -2.00000000000000E+0000 -1.63010989010989E+0000
 375  4.49010989010989E-0001  2.67399267399267E-0002
 376 -1.29326007326007E+0000 -2.40293040293040E-0002
 377  4.86080586080586E-0001 -1.59626373626374E+0000
 378  4.49010989010989E-0001  1.46520146520146E-0002
 379 -1.21428571428571E+0000 -2.64468864468864E-0002
 380  4.81245421245421E-0001 -1.58578754578755E+0000
 381  4.49010989010989E-0001 -1.89230769230769E-0001
 382 -2.00000000000000E+0000  9.81684981684982E-0003
 383 -1.08051282051282E+0000 -1.58659340659341E+0000
 384  4.45787545787546E-0001 -2.88644688644689E-0002
 385  4.74798534798535E-0001 -1.52937728937729E+0000
 386  4.48205128205128E-0001 -8.36630036630037E-0002
 387 -2.00000000000000E+0000 -2.80586080586081E-0002
 388  4.79633699633700E-0001 -1.34241758241758E+0000
 389  4.49010989010989E-0001  8.20512820512821E-0003
 390 -2.00000000000000E+0000 -3.20879120879121E-0002
 391  4.78827838827839E-0001  9.81684981684982E-0003
 392 -9.20952380952381E-0001 -2.88644688644689E-0002
 393  4.81245421245421E-0001 -1.10630036630037E+0000
 394  4.47399267399267E-0001  6.59340659340659E-0003
 395 -2.00000000000000E+0000  6.59340659340659E-0003
 396 -7.87985347985348E-0001 -3.04761904761905E-0002
 397  4.75604395604396E-0001 -8.82271062271062E-0001
 398  4.44981684981685E-0001  7.39926739926740E-0003
 399 -2.00000000000000E+0000  2.56410256410256E-0003
 400 -6.78388278388278E-0001 -7.22710622710623E-0001
 401  4.46593406593407E-0001 -3.04761904761905E-0002
 402  4.76410256410256E-0001 -6.30842490842491E-0001
 403  4.43369963369963E-0001  4.98168498168498E-0003
 404 -2.00000000000000E+0000  1.75824175824176E-0003
 405 -5.60732600732601E-0001 -3.36996336996337E-0002
 406  4.72380952380952E-0001 -4.84981684981685E-0001
 407  3.57948717948718E-0001 -3.88278388278388E-0003
 408 -5.04322344322344E-0001  5.78754578754579E-0003
 409 -1.78725274725275E+0000 -3.28937728937729E-0002
 410  4.73186813186813E-0001  1.46520146520147E-0004
 411 -4.88205128205128E-0001 -3.36996336996337E-0002
 412  4.72380952380952E-0001 -2.78681318681319E-0001
 413  2.24175824175824E-0001  2.56410256410256E-0003
 414 -1.42703296703297E+0000 -3.07692307692308E-0003
 415 -3.47179487179487E-0001 -3.36996336996337E-0002
 416  4.68351648351648E-0001 -6.83516483516484E-0002
 417  6.54212454212454E-0002  1.75824175824176E-0003
 418 -1.07567765567766E+0000 -7.91208791208791E-0003
 419 -1.87619047619048E-0001 -3.45054945054945E-0002
 420  4.67545787545788E-0001 -3.45054945054945E-0002
 421  4.64322344322344E-0001  4.17582417582418E-0003
 422 -1.23956043956044E-0001  6.59340659340659E-0003
 423 -1.87619047619048E-0001 -3.88278388278388E-0003
 424 -4.60000000000000E-0001 -1.19413919413919E-0002
 425  9.20146520146520E-0002 -3.07692307692308E-0003
 426 -3.55238095238095E-0001 -1.86813186813187E-0001
 427  2.93479853479853E-0001 -1.11355311355311E-0002
 428  1.49230769230769E-0001 -6.59340659340659E-0004
 429 -3.76190476190476E-0001 -2.47252747252747E-0001
 430  1.39560439560440E-0001 -2.27106227106227E-0003
 431 -4.11648351648352E-0001 -3.88278388278388E-0003
 432  9.01098901098901E-0003 -1.51648351648351E-0002
 433  3.65201465201465E-0001 -4.01172161172161E-0001
 434 -1.74725274725275E-0001 -3.07692307692308E-0003
 435 -5.92967032967033E-0001 -1.27472527472527E-0002
 436  4.74798534798535E-0001 -7.10622710622711E-0003
 437  2.58827838827839E-0001 -1.51648351648351E-0002
 438  4.66739926739927E-0001 -5.83296703296703E-0001
 439 -4.37435897435897E-0001 -7.91208791208791E-0003
 440 -8.01684981684982E-0001 -7.10622710622711E-0003
 441  4.69963369963370E-0001 -1.11355311355311E-0002
 442  4.61904761904762E-0001 -7.88791208791209E-0001
 443 -7.02564102564103E-0001 -1.51648351648351E-0002
 444  4.61904761904762E-0001 -8.43589743589744E-0001
 445 -7.79926739926740E-0001 -9.52380952380952E-0003
 446 -1.04183150183150E+0000 -7.91208791208791E-0003
 447  4.61098901098901E-0001 -1.27472527472527E-0002
 448 -1.10146520146520E+0000 -8.71794871794872E-0003
 449  4.63516483516484E-0001 -1.72307692307692E-0001
 450  4.61904761904762E-0001 -1.05230769230769E+0000
 451 -1.04183150183150E+0000 -1.09985347985348E+0000
 452 -1.09179487179487E+0000 -1.59706959706960E-0002
 453 -1.31098901098901E+0000 -1.03296703296703E-0002
 454  4.61904761904762E-0001 -1.03296703296703E-0002
 455  4.60293040293040E-0001 -3.64908424908425E-0001
 456  4.68351648351648E-0001 -3.73772893772894E-0001
 457  4.60293040293040E-0001 -1.36498168498168E+0000
 458 -1.30454212454212E+0000 -1.51648351648351E-0002
 459 -1.62769230769231E+0000 -1.51648351648351E-0002
 460 -1.66959706959707E+0000 -1.51648351648351E-0002
 461  4.65934065934066E-0001 -1.27472527472527E-0002
 462  4.54652014652015E-0001 -7.10622710622711E-0003
 463  4.57875457875458E-0001 -1.59706959706960E-0002
 464 -1.86380952380952E+0000 -1.51648351648351E-0002
 465 -1.91619047619048E+0000 -1.27472527472527E-0002
 466  4.58681318681319E-0001 -5.44615384615385E-0001
 467  4.59487179487179E-0001 -1.61238095238095E+0000
 468 -1.56161172161172E+0000 -1.83882783882784E-0002
 469 -2.00000000000000E+0000 -1.61721611721612E+0000
 470 -1.58417582417582E+0000 -1.59706959706960E-0002
 471 -2.00000000000000E+0000 -1.03296703296703E-0002
 472  4.57875457875458E-0001 -5.73626373626374E-0001
 473  4.56263736263736E-0001 -1.61399267399267E+0000
 474 -1.61641025641026E+0000 -5.82490842490842E-0001
 475  4.66739926739927E-0001 -1.61238095238095E+0000
 476 -1.61238095238095E+0000 -1.83882783882784E-0002
 477 -2.00000000000000E+0000 -1.75824175824176E-0002
 478 -2.00000000000000E+0000 -1.43589743589743E-0002
 479  4.53846153846154E-0001 -5.43003663003663E-0001
 480  4.58681318681319E-0001 -5.46227106227106E-0001
 481  4.59487179487179E-0001 -1.60351648351648E+0000
 482 -1.60029304029304E+0000 -1.75824175824176E-0002
 483 -2.00000000000000E+0000 -1.11355311355311E-0002
 484  4.55457875457875E-0001 -1.51648351648351E-0002
 485  4.49010989010989E-0001 -5.16410256410256E-0001
 486  4.57875457875458E-0001 -1.59223443223443E+0000
 487 -1.57047619047619E+0000 -1.59062271062271E+0000
 488 -1.56402930402930E+0000 -2.56410256410256E-0002
 489 -2.00000000000000E+0000 -1.58659340659341E+0000
 490 -1.55032967032967E+0000 -2.16117216117216E-0002
 491 -2.00000000000000E+0000 -1.65589743589744E+0000
 492  4.54652014652015E-0001 -1.66798534798535E+0000
 493  4.53040293040293E-0001 -5.02710622710623E-0001
 494  4.58681318681319E-0001 -1.56805860805861E+0000
 495 -1.52373626373626E+0000 -4.65641025641026E-0001
 496  4.59487179487179E-0001 -4.38241758241758E-0001
 497 -1.48344322344322E+0000  3.07692307692308E-0002
 498 -1.47780219780220E+0000 -2.24175824175824E-0002
 499 -2.00000000000000E+0000 -2.40293040293040E-0002
 500 -2.00000000000000E+0000 -1.65106227106227E+0000
 501  4.49010989010989E-0001 -1.64945054945055E+0000
 502  4.49010989010989E-0001 -3.81025641025641E-0001
 503  4.54652014652015E-0001  4.28571428571429E-0002
 504 -1.35047619047619E+0000 -3.38315018315018E-0001
 505  4.54652014652015E-0001  4.28571428571429E-0002
 506 -1.33435897435897E+0000  4.93040293040293E-0002
 507 -1.31340659340659E+0000 -2.80586080586081E-0002
 508 -9.62051282051282E-0001 -2.40293040293040E-0002
 509 -6.83516483516484E-0002 -1.59304029304029E+0000
 510  4.49010989010989E-0001 -2.64468864468864E-0002
 511  4.81245421245421E-0001 -1.58739926739927E+0000
 512  4.49010989010989E-0001 -1.58981684981685E+0000
 513  4.44981684981685E-0001 -1.58498168498168E+0000
 514  4.49010989010989E-0001 -1.13479853479853E-0001
 515 -2.00000000000000E+0000 -1.58095238095238E+0000
 516  4.49010989010989E-0001 -9.49450549450549E-0002
 517 -2.00000000000000E+0000 -4.09523809523810E-0002
 518 -2.00000000000000E+0000  8.20512820512821E-0003
 519 -9.83809523809524E-0001 -2.16117216117216E-0002
 520  4.74798534798535E-0001  8.20512820512821E-0003
 521 -9.56410256410256E-0001 -2.32234432234432E-0002
 522  4.74798534798535E-0001 -1.18205128205128E+0000
 523  4.48205128205128E-0001 -2.96703296703297E-0002
 524  4.74798534798535E-0001 -1.09018315018315E+0000
 525  4.45787545787546E-0001 -9.70109890109890E-0001
 526  4.44981684981685E-0001  4.17582417582418E-0003
 527 -2.00000000000000E+0000  4.98168498168498E-0003
 528 -2.00000000000000E+0000  6.59340659340659E-0003
 529 -6.98534798534799E-0001 -2.27106227106227E-0003
 530 -6.95311355311355E-0001  1.75824175824176E-0003
 531 -6.42124542124542E-0001 -3.36996336996337E-0002
 532  4.71575091575092E-0001 -3.20879120879121E-0002
 533  4.70769230769231E-0001 -4.53553113553114E-0001
 534  3.61978021978022E-0001 -3.36996336996337E-0002
 535  4.70769230769231E-0001 -3.68131868131868E-0001
 536  2.92673992673993E-0001 -2.88351648351648E-0001
 537  2.08864468864469E-0001  2.56410256410256E-0003
 538 -1.42461538461538E+0000  1.75824175824176E-0003
 539 -1.33274725274725E+0000 -6.30036630036630E-0003
 540 -2.87545787545788E-0001 -7.10622710622711E-0003
 541 -2.39194139194139E-0001 -3.53113553113553E-0002
 542  4.65128205128205E-0001 -8.71794871794872E-0003
 543 -1.70695970695971E-0001 -3.45054945054945E-0002
 544  4.64322344322344E-0001 -3.69230769230769E-0002
 545  4.61904761904762E-0001 -2.27106227106227E-0003
 546 -7.47985347985348E-0002 -3.69230769230769E-0002
 547  4.61904761904762E-0001 -2.27106227106227E-0003
 548 -1.40073260073260E-0001  1.46520146520147E-0004
 549 -1.72307692307692E-0001 -2.27106227106227E-0003
 550 -2.26300366300366E-0001 -2.27106227106227E-0003
 551 -2.46446886446886E-0001 -7.10622710622711E-0003
 552 -3.45567765567766E-0001 -3.07692307692308E-0003
 553 -2.14212454212454E-0001 -8.71794871794872E-0003
 554 -9.65567765567766E-0002 -5.49450549450549E-0003
 555 -1.51648351648351E-0002 -5.49450549450549E-0003
 556  9.20146520146520E-0002 -8.71794871794872E-0003
 557  1.72600732600733E-0001 -1.51648351648351E-0002
 558  1.04908424908424E-0001 -1.35531135531135E-0002
 559  4.63516483516484E-0001 -1.43589743589743E-0002
 560  4.64322344322344E-0001 -1.51648351648351E-0002
 561  4.61904761904762E-0001 -1.43589743589743E-0002
 562  4.65128205128205E-0001 -1.43589743589743E-0002
 563  4.55457875457875E-0001 -7.83150183150183E-0001
 564 -6.66300366300366E-0001 -1.27472527472527E-0002
 565  4.65128205128205E-0001 -8.12967032967033E-0001
 566 -7.09816849816850E-0001 -8.54065934065934E-0001
 567 -7.76703296703297E-0001 -8.79853479853480E-0001
 568 -8.50842490842491E-0001 -1.11355311355311E-0002
 569 -1.09098901098901E+0000 -1.03296703296703E-0002
 570 -1.14578754578755E+0000 -1.35531135531135E-0002
 571 -1.19655677655678E+0000 -1.11355311355311E-0002
 572  4.60293040293040E-0001 -1.27472527472527E-0002
 573 -1.24813186813187E+0000 -1.03296703296703E-0002
 574  4.60293040293040E-0001 -1.03296703296703E-0002
 575  4.57069597069597E-0001 -3.07692307692308E-0003
 576  4.57875457875458E-0001 -1.11355311355311E-0002
 577  4.59487179487179E-0001 -1.27472527472527E-0002
 578  4.59487179487179E-0001 -3.85860805860806E-0001
 579  4.62710622710623E-0001 -3.97948717948718E-0001
 580  4.61904761904762E-0001 -3.99560439560440E-0001
 581  4.58681318681319E-0001 -4.26959706959707E-0001
 582  4.59487179487179E-0001 -4.66446886446886E-0001
 583  4.60293040293040E-0001 -1.56967032967033E+0000
 584 -1.44153846153846E+0000 -4.74505494505495E-0001
 585  4.60293040293040E-0001 -1.61238095238095E+0000
 586 -1.46329670329670E+0000 -1.62527472527473E+0000
 587 -1.49794871794872E+0000 -1.62366300366300E+0000
 588 -1.51406593406593E+0000 -1.62205128205128E+0000
 589 -1.51970695970696E+0000 -1.61963369963370E+0000
 590 -1.53743589743590E+0000 -1.61963369963370E+0000
 591 -1.56080586080586E+0000 -1.61963369963370E+0000
 592 -1.58095238095238E+0000 -1.67765567765568E-0002
 593 -2.00000000000000E+0000 -1.61721611721612E+0000
 594 -1.59545787545788E+0000 -1.59706959706960E-0002
 595 -2.00000000000000E+0000 -1.61479853479853E+0000
 596 -1.59142857142857E+0000 -1.67765567765568E-0002
 597 -2.00000000000000E+0000 -1.61560439560440E+0000
 598 -1.59948717948718E+0000 -1.75824175824176E-0002
 599 -2.00000000000000E+0000 -1.62043956043956E+0000
 600 -1.60432234432234E+0000 -1.61399267399267E+0000
 601 -1.61641025641026E+0000 -1.61157509157509E+0000
 602 -1.61157509157509E+0000 -1.61076923076923E+0000
 603 -1.60190476190476E+0000 -1.61076923076923E+0000
 604 -1.60996336996337E+0000 -1.60673992673993E+0000
 605 -1.60996336996337E+0000 -1.60512820512821E+0000
 606 -1.60593406593407E+0000 -1.60351648351648E+0000
 607 -1.59868131868132E+0000 -1.60351648351648E+0000
 608 -1.60190476190476E+0000 -2.08058608058608E-0002
 609 -2.00000000000000E+0000 -1.59948717948718E+0000
 610 -1.59706959706960E+0000 -1.83882783882784E-0002
 611 -2.00000000000000E+0000 -1.59304029304029E+0000
 612 -1.57853479853480E+0000 -2.24175824175824E-0002
 613 -2.00000000000000E+0000 -2.24175824175824E-0002
 614 -2.00000000000000E+0000 -2.16117216117216E-0002
 615 -2.00000000000000E+0000 -2.16117216117216E-0002
 616 -2.00000000000000E+0000 -2.32234432234432E-0002
 617 -2.00000000000000E+0000 -2.16117216117216E-0002
 618 -2.00000000000000E+0000 -1.66798534798535E+0000
 619  4.47399267399267E-0001 -2.80586080586081E-0002
 620 -2.00000000000000E+0000 -1.66556776556777E+0000
 621  4.49010989010989E-0001 -2.48351648351648E-0002
 622 -2.00000000000000E+0000 -1.66073260073260E+0000
 623  4.49816849816850E-0001 -2.64468864468864E-0002
 624 -2.00000000000000E+0000 -1.65670329670330E+0000
 625  4.49010989010989E-0001 -2.48351648351648E-0002
 626 -2.00000000000000E+0000 -2.48351648351648E-0002
 627 -2.00000000000000E+0000 -1.65267399267399E+0000
 628  4.57069597069597E-0001 -1.64622710622711E+0000
 629  4.57069597069597E-0001 -1.65025641025641E+0000
 630  4.50622710622711E-0001 -1.64542124542125E+0000
 631  4.48205128205128E-0001 -1.64139194139194E+0000
 632  4.49010989010989E-0001 -1.63252747252747E+0000
 633  4.47399267399267E-0001 -2.77875457875458E-0001
 634 -2.00000000000000E+0000 -2.69816849816850E-0001
 635 -2.00000000000000E+0000 -2.30329670329670E-0001
 636 -2.00000000000000E+0000 -1.96483516483516E-0001
 637 -2.00000000000000E+0000 -1.82783882783883E-0001
 638 -2.00000000000000E+0000 -1.35238095238095E-0001
 639 -2.00000000000000E+0000 -1.44908424908425E-0001
 640 -2.00000000000000E+0000 -8.36630036630037E-0002
 641 -2.00000000000000E+0000  8.20512820512821E-0003
 642 -1.00798534798535E+0000 -3.36996336996337E-0002
 643 -2.00000000000000E+0000  7.39926739926740E-0003
 644 -9.90256410256410E-0001 -3.04761904761905E-0002
 645 -2.00000000000000E+0000  8.20512820512821E-0003
 646 -9.30622710622711E-0001  4.98168498168498E-0003
 647 -2.00000000000000E+0000  1.75824175824176E-0003
 648 -8.79853479853480E-0001  1.06227106227106E-0002
 649 -2.00000000000000E+0000  3.36996336996337E-0003
 650 -1.99919413919414E+0000 -1.99919413919414E+0000
 651 -1.66556776556777E+0000  4.98168498168498E-0003
 652 -2.00000000000000E+0000  5.78754578754579E-0003
 653 -8.22637362637363E-0001  4.98168498168498E-0003
 654 -2.00000000000000E+0000  6.59340659340659E-0003
 655 -8.11355311355311E-0001  4.17582417582418E-0003
 656 -7.61391941391941E-0001  2.56410256410256E-0003
 657 -7.18681318681319E-0001 -6.59340659340659E-0004
 658 -7.11428571428571E-0001  1.75824175824176E-0003
 659 -6.89670329670330E-0001  1.46520146520147E-0004
 660 -6.41318681318681E-0001  9.52380952380952E-0004
 661 -5.60732600732601E-0001 -2.27106227106227E-0003
 662 -5.33333333333333E-0001 -2.27106227106227E-0003
 663 -5.01098901098901E-0001 -3.61172161172161E-0002
 664  4.65128205128205E-0001 -3.69230769230769E-0002
 665  4.69157509157509E-0001 -3.36996336996337E-0002
 666  4.67545787545788E-0001 -3.69230769230769E-0002
 667  4.66739926739927E-0001 -3.12820512820513E-0002
 668  4.65128205128205E-0001 -2.27106227106227E-0003
 669  6.30036630036630E-0002  1.75824175824176E-0003
 670  3.64102564102564E-0002 -6.59340659340659E-0004
 671 -3.45054945054945E-0002  1.46520146520147E-0004
 672 -1.09450549450549E-0001 -4.68864468864469E-0003
 673 -6.50183150183150E-0001 -1.46520146520146E-0003
 674 -1.61831501831502E-0001  9.52380952380952E-0004
 675 -2.15824175824176E-0001 -5.49450549450549E-0003
 676 -4.28571428571429E-0001 -2.27106227106227E-0003
 677 -2.66593406593407E-0001 -5.49450549450549E-0003
 678 -3.39926739926740E-0001 -3.88278388278388E-0003
 679 -1.85201465201465E-0001 -3.88278388278388E-0003
 680 -4.16483516483516E-0001 -3.27032967032967E-0001
 681  8.39560439560440E-0002 -3.63296703296703E-0001
 682  1.38461538461538E-0002 -3.85054945054945E-0001
 683 -1.14285714285714E-0001 -4.35824175824176E-0001
 684 -1.93260073260073E-0001 -4.59194139194139E-0001
 685 -2.69816849816850E-0001 -5.51868131868132E-0001
 686 -3.55238095238095E-0001 -6.21978021978022E-0001
 687 -4.14871794871795E-0001 -1.19413919413919E-0002
 688 -7.67032967032967E-0001 -6.40512820512821E-0001
 689 -5.09157509157509E-0001 -1.03296703296703E-0002
 690 -8.33113553113553E-0001 -7.91208791208791E-0003
 691 -9.05641025641026E-0001 -1.51648351648351E-0002
 692 -9.63663003663004E-0001 -1.19413919413919E-0002
 693 -1.00637362637363E+0000 -1.19413919413919E-0002
 694 -1.05875457875458E+0000 -1.51648351648351E-0002
 695 -1.12000000000000E+0000 -1.67765567765568E-0002
 696 -1.17721611721612E+0000 -1.51648351648351E-0002
 697 -1.23040293040293E+0000 -1.51648351648351E-0002
 698 -1.28278388278388E+0000 -2.00000000000000E-0002
 699 -1.34322344322344E+0000 -1.51648351648351E-0002
 700 -1.37948717948718E+0000 -1.27472527472527E-0002
 701  4.58681318681319E-0001 -1.51648351648351E-0002
 702 -1.43670329670330E+0000 -1.19413919413919E-0002
 703  4.60293040293040E-0001 -1.51648351648351E-0002
 704 -1.50358974358974E+0000 -1.19413919413919E-0002
 705  4.55457875457875E-0001 -1.83882783882784E-0002
 706 -1.55597069597070E+0000 -1.27472527472527E-0002
 707  4.57069597069597E-0001 -1.43589743589743E-0002
 708  4.55457875457875E-0001 -1.43589743589743E-0002
 709  4.57069597069597E-0001 -3.88278388278388E-0003
 710  4.55457875457875E-0001 -4.84981684981685E-0001
 711  4.57875457875458E-0001 -5.08351648351648E-0001
 712  4.53040293040293E-0001 -4.89816849816850E-0001
 713  4.61904761904762E-0001 -5.11575091575092E-0001
 714  4.57875457875458E-0001 -5.10769230769231E-0001
 715  4.59487179487179E-0001 -1.62205128205128E+0000
 716 -1.54710622710623E+0000 -1.62043956043956E+0000
 717 -1.56483516483516E+0000 -1.61721611721612E+0000
 718 -1.57450549450549E+0000 -1.61721611721612E+0000
 719 -1.58498168498168E+0000 -1.61721611721612E+0000
 720 -1.59626373626374E+0000 -1.61318681318681E+0000
 721 -1.60029304029304E+0000 -1.61399267399267E+0000
 722 -1.61721611721612E+0000 -1.61399267399267E+0000
 723 -1.60673992673993E+0000 -1.91941391941392E-0002
 724 -2.00000000000000E+0000 -1.61076923076923E+0000
 725 -1.61076923076923E+0000 -1.61076923076923E+0000
 726 -1.59948717948718E+0000 -2.16117216117216E-0002
 727 -2.00000000000000E+0000 -1.60673992673993E+0000
 728 -1.60109890109890E+0000 -1.60190476190476E+0000
 729 -1.59787545787546E+0000 -1.59465201465201E+0000
 730 -1.59384615384615E+0000 -1.60109890109890E+0000
 731 -1.58739926739927E+0000 -2.16117216117216E-0002
 732 -2.00000000000000E+0000 -1.59787545787546E+0000
 733 -1.58417582417582E+0000 -2.24175824175824E-0002
 734 -2.00000000000000E+0000 -2.24175824175824E-0002
 735 -2.00000000000000E+0000 -2.80586080586081E-0002
 736 -2.00000000000000E+0000 -2.24175824175824E-0002
 737 -2.00000000000000E+0000 -2.32234432234432E-0002
 738 -2.00000000000000E+0000 -2.64468864468864E-0002
 739 -2.00000000000000E+0000 -2.64468864468864E-0002
 740 -2.00000000000000E+0000 -1.66395604395604E+0000
 741  4.49010989010989E-0001 -1.65670329670330E+0000
 742  4.49010989010989E-0001 -1.65267399267399E+0000
 743  4.49010989010989E-0001 -3.98754578754579E-0001
 744  4.54652014652015E-0001 -3.57655677655678E-0001
 745  4.57069597069597E-0001 -1.64864468864469E+0000
 746  4.49010989010989E-0001 -1.64380952380952E+0000
 747  4.47399267399267E-0001 -1.63010989010989E+0000
 748  4.47399267399267E-0001 -1.59948717948718E+0000
 749  4.42564102564103E-0001 -2.44835164835165E-0001
 750 -2.00000000000000E+0000 -2.30329670329670E-0001
 751 -2.00000000000000E+0000 -1.86813186813187E-0001
 752 -2.00000000000000E+0000 -1.71501831501832E-0001
 753 -2.00000000000000E+0000  7.39926739926740E-0003
 754 -1.10227106227106E+0000 -1.12673992673992E-0001
 755 -2.00000000000000E+0000  8.20512820512821E-0003
 756 -1.03699633699634E+0000  7.39926739926740E-0003
 757 -9.98315018315018E-0001  9.01098901098901E-0003
 758 -9.92673992673993E-0001  4.17582417582418E-0003
 759 -9.54798534798535E-0001  9.52380952380952E-0004
 760 -2.00000000000000E+0000  2.56410256410256E-0003
 761 -8.96776556776557E-0001  2.56410256410256E-0003
 762 -2.00000000000000E+0000 -2.27106227106227E-0003
 763 -8.73406593406593E-0001  9.52380952380952E-0004
 764 -8.17802197802198E-0001  4.17582417582418E-0003
 765 -7.75091575091575E-0001  2.56410256410256E-0003
 766 -7.60586080586081E-0001 -3.28937728937729E-0002
 767  4.68351648351648E-0001 -3.07692307692308E-0003
 768 -6.89670329670330E-0001 -6.59340659340659E-0004
 769 -6.58241758241758E-0001 -3.61172161172161E-0002
 770  4.69963369963370E-0001 -3.61172161172161E-0002
 771  4.70769230769231E-0001 -5.51868131868132E-0001
 772  4.16776556776557E-0001 -3.69230769230769E-0002
 773  4.68351648351648E-0001 -3.77289377289377E-0002
 774  4.69963369963370E-0001 -3.77289377289377E-0002
 775  4.71575091575092E-0001 -3.77289377289377E-0002
 776  4.69963369963370E-0001 -3.69230769230769E-0002
 777  4.66739926739927E-0001 -3.77289377289377E-0002
 778  4.65934065934066E-0001 -3.85347985347985E-0002
 779  4.66739926739927E-0001 -3.69230769230769E-0002
 780  4.61904761904762E-0001 -3.69230769230769E-0002
 781  4.61904761904762E-0001 -2.27106227106227E-0003
 782 -3.88278388278388E-0003 -8.71794871794872E-0003
 783 -4.09523809523810E-0002  1.75824175824176E-0003
 784 -7.47985347985348E-0002 -2.27106227106227E-0003
 785 -1.39267399267399E-0001 -1.28791208791209E-0001
 786  4.61904761904762E-0001 -3.88278388278388E-0003
 787 -2.43223443223443E-0001 -1.48937728937729E-0001
 788  3.56336996336996E-0001 -3.88278388278388E-0003
 789 -3.12527472527473E-0001 -2.23882783882784E-0001
 790  2.47545787545788E-0001 -4.68864468864469E-0003
 791 -3.46373626373626E-0001 -2.84322344322344E-0001
 792  1.50842490842491E-0001 -2.96410256410256E-0001
 793  4.93040293040293E-0002 -3.41538461538462E-0001
 794 -1.19413919413919E-0002 -4.31794871794872E-0001
 795 -1.01391941391941E-0001 -4.23736263736264E-0001
 796 -2.06153846153846E-0001 -5.14798534798535E-0001
 797 -3.14945054945055E-0001 -5.60732600732601E-0001
 798 -3.98754578754579E-0001 -6.23589743589744E-0001
 799 -4.63223443223443E-0001 -1.59706959706960E-0002
 800  4.61904761904762E-0001 -1.67765567765568E-0002
 801  4.65128205128205E-0001 -1.59706959706960E-0002
 802  4.61098901098901E-0001 -1.83882783882784E-0002
 803  4.60293040293040E-0001 -4.49816849816850E-0002
 804  4.60293040293040E-0001 -7.15750915750916E-0002
 805  4.61098901098901E-0001 -8.95164835164835E-0001
 806 -8.57289377289377E-0001 -1.35238095238095E-0001
 807  4.59487179487179E-0001 -9.53992673992674E-0001
 808 -9.29816849816850E-0001 -9.98315018315018E-0001
 809 -9.91062271062271E-0001 -1.05875457875458E+0000
 810 -1.02893772893773E+0000 -1.09582417582418E+0000
 811 -1.08051282051282E+0000 -1.15384615384615E+0000
 812 -1.11516483516484E+0000 -1.18930402930403E+0000
 813 -1.16351648351648E+0000 -1.25377289377289E+0000
 814 -1.22717948717949E+0000 -2.40293040293040E-0002
 815 -1.48183150183150E+0000 -1.83882783882784E-0002
 816 -1.53260073260073E+0000 -1.67765567765568E-0002
 817 -1.57450549450549E+0000 -1.39076923076923E+0000
 818 -1.29648351648352E+0000 -1.45120879120879E+0000
 819 -1.33113553113553E+0000 -1.47135531135531E+0000
 820 -1.36095238095238E+0000 -1.51326007326007E+0000
 821 -1.38029304029304E+0000 -1.54227106227106E+0000
 822 -1.40688644688645E+0000 -1.75824175824176E-0002
 823 -1.78725274725275E+0000 -1.58175824175824E+0000
 824 -1.43912087912088E+0000 -1.61641025641026E+0000
 825 -1.46571428571429E+0000 -1.62527472527473E+0000
 826 -1.48505494505495E+0000 -1.62366300366300E+0000
 827 -1.52131868131868E+0000 -1.62285714285714E+0000
 828 -1.54791208791209E+0000 -2.00000000000000E-0002
 829 -2.00000000000000E+0000 -1.62043956043956E+0000
 830 -1.55194139194139E+0000 -1.61963369963370E+0000
 831 -1.56000000000000E+0000 -1.61802197802198E+0000
 832 -1.58095238095238E+0000 -1.61882783882784E+0000
 833 -1.60109890109890E+0000 -2.16117216117216E-0002
 834 -2.00000000000000E+0000 -2.16117216117216E-0002
 835 -2.00000000000000E+0000 -1.19413919413919E-0002
 836  4.49010989010989E-0001 -1.51648351648351E-0002
 837  4.52234432234432E-0001 -2.16117216117216E-0002
 838 -2.00000000000000E+0000 -2.16117216117216E-0002
 839 -2.00000000000000E+0000 -2.24175824175824E-0002
 840 -2.00000000000000E+0000 -2.16117216117216E-0002
 841 -2.00000000000000E+0000 -1.91941391941392E-0002
 842 -2.00000000000000E+0000 -1.60754578754579E+0000
 843 -1.59948717948718E+0000 -1.60432234432234E+0000
 844 -1.60271062271062E+0000 -1.60029304029304E+0000
 845 -1.57934065934066E+0000 -5.34139194139194E-0001
 846  4.49010989010989E-0001 -5.31721611721612E-0001
 847  4.56263736263736E-0001 -5.34139194139194E-0001
 848  4.49010989010989E-0001 -2.32234432234432E-0002
 849  4.49010989010989E-0001 -2.00000000000000E-0002
 850 -2.00000000000000E+0000 -1.38271062271062E+0000
 851  4.50622710622711E-0001 -2.48351648351648E-0002
 852 -2.00000000000000E+0000 -1.66717948717949E+0000
 853  4.48205128205128E-0001 -1.67523809523810E+0000
 854  4.47399267399267E-0001 -1.66879120879121E+0000
 855  4.49816849816850E-0001 -1.66879120879121E+0000
 856  4.45787545787546E-0001 -4.10036630036630E-0001
 857  4.55457875457875E-0001 -1.65670329670330E+0000
 858  4.45787545787546E-0001 -3.95531135531136E-0001
 859  4.55457875457875E-0001 -3.68131868131868E-0001
 860  4.54652014652015E-0001  3.39926739926740E-0002
 861 -1.36981684981685E+0000 -3.56043956043956E-0001
 862  4.53040293040293E-0001  3.64102564102564E-0002
 863 -1.32710622710623E+0000 -3.24615384615385E-0001
 864 -7.22710622710623E-0001  1.70695970695971E-0002
 865 -1.30051282051282E+0000 -3.09304029304029E-0001
 866 -2.00000000000000E+0000  1.86813186813187E-0002
 867 -1.27391941391941E+0000 -2.93186813186813E-0001
 868 -2.00000000000000E+0000  1.14285714285714E-0002
 869 -1.25457875457875E+0000  1.06227106227106E-0002
 870 -1.21025641025641E+0000  7.39926739926740E-0003
 871 -1.19091575091575E+0000 -3.36996336996337E-0002
 872  4.77216117216117E-0001  8.20512820512821E-0003
 873 -1.13369963369963E+0000 -3.20879120879121E-0002
 874  4.73992673992674E-0001 -3.20879120879121E-0002
 875  4.73186813186813E-0001 -1.53824175824176E+0000
 876  4.43369963369963E-0001 -3.28937728937729E-0002
 877  4.76410256410256E-0001 -1.42783882783883E+0000
 878  4.44175824175824E-0001 -3.12820512820513E-0002
 879  4.70769230769231E-0001 -1.34402930402930E+0000
 880  4.43369963369963E-0001 -1.25619047619048E+0000
 881  4.40952380952381E-0001 -1.18205128205128E+0000
 882  4.41758241758242E-0001  3.36996336996337E-0003
 883 -2.00000000000000E+0000 -2.27106227106227E-0003
 884 -2.00000000000000E+0000  2.56410256410256E-0003
 885 -2.00000000000000E+0000  1.75824175824176E-0003
 886 -2.00000000000000E+0000 -1.46520146520146E-0003
 887 -7.05787545787546E-0001 -3.07692307692308E-0003
 888 -6.80000000000000E-0001 -2.27106227106227E-0003
 889 -6.29230769230769E-0001 -4.09523809523810E-0002
 890  4.68351648351648E-0001 -3.69230769230769E-0002
 891  4.68351648351648E-0001 -3.77289377289377E-0002
 892  4.69157509157509E-0001 -3.77802197802198E-0001
 893  3.20879120879121E-0001 -4.09523809523810E-0002
 894  4.69157509157509E-0001 -3.07692307692308E-0001
 895  2.78974358974359E-0001 -2.23882783882784E-0001
 896  2.41098901098901E-0001 -1.50549450549451E-0001
 897  1.73406593406593E-0001 -8.28571428571429E-0002
 898  1.31501831501832E-0001 -8.71794871794872E-0003
 899  8.39560439560440E-0002 -4.68864468864469E-0003
 900 -1.06923076923077E+0000 -3.07692307692308E-0003
 901 -9.66080586080586E-0001 -3.07692307692308E-0003
 902 -8.59706959706960E-0001 -6.30036630036630E-0003
 903 -7.59780219780220E-0001 -4.68864468864469E-0003
 904 -6.85641025641026E-0001 -1.51648351648351E-0002
 905 -2.80586080586081E-0002 -1.67765567765568E-0002
 906  7.02564102564103E-0002 -1.83882783882784E-0002
 907  9.84615384615385E-0002 -1.86813186813187E-0001
 908  2.73333333333333E-0001 -2.08058608058608E-0002
 909  1.64542124542125E-0001 -2.36776556776557E-0001
 910  1.38754578754579E-0001 -2.93992673992674E-0001
 911  3.64102564102564E-0002 -7.91208791208791E-0003
 912 -4.41465201465201E-0001 -3.52014652014652E-0001
 913 -4.90109890109890E-0002 -8.71794871794872E-0003
 914 -5.09157509157509E-0001 -5.49450549450549E-0003
 915 -6.04249084249084E-0001 -1.11355311355311E-0002
 916 -6.68717948717949E-0001 -1.03296703296703E-0002
 917 -7.24322344322344E-0001 -1.19413919413919E-0002
 918 -7.83150183150183E-0001 -1.27472527472527E-0002
 919  4.61098901098901E-0001 -1.51648351648351E-0002
 920 -9.01611721611722E-0001 -2.00000000000000E-0002
 921 -9.65274725274725E-0001 -1.35531135531135E-0002
 922  4.60293040293040E-0001 -1.51648351648351E-0002
 923 -1.01846153846154E+0000 -1.35531135531135E-0002
 924  4.56263736263736E-0001 -1.51648351648351E-0002
 925  4.57875457875458E-0001 -2.00512820512821E-0001
 926  4.58681318681319E-0001 -2.60146520146520E-0001
 927  4.54652014652015E-0001 -2.60146520146520E-0001
 928  4.57069597069597E-0001 -1.16512820512821E+0000
 929 -1.16029304029304E+0000 -3.15750915750916E-0001
 930  4.63516483516484E-0001 -1.24893772893773E+0000
 931 -1.22395604395604E+0000 -1.30534798534799E+0000
 932 -1.25780219780220E+0000 -8.71794871794872E-0003
 933 -1.50520146520147E+0000 -1.75824175824176E-0002
 934 -1.57692307692308E+0000 -1.83882783882784E-0002
 935 -1.62769230769231E+0000 -1.51648351648351E-0002
 936  4.49010989010989E-0001 -1.83882783882784E-0002
 937  4.49010989010989E-0001 -4.53553113553114E-0001
 938  4.58681318681319E-0001 -4.86593406593407E-0001
 939  4.59487179487179E-0001 -4.87399267399267E-0001
 940  4.56263736263736E-0001 -1.62930402930403E+0000
 941 -1.50036630036630E+0000 -5.07545787545788E-0001
 942  4.56263736263736E-0001 -1.61882783882784E+0000
 943 -1.50600732600733E+0000 -1.62366300366300E+0000
 944 -1.52937728937729E+0000 -1.62205128205128E+0000
 945 -1.54388278388278E+0000 -1.62205128205128E+0000
 946 -1.56483516483516E+0000 -2.16117216117216E-0002
 947 -2.00000000000000E+0000 -2.24175824175824E-0002
 948 -2.00000000000000E+0000 -2.24175824175824E-0002
 949 -2.00000000000000E+0000 -1.67765567765568E-0002
 950  4.49010989010989E-0001 -1.59706959706960E-0002
 951  4.49010989010989E-0001 -5.63150183150183E-0001
 952  4.55457875457875E-0001 -5.67985347985348E-0001
 953  4.58681318681319E-0001 -5.63956043956044E-0001
 954  4.55457875457875E-0001 -1.61157509157509E+0000
 955 -1.61399267399267E+0000 -5.59120879120879E-0001
 956  4.55457875457875E-0001 -1.60915750915751E+0000
 957 -1.60109890109890E+0000 -1.60673992673993E+0000
 958 -1.60190476190476E+0000 -1.60432234432234E+0000
 959 -1.59948717948718E+0000 -2.48351648351648E-0002
 960 -2.00000000000000E+0000 -1.60190476190476E+0000
 961 -1.58336996336996E+0000 -2.56410256410256E-0002
 962 -2.00000000000000E+0000 -1.59706959706960E+0000
 963 -1.58014652014652E+0000 -2.56410256410256E-0002
 964 -2.00000000000000E+0000 -1.59545787545788E+0000
 965 -1.56644688644689E+0000 -2.48351648351648E-0002
 966 -2.00000000000000E+0000 -2.80586080586081E-0002
 967 -2.00000000000000E+0000 -5.51062271062271E-0001
 968  4.48205128205128E-0001 -1.62446886446886E+0000
 969  4.45787545787546E-0001 -5.04322344322344E-0001
 970  4.54652014652015E-0001 -1.67362637362637E+0000
 971  4.47399267399267E-0001 -4.79340659340659E-0001
 972  4.53040293040293E-0001 -1.67120879120879E+0000
 973  4.46593406593407E-0001 -4.66446886446886E-0001
 974  4.49010989010989E-0001 -4.47106227106227E-0001
 975  4.53040293040293E-0001  3.07692307692308E-0002
 976 -1.45604395604396E+0000  2.91575091575092E-0002
 977 -1.40285714285714E+0000  3.07692307692308E-0002
 978 -1.39802197802198E+0000 -2.80586080586081E-0002
 979 -2.00000000000000E+0000 -3.20879120879121E-0002
 980 -2.00000000000000E+0000 -1.64461538461538E+0000
 981  4.44175824175824E-0001 -1.63413919413919E+0000
 982  4.47399267399267E-0001 -1.60190476190476E+0000
 983  4.46593406593407E-0001 -1.60109890109890E+0000
 984  4.44175824175824E-0001 -1.59626373626374E+0000
 985  4.44175824175824E-0001 -1.94065934065934E-0001
 986 -2.00000000000000E+0000 -1.72307692307692E-0001
 987 -2.00000000000000E+0000  1.75824175824176E-0003
 988 -1.08131868131868E+0000 -1.19120879120879E-0001
 989 -2.00000000000000E+0000  3.36996336996337E-0003
 990 -1.04021978021978E+0000  4.17582417582418E-0003
 991 -1.00717948717949E+0000 -3.45054945054945E-0002
 992  4.71575091575092E-0001 -3.36996336996337E-0002
 993  4.72380952380952E-0001 -3.45054945054945E-0002
 994  4.72380952380952E-0001 -3.53113553113553E-0002
 995  4.73186813186813E-0001 -1.03619047619048E+0000
 996  4.40952380952381E-0001 -9.77362637362637E-0001
 997  4.40952380952381E-0001 -8.88717948717949E-0001
 998  4.38534798534799E-0001  9.52380952380952E-0004
 999 -2.00000000000000E+0000  9.52380952380952E-0004
 1000 -2.00000000000000E+0000  1.46520146520147E-0004
 1001 -2.00000000000000E+0000 -4.68864468864469E-0003
 1002 -5.79267399267399E-0001 -5.49450549450549E-0003
 1003 -5.57509157509158E-0001 -3.85347985347985E-0002
 1004  4.65128205128205E-0001 -7.91208791208791E-0003
 1005 -4.87399267399267E-0001 -3.85347985347985E-0002
 1006  4.65934065934066E-0001 -4.01465201465201E-0002
 1007  4.58681318681319E-0001 -3.93406593406593E-0002
 1008  4.61904761904762E-0001 -2.15018315018315E-0001
 1009  2.22564102564103E-0001 -1.48937728937729E-0001
 1010  1.57289377289377E-0001 -4.68864468864469E-0003
 1011 -1.23040293040293E+0000 -3.88278388278388E-0003
 1012 -1.12241758241758E+0000 -4.68864468864469E-0003
 1013 -1.00476190476190E+0000 -1.35531135531135E-0002
 1014 -1.57802197802198E-0001 -1.35531135531135E-0002
 1015 -1.36043956043956E-0001 -3.93406593406593E-0002
 1016  4.57069597069597E-0001 -4.01465201465201E-0002
 1017  4.57875457875458E-0001 -7.15750915750916E-0002
 1018  4.58681318681319E-0001 -6.30036630036630E-0003
 1019 -1.99706959706960E-0001 -6.30036630036630E-0003
 1020 -2.41611721611722E-0001 -6.30036630036630E-0003
 1021 -2.81904761904762E-0001 -7.91208791208791E-0003
 1022 -2.75457875457875E-0001 -9.52380952380952E-0003
 1023 -1.70695970695971E-0001 -8.71794871794872E-0003
 1024 -9.41391941391941E-0002 -1.83882783882784E-0002
 1025  2.87838827838828E-0001 -1.03296703296703E-0002
 1026  3.23296703296703E-0001 -3.79413919413919E-0001
 1027 -1.18315018315018E-0001 -2.00000000000000E-0002
 1028  3.61978021978022E-0001 -4.46300366300366E-0001
 1029 -1.82783882783883E-0001 -4.88205128205128E-0001
 1030 -2.38388278388278E-0001 -1.11355311355311E-0002
 1031 -6.46959706959707E-0001 -5.33333333333333E-0001
 1032 -3.03663003663004E-0001 -1.19413919413919E-0002
 1033 -6.86446886446886E-0001 -5.67179487179487E-0001
 1034 -3.81025641025641E-0001 -1.51648351648351E-0002
 1035 -7.38827838827839E-0001 -1.43589743589743E-0002
 1036 -7.79120879120879E-0001 -1.19413919413919E-0002
 1037  4.57069597069597E-0001 -1.75824175824176E-0002
 1038 -8.34725274725275E-0001 -1.51648351648351E-0002
 1039  4.57875457875458E-0001 -1.51648351648351E-0002
 1040  4.58681318681319E-0001 -1.83882783882784E-0002
 1041  4.60293040293040E-0001 -8.28571428571429E-0002
 1042  4.57069597069597E-0001 -8.60805860805861E-0002
 1043  4.57875457875458E-0001 -9.38681318681319E-0001
 1044 -8.79047619047619E-0001 -1.50549450549451E-0001
 1045  4.49010989010989E-0001 -9.62857142857143E-0001
 1046 -9.37069597069597E-0001 -1.02168498168498E+0000
 1047 -9.99120879120879E-0001 -1.07164835164835E+0000
 1048 -1.05714285714286E+0000 -1.91941391941392E-0002
 1049 -1.28358974358974E+0000 -1.91941391941392E-0002
 1050 -1.35047619047619E+0000 -1.59706959706960E-0002
 1051  4.53846153846154E-0001 -1.51648351648351E-0002
 1052  4.54652014652015E-0001 -3.37509157509158E-0001
 1053  4.57069597069597E-0001 -1.83882783882784E-0002
 1054  4.51428571428571E-0001 -3.82637362637363E-0001
 1055  4.57875457875458E-0001 -3.82637362637363E-0001
 1056  4.55457875457875E-0001 -1.41736263736264E+0000
 1057 -1.34564102564103E+0000 -4.18095238095238E-0001
 1058  4.57069597069597E-0001 -1.46410256410256E+0000
 1059 -1.36739926739927E+0000 -4.15677655677656E-0001
 1060  4.56263736263736E-0001 -1.49714285714286E+0000
 1061 -1.40205128205128E+0000 -1.55919413919414E+0000
 1062 -1.43750915750916E+0000 -2.24175824175824E-0002
 1063 -1.78886446886447E+0000 -2.24175824175824E-0002
 1064 -1.83802197802198E+0000 -1.51648351648351E-0002
 1065  4.54652014652015E-0001 -1.83882783882784E-0002
 1066  4.49010989010989E-0001 -5.18021978021978E-0001
 1067  4.55457875457875E-0001 -5.30915750915751E-0001
 1068  4.55457875457875E-0001 -1.62446886446886E+0000
 1069 -1.55355311355311E+0000 -1.62366300366300E+0000
 1070 -1.55677655677656E+0000 -2.24175824175824E-0002
 1071 -2.00000000000000E+0000 -1.61479853479853E+0000
 1072 -1.57531135531136E+0000 -2.32234432234432E-0002
 1073 -2.00000000000000E+0000 -2.40293040293040E-0002
 1074 -2.00000000000000E+0000 -1.83882783882784E-0002
 1075  4.47399267399267E-0001 -2.08058608058608E-0002
 1076  4.48205128205128E-0001 -5.75238095238095E-0001
 1077  4.53846153846154E-0001 -1.91941391941392E-0002
 1078  4.45787545787546E-0001 -5.75238095238095E-0001
 1079  4.56263736263736E-0001 -5.69597069597070E-0001
 1080  4.54652014652015E-0001 -1.60754578754579E+0000
 1081 -1.60754578754579E+0000 -1.61479853479853E+0000
 1082 -1.60190476190476E+0000 -2.40293040293040E-0002
 1083 -2.00000000000000E+0000 -1.61157509157509E+0000
 1084 -1.60754578754579E+0000 -2.48351648351648E-0002
 1085 -2.00000000000000E+0000 -2.00000000000000E-0002
 1086 -2.00000000000000E+0000 -2.48351648351648E-0002
 1087 -2.00000000000000E+0000 -1.91941391941392E-0002
 1088  4.45787545787546E-0001 -1.67765567765568E-0002
 1089  4.48205128205128E-0001 -5.27692307692308E-0001
 1090  4.49010989010989E-0001 -5.30915750915751E-0001
 1091  4.53846153846154E-0001 -1.59626373626374E+0000
 1092 -1.57208791208791E+0000 -1.59304029304029E+0000
 1093 -1.56080586080586E+0000 -1.59304029304029E+0000
 1094 -1.56241758241758E+0000 -2.80586080586081E-0002
 1095 -2.00000000000000E+0000 -1.66717948717949E+0000
 1096  4.49010989010989E-0001 -2.80586080586081E-0002
 1097 -2.00000000000000E+0000 -1.65186813186813E+0000
 1098  4.48205128205128E-0001 -1.69054945054945E+0000
 1099  4.45787545787546E-0001 -4.83369963369963E-0001
 1100  4.53846153846154E-0001 -4.54358974358974E-0001
 1101  4.52234432234432E-0001 -4.47106227106227E-0001
 1102  4.49010989010989E-0001  2.83516483516484E-0002
 1103 -1.45201465201465E+0000  2.83516483516484E-0002
 1104 -1.43106227106227E+0000 -3.20879120879121E-0002
 1105 -2.00000000000000E+0000  2.99633699633700E-0002
 1106 -1.42542124542125E+0000  3.15750915750916E-0002
 1107 -1.39882783882784E+0000  4.36630036630037E-0002
 1108 -1.38432234432234E+0000 -3.75384615384615E-0001
 1109  4.44175824175824E-0001 -3.44761904761905E-0001
 1110 -2.35970695970696E-0001 -1.63655677655678E+0000
 1111  4.42564102564103E-0001 -3.12820512820513E-0002
 1112 -1.63494505494505E+0000 -3.12820512820513E-0002
 1113 -4.96263736263736E-0001  7.39926739926740E-0003
 1114 -1.22556776556777E+0000 -2.23076923076923E-0001
 1115 -2.00000000000000E+0000 -1.58981684981685E+0000
 1116  4.39340659340659E-0001 -1.58739926739927E+0000
 1117  4.40146520146520E-0001 -1.58578754578755E+0000
 1118  4.36117216117216E-0001 -1.58417582417582E+0000
 1119  4.40952380952381E-0001 -1.12673992673992E-0001
 1120 -2.00000000000000E+0000 -1.53824175824176E+0000
 1121  4.41758241758242E-0001 -7.64102564102564E-0002
 1122 -2.00000000000000E+0000 -4.65934065934066E-0002
 1123 -2.00000000000000E+0000  1.46520146520147E-0004
 1124 -9.83003663003663E-0001 -3.07692307692308E-0003
 1125 -9.34652014652015E-0001 -3.61172161172161E-0002
 1126  4.71575091575092E-0001  9.52380952380952E-0004
 1127 -9.13699633699634E-0001 -4.09523809523810E-0002
 1128  4.69963369963370E-0001  1.46520146520147E-0004
 1129 -8.91941391941392E-0001 -3.69230769230769E-0002
 1130  4.69963369963370E-0001 -4.09523809523810E-0002
 1131  4.70769230769231E-0001 -9.66886446886447E-0001
 1132  4.36117216117216E-0001 -3.61172161172161E-0002
 1133  4.68351648351648E-0001 -9.11282051282051E-0001
 1134  4.36117216117216E-0001 -8.07326007326007E-0001
 1135  4.32893772893773E-0001 -7.42051282051282E-0001
 1136  4.36117216117216E-0001 -2.27106227106227E-0003
 1137 -2.00000000000000E+0000 -6.96923076923077E-0001
 1138  4.32087912087912E-0001 -2.27106227106227E-0003
 1139 -2.00000000000000E+0000 -5.49450549450549E-0003
 1140 -2.00000000000000E+0000 -1.11355311355311E-0002
 1141 -5.13992673992674E-0001  3.36996336996337E-0003
 1142 -1.93230769230769E+0000 -7.91208791208791E-0003
 1143 -5.11575091575092E-0001 -7.91208791208791E-0003
 1144 -4.57582417582418E-0001 -4.09523809523810E-0002
 1145  4.65128205128205E-0001 -4.17582417582418E-0002
 1146  4.61904761904762E-0001 -2.30329670329670E-0001
 1147  1.73406593406593E-0001 -1.56996336996337E-0001
 1148  1.43589743589744E-0001 -7.96336996336996E-0002
 1149  1.08131868131868E-0001 -2.80586080586081E-0002
 1150  8.39560439560440E-0002 -7.91208791208791E-0003
 1151 -1.02732600732601E+0000 -3.88278388278388E-0003
 1152  2.35164835164835E-0002 -5.49450549450549E-0003
 1153 -4.33699633699634E-0002 -7.10622710622711E-0003
 1154 -8.44395604395604E-0001 -4.68864468864469E-0003
 1155 -6.10989010989011E-0002 -7.10622710622711E-0003
 1156 -7.51721611721612E-0001 -8.71794871794872E-0003
 1157 -6.63076923076923E-0001 -7.91208791208791E-0003
 1158 -5.90549450549451E-0001 -1.83882783882784E-0002
 1159  2.35164835164835E-0002 -1.91941391941392E-0002
 1160  7.02564102564103E-0002 -1.52967032967033E-0001
 1161  3.68424908424908E-0001 -2.00512820512821E-0001
 1162  3.16043956043956E-0001 -2.02124542124542E-0001
 1163  2.16923076923077E-0001 -2.83516483516484E-0001
 1164  1.49230769230769E-0001 -8.71794871794872E-0003
 1165 -4.63223443223443E-0001 -3.06080586080586E-0001
 1166  2.91575091575092E-0002 -1.19413919413919E-0002
 1167 -4.99487179487179E-0001 -3.73772893772894E-0001
 1168 -7.56043956043956E-0002 -1.51648351648351E-0002
 1169 -5.43809523809524E-0001 -1.51648351648351E-0002
 1170 -6.06666666666667E-0001 -1.35531135531135E-0002
 1171  2.58827838827839E-0001 -1.51648351648351E-0002
 1172 -6.47765567765568E-0001 -1.67765567765568E-0002
 1173  3.28131868131868E-0001 -1.51648351648351E-0002
 1174  3.83736263736264E-0001 -2.08058608058608E-0002
 1175  4.57875457875458E-0001 -1.43589743589743E-0002
 1176  7.83150183150183E-0002 -1.91941391941392E-0002
 1177  4.56263736263736E-0001 -2.08058608058608E-0002
 1178  4.57069597069597E-0001 -1.91941391941392E-0002
 1179  4.55457875457875E-0001 -1.83882783882784E-0002
 1180  4.56263736263736E-0001 -8.10549450549451E-0001
 1181 -7.83150183150183E-0001 -8.61318681318681E-0001
 1182 -8.32307692307692E-0001 -8.92747252747253E-0001
 1183 -8.81465201465201E-0001 -9.22564102564103E-0001
 1184 -9.28205128205128E-0001 -1.83882783882784E-0002
 1185 -1.12000000000000E+0000 -2.00000000000000E-0002
 1186 -1.17318681318681E+0000 -1.91941391941392E-0002
 1187 -1.21106227106227E+0000 -1.59706959706960E-0002
 1188  4.55457875457875E-0001 -1.75824175824176E-0002
 1189 -1.24652014652015E+0000 -1.83882783882784E-0002
 1190  4.54652014652015E-0001 -1.59706959706960E-0002
 1191  4.53846153846154E-0001 -1.83882783882784E-0002
 1192  4.49010989010989E-0001 -1.67765567765568E-0002
 1193  4.53846153846154E-0001 -1.75824175824176E-0002
 1194  4.53040293040293E-0001 -3.52014652014652E-0001
 1195  4.53846153846154E-0001 -3.93113553113553E-0001
 1196  4.53846153846154E-0001 -1.40527472527473E+0000
 1197 -1.33274725274725E+0000 -1.45040293040293E+0000
 1198 -1.36256410256410E+0000 -1.47941391941392E+0000
 1199 -1.38271062271062E+0000 -1.51970695970696E+0000
 1200 -1.42622710622711E+0000 -2.48351648351648E-0002
 1201 -1.82271062271062E+0000 -2.48351648351648E-0002
 1202 -1.85575091575092E+0000 -1.67765567765568E-0002
 1203  4.49010989010989E-0001 -1.59706959706960E-0002
 1204  4.49010989010989E-0001 -2.32234432234432E-0002
 1205  4.49010989010989E-0001 -5.40586080586081E-0001
 1206  4.53040293040293E-0001 -1.67765567765568E-0002
 1207  4.49010989010989E-0001 -5.33333333333333E-0001
 1208  4.51428571428571E-0001 -5.56703296703297E-0001
 1209  4.57069597069597E-0001 -5.82490842490842E-0001
 1210  4.53040293040293E-0001 -5.72014652014652E-0001
 1211  4.53846153846154E-0001 -1.62285714285714E+0000
 1212 -1.61882783882784E+0000 -5.79267399267399E-0001
 1213  4.53040293040293E-0001 -1.61802197802198E+0000
 1214 -1.61882783882784E+0000 -1.61721611721612E+0000
 1215 -1.62608058608059E+0000 -2.56410256410256E-0002
 1216 -2.00000000000000E+0000 -1.61560439560440E+0000
 1217 -1.62930402930403E+0000 -2.56410256410256E-0002
 1218 -2.00000000000000E+0000 -1.61479853479853E+0000
 1219 -1.61721611721612E+0000 -2.64468864468864E-0002
 1220 -2.00000000000000E+0000 -2.64468864468864E-0002
 1221 -2.00000000000000E+0000 -2.32234432234432E-0002
 1222  4.49010989010989E-0001 -1.83882783882784E-0002
 1223  4.48205128205128E-0001 -2.00000000000000E-0002
 1224  4.46593406593407E-0001 -5.39780219780220E-0001
 1225  4.50622710622711E-0001 -5.49450549450549E-0001
 1226  4.53846153846154E-0001 -5.31721611721612E-0001
 1227  4.52234432234432E-0001 -1.59223443223443E+0000
 1228 -1.55274725274725E+0000 -1.58739926739927E+0000
 1229 -1.54065934065934E+0000 -1.58498168498168E+0000
 1230 -1.54549450549451E+0000 -1.58095238095238E+0000
 1231 -1.52051282051282E+0000 -3.12820512820513E-0002
 1232 -2.00000000000000E+0000 -1.56886446886447E+0000
 1233 -1.49311355311355E+0000 -2.96703296703297E-0002
 1234 -2.00000000000000E+0000 -2.96703296703297E-0002
 1235 -2.00000000000000E+0000 -3.20879120879121E-0002
 1236 -2.00000000000000E+0000 -1.66395604395604E+0000
 1237  4.45787545787546E-0001 -1.65912087912088E+0000
 1238  4.44981684981685E-0001 -3.99560439560440E-0001
 1239  4.50622710622711E-0001 -1.65589743589744E+0000
 1240  4.45787545787546E-0001 -1.65347985347985E+0000
 1241  4.44175824175824E-0001 -3.82637362637363E-0001
 1242 -1.59706959706960E-0002 -3.50402930402930E-0001
 1243 -1.34322344322344E+0000  2.59340659340659E-0002
 1244 -1.30051282051282E+0000  2.35164835164835E-0002
 1245 -1.28117216117216E+0000 -3.20879120879121E-0002
 1246 -7.01758241758242E-0001  1.22344322344322E-0002
 1247 -1.27230769230769E+0000  2.56410256410256E-0003
 1248 -1.23523809523810E+0000  3.36996336996337E-0003
 1249 -1.20703296703297E+0000 -2.27106227106227E-0003
 1250 -1.13047619047619E+0000 -3.61172161172161E-0002
 1251  4.69963369963370E-0001 -2.27106227106227E-0003
 1252 -1.13450549450549E+0000 -3.45054945054945E-0002
 1253  4.68351648351648E-0001 -3.45054945054945E-0002
 1254  4.69963369963370E-0001 -3.61172161172161E-0002
 1255  4.69157509157509E-0001 -3.61172161172161E-0002
 1256  4.68351648351648E-0001 -3.69230769230769E-0002
 1257  4.73186813186813E-0001 -3.85347985347985E-0002
 1258  4.69963369963370E-0001 -3.69230769230769E-0002
 1259  4.69963369963370E-0001 -1.18446886446886E+0000
 1260  4.37728937728938E-0001 -1.11597069597070E+0000
 1261  4.39340659340659E-0001 -1.05553113553114E+0000
 1262  4.37728937728938E-0001 -9.82197802197802E-0001
 1263  4.42564102564103E-0001 -8.73406593406593E-0001
 1264  4.37728937728938E-0001 -8.09743589743590E-0001
 1265  4.36117216117216E-0001 -7.71062271062271E-0001
 1266  4.40146520146520E-0001 -7.91208791208791E-0003
 1267 -2.00000000000000E+0000 -3.88278388278388E-0003
 1268 -2.00000000000000E+0000 -8.71794871794872E-0003
 1269 -5.36556776556777E-0001 -1.27472527472527E-0002
 1270 -5.01098901098901E-0001 -4.68864468864469E-0003
 1271 -1.77516483516484E+0000 -4.68864468864469E-0003
 1272 -1.65186813186813E+0000 -5.49450549450549E-0003
 1273 -1.52937728937729E+0000 -1.19413919413919E-0002
 1274 -1.42058608058608E+0000 -6.30036630036630E-0003
 1275 -1.24007326007326E+0000 -1.68278388278388E-0001
 1276  1.09743589743589E-0001 -6.30036630036630E-0003
 1277 -1.10146520146520E+0000 -1.51648351648351E-0002
 1278 -9.97509157509158E-0001 -4.33699633699634E-0002
 1279  4.55457875457875E-0001 -3.45054945054945E-0002
 1280  4.57875457875458E-0001 -4.25641025641026E-0002
 1281  4.56263736263736E-0001 -7.10622710622711E-0003
 1282 -2.22271062271062E-0001 -8.71794871794872E-0003
 1283 -2.79487179487179E-0001 -8.71794871794872E-0003
 1284 -2.60952380952381E-0001 -1.19413919413919E-0002
 1285 -1.23150183150183E-0001 -1.19413919413919E-0002
 1286 -4.30183150183150E-0001 -1.51648351648351E-0002
 1287  8.31501831501832E-0002 -1.51648351648351E-0002
 1288  1.63736263736264E-0001 -1.43589743589743E-0002
 1289 -5.87326007326007E-0001 -1.59706959706960E-0002
 1290  2.40293040293040E-0001 -1.51648351648351E-0002
 1291  2.97509157509158E-0001 -2.40293040293040E-0002
 1292  4.58681318681319E-0001 -1.51648351648351E-0002
 1293  3.84542124542125E-0001 -1.51648351648351E-0002
 1294  4.56263736263736E-0001 -1.67765567765568E-0002
 1295  4.55457875457875E-0001 -1.91941391941392E-0002
 1296  4.56263736263736E-0001 -2.16117216117216E-0002
 1297  4.49010989010989E-0001 -1.43589743589743E-0002
 1298  4.57069597069597E-0001 -5.14285714285714E-0002
 1299  4.56263736263736E-0001 -8.83882783882784E-0001
 1300 -8.54065934065934E-0001 -9.09157509157509E-0002
 1301  4.60293040293040E-0001 -9.04029304029304E-0001
 1302 -8.91941391941392E-0001 -9.58827838827839E-0001
 1303 -9.49963369963370E-0001 -2.00000000000000E-0002
 1304 -1.18043956043956E+0000 -9.77362637362637E-0001
 1305 -9.94285714285714E-0001 -2.00000000000000E-0002
 1306 -1.22395604395604E+0000 -2.08058608058608E-0002
 1307 -1.26747252747253E+0000 -2.24175824175824E-0002
 1308 -1.31260073260073E+0000 -2.08058608058608E-0002
 1309 -1.36901098901099E+0000 -2.16117216117216E-0002
 1310 -1.40124542124542E+0000 -1.17318681318681E+0000
 1311 -1.18446886446886E+0000 -2.16117216117216E-0002
 1312 -1.46087912087912E+0000 -1.24087912087912E+0000
 1313 -1.22717948717949E+0000 -1.28681318681319E+0000
 1314 -1.25296703296703E+0000 -1.32791208791209E+0000
 1315 -1.30776556776557E+0000 -1.37142857142857E+0000
 1316 -1.32388278388278E+0000 -2.24175824175824E-0002
 1317 -1.63252747252747E+0000 -2.24175824175824E-0002
 1318 -1.67765567765568E+0000 -1.50278388278388E+0000
 1319 -1.42945054945055E+0000 -2.64468864468864E-0002
 1320 -1.76952380952381E+0000 -1.61076923076923E+0000
 1321 -1.48827838827839E+0000 -1.62930402930403E+0000
 1322 -1.50036630036630E+0000 -5.03516483516484E-0001
 1323  4.48205128205128E-0001 -1.62608058608059E+0000
 1324 -1.53663003663004E+0000 -1.62688644688645E+0000
 1325 -1.53260073260073E+0000 -1.62608058608059E+0000
 1326 -1.56322344322344E+0000 -1.62366300366300E+0000
 1327 -1.56241758241758E+0000 -5.46227106227106E-0001
 1328  4.54652014652015E-0001 -5.65567765567766E-0001
 1329  4.49010989010989E-0001 -1.51648351648351E-0002
 1330  4.47399267399267E-0001 -5.66373626373626E-0001
 1331  4.42564102564103E-0001 -2.32234432234432E-0002
 1332  4.53846153846154E-0001 -1.91941391941392E-0002
 1333  4.47399267399267E-0001 -1.75824175824176E-0002
 1334  4.45787545787546E-0001 -5.69597069597070E-0001
 1335  4.49010989010989E-0001 -2.16117216117216E-0002
 1336  4.44175824175824E-0001 -2.24175824175824E-0002
 1337  4.48205128205128E-0001 -2.40293040293040E-0002
 1338  4.45787545787546E-0001 -5.66373626373626E-0001
 1339  4.49010989010989E-0001 -2.24175824175824E-0002
 1340  4.45787545787546E-0001 -2.16117216117216E-0002
 1341  4.45787545787546E-0001 -5.39780219780220E-0001
 1342  4.49010989010989E-0001 -5.40586080586081E-0001
 1343  4.49010989010989E-0001 -5.43003663003663E-0001
 1344  4.49010989010989E-0001 -2.16117216117216E-0002
 1345  4.46593406593407E-0001 -5.23663003663004E-0001
 1346  4.49010989010989E-0001 -5.18021978021978E-0001
 1347  4.49010989010989E-0001 -5.31721611721612E-0001
 1348  4.49010989010989E-0001 -5.18021978021978E-0001
 1349  4.49010989010989E-0001 -4.92234432234432E-0001
 1350  4.49010989010989E-0001 -1.57934065934066E+0000
 1351 -1.53098901098901E+0000 -5.15604395604396E-0001
 1352  4.49010989010989E-0001 -4.73699633699634E-0001
 1353  4.49010989010989E-0001 -4.66446886446886E-0001
 1354  4.49010989010989E-0001 -1.11355311355311E-0002
 1355 -1.47135531135531E+0000 -4.44688644688645E-0001
 1356  4.49010989010989E-0001 -4.36630036630037E-0001
 1357  4.49010989010989E-0001  2.83516483516484E-0002
 1358 -1.41494505494505E+0000  2.91575091575092E-0002
 1359 -1.38432234432234E+0000 -3.79413919413919E-0001
 1360  4.49010989010989E-0001  2.91575091575092E-0002
 1361 -1.37304029304029E+0000  3.39926739926740E-0002
 1362 -1.34805860805861E+0000  3.56043956043956E-0002
 1363 -1.31904761904762E+0000  2.99633699633700E-0002
 1364 -1.29809523809524E+0000  1.22344322344322E-0002
 1365 -1.27391941391941E+0000  5.78754578754579E-0003
 1366 -1.24087912087912E+0000 -2.27106227106227E-0003
 1367 -1.22234432234432E+0000  9.52380952380952E-0004
 1368 -1.17721611721612E+0000  1.75824175824176E-0003
 1369 -1.11919413919414E+0000 -2.80586080586081E-0002
 1370  4.68351648351648E-0001  1.46520146520147E-0004
 1371 -1.07890109890110E+0000 -3.69230769230769E-0002
 1372  4.68351648351648E-0001  9.52380952380952E-0004
 1373 -1.05311355311355E+0000 -2.27106227106227E-0003
 1374 -1.01926739926740E+0000 -6.59340659340659E-0004
 1375 -9.67692307692308E-0001 -3.69230769230769E-0002
 1376  4.69963369963370E-0001 -6.59340659340659E-0004
 1377 -9.66080586080586E-0001 -4.09523809523810E-0002
 1378  4.68351648351648E-0001 -4.09523809523810E-0002
 1379  4.68351648351648E-0001 -4.09523809523810E-0002
 1380  4.68351648351648E-0001 -1.18769230769231E+0000
 1381  4.36117216117216E-0001 -1.10065934065934E+0000
 1382  4.36117216117216E-0001 -1.04344322344322E+0000
 1383  4.36117216117216E-0001 -4.68864468864469E-0003
 1384 -2.00000000000000E+0000 -9.72527472527473E-0001
 1385  4.35311355311355E-0001 -6.30036630036630E-0003
 1386 -2.00000000000000E+0000 -9.11282051282051E-0001
 1387  4.36117216117216E-0001 -4.68864468864469E-0003
 1388 -2.00000000000000E+0000 -7.10622710622711E-0003
 1389 -2.00000000000000E+0000 -3.88278388278388E-0003
 1390 -2.00000000000000E+0000 -1.51648351648351E-0002
 1391 -5.60732600732601E-0001 -1.19413919413919E-0002
 1392 -4.97875457875458E-0001 -4.25641025641026E-0002
 1393  4.64322344322344E-0001 -9.52380952380952E-0003
 1394 -4.95457875457875E-0001 -4.57875457875458E-0002
 1395  4.63516483516484E-0001 -1.11355311355311E-0002
 1396 -4.62417582417582E-0001 -4.17582417582418E-0002
 1397  4.58681318681319E-0001 -4.41758241758242E-0002
 1398  4.61904761904762E-0001 -4.49816849816850E-0002
 1399  4.60293040293040E-0001 -1.51648351648351E-0002
 1400 -2.84322344322344E-0001 -1.67765567765568E-0002
 1401 -2.14212454212454E-0001 -1.75824175824176E-0002
 1402 -1.65860805860806E-0001 -1.75824175824176E-0002
 1403 -1.41684981684982E-0001 -4.09523809523810E-0002
 1404  4.57069597069597E-0001 -1.91941391941392E-0002
 1405 -1.23956043956044E-0001 -4.49816849816850E-0002
 1406  4.56263736263736E-0001 -4.49816849816850E-0002
 1407  4.54652014652015E-0001 -4.57875457875458E-0002
 1408  4.53846153846154E-0001 -1.07838827838827E-0001
 1409  4.54652014652015E-0001 -9.52380952380952E-0003
 1410 -2.35164835164835E-0001 -1.03296703296703E-0002
 1411 -2.85934065934066E-0001 -1.03296703296703E-0002
 1412 -3.23003663003663E-0001 -1.11355311355311E-0002
 1413 -3.50402930402930E-0001 -1.51648351648351E-0002
 1414 -4.10036630036630E-0001 -1.19413919413919E-0002
 1415 -4.24542124542125E-0001 -2.60146520146520E-0001
 1416  1.18608058608058E-0001 -3.17362637362637E-0001
 1417  4.68864468864469E-0002 -1.51648351648351E-0002
 1418 -4.92234432234432E-0001 -1.51648351648351E-0002
 1419 -5.34945054945055E-0001 -1.59706959706960E-0002
 1420 -5.80073260073260E-0001 -1.59706959706960E-0002
 1421 -6.34871794871795E-0001 -1.51648351648351E-0002
 1422 -6.72747252747253E-0001 -2.08058608058608E-0002
 1423 -7.06593406593407E-0001 -1.67765567765568E-0002
 1424 -7.45274725274725E-0001 -1.67765567765568E-0002
 1425  4.57069597069597E-0001 -1.91941391941392E-0002
 1426  4.55457875457875E-0001 -1.75824175824176E-0002
 1427  4.57069597069597E-0001 -2.16117216117216E-0002
 1428  4.54652014652015E-0001 -2.16117216117216E-0002
 1429  4.52234432234432E-0001 -2.16117216117216E-0002
 1430  4.53040293040293E-0001 -6.83516483516484E-0002
 1431  4.52234432234432E-0001 -8.74212454212454E-0001
 1432 -8.79853479853480E-0001 -9.33333333333333E-0002
 1433  4.53846153846154E-0001 -9.20146520146520E-0001
 1434 -9.39487179487179E-0001 -1.27179487179487E-0001
 1435  4.47399267399267E-0001 -9.49157509157509E-0001
 1436 -9.82197802197802E-0001 -1.00556776556777E+0000
 1437 -1.01282051282051E+0000 -1.03860805860806E+0000
 1438 -1.09018315018315E+0000 -1.08534798534799E+0000
 1439 -1.10307692307692E+0000 -2.24175824175824E-0002
 1440 -1.30534798534799E+0000 -1.12564102564103E+0000
 1441 -1.16432234432234E+0000 -1.15142857142857E+0000
 1442 -1.18124542124542E+0000 -2.16117216117216E-0002
 1443 -1.37706959706960E+0000 -1.18688644688645E+0000
 1444 -1.20542124542125E+0000 -2.00000000000000E-0002
 1445 -1.43186813186813E+0000 -2.48351648351648E-0002
 1446 -1.48586080586081E+0000 -2.32234432234432E-0002
 1447 -1.51003663003663E+0000 -2.24175824175824E-0002
 1448  4.49010989010989E-0001 -2.24175824175824E-0002
 1449 -1.55919413919414E+0000 -2.08058608058608E-0002
 1450  4.49010989010989E-0001 -2.16117216117216E-0002
 1451  4.49010989010989E-0001 -2.08058608058608E-0002
 1452  4.49010989010989E-0001 -2.24175824175824E-0002
 1453  4.49010989010989E-0001 -2.08058608058608E-0002
 1454  4.49010989010989E-0001 -1.75824175824176E-0002
 1455  4.49010989010989E-0001 -4.72893772893773E-0001
 1456  4.47399267399267E-0001 -2.16117216117216E-0002
 1457  4.48205128205128E-0001 -4.85787545787546E-0001
 1458  4.50622710622711E-0001 -4.95457875457875E-0001
 1459  4.49816849816850E-0001 -4.97069597069597E-0001
 1460  4.51428571428571E-0001 -1.62930402930403E+0000
 1461 -1.51809523809524E+0000 -5.14798534798535E-0001
 1462  4.51428571428571E-0001 -1.62688644688645E+0000
 1463 -1.51970695970696E+0000 -1.62688644688645E+0000
 1464 -1.52373626373626E+0000 -1.62688644688645E+0000
 1465 -1.54307692307692E+0000 -1.61802197802198E+0000
 1466 -1.55758241758242E+0000 -1.62608058608059E+0000
 1467 -1.56402930402930E+0000 -2.72527472527473E-0002
 1468 -2.00000000000000E+0000 -2.64468864468864E-0002
 1469 -2.00000000000000E+0000 -2.72527472527473E-0002
 1470 -2.00000000000000E+0000 -2.72527472527473E-0002
 1471 -2.00000000000000E+0000 -2.80586080586081E-0002
 1472 -2.00000000000000E+0000 -2.32234432234432E-0002
 1473  4.48205128205128E-0001 -2.08058608058608E-0002
 1474  4.45787545787546E-0001 -1.91941391941392E-0002
 1475  4.43369963369963E-0001 -5.77655677655678E-0001
 1476  4.44981684981685E-0001 -2.40293040293040E-0002
 1477  4.48205128205128E-0001 -2.08058608058608E-0002
 1478  4.44981684981685E-0001 -5.66373626373626E-0001
 1479  4.49010989010989E-0001 -5.61538461538462E-0001
 1480  4.49010989010989E-0001 -5.76043956043956E-0001
 1481  4.48205128205128E-0001 -1.61076923076923E+0000
 1482 -1.60109890109890E+0000 -5.60732600732601E-0001
 1483  4.48205128205128E-0001 -1.60673992673993E+0000
 1484 -1.59062271062271E+0000 -1.60673992673993E+0000
 1485 -1.58336996336996E+0000 -1.60351648351648E+0000
 1486 -1.58578754578755E+0000 -1.60190476190476E+0000
 1487 -1.58175824175824E+0000 -3.28937728937729E-0002
 1488 -2.00000000000000E+0000 -3.28937728937729E-0002
 1489 -2.00000000000000E+0000 -2.00000000000000E-0002
 1490  4.44981684981685E-0001 -2.88644688644689E-0002
 1491  4.42564102564103E-0001 -2.52087912087912E-0001
 1492  4.44175824175824E-0001 -4.99487179487179E-0001
 1493  4.48205128205128E-0001 -1.37142857142857E+0000
 1494  4.43369963369963E-0001 -1.66315018315018E+0000
 1495  4.44175824175824E-0001 -4.92234432234432E-0001
 1496  4.48205128205128E-0001 -4.79340659340659E-0001
 1497  4.49010989010989E-0001 -1.29890109890110E+0000
 1498 -1.46974358974359E+0000 -4.65641025641026E-0001
 1499  4.44981684981685E-0001 -2.13406593406593E-0001
 1500 -1.45282051282051E+0000  2.02930402930403E-0002
 1501 -1.44717948717949E+0000  2.67399267399267E-0002
 1502 -1.42542124542125E+0000  2.35164835164835E-0002
 1503 -1.42703296703297E+0000  2.35164835164835E-0002
 1504 -1.39479853479853E+0000 -3.28937728937729E-0002
 1505 -2.00000000000000E+0000  2.75457875457875E-0002
 1506 -1.36901098901099E+0000 -3.85347985347985E-0002
 1507 -2.00000000000000E+0000 -3.45054945054945E-0002
 1508 -2.00000000000000E+0000 -3.69230769230769E-0002
 1509 -2.00000000000000E+0000 -1.60512820512821E+0000
 1510  4.37728937728938E-0001 -1.60271062271062E+0000
 1511  4.40952380952381E-0001 -1.60190476190476E+0000
 1512  4.40146520146520E-0001 -2.62564102564103E-0001
 1513 -2.00000000000000E+0000 -2.13406593406593E-0001
 1514 -2.00000000000000E+0000 -1.94065934065934E-0001
 1515 -2.00000000000000E+0000 -1.63443223443223E-0001
 1516 -2.00000000000000E+0000 -2.27106227106227E-0003
 1517 -1.08212454212454E+0000 -3.07692307692308E-0003
 1518 -1.06761904761905E+0000 -7.10622710622711E-0003
 1519 -1.01362637362637E+0000 -3.07692307692308E-0003
 1520 -1.00395604395604E+0000 -4.25641025641026E-0002
 1521  4.67545787545788E-0001 -3.07692307692308E-0003
 1522 -9.82197802197802E-0001 -3.53113553113553E-0002
 1523  4.67545787545788E-0001 -3.85347985347985E-0002
 1524  4.66739926739927E-0001 -4.68864468864469E-0003
 1525 -9.33040293040293E-0001 -4.68864468864469E-0003
 1526 -8.93553113553114E-0001 -3.93406593406593E-0002
 1527  4.65934065934066E-0001 -4.33699633699634E-0002
 1528  4.61904761904762E-0001 -4.25641025641026E-0002
 1529  4.61904761904762E-0001 -9.75750915750916E-0001
 1530  4.35311355311355E-0001 -8.91135531135531E-0001
 1531  4.34505494505495E-0001 -8.24249084249084E-0001
 1532  4.33699633699634E-0001 -7.73479853479853E-0001
 1533  4.32893772893773E-0001 -5.49450549450549E-0003
 1534 -2.00000000000000E+0000 -5.49450549450549E-0003
 1535 -2.00000000000000E+0000 -1.03296703296703E-0002
 1536 -5.44615384615385E-0001 -4.68864468864469E-0003
 1537 -1.94842490842491E+0000 -1.11355311355311E-0002
 1538 -5.01098901098901E-0001 -1.11355311355311E-0002
 1539 -4.40659340659341E-0001 -1.27472527472527E-0002
 1540 -4.06813186813187E-0001 -4.65934065934066E-0002
 1541  4.58681318681319E-0001 -5.06227106227106E-0002
 1542  4.58681318681319E-0001 -4.49816849816850E-0002
 1543  4.57875457875458E-0001 -4.65934065934066E-0002
 1544  4.56263736263736E-0001 -6.02930402930403E-0002
 1545  2.99633699633700E-0002 -3.20879120879121E-0002
 1546 -3.07692307692308E-0003 -1.11355311355311E-0002
 1547 -8.88717948717949E-0001 -7.91208791208791E-0003
 1548 -5.38461538461538E-0002 -9.52380952380952E-0003
 1549 -8.52747252747253E-0002 -1.51648351648351E-0002
 1550 -6.87252747252747E-0001 -1.51648351648351E-0002
 1551 -5.98608058608059E-0001 -1.51648351648351E-0002
 1552 -4.99487179487179E-0001 -1.51648351648351E-0002
 1553 -4.02783882783883E-0001 -1.51648351648351E-0002
 1554 -2.83516483516484E-0001 -2.48351648351648E-0002
 1555  1.39560439560440E-0001 -1.67765567765568E-0002
 1556 -8.04395604395604E-0002 -1.67765567765568E-0002
 1557 -3.20879120879121E-0002 -1.67765567765568E-0002
 1558  4.36630036630037E-0002 -2.80586080586081E-0002
 1559  3.69230769230769E-0001 -2.48351648351648E-0002
 1560  4.38534798534799E-0001 -2.24175824175824E-0002
 1561  4.56263736263736E-0001 -2.80586080586081E-0002
 1562  4.53040293040293E-0001 -2.40293040293040E-0002
 1563  4.59487179487179E-0001 -2.80586080586081E-0002
 1564  4.53846153846154E-0001 -2.40293040293040E-0002
 1565  4.49010989010989E-0001 -6.75970695970696E-0001
 1566 -5.95384615384615E-0001 -2.40293040293040E-0002
 1567  4.53846153846154E-0001 -7.15457875457875E-0001
