 0  2.70769230769231E+0000  2.65853479853480E+0000
 1  2.70446886446886E+0000  2.65934065934066E+0000
 2  2.70446886446886E+0000  2.65853479853480E+0000
 3  2.70205128205128E+0000  2.65692307692308E+0000
 4  2.70205128205128E+0000  2.65692307692308E+0000
 5  2.70769230769231E+0000  2.66256410256410E+0000
 6  2.70446886446886E+0000  2.65934065934066E+0000
 7  2.70285714285714E+0000  2.65692307692308E+0000
 8  2.70366300366300E+0000  2.65853479853480E+0000
 9  2.70608058608059E+0000  2.65934065934066E+0000
 10  2.70205128205128E+0000  2.65692307692308E+0000
 11  2.70849816849817E+0000  2.66175824175824E+0000
 12  2.71172161172161E+0000  2.66820512820513E+0000
 13  2.70285714285714E+0000  2.65853479853480E+0000
 14  2.70043956043956E+0000  2.65611721611722E+0000
 15  2.70043956043956E+0000  2.66175824175824E+0000
 16  2.70527472527473E+0000  2.66498168498168E+0000
 17  2.70769230769231E+0000  2.66336996336996E+0000
 18  2.70446886446886E+0000  2.65934065934066E+0000
 19  2.71413919413919E+0000  2.66336996336996E+0000
 20  2.71091575091575E+0000  2.66578754578755E+0000
 21  2.70688644688645E+0000  2.66175824175824E+0000
 22  2.70205128205128E+0000  2.65853479853480E+0000
 23  2.70930402930403E+0000  2.66095238095238E+0000
 24  2.71091575091575E+0000  2.66498168498168E+0000
 25  2.70527472527473E+0000  2.66175824175824E+0000
 26  2.70769230769231E+0000  2.66336996336996E+0000
 27  2.70608058608059E+0000  2.66095238095238E+0000
 28  2.70608058608059E+0000  2.66175824175824E+0000
 29  2.70366300366300E+0000  2.66014652014652E+0000
 30  2.70769230769231E+0000  2.66498168498168E+0000
 31  2.69963369963370E+0000  2.66175824175824E+0000
 32  2.70446886446886E+0000  2.65692307692308E+0000
 33  2.70930402930403E+0000  2.66659340659341E+0000
 34  2.70608058608059E+0000  2.66095238095238E+0000
 35  2.70043956043956E+0000  2.65692307692308E+0000
 36  2.70930402930403E+0000  2.66578754578755E+0000
 37  2.70205128205128E+0000  2.65692307692308E+0000
 38  2.70205128205128E+0000  2.65772893772894E+0000
 39  2.70608058608059E+0000  2.66336996336996E+0000
 40  2.70043956043956E+0000  2.65450549450549E+0000
 41  2.71091575091575E+0000  2.66739926739927E+0000
 42  2.71091575091575E+0000  2.66659340659341E+0000
 43  2.70688644688645E+0000  2.66256410256410E+0000
 44  2.70366300366300E+0000  2.65772893772894E+0000
 45  2.70527472527473E+0000  2.66175824175824E+0000
 46  2.70527472527473E+0000  2.66014652014652E+0000
 47  2.71252747252747E+0000  2.66901098901099E+0000
 48  2.70608058608059E+0000  2.66095238095238E+0000
 49  2.69882783882784E+0000  2.65369963369963E+0000
 50  2.70527472527473E+0000  2.66095238095238E+0000
 51  2.70527472527473E+0000  2.65934065934066E+0000
 52  2.70849816849817E+0000  2.66417582417582E+0000
 53  2.70366300366300E+0000  2.65853479853480E+0000
 54  2.70527472527473E+0000  2.65853479853480E+0000
 55  2.70688644688645E+0000  2.66175824175824E+0000
 56  2.69882783882784E+0000  2.65611721611722E+0000
 57  2.70124542124542E+0000  2.65853479853480E+0000
 58  2.70043956043956E+0000  2.65611721611722E+0000
 59  2.70285714285714E+0000  2.66095238095238E+0000
 60  2.70043956043956E+0000  2.65853479853480E+0000
 61  2.70285714285714E+0000  2.66014652014652E+0000
 62  2.69399267399267E+0000  2.65289377289377E+0000
 63  2.71172161172161E+0000  2.66659340659341E+0000
 64  2.70446886446886E+0000  2.66014652014652E+0000
 65  2.70043956043956E+0000  2.65611721611722E+0000
 66  2.70285714285714E+0000  2.65692307692308E+0000
 67  2.71091575091575E+0000  2.66739926739927E+0000
 68  2.70124542124542E+0000  2.65772893772894E+0000
 69  2.70043956043956E+0000  2.65692307692308E+0000
 70  2.70043956043956E+0000  2.65853479853480E+0000
 71  2.70769230769231E+0000  2.66336996336996E+0000
 72  2.70527472527473E+0000  2.65934065934066E+0000
 73  2.70366300366300E+0000  2.66095238095238E+0000
 74  2.70043956043956E+0000  2.66014652014652E+0000
 75  2.69721611721612E+0000  2.65531135531136E+0000
 76  2.70849816849817E+0000  2.66175824175824E+0000
 77  2.70688644688645E+0000  2.66175824175824E+0000
 78  2.70285714285714E+0000  2.65853479853480E+0000
 79  2.70930402930403E+0000  2.66498168498168E+0000
 80  2.70930402930403E+0000  2.66256410256410E+0000
 81  2.70124542124542E+0000  2.65692307692308E+0000
 82  2.70446886446886E+0000  2.66014652014652E+0000
 83  2.70366300366300E+0000  2.65934065934066E+0000
 84  2.70205128205128E+0000  2.65772893772894E+0000
 85  2.69802197802198E+0000  2.65369963369963E+0000
 86  2.70849816849817E+0000  2.66175824175824E+0000
 87  2.70608058608059E+0000  2.66175824175824E+0000
 88  2.70205128205128E+0000  2.65611721611722E+0000
 89  2.70769230769231E+0000  2.66336996336996E+0000
 90  2.70769230769231E+0000  2.66175824175824E+0000
 91  2.69721611721612E+0000  2.65208791208791E+0000
 92  2.71010989010989E+0000  2.66659340659341E+0000
 93  2.70608058608059E+0000  2.66175824175824E+0000
 94  2.70446886446886E+0000  2.65369963369963E+0000
 95  2.70527472527473E+0000  2.66175824175824E+0000
 96  2.70043956043956E+0000  2.66014652014652E+0000
 97  2.70527472527473E+0000  2.66175824175824E+0000
 98  2.70285714285714E+0000  2.65934065934066E+0000
 99  2.70285714285714E+0000  2.65934065934066E+0000
 100  2.70688644688645E+0000  2.66336996336996E+0000
 101  2.70285714285714E+0000  2.65934065934066E+0000
 102  2.70930402930403E+0000  2.66578754578755E+0000
 103  2.70366300366300E+0000  2.65853479853480E+0000
 104  2.70688644688645E+0000  2.66417582417582E+0000
 105  2.70608058608059E+0000  2.66095238095238E+0000
 106  2.70446886446886E+0000  2.65934065934066E+0000
 107  2.70205128205128E+0000  2.65611721611722E+0000
 108  2.70608058608059E+0000  2.66175824175824E+0000
 109  2.70769230769231E+0000  2.66175824175824E+0000
 110  2.70688644688645E+0000  2.66417582417582E+0000
 111  2.70688644688645E+0000  2.66175824175824E+0000
 112  2.70849816849817E+0000  2.66498168498168E+0000
 113  2.70285714285714E+0000  2.65853479853480E+0000
 114  2.70849816849817E+0000  2.65772893772894E+0000
 115  2.70608058608059E+0000  2.65934065934066E+0000
 116  2.70205128205128E+0000  2.66175824175824E+0000
 117  2.70688644688645E+0000  2.66095238095238E+0000
 118  2.70769230769231E+0000  2.66417582417582E+0000
 119  2.70285714285714E+0000  2.65692307692308E+0000
 120  2.70285714285714E+0000  2.66014652014652E+0000
 121  2.71010989010989E+0000  2.66820512820513E+0000
 122  2.71655677655678E+0000  2.65772893772894E+0000
 123  2.70366300366300E+0000  2.66417582417582E+0000
 124  2.70769230769231E+0000  2.66336996336996E+0000
 125  2.69963369963370E+0000  2.66417582417582E+0000
 126  2.70849816849817E+0000  2.65853479853480E+0000
 127  2.70366300366300E+0000  2.65853479853480E+0000
 128  2.71172161172161E+0000  2.64886446886447E+0000
 129  2.70769230769231E+0000  2.66014652014652E+0000
 130  2.71091575091575E+0000  2.66578754578755E+0000
 131  2.70043956043956E+0000  2.65531135531136E+0000
 132  2.69721611721612E+0000  2.65208791208791E+0000
 133  2.69963369963370E+0000  2.65611721611722E+0000
 134  2.69963369963370E+0000  2.65450549450549E+0000
 135  2.71172161172161E+0000  2.65934065934066E+0000
 136  2.70688644688645E+0000  2.66175824175824E+0000
 137  2.71010989010989E+0000  2.66739926739927E+0000
 138  2.70769230769231E+0000  2.66417582417582E+0000
 139  2.69963369963370E+0000  2.65531135531136E+0000
 140  2.70608058608059E+0000  2.65934065934066E+0000
 141  2.70930402930403E+0000  2.66256410256410E+0000
 142  2.70527472527473E+0000  2.66417582417582E+0000
 143  2.70769230769231E+0000  2.66256410256410E+0000
 144  2.70043956043956E+0000  2.65531135531136E+0000
 145  2.70366300366300E+0000  2.65692307692308E+0000
 146  2.70769230769231E+0000  2.66498168498168E+0000
 147  2.70527472527473E+0000  2.66256410256410E+0000
 148  2.70849816849817E+0000  2.66014652014652E+0000
 149  2.70849816849817E+0000  2.66175824175824E+0000
 150  2.70849816849817E+0000  2.66498168498168E+0000
 151  2.70043956043956E+0000  2.65692307692308E+0000
 152  2.70608058608059E+0000  2.66014652014652E+0000
 153  2.70446886446886E+0000  2.65934065934066E+0000
 154  2.70205128205128E+0000  2.65611721611722E+0000
 155  2.71172161172161E+0000  2.65853479853480E+0000
 156  2.70285714285714E+0000  2.65772893772894E+0000
 157  2.69963369963370E+0000  2.65531135531136E+0000
 158  2.70366300366300E+0000  2.66095238095238E+0000
 159  2.71252747252747E+0000  2.66739926739927E+0000
 160  2.69399267399267E+0000  2.65369963369963E+0000
 161  2.70043956043956E+0000  2.65531135531136E+0000
 162  2.71333333333333E+0000  2.66820512820513E+0000
 163  2.70366300366300E+0000  2.66095238095238E+0000
 164  2.69399267399267E+0000  2.66578754578755E+0000
 165  2.70849816849817E+0000  2.66498168498168E+0000
 166  2.70205128205128E+0000  2.66175824175824E+0000
 167  2.70769230769231E+0000  2.66417582417582E+0000
 168  2.70366300366300E+0000  2.66095238095238E+0000
 169  2.70769230769231E+0000  2.66417582417582E+0000
 170  2.70849816849817E+0000  2.66659340659341E+0000
 171  2.70446886446886E+0000  2.66014652014652E+0000
 172  2.70769230769231E+0000  2.66175824175824E+0000
 173  2.70527472527473E+0000  2.66014652014652E+0000
 174  2.70205128205128E+0000  2.65692307692308E+0000
 175  2.70366300366300E+0000  2.66014652014652E+0000
 176  2.70527472527473E+0000  2.66175824175824E+0000
 177  2.70930402930403E+0000  2.66417582417582E+0000
 178  2.71091575091575E+0000  2.66659340659341E+0000
 179  2.70366300366300E+0000  2.66095238095238E+0000
 180  2.70608058608059E+0000  2.66175824175824E+0000
 181  2.70124542124542E+0000  2.65531135531136E+0000
 182  2.71172161172161E+0000  2.66820512820513E+0000
 183  2.70769230769231E+0000  2.66336996336996E+0000
 184  2.69963369963370E+0000  2.65450549450549E+0000
 185  2.70930402930403E+0000  2.66417582417582E+0000
 186  2.70849816849817E+0000  2.66417582417582E+0000
 187  2.70608058608059E+0000  2.66175824175824E+0000
 188  2.71333333333333E+0000  2.66820512820513E+0000
 189  2.71091575091575E+0000  2.66578754578755E+0000
 190  2.70446886446886E+0000  2.66014652014652E+0000
 191  2.70527472527473E+0000  2.66014652014652E+0000
 192  2.70527472527473E+0000  2.66256410256410E+0000
 193  2.70366300366300E+0000  2.66014652014652E+0000
 194  2.70446886446886E+0000  2.65934065934066E+0000
 195  2.70849816849817E+0000  2.65934065934066E+0000
 196  2.71091575091575E+0000  2.66498168498168E+0000
 197  2.70366300366300E+0000  2.66498168498168E+0000
 198  2.70446886446886E+0000  2.65934065934066E+0000
 199  2.70930402930403E+0000  2.66095238095238E+0000
 200  2.70446886446886E+0000  2.66095238095238E+0000
 201  2.70366300366300E+0000  2.66095238095238E+0000
 202  2.70366300366300E+0000  2.65853479853480E+0000
 203  2.70527472527473E+0000  2.65934065934066E+0000
 204  2.70285714285714E+0000  2.65772893772894E+0000
 205  2.70446886446886E+0000  2.66417582417582E+0000
 206  2.70043956043956E+0000  2.66175824175824E+0000
 207  2.70446886446886E+0000  2.66095238095238E+0000
 208  2.70769230769231E+0000  2.66175824175824E+0000
 209  2.69802197802198E+0000  2.66336996336996E+0000
 210  2.69882783882784E+0000  2.65531135531136E+0000
 211  2.70446886446886E+0000  2.65853479853480E+0000
 212  2.70608058608059E+0000  2.66336996336996E+0000
 213  2.70688644688645E+0000  2.66336996336996E+0000
 214  2.69802197802198E+0000  2.65450549450549E+0000
 215  2.71091575091575E+0000  2.66417582417582E+0000
 216  2.69963369963370E+0000  2.65611721611722E+0000
 217  2.70769230769231E+0000  2.66578754578755E+0000
 218  2.70608058608059E+0000  2.66095238095238E+0000
 219  2.70446886446886E+0000  2.65934065934066E+0000
 220  2.70527472527473E+0000  2.66014652014652E+0000
 221  2.70527472527473E+0000  2.66095238095238E+0000
 222  2.70849816849817E+0000  2.66498168498168E+0000
 223  2.70769230769231E+0000  2.66175824175824E+0000
 224  2.70446886446886E+0000  2.65934065934066E+0000
 225  2.70043956043956E+0000  2.65531135531136E+0000
 226  2.70446886446886E+0000  2.65934065934066E+0000
 227  2.70043956043956E+0000  2.65611721611722E+0000
 228  2.70043956043956E+0000  2.65853479853480E+0000
 229  2.70366300366300E+0000  2.66820512820513E+0000
 230  2.71172161172161E+0000  2.66336996336996E+0000
 231  2.70769230769231E+0000  2.66739926739927E+0000
 232  2.70527472527473E+0000  2.65853479853480E+0000
 233  2.69882783882784E+0000  2.66417582417582E+0000
 234  2.70366300366300E+0000  2.65934065934066E+0000
 235  2.69399267399267E+0000  2.66659340659341E+0000
 236  2.70608058608059E+0000  2.66095238095238E+0000
 237  2.70124542124542E+0000  2.65772893772894E+0000
 238  2.70688644688645E+0000  2.65692307692308E+0000
 239  2.70446886446886E+0000  2.66498168498168E+0000
 240  2.70769230769231E+0000  2.65853479853480E+0000
 241  2.70527472527473E+0000  2.66336996336996E+0000
 242  2.70205128205128E+0000  2.64886446886447E+0000
 243  2.69641025641026E+0000  2.66417582417582E+0000
 244  2.70527472527473E+0000  2.66659340659341E+0000
 245  2.70608058608059E+0000  2.66820512820513E+0000
 246  2.70769230769231E+0000  2.66256410256410E+0000
 247  2.70849816849817E+0000  2.66498168498168E+0000
 248  2.70446886446886E+0000  2.66175824175824E+0000
 249  2.70688644688645E+0000  2.66175824175824E+0000
 250  2.70527472527473E+0000  2.65692307692308E+0000
 251  2.70366300366300E+0000  2.65853479853480E+0000
 252  2.69882783882784E+0000  2.66095238095238E+0000
 253  2.70043956043956E+0000  2.65531135531136E+0000
 254  2.70366300366300E+0000  2.66175824175824E+0000
 255  2.70124542124542E+0000  2.66336996336996E+0000
 256  2.70446886446886E+0000  2.65772893772894E+0000
 257  2.70205128205128E+0000  2.65934065934066E+0000
 258  2.70124542124542E+0000  2.65450549450549E+0000
 259  2.70043956043956E+0000  2.65934065934066E+0000
 260  2.70285714285714E+0000  2.65853479853480E+0000
 261  2.70285714285714E+0000  2.65772893772894E+0000
 262  2.70366300366300E+0000  2.65531135531136E+0000
 263  2.70688644688645E+0000  2.66175824175824E+0000
 264  2.70688644688645E+0000  2.65853479853480E+0000
 265  2.70769230769231E+0000  2.66175824175824E+0000
 266  2.70446886446886E+0000  2.65692307692308E+0000
 267  2.70849816849817E+0000  2.65853479853480E+0000
 268  2.70285714285714E+0000  2.65772893772894E+0000
 269  2.70205128205128E+0000  2.65934065934066E+0000
 270  2.70849816849817E+0000  2.66175824175824E+0000
 271  2.70205128205128E+0000  2.66175824175824E+0000
 272  2.70205128205128E+0000  2.66095238095238E+0000
 273  2.70849816849817E+0000  2.66336996336996E+0000
 274  2.71091575091575E+0000  2.66014652014652E+0000
 275  2.70608058608059E+0000  2.66336996336996E+0000
 276  2.70446886446886E+0000  2.66175824175824E+0000
 277  2.70446886446886E+0000  2.66820512820513E+0000
 278  2.70043956043956E+0000  2.66095238095238E+0000
 279  2.69399267399267E+0000  2.66498168498168E+0000
 280  2.70285714285714E+0000  2.66498168498168E+0000
 281  2.70366300366300E+0000  2.66417582417582E+0000
 282  2.70366300366300E+0000  2.66175824175824E+0000
 283  2.70608058608059E+0000  2.66498168498168E+0000
 284  2.70608058608059E+0000  2.66095238095238E+0000
 285  2.70930402930403E+0000  2.65531135531136E+0000
 286  2.70366300366300E+0000  2.65934065934066E+0000
 287  2.70608058608059E+0000  2.66175824175824E+0000
 288  2.71010989010989E+0000  2.65369963369963E+0000
 289  2.71172161172161E+0000  2.66175824175824E+0000
 290  2.70769230769231E+0000  2.66175824175824E+0000
 291  2.70688644688645E+0000  2.65692307692308E+0000
 292  2.70043956043956E+0000  2.66175824175824E+0000
 293  2.70688644688645E+0000  2.66095238095238E+0000
 294  2.70366300366300E+0000  2.66014652014652E+0000
 295  2.70446886446886E+0000  2.66336996336996E+0000
 296  2.70608058608059E+0000  2.65772893772894E+0000
 297  2.70608058608059E+0000  2.65692307692308E+0000
 298  2.70446886446886E+0000  2.66175824175824E+0000
 299  2.70608058608059E+0000  2.66498168498168E+0000
 300  2.70769230769231E+0000  2.66498168498168E+0000
 301  2.70688644688645E+0000  2.66095238095238E+0000
 302  2.70285714285714E+0000  2.66175824175824E+0000
 303  2.70124542124542E+0000  2.65531135531136E+0000
 304  2.70849816849817E+0000  2.66498168498168E+0000
 305  2.71010989010989E+0000  2.66014652014652E+0000
 306  2.70688644688645E+0000  2.66498168498168E+0000
 307  2.69963369963370E+0000  2.65611721611722E+0000
 308  2.70608058608059E+0000  2.65369963369963E+0000
 309  2.70527472527473E+0000  2.65289377289377E+0000
 310  2.70769230769231E+0000  2.66417582417582E+0000
 311  2.70446886446886E+0000  2.66256410256410E+0000
 312  2.70205128205128E+0000  2.66175824175824E+0000
 313  2.70930402930403E+0000  2.66014652014652E+0000
 314  2.70043956043956E+0000  2.66175824175824E+0000
 315  2.70366300366300E+0000  2.66175824175824E+0000
 316  2.70608058608059E+0000  2.66175824175824E+0000
 317  2.71091575091575E+0000  2.65531135531136E+0000
 318  2.71333333333333E+0000  2.66095238095238E+0000
 319  2.71252747252747E+0000  2.66820512820513E+0000
 320  2.70285714285714E+0000  2.66095238095238E+0000
 321  2.70849816849817E+0000  2.66175824175824E+0000
 322  2.70285714285714E+0000  2.65934065934066E+0000
 323  2.70608058608059E+0000  2.66014652014652E+0000
 324  2.69399267399267E+0000  2.66175824175824E+0000
 325  2.70205128205128E+0000  2.65772893772894E+0000
 326  2.70527472527473E+0000  2.65853479853480E+0000
 327  2.70446886446886E+0000  2.65853479853480E+0000
 328  2.70527472527473E+0000  2.66820512820513E+0000
 329  2.70849816849817E+0000  2.65208791208791E+0000
 330  2.70608058608059E+0000  2.66175824175824E+0000
 331  2.70043956043956E+0000  2.66498168498168E+0000
 332  2.70124542124542E+0000  2.65611721611722E+0000
 333  2.70608058608059E+0000  2.66498168498168E+0000
 334  2.70366300366300E+0000  2.66739926739927E+0000
 335  2.70608058608059E+0000  2.66014652014652E+0000
 336  2.69963369963370E+0000  2.66256410256410E+0000
 337  2.70849816849817E+0000  2.66498168498168E+0000
 338  2.70043956043956E+0000  2.66175824175824E+0000
 339  2.70285714285714E+0000  2.65853479853480E+0000
 340  2.70688644688645E+0000  2.66336996336996E+0000
 341  2.69721611721612E+0000  2.65208791208791E+0000
 342  2.70688644688645E+0000  2.66175824175824E+0000
 343  2.70366300366300E+0000  2.65611721611722E+0000
 344  2.69963369963370E+0000  2.66014652014652E+0000
 345  2.70930402930403E+0000  2.66417582417582E+0000
 346  2.70688644688645E+0000  2.66336996336996E+0000
 347  2.70608058608059E+0000  2.65772893772894E+0000
 348  2.70366300366300E+0000  2.66498168498168E+0000
 349  2.70446886446886E+0000  2.66498168498168E+0000
 350  2.70769230769231E+0000  2.66417582417582E+0000
 351  2.70446886446886E+0000  2.66175824175824E+0000
 352  2.70608058608059E+0000  2.65450549450549E+0000
 353  2.70366300366300E+0000  2.66417582417582E+0000
 354  2.70366300366300E+0000  2.66175824175824E+0000
 355  2.70849816849817E+0000  2.66336996336996E+0000
 356  2.70930402930403E+0000  2.65369963369963E+0000
 357  2.70608058608059E+0000  2.65853479853480E+0000
 358  2.70366300366300E+0000  2.65934065934066E+0000
 359  2.70446886446886E+0000  2.66095238095238E+0000
 360  2.70446886446886E+0000  2.65692307692308E+0000
 361  2.70285714285714E+0000  2.65450549450549E+0000
 362  2.70769230769231E+0000  2.66175824175824E+0000
 363  2.70608058608059E+0000  2.66256410256410E+0000
 364  2.70285714285714E+0000  2.65853479853480E+0000
 365  2.71091575091575E+0000  2.66417582417582E+0000
 366  2.70769230769231E+0000  2.66336996336996E+0000
 367  2.70769230769231E+0000  2.66175824175824E+0000
 368  2.70688644688645E+0000  2.66498168498168E+0000
 369  2.70527472527473E+0000  2.66095238095238E+0000
 370  2.70769230769231E+0000  2.65934065934066E+0000
 371  2.71172161172161E+0000  2.66014652014652E+0000
 372  2.70205128205128E+0000  2.66578754578755E+0000
 373  2.69963369963370E+0000  2.65772893772894E+0000
 374  2.70688644688645E+0000  2.66659340659341E+0000
 375  2.70446886446886E+0000  2.66498168498168E+0000
 376  2.70285714285714E+0000  2.65531135531136E+0000
 377  2.70043956043956E+0000  2.66659340659341E+0000
 378  2.70608058608059E+0000  2.66014652014652E+0000
 379  2.70205128205128E+0000  2.66175824175824E+0000
 380  2.69963369963370E+0000  2.65853479853480E+0000
 381  2.70446886446886E+0000  2.65934065934066E+0000
 382  2.71010989010989E+0000  2.66256410256410E+0000
 383  2.70366300366300E+0000  2.65369963369963E+0000
 384  2.70769230769231E+0000  2.66498168498168E+0000
 385  2.71091575091575E+0000  2.66336996336996E+0000
 386  2.70366300366300E+0000  2.65853479853480E+0000
 387  2.70930402930403E+0000  2.65934065934066E+0000
 388  2.69641025641026E+0000  2.65128205128205E+0000
 389  2.70446886446886E+0000  2.66014652014652E+0000
 390  2.70366300366300E+0000  2.66175824175824E+0000
 391  2.70688644688645E+0000  2.67304029304029E+0000
 392  2.70366300366300E+0000  2.66014652014652E+0000
 393  2.70769230769231E+0000  2.66095238095238E+0000
 394  2.70608058608059E+0000  2.66739926739927E+0000
 395  2.70608058608059E+0000  2.66175824175824E+0000
 396  2.70205128205128E+0000  2.66175824175824E+0000
 397  2.70688644688645E+0000  2.66739926739927E+0000
 398  2.70366300366300E+0000  2.66417582417582E+0000
 399  2.70688644688645E+0000  2.65772893772894E+0000
 400  2.70527472527473E+0000  2.66014652014652E+0000
 401  2.70930402930403E+0000  2.66498168498168E+0000
 402  2.70769230769231E+0000  2.65934065934066E+0000
 403  2.71091575091575E+0000  2.66498168498168E+0000
 404  2.71010989010989E+0000  2.66175824175824E+0000
 405  2.70849816849817E+0000  2.66659340659341E+0000
 406  2.70446886446886E+0000  2.66256410256410E+0000
 407  2.71575091575092E+0000  2.66256410256410E+0000
 408  2.70527472527473E+0000  2.65772893772894E+0000
 409  2.70688644688645E+0000  2.66256410256410E+0000
 410  2.70285714285714E+0000  2.66014652014652E+0000
 411  2.70527472527473E+0000  2.66014652014652E+0000
 412  2.70446886446886E+0000  2.66498168498168E+0000
 413  2.70527472527473E+0000  2.65289377289377E+0000
 414  2.70285714285714E+0000  2.65853479853480E+0000
 415  2.70769230769231E+0000  2.65692307692308E+0000
 416  2.70285714285714E+0000  2.65934065934066E+0000
 417  2.70769230769231E+0000  2.65853479853480E+0000
 418  2.71010989010989E+0000  2.66014652014652E+0000
 419  2.70688644688645E+0000  2.66014652014652E+0000
 420  2.70527472527473E+0000  2.65934065934066E+0000
 421  2.70688644688645E+0000  2.66175824175824E+0000
 422  2.70849816849817E+0000  2.66175824175824E+0000
 423  2.69802197802198E+0000  2.65208791208791E+0000
 424  2.70446886446886E+0000  2.66498168498168E+0000
 425  2.70608058608059E+0000  2.65853479853480E+0000
 426  2.71172161172161E+0000  2.66417582417582E+0000
 427  2.69157509157509E+0000  2.64805860805861E+0000
 428  2.70043956043956E+0000  2.66578754578755E+0000
 429  2.71091575091575E+0000  2.66175824175824E+0000
 430  2.70043956043956E+0000  2.66095238095238E+0000
 431  2.70769230769231E+0000  2.66095238095238E+0000
 432  2.70930402930403E+0000  2.65531135531136E+0000
 433  2.69882783882784E+0000  2.65531135531136E+0000
 434  2.69721611721612E+0000  2.66336996336996E+0000
 435  2.70527472527473E+0000  2.66256410256410E+0000
 436  2.70366300366300E+0000  2.66175824175824E+0000
 437  2.70930402930403E+0000  2.66498168498168E+0000
 438  2.70446886446886E+0000  2.65772893772894E+0000
 439  2.70205128205128E+0000  2.66417582417582E+0000
 440  2.70769230769231E+0000  2.66336996336996E+0000
 441  2.70366300366300E+0000  2.66498168498168E+0000
 442  2.70205128205128E+0000  2.65934065934066E+0000
 443  2.70608058608059E+0000  2.65772893772894E+0000
 444  2.70285714285714E+0000  2.66256410256410E+0000
 445  2.69963369963370E+0000  2.66175824175824E+0000
 446  2.70769230769231E+0000  2.65208791208791E+0000
 447  2.70043956043956E+0000  2.65531135531136E+0000
 448  2.71172161172161E+0000  2.66578754578755E+0000
 449  2.70930402930403E+0000  2.65853479853480E+0000
 450  2.70688644688645E+0000  2.66014652014652E+0000
 451  2.70769230769231E+0000  2.65611721611722E+0000
 452  2.70849816849817E+0000  2.66820512820513E+0000
 453  2.70366300366300E+0000  2.65692307692308E+0000
 454  2.71010989010989E+0000  2.66175824175824E+0000
 455  2.70930402930403E+0000  2.66498168498168E+0000
 456  2.70688644688645E+0000  2.65692307692308E+0000
 457  2.71172161172161E+0000  2.66659340659341E+0000
 458  2.70608058608059E+0000  2.66014652014652E+0000
 459  2.70366300366300E+0000  2.66417582417582E+0000
 460  2.70608058608059E+0000  2.65369963369963E+0000
 461  2.70446886446886E+0000  2.66014652014652E+0000
 462  2.69721611721612E+0000  2.66014652014652E+0000
 463  2.70849816849817E+0000  2.66659340659341E+0000
 464  2.70366300366300E+0000  2.66417582417582E+0000
 465  2.71010989010989E+0000  2.66498168498168E+0000
 466  2.70205128205128E+0000  2.66175824175824E+0000
 467  2.70608058608059E+0000  2.66417582417582E+0000
 468  2.70527472527473E+0000  2.65934065934066E+0000
 469  2.70124542124542E+0000  2.66256410256410E+0000
 470  2.70849816849817E+0000  2.66095238095238E+0000
 471  2.70285714285714E+0000  2.65934065934066E+0000
 472  2.70608058608059E+0000  2.65692307692308E+0000
 473  2.70446886446886E+0000  2.65934065934066E+0000
 474  2.70366300366300E+0000  2.66739926739927E+0000
 475  2.71252747252747E+0000  2.65853479853480E+0000
 476  2.70930402930403E+0000  2.66336996336996E+0000
 477  2.70527472527473E+0000  2.65853479853480E+0000
 478  2.70043956043956E+0000  2.65692307692308E+0000
 479  2.71010989010989E+0000  2.65934065934066E+0000
 480  2.70769230769231E+0000  2.66256410256410E+0000
 481  2.70849816849817E+0000  2.66175824175824E+0000
 482  2.70285714285714E+0000  2.66175824175824E+0000
 483  2.70849816849817E+0000  2.66175824175824E+0000
 484  2.70366300366300E+0000  2.65853479853480E+0000
 485  2.70608058608059E+0000  2.65531135531136E+0000
 486  2.70849816849817E+0000  2.66498168498168E+0000
 487  2.71010989010989E+0000  2.66820512820513E+0000
 488  2.69076923076923E+0000  2.66095238095238E+0000
 489  2.70446886446886E+0000  2.66498168498168E+0000
 490  2.70769230769231E+0000  2.65853479853480E+0000
 491  2.70043956043956E+0000  2.65692307692308E+0000
 492  2.71172161172161E+0000  2.66014652014652E+0000
 493  2.71010989010989E+0000  2.66578754578755E+0000
 494  2.70930402930403E+0000  2.66336996336996E+0000
 495  2.70608058608059E+0000  2.65853479853480E+0000
 496  2.70446886446886E+0000  2.66336996336996E+0000
 497  2.69721611721612E+0000  2.66095238095238E+0000
 498  2.70769230769231E+0000  2.66175824175824E+0000
 499  2.70849816849817E+0000  2.65853479853480E+0000
 500  2.70930402930403E+0000  2.65611721611722E+0000
 501  2.70366300366300E+0000  2.65692307692308E+0000
 502  2.71010989010989E+0000  2.66498168498168E+0000
 503  2.70043956043956E+0000  2.66659340659341E+0000
 504  2.70124542124542E+0000  2.66336996336996E+0000
 505  2.71010989010989E+0000  2.65531135531136E+0000
 506  2.70688644688645E+0000  2.66498168498168E+0000
 507  2.70527472527473E+0000  2.65047619047619E+0000
 508  2.71252747252747E+0000  2.65611721611722E+0000
 509  2.70688644688645E+0000  2.66578754578755E+0000
 510  2.69882783882784E+0000  2.66498168498168E+0000
 511  2.70688644688645E+0000  2.65531135531136E+0000
 512  2.70285714285714E+0000  2.65772893772894E+0000
 513  2.70688644688645E+0000  2.66175824175824E+0000
 514  2.70446886446886E+0000  2.66659340659341E+0000
 515  2.70769230769231E+0000  2.65934065934066E+0000
 516  2.70769230769231E+0000  2.66175824175824E+0000
 517  2.70366300366300E+0000  2.66095238095238E+0000
 518  2.70043956043956E+0000  2.65853479853480E+0000
 519  2.69963369963370E+0000  2.65611721611722E+0000
 520  2.70608058608059E+0000  2.65611721611722E+0000
 521  2.69882783882784E+0000  2.66659340659341E+0000
 522  2.70527472527473E+0000  2.65853479853480E+0000
 523  2.70043956043956E+0000  2.66095238095238E+0000
 524  2.70124542124542E+0000  2.66095238095238E+0000
 525  2.71010989010989E+0000  2.65853479853480E+0000
 526  2.70849816849817E+0000  2.66175824175824E+0000
 527  2.70849816849817E+0000  2.66336996336996E+0000
 528  2.70608058608059E+0000  2.66175824175824E+0000
 529  2.70043956043956E+0000  2.65692307692308E+0000
 530  2.70769230769231E+0000  2.66175824175824E+0000
 531  2.70849816849817E+0000  2.66095238095238E+0000
 532  2.70285714285714E+0000  2.66175824175824E+0000
 533  2.70205128205128E+0000  2.65531135531136E+0000
 534  2.70446886446886E+0000  2.65853479853480E+0000
 535  2.70446886446886E+0000  2.66175824175824E+0000
 536  2.70043956043956E+0000  2.66095238095238E+0000
 537  2.70769230769231E+0000  2.66095238095238E+0000
 538  2.70849816849817E+0000  2.66014652014652E+0000
 539  2.70366300366300E+0000  2.66095238095238E+0000
 540  2.70608058608059E+0000  2.66175824175824E+0000
 541  2.70285714285714E+0000  2.66578754578755E+0000
 542  2.69399267399267E+0000  2.65853479853480E+0000
 543  2.70769230769231E+0000  2.66175824175824E+0000
 544  2.70688644688645E+0000  2.65853479853480E+0000
 545  2.70608058608059E+0000  2.65692307692308E+0000
 546  2.70366300366300E+0000  2.66095238095238E+0000
 547  2.70366300366300E+0000  2.65853479853480E+0000
 548  2.69882783882784E+0000  2.66175824175824E+0000
 549  2.70285714285714E+0000  2.66175824175824E+0000
 550  2.70527472527473E+0000  2.66014652014652E+0000
 551  2.70688644688645E+0000  2.65369963369963E+0000
 552  2.70527472527473E+0000  2.66095238095238E+0000
 553  2.70849816849817E+0000  2.65531135531136E+0000
 554  2.70769230769231E+0000  2.66175824175824E+0000
 555  2.70608058608059E+0000  2.66578754578755E+0000
 556  2.70285714285714E+0000  2.66578754578755E+0000
 557  2.70608058608059E+0000  2.65853479853480E+0000
 558  2.70769230769231E+0000  2.65692307692308E+0000
 559  2.70043956043956E+0000  2.65692307692308E+0000
 560  2.70688644688645E+0000  2.66417582417582E+0000
 561  2.69882783882784E+0000  2.65934065934066E+0000
 562  2.71172161172161E+0000  2.66820512820513E+0000
 563  2.70446886446886E+0000  2.66336996336996E+0000
 564  2.70043956043956E+0000  2.66014652014652E+0000
 565  2.69882783882784E+0000  2.66417582417582E+0000
 566  2.70769230769231E+0000  2.65289377289377E+0000
 567  2.70849816849817E+0000  2.66417582417582E+0000
 568  2.69882783882784E+0000  2.65531135531136E+0000
 569  2.70688644688645E+0000  2.66014652014652E+0000
 570  2.70688644688645E+0000  2.66014652014652E+0000
 571  2.70366300366300E+0000  2.66175824175824E+0000
 572  2.70124542124542E+0000  2.66014652014652E+0000
 573  2.70849816849817E+0000  2.65531135531136E+0000
 574  2.70688644688645E+0000  2.65934065934066E+0000
 575  2.70930402930403E+0000  2.66014652014652E+0000
 576  2.70043956043956E+0000  2.66256410256410E+0000
 577  2.70285714285714E+0000  2.66175824175824E+0000
 578  2.70849816849817E+0000  2.66578754578755E+0000
 579  2.70285714285714E+0000  2.66820512820513E+0000
 580  2.70366300366300E+0000  2.65853479853480E+0000
 581  2.71091575091575E+0000  2.65772893772894E+0000
 582  2.70769230769231E+0000  2.65853479853480E+0000
 583  2.70688644688645E+0000  2.66417582417582E+0000
 584  2.70608058608059E+0000  2.65692307692308E+0000
 585  2.70688644688645E+0000  2.66417582417582E+0000
 586  2.70769230769231E+0000  2.66175824175824E+0000
 587  2.70769230769231E+0000  2.66498168498168E+0000
 588  2.70769230769231E+0000  2.66498168498168E+0000
 589  2.70205128205128E+0000  2.66820512820513E+0000
 590  2.71091575091575E+0000  2.66336996336996E+0000
 591  2.69560439560440E+0000  2.66417582417582E+0000
 592  2.71252747252747E+0000  2.66175824175824E+0000
 593  2.70608058608059E+0000  2.65934065934066E+0000
 594  2.71252747252747E+0000  2.65772893772894E+0000
 595  2.70608058608059E+0000  2.66014652014652E+0000
 596  2.71091575091575E+0000  2.65853479853480E+0000
 597  2.71333333333333E+0000  2.66417582417582E+0000
 598  2.70608058608059E+0000  2.65853479853480E+0000
 599  2.70366300366300E+0000  2.65853479853480E+0000
 600  2.70930402930403E+0000  2.65934065934066E+0000
 601  2.70446886446886E+0000  2.65934065934066E+0000
 602  2.70446886446886E+0000  2.66014652014652E+0000
 603  2.70043956043956E+0000  2.65692307692308E+0000
 604  2.70446886446886E+0000  2.66498168498168E+0000
 605  2.70608058608059E+0000  2.66175824175824E+0000
 606  2.70446886446886E+0000  2.65692307692308E+0000
 607  2.70043956043956E+0000  2.66095238095238E+0000
 608  2.70769230769231E+0000  2.66336996336996E+0000
 609  2.70446886446886E+0000  2.66014652014652E+0000
 610  2.70446886446886E+0000  2.66175824175824E+0000
 611  2.70043956043956E+0000  2.65531135531136E+0000
 612  2.70930402930403E+0000  2.66498168498168E+0000
 613  2.71010989010989E+0000  2.65611721611722E+0000
 614  2.70043956043956E+0000  2.66095238095238E+0000
 615  2.70446886446886E+0000  2.66175824175824E+0000
 616  2.70769230769231E+0000  2.66336996336996E+0000
 617  2.70446886446886E+0000  2.66095238095238E+0000
 618  2.70769230769231E+0000  2.66175824175824E+0000
 619  2.70527472527473E+0000  2.66417582417582E+0000
 620  2.70285714285714E+0000  2.66095238095238E+0000
 621  2.71091575091575E+0000  2.66336996336996E+0000
 622  2.70527472527473E+0000  2.66336996336996E+0000
 623  2.70366300366300E+0000  2.66498168498168E+0000
 624  2.70769230769231E+0000  2.65853479853480E+0000
 625  2.70285714285714E+0000  2.66014652014652E+0000
 626  2.70527472527473E+0000  2.66820512820513E+0000
 627  2.70366300366300E+0000  2.65531135531136E+0000
 628  2.70688644688645E+0000  2.66659340659341E+0000
 629  2.70205128205128E+0000  2.66014652014652E+0000
 630  2.71010989010989E+0000  2.66739926739927E+0000
 631  2.70043956043956E+0000  2.65611721611722E+0000
 632  2.70043956043956E+0000  2.65692307692308E+0000
 633  2.70769230769231E+0000  2.66175824175824E+0000
 634  2.71010989010989E+0000  2.65692307692308E+0000
 635  2.70849816849817E+0000  2.66175824175824E+0000
 636  2.70930402930403E+0000  2.65853479853480E+0000
 637  2.70527472527473E+0000  2.65692307692308E+0000
 638  2.71010989010989E+0000  2.66014652014652E+0000
 639  2.69963369963370E+0000  2.65934065934066E+0000
 640  2.70446886446886E+0000  2.66417582417582E+0000
 641  2.70527472527473E+0000  2.65934065934066E+0000
 642  2.70849816849817E+0000  2.66095238095238E+0000
 643  2.70608058608059E+0000  2.65934065934066E+0000
 644  2.70769230769231E+0000  2.66175824175824E+0000
 645  2.70769230769231E+0000  2.65611721611722E+0000
 646  2.70043956043956E+0000  2.65772893772894E+0000
 647  2.70446886446886E+0000  2.66014652014652E+0000
 648  2.70930402930403E+0000  2.66659340659341E+0000
 649  2.70446886446886E+0000  2.65772893772894E+0000
 650  2.70366300366300E+0000  2.66175824175824E+0000
 651  2.71091575091575E+0000  2.66739926739927E+0000
 652  2.70930402930403E+0000  2.66095238095238E+0000
 653  2.70930402930403E+0000  2.65853479853480E+0000
 654  2.71252747252747E+0000  2.66014652014652E+0000
 655  2.71010989010989E+0000  2.66175824175824E+0000
 656  2.70849816849817E+0000  2.66498168498168E+0000
 657  2.69399267399267E+0000  2.65611721611722E+0000
 658  2.70930402930403E+0000  2.66498168498168E+0000
 659  2.70688644688645E+0000  2.65692307692308E+0000
 660  2.70930402930403E+0000  2.66175824175824E+0000
 661  2.70043956043956E+0000  2.66175824175824E+0000
 662  2.71575091575092E+0000  2.65853479853480E+0000
 663  2.71413919413919E+0000  2.66014652014652E+0000
 664  2.69399267399267E+0000  2.66095238095238E+0000
 665  2.70124542124542E+0000  2.66578754578755E+0000
 666  2.70043956043956E+0000  2.66014652014652E+0000
 667  2.70769230769231E+0000  2.66336996336996E+0000
 668  2.70769230769231E+0000  2.66498168498168E+0000
 669  2.73347985347985E+0000  2.65692307692308E+0000
 670  2.74395604395604E+0000  2.65692307692308E+0000
 671  2.73831501831502E+0000  2.66498168498168E+0000
 672  2.74556776556777E+0000  2.66095238095238E+0000
 673  2.77135531135531E+0000  2.66498168498168E+0000
 674  2.79553113553114E+0000  2.65611721611722E+0000
 675  2.81809523809524E+0000  2.66175824175824E+0000
 676  2.83582417582418E+0000  2.66820512820513E+0000
 677  2.86241758241758E+0000  2.66095238095238E+0000
 678  2.88901098901099E+0000  2.66820512820513E+0000
 679  2.88498168498168E+0000  2.66417582417582E+0000
 680  2.91238095238095E+0000  2.65772893772894E+0000
 681  2.92608058608059E+0000  2.65692307692308E+0000
 682  2.95509157509158E+0000  2.66417582417582E+0000
 683  2.98329670329670E+0000  2.65611721611722E+0000
 684  2.99054945054945E+0000  2.66820512820513E+0000
 685  3.01714285714286E+0000  2.66175824175824E+0000
 686  3.05260073260073E+0000  2.66014652014652E+0000
 687  3.06468864468864E+0000  2.65692307692308E+0000
 688  3.08080586080586E+0000  2.66820512820513E+0000
 689  3.09128205128205E+0000  2.66417582417582E+0000
 690  3.09692307692308E+0000  2.65853479853480E+0000
 691  3.10981684981685E+0000  2.66175824175824E+0000
 692  3.13238095238095E+0000  2.65692307692308E+0000
 693  3.15010989010989E+0000  2.65853479853480E+0000
 694  3.16461538461538E+0000  2.66095238095238E+0000
 695  3.16783882783883E+0000  2.65531135531136E+0000
 696  3.17509157509158E+0000  2.66417582417582E+0000
 697  3.16380952380952E+0000  2.65611721611722E+0000
 698  3.16139194139194E+0000  2.66336996336996E+0000
 699  3.13238095238095E+0000  2.65772893772894E+0000
 700  3.13882783882784E+0000  2.66256410256410E+0000
 701  3.12271062271062E+0000  2.65772893772894E+0000
 702  3.10659340659341E+0000  2.65934065934066E+0000
 703  3.10014652014652E+0000  2.66820512820513E+0000
 704  3.06065934065934E+0000  2.66417582417582E+0000
 705  3.01956043956044E+0000  2.66820512820513E+0000
 706  2.99296703296703E+0000  2.66498168498168E+0000
 707  2.97443223443223E+0000  2.66417582417582E+0000
 708  2.95831501831502E+0000  2.65611721611722E+0000
 709  2.96395604395604E+0000  2.65611721611722E+0000
 710  2.95750915750916E+0000  2.64886446886447E+0000
 711  2.96879120879121E+0000  2.66014652014652E+0000
 712  2.95912087912088E+0000  2.66659340659341E+0000
 713  2.95186813186813E+0000  2.66014652014652E+0000
 714  2.97765567765568E+0000  2.66175824175824E+0000
 715  3.01553113553114E+0000  2.65772893772894E+0000
 716  3.05985347985348E+0000  2.66336996336996E+0000
 717  3.09692307692308E+0000  2.66256410256410E+0000
 718  3.10901098901099E+0000  2.66095238095238E+0000
 719  3.16864468864469E+0000  2.66256410256410E+0000
 720  3.19040293040293E+0000  2.66175824175824E+0000
 721  3.24761904761905E+0000  2.65934065934066E+0000
 722  3.29355311355311E+0000  2.65208791208791E+0000
 723  3.30000000000000E+0000  2.66336996336996E+0000
 724  3.30000000000000E+0000  2.66175824175824E+0000
 725  3.30000000000000E+0000  2.66175824175824E+0000
 726  3.30000000000000E+0000  2.66175824175824E+0000
 727  3.30000000000000E+0000  2.65853479853480E+0000
 728  3.30000000000000E+0000  2.66175824175824E+0000
 729  3.30000000000000E+0000  2.66095238095238E+0000
 730  3.30000000000000E+0000  2.65853479853480E+0000
 731  3.30000000000000E+0000  2.66417582417582E+0000
 732  3.30000000000000E+0000  2.66095238095238E+0000
 733  3.30000000000000E+0000  2.65692307692308E+0000
 734  3.30000000000000E+0000  2.66095238095238E+0000
 735  3.30000000000000E+0000  2.66659340659341E+0000
 736  3.30000000000000E+0000  2.66014652014652E+0000
 737  3.30000000000000E+0000  2.66336996336996E+0000
 738  3.30000000000000E+0000  2.66820512820513E+0000
 739  3.30000000000000E+0000  2.65531135531136E+0000
 740  3.30000000000000E+0000  2.66498168498168E+0000
 741  3.30000000000000E+0000  2.66175824175824E+0000
 742  3.30000000000000E+0000  2.65692307692308E+0000
 743  3.30000000000000E+0000  2.65289377289377E+0000
 744  3.30000000000000E+0000  2.65934065934066E+0000
 745  3.30000000000000E+0000  2.66014652014652E+0000
 746  3.30000000000000E+0000  2.66659340659341E+0000
 747  3.30000000000000E+0000  2.66014652014652E+0000
 748  3.30000000000000E+0000  2.65531135531136E+0000
 749  3.30000000000000E+0000  2.66014652014652E+0000
 750  3.30000000000000E+0000  2.65208791208791E+0000
 751  3.30000000000000E+0000  2.66175824175824E+0000
 752  3.30000000000000E+0000  2.65853479853480E+0000
 753  3.30000000000000E+0000  2.66175824175824E+0000
 754  3.30000000000000E+0000  2.66175824175824E+0000
 755  3.30000000000000E+0000  2.66014652014652E+0000
 756  3.30000000000000E+0000  2.66739926739927E+0000
 757  3.30000000000000E+0000  2.65934065934066E+0000
 758  3.30000000000000E+0000  2.66659340659341E+0000
 759  3.30000000000000E+0000  2.66014652014652E+0000
 760  3.30000000000000E+0000  2.65934065934066E+0000
 761  3.30000000000000E+0000  2.66336996336996E+0000
 762  3.30000000000000E+0000  2.65772893772894E+0000
 763  3.30000000000000E+0000  2.66417582417582E+0000
 764  3.30000000000000E+0000  2.66014652014652E+0000
 765  3.30000000000000E+0000  2.66256410256410E+0000
 766  3.30000000000000E+0000  2.65772893772894E+0000
 767  3.28065934065934E+0000  2.66739926739927E+0000
 768  3.26373626373626E+0000  2.66498168498168E+0000
 769  3.23069597069597E+0000  2.66014652014652E+0000
 770  3.18717948717949E+0000  2.65853479853480E+0000
 771  3.16219780219780E+0000  2.66901098901099E+0000
 772  3.13238095238095E+0000  2.65934065934066E+0000
 773  3.10578754578755E+0000  2.66175824175824E+0000
 774  3.08564102564103E+0000  2.66417582417582E+0000
 775  3.05501831501832E+0000  2.66498168498168E+0000
 776  3.00102564102564E+0000  2.66175824175824E+0000
 777  2.96234432234432E+0000  2.65611721611722E+0000
 778  2.89868131868132E+0000  2.66175824175824E+0000
 779  2.82131868131868E+0000  2.66256410256410E+0000
 780  2.77135531135531E+0000  2.66095238095238E+0000
 781  2.73428571428571E+0000  2.66417582417582E+0000
 782  2.72380952380952E+0000  2.66336996336996E+0000
 783  2.71172161172161E+0000  2.66578754578755E+0000
 784  2.70769230769231E+0000  2.65611721611722E+0000
 785  2.70688644688645E+0000  2.65934065934066E+0000
 786  2.70285714285714E+0000  2.66659340659341E+0000
 787  2.70366300366300E+0000  2.65853479853480E+0000
 788  2.70043956043956E+0000  2.65450549450549E+0000
 789  2.70043956043956E+0000  2.66175824175824E+0000
 790  2.70849816849817E+0000  2.66175824175824E+0000
 791  2.69641025641026E+0000  2.64886446886447E+0000
 792  2.70608058608059E+0000  2.66659340659341E+0000
 793  2.70366300366300E+0000  2.66498168498168E+0000
 794  2.70285714285714E+0000  2.66498168498168E+0000
 795  2.70688644688645E+0000  2.65772893772894E+0000
 796  2.69721611721612E+0000  2.66175824175824E+0000
 797  2.70285714285714E+0000  2.66095238095238E+0000
 798  2.69882783882784E+0000  2.66175824175824E+0000
 799  2.71010989010989E+0000  2.65853479853480E+0000
 800  2.70446886446886E+0000  2.66095238095238E+0000
 801  2.70205128205128E+0000  2.66659340659341E+0000
 802  2.69157509157509E+0000  2.65369963369963E+0000
 803  2.69721611721612E+0000  2.66659340659341E+0000
 804  2.69238095238095E+0000  2.67062271062271E+0000
 805  2.66417582417582E+0000  2.66095238095238E+0000
 806  2.64080586080586E+0000  2.65934065934066E+0000
 807  2.58923076923077E+0000  2.65208791208791E+0000
 808  2.55377289377289E+0000  2.66659340659341E+0000
 809  2.51106227106227E+0000  2.65692307692308E+0000
 810  2.46190476190476E+0000  2.65692307692308E+0000
 811  2.46109890109890E+0000  2.66014652014652E+0000
 812  2.40871794871795E+0000  2.66175824175824E+0000
 813  2.37809523809524E+0000  2.65450549450549E+0000
 814  2.33296703296703E+0000  2.66336996336996E+0000
 815  2.29025641025641E+0000  2.65934065934066E+0000
 816  2.24351648351648E+0000  2.65450549450549E+0000
 817  2.21692307692308E+0000  2.66175824175824E+0000
 818  2.18065934065934E+0000  2.66014652014652E+0000
 819  2.15245421245421E+0000  2.65369963369963E+0000
 820  2.11941391941392E+0000  2.66175824175824E+0000
 821  2.07912087912088E+0000  2.66417582417582E+0000
 822  2.06219780219780E+0000  2.66498168498168E+0000
 823  2.02915750915751E+0000  2.65853479853480E+0000
 824  2.01626373626374E+0000  2.66175824175824E+0000
 825  1.97838827838828E+0000  2.65772893772894E+0000
 826  1.95018315018315E+0000  2.65531135531136E+0000
 827  1.92681318681319E+0000  2.66417582417582E+0000
 828  1.89135531135531E+0000  2.65772893772894E+0000
 829  1.87201465201465E+0000  2.66095238095238E+0000
 830  1.84945054945055E+0000  2.66417582417582E+0000
 831  1.82366300366300E+0000  2.65853479853480E+0000
 832  1.79545787545788E+0000  2.66095238095238E+0000
 833  1.77128205128205E+0000  2.65450549450549E+0000
 834  1.73985347985348E+0000  2.66175824175824E+0000
 835  1.70520146520147E+0000  2.66739926739927E+0000
 836  1.67780219780220E+0000  2.66820512820513E+0000
 837  1.65684981684982E+0000  2.65208791208791E+0000
 838  1.63025641025641E+0000  2.66578754578755E+0000
 839  1.59963369963370E+0000  2.65531135531136E+0000
 840  1.60608058608059E+0000  2.66095238095238E+0000
 841  1.58351648351648E+0000  2.65853479853480E+0000
 842  1.58512820512821E+0000  2.66095238095238E+0000
 843  1.56417582417582E+0000  2.66498168498168E+0000
 844  1.55853479853480E+0000  2.65692307692308E+0000
 845  1.54000000000000E+0000  2.65934065934066E+0000
 846  1.52630036630037E+0000  2.66659340659341E+0000
 847  1.49809523809524E+0000  2.66095238095238E+0000
 848  1.47875457875458E+0000  2.65772893772894E+0000
 849  1.47311355311355E+0000  2.66820512820513E+0000
 850  1.45054945054945E+0000  2.66417582417582E+0000
 851  1.44087912087912E+0000  2.65772893772894E+0000
 852  1.42637362637363E+0000  2.65934065934066E+0000
 853  1.41509157509158E+0000  2.66175824175824E+0000
 854  1.37882783882784E+0000  2.65772893772894E+0000
 855  1.36835164835165E+0000  2.66095238095238E+0000
 856  1.34659340659341E+0000  2.66095238095238E+0000
 857  1.33934065934066E+0000  2.66095238095238E+0000
 858  1.33369963369963E+0000  2.66578754578755E+0000
 859  1.32000000000000E+0000  2.66739926739927E+0000
 860  1.31838827838828E+0000  2.66095238095238E+0000
 861  1.29582417582418E+0000  2.66175824175824E+0000
 862  1.28615384615385E+0000  2.66417582417582E+0000
 863  1.28454212454212E+0000  2.66417582417582E+0000
 864  1.27567765567766E+0000  2.65531135531136E+0000
 865  1.28615384615385E+0000  2.66498168498168E+0000
 866  1.28131868131868E+0000  2.66095238095238E+0000
 867  1.28776556776557E+0000  2.66336996336996E+0000
 868  1.29501831501832E+0000  2.65853479853480E+0000
 869  1.32000000000000E+0000  2.66417582417582E+0000
 870  1.32402930402930E+0000  2.66175824175824E+0000
 871  1.35626373626374E+0000  2.65692307692308E+0000
 872  1.40864468864469E+0000  2.65450549450549E+0000
 873  1.40945054945055E+0000  2.66739926739927E+0000
 874  1.48600732600733E+0000  2.65853479853480E+0000
 875  1.57384615384615E+0000  2.65611721611722E+0000
 876  1.57384615384615E+0000  2.66739926739927E+0000
 877  1.64959706959707E+0000  2.66578754578755E+0000
 878  1.74952380952381E+0000  2.66498168498168E+0000
 879  1.82124542124542E+0000  2.65853479853480E+0000
 880  1.89860805860806E+0000  2.65853479853480E+0000
 881  1.96549450549451E+0000  2.66659340659341E+0000
 882  2.02835164835165E+0000  2.65611721611722E+0000
 883  2.07025641025641E+0000  2.66095238095238E+0000
 884  2.12102564102564E+0000  2.66175824175824E+0000
 885  2.16373626373626E+0000  2.66417582417582E+0000
 886  2.22578754578755E+0000  2.66095238095238E+0000
 887  2.24915750915751E+0000  2.66336996336996E+0000
 888  2.25882783882784E+0000  2.66175824175824E+0000
 889  2.29509157509158E+0000  2.66175824175824E+0000
 890  2.34263736263736E+0000  2.66175824175824E+0000
 891  2.36761904761905E+0000  2.66739926739927E+0000
 892  2.40710622710623E+0000  2.66578754578755E+0000
 893  2.40388278388278E+0000  2.65853479853480E+0000
 894  2.46271062271062E+0000  2.66417582417582E+0000
 895  2.50461538461538E+0000  2.66175824175824E+0000
 896  2.51347985347985E+0000  2.65692307692308E+0000
 897  2.52879120879121E+0000  2.65692307692308E+0000
 898  2.53282051282051E+0000  2.66578754578755E+0000
 899  2.53765567765568E+0000  2.66820512820513E+0000
 900  2.52717948717949E+0000  2.66659340659341E+0000
 901  2.52637362637363E+0000  2.66336996336996E+0000
 902  2.51186813186813E+0000  2.65692307692308E+0000
 903  2.49413919413919E+0000  2.66336996336996E+0000
 904  2.44095238095238E+0000  2.66820512820513E+0000
 905  2.43772893772894E+0000  2.65772893772894E+0000
 906  2.39663003663004E+0000  2.66175824175824E+0000
 907  2.39582417582418E+0000  2.65450549450549E+0000
 908  2.36358974358974E+0000  2.66820512820513E+0000
 909  2.35230769230769E+0000  2.66014652014652E+0000
 910  2.30234432234432E+0000  2.65611721611722E+0000
 911  2.25157509157509E+0000  2.66498168498168E+0000
 912  2.21531135531136E+0000  2.66578754578755E+0000
 913  2.15245421245421E+0000  2.65772893772894E+0000
 914  2.14197802197802E+0000  2.66175824175824E+0000
 915  2.09443223443223E+0000  2.65853479853480E+0000
 916  2.02271062271062E+0000  2.66498168498168E+0000
 917  1.95743589743590E+0000  2.66014652014652E+0000
 918  1.92036630036630E+0000  2.65772893772894E+0000
 919  1.90989010989011E+0000  2.66095238095238E+0000
 920  1.91794871794872E+0000  2.66256410256410E+0000
 921  1.92358974358974E+0000  2.66175824175824E+0000
 922  1.90908424908425E+0000  2.65772893772894E+0000
 923  1.91230769230769E+0000  2.65853479853480E+0000
 924  1.91230769230769E+0000  2.66417582417582E+0000
 925  1.91794871794872E+0000  2.66336996336996E+0000
 926  1.91956043956044E+0000  2.66578754578755E+0000
 927  1.91472527472527E+0000  2.65772893772894E+0000
 928  1.91633699633700E+0000  2.66014652014652E+0000
 929  1.90586080586081E+0000  2.66578754578755E+0000
 930  1.91311355311355E+0000  2.66175824175824E+0000
 931  1.91150183150183E+0000  2.66175824175824E+0000
 932  1.91150183150183E+0000  2.66498168498168E+0000
 933  1.91472527472527E+0000  2.65692307692308E+0000
 934  1.91633699633700E+0000  2.66417582417582E+0000
 935  1.91472527472527E+0000  2.66417582417582E+0000
 936  1.92036630036630E+0000  2.66175824175824E+0000
 937  1.91069597069597E+0000  2.66175824175824E+0000
 938  1.91633699633700E+0000  2.65611721611722E+0000
 939  1.91633699633700E+0000  2.66175824175824E+0000
 940  1.91472527472527E+0000  2.66336996336996E+0000
 941  1.91230769230769E+0000  2.66417582417582E+0000
 942  1.91311355311355E+0000  2.66175824175824E+0000
 943  1.91311355311355E+0000  2.66095238095238E+0000
 944  1.91553113553114E+0000  2.66256410256410E+0000
 945  1.91794871794872E+0000  2.66578754578755E+0000
 946  1.91472527472527E+0000  2.66175824175824E+0000
 947  1.91714285714286E+0000  2.66659340659341E+0000
 948  1.91391941391941E+0000  2.66336996336996E+0000
 949  1.91794871794872E+0000  2.66175824175824E+0000
 950  1.91391941391941E+0000  2.66336996336996E+0000
 951  1.91553113553114E+0000  2.66336996336996E+0000
 952  1.91633699633700E+0000  2.68109890109890E+0000
 953  1.91472527472527E+0000  2.71978021978022E+0000
 954  1.90989010989011E+0000  2.71978021978022E+0000
 955  1.90908424908425E+0000  2.75926739926740E+0000
 956  1.90989010989011E+0000  2.79633699633700E+0000
 957  1.91633699633700E+0000  2.82212454212454E+0000
 958  1.91311355311355E+0000  2.86483516483516E+0000
 959  1.91230769230769E+0000  2.92124542124542E+0000
 960  1.91553113553114E+0000  2.96234432234432E+0000
 961  1.91553113553114E+0000  3.00908424908425E+0000
 962  1.91875457875458E+0000  3.05501831501832E+0000
 963  1.90908424908425E+0000  3.10659340659341E+0000
 964  1.91311355311355E+0000  3.12673992673993E+0000
 965  1.91230769230769E+0000  3.15736263736264E+0000
 966  1.91472527472527E+0000  3.18395604395604E+0000
 967  1.91714285714286E+0000  3.22344322344322E+0000
 968  1.91633699633700E+0000  3.23391941391941E+0000
 969  1.91956043956044E+0000  3.26454212454212E+0000
 970  1.91956043956044E+0000  3.27421245421245E+0000
 971  1.91553113553114E+0000  3.30000000000000E+0000
 972  1.90989010989011E+0000  3.30000000000000E+0000
 973  1.90747252747253E+0000  3.30000000000000E+0000
 974  1.91553113553114E+0000  3.30000000000000E+0000
 975  1.91391941391941E+0000  3.30000000000000E+0000
 976  1.91714285714286E+0000  3.30000000000000E+0000
 977  1.91311355311355E+0000  3.30000000000000E+0000
 978  1.91875457875458E+0000  3.30000000000000E+0000
 979  1.91633699633700E+0000  3.30000000000000E+0000
 980  1.91472527472527E+0000  3.30000000000000E+0000
 981  1.91633699633700E+0000  3.30000000000000E+0000
 982  1.91472527472527E+0000  3.30000000000000E+0000
 983  1.91391941391941E+0000  3.30000000000000E+0000
 984  1.91553113553114E+0000  3.30000000000000E+0000
 985  1.91633699633700E+0000  3.30000000000000E+0000
 986  1.91311355311355E+0000  3.30000000000000E+0000
 987  1.91553113553114E+0000  3.30000000000000E+0000
 988  1.91794871794872E+0000  3.30000000000000E+0000
 989  1.91472527472527E+0000  3.30000000000000E+0000
 990  1.91069597069597E+0000  3.30000000000000E+0000
 991  1.91875457875458E+0000  3.30000000000000E+0000
 992  1.91230769230769E+0000  3.30000000000000E+0000
 993  1.91311355311355E+0000  3.30000000000000E+0000
 994  1.91311355311355E+0000  3.18073260073260E+0000
 995  1.91391941391941E+0000  3.01230769230769E+0000
 996  1.91069597069597E+0000  2.86725274725275E+0000
 997  1.91230769230769E+0000  2.83179487179487E+0000
 998  1.91391941391941E+0000  2.68996336996337E+0000
 999  1.90989010989011E+0000  2.56827838827839E+0000
 1000  1.91391941391941E+0000  2.45223443223443E+0000
 1001  1.91391941391941E+0000  2.43289377289377E+0000
 1002  1.91714285714286E+0000  2.34908424908425E+0000
 1003  1.91553113553114E+0000  2.33377289377289E+0000
 1004  1.91472527472527E+0000  2.17501831501832E+0000
 1005  1.91472527472527E+0000  2.07267399267399E+0000
 1006  1.91391941391941E+0000  1.99128205128205E+0000
 1007  1.91311355311355E+0000  1.93406593406593E+0000
 1008  1.91391941391941E+0000  1.88087912087912E+0000
 1009  1.91391941391941E+0000  1.80190476190476E+0000
 1010  1.91553113553114E+0000  1.72937728937729E+0000
 1011  1.91391941391941E+0000  1.64234432234432E+0000
 1012  1.91311355311355E+0000  1.55934065934066E+0000
 1013  1.92036630036630E+0000  1.52952380952381E+0000
 1014  1.92036630036630E+0000  1.53919413919414E+0000
 1015  1.90989010989011E+0000  1.53355311355311E+0000
 1016  1.90908424908425E+0000  1.52630036630037E+0000
 1017  1.92036630036630E+0000  1.57706959706960E+0000
 1018  1.91391941391941E+0000  1.65523809523810E+0000
 1019  1.91633699633700E+0000  1.73179487179487E+0000
 1020  1.90908424908425E+0000  1.81560439560440E+0000
 1021  1.92036630036630E+0000  1.85670329670330E+0000
 1022  1.91633699633700E+0000  1.95904761904762E+0000
 1023  1.91794871794872E+0000  2.09120879120879E+0000
 1024  1.91633699633700E+0000  2.11780219780220E+0000
 1025  1.91553113553114E+0000  2.24351648351648E+0000
 1026  1.91633699633700E+0000  2.45868131868132E+0000
 1027  1.91069597069597E+0000  2.66498168498168E+0000
 1028  1.91875457875458E+0000  2.84871794871795E+0000
 1029  1.91069597069597E+0000  2.87369963369963E+0000
 1030  1.91714285714286E+0000  3.02600732600733E+0000
 1031  1.91794871794872E+0000  3.15978021978022E+0000
 1032  1.91069597069597E+0000  3.27018315018315E+0000
 1033  1.91472527472527E+0000  3.30000000000000E+0000
 1034  1.91472527472527E+0000  3.30000000000000E+0000
 1035  1.91311355311355E+0000  3.30000000000000E+0000
 1036  1.91069597069597E+0000  3.30000000000000E+0000
 1037  1.91230769230769E+0000  3.30000000000000E+0000
 1038  1.91311355311355E+0000  3.30000000000000E+0000
 1039  1.91553113553114E+0000  3.30000000000000E+0000
 1040  1.91472527472527E+0000  3.30000000000000E+0000
 1041  1.92117216117216E+0000  3.30000000000000E+0000
 1042  1.92036630036630E+0000  3.30000000000000E+0000
 1043  1.91069597069597E+0000  3.30000000000000E+0000
 1044  1.91391941391941E+0000  3.30000000000000E+0000
 1045  1.91875457875458E+0000  3.30000000000000E+0000
 1046  1.91230769230769E+0000  3.22586080586081E+0000
 1047  1.91794871794872E+0000  3.11626373626374E+0000
 1048  1.91472527472527E+0000  2.97443223443223E+0000
 1049  1.91956043956044E+0000  2.85355311355311E+0000
 1050  1.91956043956044E+0000  2.73509157509158E+0000
 1051  1.91553113553114E+0000  2.70366300366300E+0000
 1052  1.92439560439560E+0000  2.52879120879121E+0000
 1053  1.91714285714286E+0000  2.38454212454212E+0000
 1054  1.91553113553114E+0000  2.28703296703297E+0000
 1055  1.91150183150183E+0000  2.22981684981685E+0000
 1056  1.91794871794872E+0000  2.15406593406593E+0000
 1057  1.91391941391941E+0000  2.10007326007326E+0000
 1058  1.91553113553114E+0000  2.04608058608059E+0000
 1059  1.91956043956044E+0000  2.00175824175824E+0000
 1060  1.91553113553114E+0000  1.96227106227106E+0000
 1061  1.91553113553114E+0000  1.93164835164835E+0000
 1062  1.91391941391941E+0000  1.92197802197802E+0000
 1063  1.92036630036630E+0000  1.87765567765568E+0000
 1064  1.91633699633700E+0000  1.84300366300366E+0000
 1065  1.91553113553114E+0000  1.80593406593407E+0000
 1066  1.91714285714286E+0000  1.78417582417582E+0000
 1067  1.91391941391941E+0000  1.75758241758242E+0000
 1068  1.91391941391941E+0000  1.74549450549451E+0000
 1069  1.90747252747253E+0000  1.73904761904762E+0000
 1070  1.91472527472527E+0000  1.72534798534799E+0000
 1071  1.91633699633700E+0000  1.72615384615385E+0000
 1072  1.91230769230769E+0000  1.71728937728938E+0000
 1073  1.91391941391941E+0000  1.72695970695971E+0000
 1074  1.91875457875458E+0000  1.72776556776557E+0000
 1075  1.91069597069597E+0000  1.71890109890110E+0000
 1076  1.91391941391941E+0000  1.72051282051282E+0000
 1077  1.91150183150183E+0000  1.72534798534799E+0000
 1078  1.91391941391941E+0000  1.72695970695971E+0000
 1079  1.91230769230769E+0000  1.73260073260073E+0000
 1080  1.91714285714286E+0000  1.73501831501832E+0000
 1081  1.91794871794872E+0000  1.72615384615385E+0000
 1082  1.91472527472527E+0000  1.72454212454212E+0000
 1083  1.91714285714286E+0000  1.72776556776557E+0000
 1084  1.91311355311355E+0000  1.72776556776557E+0000
 1085  1.91633699633700E+0000  1.72454212454212E+0000
 1086  1.91391941391941E+0000  1.72293040293040E+0000
 1087  1.91633699633700E+0000  1.72776556776557E+0000
 1088  1.91875457875458E+0000  1.72454212454212E+0000
 1089  1.91956043956044E+0000  1.72615384615385E+0000
 1090  1.91714285714286E+0000  1.72131868131868E+0000
 1091  1.91553113553114E+0000  1.72776556776557E+0000
 1092  1.91633699633700E+0000  1.72454212454212E+0000
 1093  1.91633699633700E+0000  1.72373626373626E+0000
 1094  1.91391941391941E+0000  1.72051282051282E+0000
 1095  1.91069597069597E+0000  1.72534798534799E+0000
 1096  1.91391941391941E+0000  1.72776556776557E+0000
 1097  1.91230769230769E+0000  1.72293040293040E+0000
 1098  1.91553113553114E+0000  1.72454212454212E+0000
 1099  1.91150183150183E+0000  1.72373626373626E+0000
 1100  1.92197802197802E+0000  1.73098901098901E+0000
 1101  1.91391941391941E+0000  1.72293040293040E+0000
 1102  1.91633699633700E+0000  1.72857142857143E+0000
 1103  1.91069597069597E+0000  1.71970695970696E+0000
 1104  1.91391941391941E+0000  1.72776556776557E+0000
 1105  1.91714285714286E+0000  1.72534798534799E+0000
 1106  1.91633699633700E+0000  1.72776556776557E+0000
 1107  1.91391941391941E+0000  1.72857142857143E+0000
 1108  1.91553113553114E+0000  1.72615384615385E+0000
 1109  1.91553113553114E+0000  1.72615384615385E+0000
 1110  1.90908424908425E+0000  1.72373626373626E+0000
 1111  1.91714285714286E+0000  1.72534798534799E+0000
 1112  1.91230769230769E+0000  1.72615384615385E+0000
 1113  1.91472527472527E+0000  1.72293040293040E+0000
 1114  1.91714285714286E+0000  1.72131868131868E+0000
 1115  1.92036630036630E+0000  1.71970695970696E+0000
 1116  1.91633699633700E+0000  1.73098901098901E+0000
 1117  1.91633699633700E+0000  1.72534798534799E+0000
 1118  1.91633699633700E+0000  1.73018315018315E+0000
 1119  1.91472527472527E+0000  1.72857142857143E+0000
 1120  1.91311355311355E+0000  1.72212454212454E+0000
 1121  1.91714285714286E+0000  1.72857142857143E+0000
 1122  1.91150183150183E+0000  1.71890109890110E+0000
 1123  1.91633699633700E+0000  1.72776556776557E+0000
 1124  1.91311355311355E+0000  1.72293040293040E+0000
 1125  1.91553113553114E+0000  1.72615384615385E+0000
 1126  1.91391941391941E+0000  1.72776556776557E+0000
 1127  1.92600732600733E+0000  1.72695970695971E+0000
 1128  1.91311355311355E+0000  1.72615384615385E+0000
 1129  1.91069597069597E+0000  1.72454212454212E+0000
 1130  1.91553113553114E+0000  1.72615384615385E+0000
 1131  1.91069597069597E+0000  1.72293040293040E+0000
 1132  1.91633699633700E+0000  1.71728937728938E+0000
 1133  1.91633699633700E+0000  1.72776556776557E+0000
 1134  1.91875457875458E+0000  1.72534798534799E+0000
 1135  1.91069597069597E+0000  1.72373626373626E+0000
 1136  1.91794871794872E+0000  1.72131868131868E+0000
 1137  1.91553113553114E+0000  1.73098901098901E+0000
 1138  1.91391941391941E+0000  1.72937728937729E+0000
 1139  1.91230769230769E+0000  1.72857142857143E+0000
 1140  1.91714285714286E+0000  1.72615384615385E+0000
 1141  1.91311355311355E+0000  1.72293040293040E+0000
 1142  1.91230769230769E+0000  1.72534798534799E+0000
 1143  1.91794871794872E+0000  1.72212454212454E+0000
 1144  1.91472527472527E+0000  1.72615384615385E+0000
 1145  1.91230769230769E+0000  1.72857142857143E+0000
 1146  1.91472527472527E+0000  1.73098901098901E+0000
 1147  1.91230769230769E+0000  1.72615384615385E+0000
 1148  1.90989010989011E+0000  1.72212454212454E+0000
 1149  1.91391941391941E+0000  1.73179487179487E+0000
 1150  1.91391941391941E+0000  1.72373626373626E+0000
 1151  1.91391941391941E+0000  1.72615384615385E+0000
 1152  1.92036630036630E+0000  1.72695970695971E+0000
 1153  1.91794871794872E+0000  1.72454212454212E+0000
 1154  1.91875457875458E+0000  1.72857142857143E+0000
 1155  1.91311355311355E+0000  1.72131868131868E+0000
 1156  1.91391941391941E+0000  1.72615384615385E+0000
 1157  1.91391941391941E+0000  1.73340659340659E+0000
 1158  1.91150183150183E+0000  1.72454212454212E+0000
 1159  1.91553113553114E+0000  1.72293040293040E+0000
 1160  1.91714285714286E+0000  1.72776556776557E+0000
 1161  1.91311355311355E+0000  1.72454212454212E+0000
 1162  1.91794871794872E+0000  1.72615384615385E+0000
 1163  1.91069597069597E+0000  1.72131868131868E+0000
 1164  1.91069597069597E+0000  1.72454212454212E+0000
 1165  1.91633699633700E+0000  1.72615384615385E+0000
 1166  1.91069597069597E+0000  1.73018315018315E+0000
 1167  1.91391941391941E+0000  1.72534798534799E+0000
 1168  1.91633699633700E+0000  1.73098901098901E+0000
 1169  1.91875457875458E+0000  1.72776556776557E+0000
 1170  1.91230769230769E+0000  1.72293040293040E+0000
 1171  1.92036630036630E+0000  1.72615384615385E+0000
 1172  1.91472527472527E+0000  1.72615384615385E+0000
 1173  1.91875457875458E+0000  1.72373626373626E+0000
 1174  1.91553113553114E+0000  1.72534798534799E+0000
 1175  1.91714285714286E+0000  1.72776556776557E+0000
 1176  1.91633699633700E+0000  1.72534798534799E+0000
 1177  1.91714285714286E+0000  1.72937728937729E+0000
 1178  1.91472527472527E+0000  1.72776556776557E+0000
 1179  1.91391941391941E+0000  1.72454212454212E+0000
 1180  1.91956043956044E+0000  1.72293040293040E+0000
 1181  1.91311355311355E+0000  1.72937728937729E+0000
 1182  1.91633699633700E+0000  1.73098901098901E+0000
 1183  1.91472527472527E+0000  1.73018315018315E+0000
 1184  1.91311355311355E+0000  1.72373626373626E+0000
 1185  1.91553113553114E+0000  1.72615384615385E+0000
 1186  1.91553113553114E+0000  1.72776556776557E+0000
 1187  1.91633699633700E+0000  1.72776556776557E+0000
 1188  1.91230769230769E+0000  1.72776556776557E+0000
 1189  1.91714285714286E+0000  1.72695970695971E+0000
 1190  1.91391941391941E+0000  1.72212454212454E+0000
 1191  1.91230769230769E+0000  1.72293040293040E+0000
 1192  1.91150183150183E+0000  1.72695970695971E+0000
 1193  1.91633699633700E+0000  1.71406593406593E+0000
 1194  1.91875457875458E+0000  1.72534798534799E+0000
 1195  1.91633699633700E+0000  1.72373626373626E+0000
 1196  1.91391941391941E+0000  1.72534798534799E+0000
 1197  1.91714285714286E+0000  1.72937728937729E+0000
 1198  1.91230769230769E+0000  1.72293040293040E+0000
 1199  1.91633699633700E+0000  1.72615384615385E+0000
 1200  1.91230769230769E+0000  1.72051282051282E+0000
 1201  1.91069597069597E+0000  1.72937728937729E+0000
 1202  1.91311355311355E+0000  1.72776556776557E+0000
 1203  1.91553113553114E+0000  1.72857142857143E+0000
 1204  1.91714285714286E+0000  1.72695970695971E+0000
 1205  1.91875457875458E+0000  1.72051282051282E+0000
 1206  1.91553113553114E+0000  1.72373626373626E+0000
 1207  1.91714285714286E+0000  1.72776556776557E+0000
 1208  1.91311355311355E+0000  1.72857142857143E+0000
 1209  1.91150183150183E+0000  1.72857142857143E+0000
 1210  1.91391941391941E+0000  1.72615384615385E+0000
 1211  1.91714285714286E+0000  1.72212454212454E+0000
 1212  1.91794871794872E+0000  1.72776556776557E+0000
 1213  1.91472527472527E+0000  1.72695970695971E+0000
 1214  1.91714285714286E+0000  1.72776556776557E+0000
 1215  1.91956043956044E+0000  1.72857142857143E+0000
 1216  1.91553113553114E+0000  1.72051282051282E+0000
 1217  1.91391941391941E+0000  1.72615384615385E+0000
