 0  9.52380952380952E-0004 -1.04424908424908E+0000
 1  1.75824175824176E-0003 -1.36095238095238E+0000
 2 -8.71794871794872E-0003 -1.82029304029304E+0000
 3 -1.11355311355311E-0002 -1.46168498168498E+0000
 4 -1.51648351648351E-0002 -1.03860805860806E+0000
 5 -1.43589743589743E-0002 -1.36095238095238E+0000
 6 -1.75824175824176E-0002 -1.81868131868132E+0000
 7 -2.16117216117216E-0002 -1.46087912087912E+0000
 8 -2.80586080586081E-0002 -1.03780219780220E+0000
 9 -2.64468864468864E-0002 -1.36578754578755E+0000
 10 -3.36996336996337E-0002 -1.81626373626374E+0000
 11 -3.45054945054945E-0002 -1.45282051282051E+0000
 12 -4.09523809523810E-0002 -1.02490842490842E+0000
 13 -4.09523809523810E-0002 -1.35934065934066E+0000
 14 -4.25641025641026E-0002 -1.80578754578755E+0000
 15 -4.09523809523810E-0002 -1.43347985347985E+0000
 16 -5.38461538461538E-0002 -1.01201465201465E+0000
 17 -5.22344322344322E-0002 -1.35047619047619E+0000
 18 -5.46520146520147E-0002 -1.78886446886447E+0000
 19 -5.54578754578755E-0002 -1.43992673992674E+0000
 20 -6.02930402930403E-0002 -1.02329670329670E+0000
 21 -6.10989010989011E-0002 -1.36739926739927E+0000
 22 -6.19047619047619E-0002 -1.80901098901099E+0000
 23 -6.99633699633700E-0002 -1.41816849816850E+0000
 24 -7.07692307692308E-0002 -1.01040293040293E+0000
 25 -7.23809523809524E-0002 -1.36175824175824E+0000
 26 -7.07692307692308E-0002 -1.80095238095238E+0000
 27 -7.47985347985348E-0002 -1.39802197802198E+0000
 28 -7.96336996336996E-0002 -9.91062271062271E-0001
 29 -7.80219780219780E-0002 -1.34644688644689E+0000
 30 -9.25274725274725E-0002 -1.77838827838828E+0000
 31 -7.80219780219780E-0002 -1.41413919413919E+0000
 32 -8.68864468864469E-0002 -1.00879120879121E+0000
 33 -8.84981684981685E-0002 -1.36981684981685E+0000
 34 -8.93040293040293E-0002 -1.79047619047619E+0000
 35 -8.28571428571429E-0002 -1.41413919413919E+0000
 36 -9.49450549450549E-0002 -1.01443223443223E+0000
 37 -9.33333333333333E-0002 -1.38432234432234E+0000
 38 -8.84981684981685E-0002 -1.76468864468864E+0000
 39 -9.33333333333333E-0002 -1.38512820512821E+0000
 40 -9.49450549450549E-0002 -9.88644688644689E-0001
 41 -9.89743589743590E-0002 -1.36014652014652E+0000
 42 -9.25274725274725E-0002 -1.77113553113553E+0000
 43 -9.97802197802198E-0002 -1.38835164835165E+0000
 44 -1.02197802197802E-0001 -9.91868131868132E-0001
 45 -9.73626373626374E-0002 -1.37545787545788E+0000
 46 -1.05421245421245E-0001 -1.78241758241758E+0000
 47 -9.97802197802198E-0002 -1.38351648351648E+0000
 48 -1.01391941391941E-0001 -9.93479853479853E-0001
 49 -1.02197802197802E-0001 -1.38835164835165E+0000
 50 -1.01391941391941E-0001 -1.75179487179487E+0000
 51 -1.02197802197802E-0001 -1.34967032967033E+0000
 52 -1.00586080586080E-0001 -9.99120879120879E-0001
 53 -1.01391941391941E-0001 -1.40205128205128E+0000
 54 -9.97802197802198E-0002 -1.75985347985348E+0000
 55 -9.73626373626374E-0002 -1.35611721611722E+0000
 56 -1.00586080586080E-0001 -1.01201465201465E+0000
 57 -9.89743589743590E-0002 -1.42219780219780E+0000
 58 -9.97802197802198E-0002 -1.78000000000000E+0000
 59 -9.73626373626374E-0002 -1.36901098901099E+0000
 60 -9.97802197802198E-0002 -1.03377289377289E+0000
 61 -9.57509157509158E-0002 -1.44717948717949E+0000
 62 -9.25274725274725E-0002 -1.79692307692308E+0000
 63 -8.93040293040293E-0002 -1.33677655677656E+0000
 64 -9.41391941391941E-0002 -1.00798534798535E+0000
 65 -8.84981684981685E-0002 -1.41978021978022E+0000
 66 -8.44688644688645E-0002 -1.77032967032967E+0000
 67 -8.60805860805861E-0002 -1.33919413919414E+0000
 68 -8.68864468864469E-0002 -1.01765567765568E+0000
 69 -8.04395604395604E-0002 -1.44717948717949E+0000
 70 -7.96336996336996E-0002 -1.78241758241758E+0000
 71 -7.88278388278388E-0002 -1.34564102564103E+0000
 72 -7.96336996336996E-0002 -1.03054945054945E+0000
 73 -7.31868131868132E-0002 -1.46893772893773E+0000
 74 -7.07692307692308E-0002 -1.80820512820513E+0000
 75 -7.15750915750916E-0002 -1.32388278388278E+0000
 76 -7.15750915750916E-0002 -1.00798534798535E+0000
 77 -6.59340659340659E-0002 -1.44476190476190E+0000
 78 -6.27106227106227E-0002 -1.77597069597070E+0000
 79 -6.02930402930403E-0002 -1.32388278388278E+0000
 80 -6.02930402930403E-0002 -1.01362637362637E+0000
 81 -5.46520146520147E-0002 -1.46571428571429E+0000
 82 -5.38461538461538E-0002 -1.78725274725275E+0000
 83 -5.30402930402930E-0002 -1.33597069597070E+0000
 84 -5.38461538461538E-0002 -1.04505494505495E+0000
 85 -4.09523809523810E-0002 -1.50520146520147E+0000
 86 -4.01465201465201E-0002 -1.78241758241758E+0000
 87 -3.69230769230769E-0002 -1.31904761904762E+0000
 88 -4.09523809523810E-0002 -1.02410256410256E+0000
 89 -3.45054945054945E-0002 -1.48586080586081E+0000
 90 -3.12820512820513E-0002 -1.75501831501832E+0000
 91 -2.80586080586081E-0002 -1.29326007326007E+0000
 92 -2.80586080586081E-0002 -1.00315018315018E+0000
 93 -2.00000000000000E-0002 -1.46410256410256E+0000
 94 -1.11355311355311E-0002 -1.77435897435897E+0000
 95 -1.43589743589743E-0002 -1.30857142857143E+0000
 96 -1.59706959706960E-0002 -1.03135531135531E+0000
 97 -6.30036630036630E-0003 -1.50681318681319E+0000
 98 -6.30036630036630E-0003 -1.76791208791209E+0000
 99 -3.88278388278388E-0003 -1.29406593406593E+0000
 100 -2.27106227106227E-0003 -1.02087912087912E+0000
 101  7.39926739926740E-0003 -1.49230769230769E+0000
 102  9.81684981684982E-0003 -1.74131868131868E+0000
 103  1.06227106227106E-0002 -1.26424908424908E+0000
 104  1.46520146520146E-0002 -1.04021978021978E+0000
 105  1.78754578754579E-0002 -1.51809523809524E+0000
 106  2.27106227106227E-0002 -1.76065934065934E+0000
 107  3.64102564102564E-0002 -1.27069597069597E+0000
 108  2.02930402930403E-0002 -1.05714285714286E+0000
 109  2.91575091575092E-0002 -1.55194139194139E+0000
 110  3.31868131868132E-0002 -1.79369963369963E+0000
 111  3.39926739926740E-0002 -1.30695970695971E+0000
 112  3.56043956043956E-0002 -1.05714285714286E+0000
 113  4.52747252747253E-0002 -1.55677655677656E+0000
 114  4.52747252747253E-0002 -1.78805860805861E+0000
 115  4.60805860805861E-0002 -1.28842490842491E+0000
 116  4.76923076923077E-0002 -1.04102564102564E+0000
 117  5.09157509157509E-0002 -1.53582417582418E+0000
 118  5.65567765567766E-0002 -1.77194139194139E+0000
 119  5.57509157509158E-0002 -1.27150183150183E+0000
 120  5.81684981684982E-0002 -1.07487179487179E+0000
 121  6.62271062271062E-0002 -1.54065934065934E+0000
 122  6.62271062271062E-0002 -1.76630036630037E+0000
 123  6.54212454212454E-0002 -1.26586080586081E+0000
 124  6.78388278388278E-0002 -1.06600732600733E+0000
 125  7.67032967032967E-0002 -1.57047619047619E+0000
 126  7.50915750915751E-0002 -1.78402930402930E+0000
 127  7.67032967032967E-0002 -1.27875457875458E+0000
 128  7.50915750915751E-0002 -1.04263736263736E+0000
 129  8.15384615384615E-0002 -1.55274725274725E+0000
 130  8.63736263736264E-0002 -1.76630036630037E+0000
 131  8.31501831501832E-0002 -1.25699633699634E+0000
 132  9.04029304029304E-0002 -1.07809523809524E+0000
 133  9.04029304029304E-0002 -1.55919413919414E+0000
 134  9.20146520146520E-0002 -1.76307692307692E+0000
 135  9.12087912087912E-0002 -1.24329670329670E+0000
 136  9.04029304029304E-0002 -1.06600732600733E+0000
 137  9.76556776556777E-0002 -1.58498168498168E+0000
 138  9.44322344322344E-0002 -1.78080586080586E+0000
 139  9.12087912087912E-0002 -1.26586080586081E+0000
 140  9.60439560439560E-0002 -1.09501831501832E+0000
 141  1.07326007326007E-0001 -1.57934065934066E+0000
 142  1.00879120879120E-0001 -1.77274725274725E+0000
 143  9.92673992673993E-0002 -1.25135531135531E+0000
 144  1.00073260073260E-0001 -1.09663003663004E+0000
 145  9.68498168498168E-0002 -1.60190476190476E+0000
 146  1.00879120879120E-0001 -1.73164835164835E+0000
 147  1.03296703296703E-0001 -1.20461538461538E+0000
 148  1.00879120879120E-0001 -1.04989010989011E+0000
 149  1.04908424908424E-0001 -1.58336996336996E+0000
 150  1.07326007326007E-0001 -1.74373626373626E+0000
 151  1.02490842490842E-0001 -1.21106227106227E+0000
 152  1.00879120879120E-0001 -1.06439560439560E+0000
 153  1.04102564102564E-0001 -1.60754578754579E+0000
 154  9.84615384615385E-0002 -1.72600732600733E+0000
 155  1.00073260073260E-0001 -1.18930402930403E+0000
 156  9.84615384615385E-0002 -1.04183150183150E+0000
 157  1.00073260073260E-0001 -1.58095238095238E+0000
 158  9.76556776556777E-0002 -1.73890109890110E+0000
 159  9.52380952380952E-0002 -1.19978021978022E+0000
 160  9.28205128205128E-0002 -1.07164835164835E+0000
 161  9.76556776556777E-0002 -1.62608058608059E+0000
 162  9.44322344322344E-0002 -1.73890109890110E+0000
 163  8.95970695970696E-0002 -1.18930402930403E+0000
 164  8.87912087912088E-0002 -1.06520146520147E+0000
 165  9.12087912087912E-0002 -1.62124542124542E+0000
 166  8.63736263736264E-0002 -1.71553113553114E+0000
 167  8.79853479853480E-0002 -1.16915750915751E+0000
 168  8.07326007326007E-0002 -1.08937728937729E+0000
 169  8.47619047619048E-0002 -1.60996336996337E+0000
 170  8.15384615384615E-0002 -1.69780219780220E+0000
 171  7.99267399267399E-0002 -1.13853479853480E+0000
 172  7.50915750915751E-0002 -1.06600732600733E+0000
 173  7.75091575091575E-0002 -1.61721611721612E+0000
 174  7.50915750915751E-0002 -1.70021978021978E+0000
 175  7.42857142857143E-0002 -1.14256410256410E+0000
 176  6.86446886446886E-0002 -1.08293040293040E+0000
 177  6.86446886446886E-0002 -1.60915750915751E+0000
 178  6.70329670329670E-0002 -1.68087912087912E+0000
 179  6.38095238095238E-0002 -1.16271062271062E+0000
 180  5.57509157509158E-0002 -1.10549450549451E+0000
 181  5.09157509157509E-0002 -1.63816849816850E+0000
 182  5.41391941391941E-0002 -1.70424908424908E+0000
 183  4.76923076923077E-0002 -1.13853479853480E+0000
 184  4.52747252747253E-0002 -1.08776556776557E+0000
 185  5.41391941391941E-0002 -1.61560439560440E+0000
 186  4.28571428571429E-0002 -1.67282051282051E+0000
 187  3.72161172161172E-0002 -1.14417582417582E+0000
 188  3.31868131868132E-0002 -1.10146520146520E+0000
 189  3.15750915750916E-0002 -1.63413919413919E+0000
 190  3.47985347985348E-0002 -1.68249084249084E+0000
 191  2.83516483516484E-0002 -1.15787545787546E+0000
 192  2.35164835164835E-0002 -1.12000000000000E+0000
 193  2.19047619047619E-0002 -1.65992673992674E+0000
 194  1.78754578754579E-0002 -1.70102564102564E+0000
 195  1.22344322344322E-0002 -1.13450549450549E+0000
 196  9.01098901098901E-0003 -1.11274725274725E+0000
 197  1.30402930402930E-0002 -1.64300366300366E+0000
 198 -3.07692307692308E-0003 -1.68329670329670E+0000
 199  9.52380952380952E-0004 -1.15465201465201E+0000
 200 -2.27106227106227E-0003 -1.14739926739927E+0000
 201  1.75824175824176E-0003 -1.69619047619048E+0000
 202 -6.30036630036630E-0003 -1.68893772893773E+0000
 203 -1.19413919413919E-0002 -1.15706959706960E+0000
 204 -1.75824175824176E-0002 -1.15062271062271E+0000
 205 -1.51648351648351E-0002 -1.69538461538462E+0000
 206 -1.91941391941392E-0002 -1.67765567765568E+0000
 207 -2.16117216117216E-0002 -1.14578754578755E+0000
 208 -2.32234432234432E-0002 -1.14417582417582E+0000
 209 -2.56410256410256E-0002 -1.69377289377289E+0000
 210 -3.45054945054945E-0002 -1.66717948717949E+0000
 211 -3.04761904761905E-0002 -1.12483516483516E+0000
 212 -3.77289377289377E-0002 -1.12644688644689E+0000
 213 -4.09523809523810E-0002 -1.67362637362637E+0000
 214 -4.33699633699634E-0002 -1.67604395604396E+0000
 215 -4.65934065934066E-0002 -1.14336996336996E+0000
 216 -5.38461538461538E-0002 -1.15465201465201E+0000
 217 -4.82051282051282E-0002 -1.71230769230769E+0000
 218 -5.54578754578755E-0002 -1.66879120879121E+0000
 219 -5.62637362637363E-0002 -1.12644688644689E+0000
 220 -6.10989010989011E-0002 -1.15062271062271E+0000
 221 -6.27106227106227E-0002 -1.70344322344322E+0000
 222 -6.51282051282051E-0002 -1.65670329670330E+0000
 223 -6.75457875457875E-0002 -1.11435897435897E+0000
 224 -7.39926739926740E-0002 -1.14659340659341E+0000
 225 -7.07692307692308E-0002 -1.70344322344322E+0000
 226 -7.31868131868132E-0002 -1.64783882783883E+0000
 227 -7.56043956043956E-0002 -1.10065934065934E+0000
 228 -8.20512820512821E-0002 -1.13692307692308E+0000
 229 -7.56043956043956E-0002 -1.68652014652015E+0000
 230 -8.20512820512821E-0002 -1.65509157509158E+0000
 231 -8.60805860805861E-0002 -1.11032967032967E+0000
 232 -9.01098901098901E-0002 -1.16029304029304E+0000
 233 -8.52747252747253E-0002 -1.72439560439560E+0000
 234 -8.93040293040293E-0002 -1.64622710622711E+0000
 235 -9.17216117216117E-0002 -1.09340659340659E+0000
 236 -8.84981684981685E-0002 -1.14014652014652E+0000
 237 -9.17216117216117E-0002 -1.70102564102564E+0000
 238 -8.84981684981685E-0002 -1.61157509157509E+0000
 239 -9.17216117216117E-0002 -1.06842490842491E+0000
 240 -9.65567765567766E-0002 -1.16351648351648E+0000
 241 -9.65567765567766E-0002 -1.72278388278388E+0000
 242 -1.05421245421245E-0001 -1.63816849816850E+0000
 243 -1.03003663003663E-0001 -1.09340659340659E+0000
 244 -9.57509157509158E-0002 -1.14659340659341E+0000
 245 -9.49450549450549E-0002 -1.71553113553114E+0000
 246 -9.89743589743590E-0002 -1.06278388278388E+0000
 247 -9.97802197802198E-0002 -1.16835164835165E+0000
 248 -1.00586080586080E-0001 -1.74051282051282E+0000
 249 -1.05421245421245E-0001 -1.63897435897436E+0000
 250 -9.89743589743590E-0002 -1.09421245421245E+0000
 251 -1.01391941391941E-0001 -1.17641025641026E+0000
 252 -9.49450549450549E-0002 -1.69699633699634E+0000
 253 -9.49450549450549E-0002 -1.58901098901099E+0000
 254 -9.89743589743590E-0002 -1.03054945054945E+0000
 255 -1.05421245421245E-0001 -1.15304029304029E+0000
 256 -9.17216117216117E-0002 -1.71633699633700E+0000
 257 -9.89743589743590E-0002 -1.60190476190476E+0000
 258 -9.41391941391941E-0002 -1.04424908424908E+0000
 259 -9.81684981684982E-0002 -1.17399267399267E+0000
 260 -9.25274725274725E-0002 -1.74293040293040E+0000
 261 -9.25274725274725E-0002 -1.60835164835165E+0000
 262 -9.25274725274725E-0002 -1.05069597069597E+0000
 263 -9.17216117216117E-0002 -1.72036630036630E+0000
 264 -8.76923076923077E-0002 -1.58498168498168E+0000
 265 -8.60805860805861E-0002 -1.07326007326007E+0000
 266 -8.44688644688645E-0002 -1.17641025641026E+0000
 267 -8.28571428571429E-0002 -1.69941391941392E+0000
 268 -7.96336996336996E-0002 -1.55355311355311E+0000
 269 -7.47985347985348E-0002 -1.04102564102564E+0000
 270 -7.96336996336996E-0002 -1.18849816849817E+0000
 271 -7.64102564102564E-0002 -1.70989010989011E+0000
 272 -6.99633699633700E-0002 -1.56402930402930E+0000
 273 -7.15750915750916E-0002 -1.04989010989011E+0000
 274 -6.91575091575092E-0002 -1.20945054945055E+0000
 275 -5.78754578754579E-0002 -1.72520146520147E+0000
 276 -6.19047619047619E-0002 -1.56886446886447E+0000
 277 -5.70695970695971E-0002 -1.04102564102564E+0000
 278 -5.94871794871795E-0002 -1.20703296703297E+0000
 279 -5.46520146520147E-0002 -1.73809523809524E+0000
 280 -2.24175824175824E-0002 -1.56967032967033E+0000
 281 -4.73992673992674E-0002 -1.23282051282051E+0000
 282 -4.09523809523810E-0002 -1.76630036630037E+0000
 283 -3.53113553113553E-0002 -1.59545787545788E+0000
 284 -4.09523809523810E-0002 -1.22073260073260E+0000
 285 -3.45054945054945E-0002 -1.74131868131868E+0000
 286 -3.36996336996337E-0002 -1.57047619047619E+0000
 287 -2.80586080586081E-0002 -1.24652014652015E+0000
 288 -1.67765567765568E-0002 -1.58095238095238E+0000
 289 -1.59706959706960E-0002 -1.07809523809524E+0000
 290 -1.51648351648351E-0002 -1.24168498168498E+0000
 291 -8.71794871794872E-0003 -1.57450549450549E+0000
 292 -6.59340659340659E-0004 -1.07003663003663E+0000
 293  3.36996336996337E-0003 -1.76146520146520E+0000
 294  7.39926739926740E-0003 -1.56805860805861E+0000
 295  1.06227106227106E-0002 -1.06761904761905E+0000
 296  1.30402930402930E-0002 -1.80820512820513E+0000
 297  2.35164835164835E-0002 -1.56000000000000E+0000
 298  2.67399267399267E-0002 -1.05875457875458E+0000
 299  2.35164835164835E-0002 -1.28117216117216E+0000
 300  3.15750915750916E-0002 -1.76388278388278E+0000
 301  3.39926739926740E-0002 -1.54952380952381E+0000
 302  3.56043956043956E-0002 -1.04344322344322E+0000
 303  4.04395604395604E-0002 -1.26827838827839E+0000
 304  4.28571428571429E-0002 -1.78725274725275E+0000
 305  4.36630036630037E-0002 -1.07084249084249E+0000
 306  4.93040293040293E-0002 -1.30937728937729E+0000
 307  5.57509157509158E-0002 -1.79531135531136E+0000
 308  5.97802197802198E-0002 -1.52373626373626E+0000
 309  5.89743589743590E-0002 -1.01846153846154E+0000
 310  5.73626373626374E-0002 -1.25457875457875E+0000
 311  6.70329670329670E-0002 -1.76630036630037E+0000
 312  6.21978021978022E-0002 -1.53340659340659E+0000
 313  7.02564102564103E-0002 -1.28923076923077E+0000
 314  7.58974358974359E-0002 -1.76146520146520E+0000
 315  7.50915750915751E-0002 -1.52293040293040E+0000
 316  7.83150183150183E-0002 -1.29003663003663E+0000
 317  8.55677655677656E-0002 -1.75501831501832E+0000
 318  8.39560439560440E-0002 -1.02168498168498E+0000
 319  8.71794871794872E-0002 -1.77677655677656E+0000
 320  9.20146520146520E-0002 -1.51890109890110E+0000
 321  9.44322344322344E-0002 -1.29245421245421E+0000
 322  9.60439560439560E-0002 -1.75501831501832E+0000
 323  9.68498168498168E-0002 -1.49230769230769E+0000
 324  8.63736263736264E-0002 -1.00959706959707E+0000
 325  9.52380952380952E-0002 -1.27311355311355E+0000
 326  9.92673992673993E-0002 -1.76952380952381E+0000
 327  1.00879120879120E-0001 -1.01282051282051E+0000
 328  1.00879120879120E-0001 -1.29728937728938E+0000
 329  1.04102564102564E-0001 -1.76065934065934E+0000
 330  1.00879120879120E-0001 -1.04021978021978E+0000
 331  9.68498168498168E-0002 -1.33032967032967E+0000
 332  1.06520146520146E-0001 -1.78241758241758E+0000
 333  1.00879120879120E-0001 -1.48586080586081E+0000
 334  1.01684981684981E-0001 -1.00476190476190E+0000
 335  9.84615384615385E-0002 -1.30293040293040E+0000
 336  9.84615384615385E-0002 -1.45604395604396E+0000
 337  9.92673992673993E-0002 -1.02490842490842E+0000
 338  9.76556776556777E-0002 -1.33597069597070E+0000
 339  1.00879120879120E-0001 -1.48183150183150E+0000
 340  9.84615384615385E-0002 -1.05714285714286E+0000
 341  9.76556776556777E-0002 -1.38029304029304E+0000
 342  9.52380952380952E-0002 -1.83318681318681E+0000
 343  9.12087912087912E-0002 -1.47296703296703E+0000
 344  9.28205128205128E-0002 -1.04666666666667E+0000
 345  9.04029304029304E-0002 -1.80820512820513E+0000
 346  8.63736263736264E-0002 -1.44073260073260E+0000
 347  8.87912087912088E-0002 -1.01362637362637E+0000
 348  8.55677655677656E-0002 -1.34805860805861E+0000
 349  7.75091575091575E-0002 -1.41816849816850E+0000
 350  7.83150183150183E-0002 -1.00234432234432E+0000
 351  7.50915750915751E-0002 -1.76549450549451E+0000
 352  7.42857142857143E-0002 -1.01523809523810E+0000
 353  7.10622710622711E-0002 -1.78644688644689E+0000
 354  6.21978021978022E-0002 -1.44073260073260E+0000
 355  5.89743589743590E-0002 -1.02974358974359E+0000
 356  5.73626373626374E-0002 -1.39076923076923E+0000
 357  5.73626373626374E-0002 -1.77758241758242E+0000
 358  4.93040293040293E-0002 -1.01684981684982E+0000
 359  4.93040293040293E-0002 -1.38512820512821E+0000
 360  5.17216117216117E-0002 -1.76791208791209E+0000
 361  3.80219780219780E-0002 -1.00959706959707E+0000
 362  3.31868131868132E-0002 -1.38271062271062E+0000
 363  3.23809523809524E-0002 -1.38271062271062E+0000
 364  2.35164835164835E-0002 -9.83809523809524E-0001
 365  1.70695970695971E-0002 -1.35772893772894E+0000
 366  2.35164835164835E-0002 -1.38432234432234E+0000
 367  1.70695970695971E-0002 -9.94285714285714E-0001
 368  1.38461538461538E-0002 -1.79611721611722E+0000
 369  4.17582417582418E-0003 -1.36256410256410E+0000
 370 -2.27106227106227E-0003 -1.01201465201465E+0000
 371 -2.27106227106227E-0003 -1.78161172161172E+0000
 372 -9.52380952380952E-0003 -1.37545787545788E+0000
 373 -1.11355311355311E-0002 -1.44073260073260E+0000
 374 -1.83882783882784E-0002 -1.79369963369963E+0000
 375 -2.16117216117216E-0002 -1.39479853479853E+0000
 376 -2.64468864468864E-0002 -1.42622710622711E+0000
 377 -2.80586080586081E-0002 -1.78080586080586E+0000
 378 -3.20879120879121E-0002 -1.04908424908425E+0000
 379 -3.93406593406593E-0002 -1.47457875457875E+0000
 380 -4.09523809523810E-0002 -1.36578754578755E+0000
 381 -4.90109890109890E-0002 -1.04586080586081E+0000
 382 -5.38461538461538E-0002 -1.48263736263736E+0000
 383 -5.30402930402930E-0002 -1.82593406593407E+0000
 384 -5.70695970695971E-0002 -1.04989010989011E+0000
 385 -5.78754578754579E-0002 -1.49150183150183E+0000
 386 -6.02930402930403E-0002 -1.77677655677656E+0000
 387 -6.91575091575092E-0002 -1.02732600732601E+0000
 388 -7.07692307692308E-0002 -1.46652014652015E+0000
 389 -7.23809523809524E-0002 -1.34322344322344E+0000
 390 -7.72161172161172E-0002 -1.03296703296703E+0000
 391 -8.36630036630037E-0002 -1.77597069597070E+0000
 392 -8.60805860805861E-0002 -1.02007326007326E+0000
 393 -8.60805860805861E-0002 -1.48183150183150E+0000
 394 -8.20512820512821E-0002 -1.79692307692308E+0000
 395 -9.49450549450549E-0002 -1.30293040293040E+0000
 396 -8.76923076923077E-0002 -1.01362637362637E+0000
 397 -9.25274725274725E-0002 -1.47941391941392E+0000
 398 -8.68864468864469E-0002 -1.77758241758242E+0000
 399 -9.89743589743590E-0002 -1.31904761904762E+0000
 400 -9.89743589743590E-0002 -1.03296703296703E+0000
 401 -9.49450549450549E-0002 -1.77032967032967E+0000
 402 -9.89743589743590E-0002 -1.30051282051282E+0000
 403 -9.73626373626374E-0002 -1.49956043956044E+0000
 404 -1.12673992673992E-0001 -1.75098901098901E+0000
 405 -1.01391941391941E-0001 -1.04505494505495E+0000
 406 -9.89743589743590E-0002 -1.53260073260073E+0000
 407 -1.01391941391941E-0001 -1.30212454212454E+0000
 408 -1.02197802197802E-0001 -1.04424908424908E+0000
 409 -1.00586080586080E-0001 -1.77274725274725E+0000
 410 -1.00586080586080E-0001 -1.29406593406593E+0000
 411 -1.01391941391941E-0001 -1.53743589743590E+0000
 412 -9.33333333333333E-0002 -1.28197802197802E+0000
 413 -9.81684981684982E-0002 -1.52534798534799E+0000
 414 -8.84981684981685E-0002 -1.74695970695971E+0000
 415 -9.89743589743590E-0002 -1.25538461538462E+0000
 416 -8.93040293040293E-0002 -1.05230769230769E+0000
 417 -8.84981684981685E-0002 -1.56322344322344E+0000
 418 -8.36630036630037E-0002 -1.77597069597070E+0000
 419 -9.49450549450549E-0002 -1.04424908424908E+0000
 420 -8.36630036630037E-0002 -1.55355311355311E+0000
 421 -7.23809523809524E-0002 -1.26586080586081E+0000
 422 -7.96336996336996E-0002 -1.54065934065934E+0000
 423 -7.23809523809524E-0002 -1.23523809523810E+0000
 424 -8.20512820512821E-0002 -1.05069597069597E+0000
 425 -6.35164835164835E-0002 -1.56886446886447E+0000
 426 -6.35164835164835E-0002 -1.75985347985348E+0000
 427 -6.59340659340659E-0002 -1.08293040293040E+0000
 428 -5.38461538461538E-0002 -1.57128205128205E+0000
 429 -5.30402930402930E-0002 -1.24007326007326E+0000
 430 -4.98168498168498E-0002 -1.07245421245421E+0000
 431 -4.49816849816850E-0002 -1.73487179487179E+0000
 432 -4.25641025641026E-0002 -1.21670329670330E+0000
 433 -4.09523809523810E-0002 -1.58739926739927E+0000
 434 -2.80586080586081E-0002 -1.23443223443223E+0000
 435 -2.64468864468864E-0002 -1.08212454212454E+0000
 436 -1.75824175824176E-0002 -1.74131868131868E+0000
 437 -1.83882783882784E-0002 -1.21670329670330E+0000
 438 -1.43589743589743E-0002 -1.57611721611722E+0000
 439 -6.59340659340659E-0004 -1.72358974358974E+0000
 440 -3.88278388278388E-0003 -1.18366300366300E+0000
 441  2.56410256410256E-0003 -1.04586080586081E+0000
 442  4.17582417582418E-0003 -1.69780219780220E+0000
 443  1.06227106227106E-0002 -1.06439560439560E+0000
 444  1.70695970695971E-0002 -1.71391941391941E+0000
 445  2.10989010989011E-0002 -1.09501831501832E+0000
 446  2.35164835164835E-0002 -1.70263736263736E+0000
 447  3.23809523809524E-0002 -1.15948717948718E+0000
 448  3.64102564102564E-0002 -1.09179487179487E+0000
 449  4.28571428571429E-0002 -1.67846153846154E+0000
 450  4.52747252747253E-0002 -1.16029304029304E+0000
 451  4.93040293040293E-0002 -1.10146520146520E+0000
 452  5.57509157509158E-0002 -1.62930402930403E+0000
 453  4.12454212454212E-0002 -1.13934065934066E+0000
 454  5.57509157509158E-0002 -1.08534798534799E+0000
 455  6.13919413919414E-0002 -1.60432234432234E+0000
 456  6.78388278388278E-0002 -1.66476190476190E+0000
 457  6.13919413919414E-0002 -1.10871794871795E+0000
 458  7.50915750915751E-0002 -1.63978021978022E+0000
 459  6.05860805860806E-0002 -1.68652014652015E+0000
 460  7.50915750915751E-0002 -1.16351648351648E+0000
 461  7.67032967032967E-0002 -1.66395604395604E+0000
 462  8.23443223443223E-0002 -1.70989010989011E+0000
 463  8.15384615384615E-0002 -1.12805860805861E+0000
 464  8.87912087912088E-0002 -1.67040293040293E+0000
 465  9.28205128205128E-0002 -1.70666666666667E+0000
 466  9.04029304029304E-0002 -1.14175824175824E+0000
 467  8.87912087912088E-0002 -1.66959706959707E+0000
 468  9.52380952380952E-0002 -1.69457875457875E+0000
 469  9.28205128205128E-0002 -1.12886446886447E+0000
 470  9.68498168498168E-0002 -1.12322344322344E+0000
 471  9.84615384615385E-0002 -1.68168498168498E+0000
 472  9.68498168498168E-0002 -1.16109890109890E+0000
 473  1.00879120879120E-0001 -1.71633699633700E+0000
 474  1.04908424908424E-0001 -1.15626373626374E+0000
 475  1.00879120879120E-0001 -1.72036630036630E+0000
 476  1.07326007326007E-0001 -1.13934065934066E+0000
 477  1.00073260073260E-0001 -1.66879120879121E+0000
 478  9.68498168498168E-0002 -1.16029304029304E+0000
 479  9.84615384615385E-0002 -1.72278388278388E+0000
 480  9.92673992673993E-0002 -1.66637362637363E+0000
 481  9.36263736263736E-0002 -1.16190476190476E+0000
 482  9.52380952380952E-0002 -1.65670329670330E+0000
 483  9.04029304029304E-0002 -1.11677655677656E+0000
 484  9.44322344322344E-0002 -1.64139194139194E+0000
 485  8.71794871794872E-0002 -1.09743589743590E+0000
 486  8.47619047619048E-0002 -1.15304029304029E+0000
 487  8.39560439560440E-0002 -1.71472527472527E+0000
 488  8.31501831501832E-0002 -1.09179487179487E+0000
 489  7.58974358974359E-0002 -1.69780219780220E+0000
 490  7.50915750915751E-0002 -1.59787545787546E+0000
 491  6.86446886446886E-0002 -1.15706959706960E+0000
 492  6.21978021978022E-0002 -1.61076923076923E+0000
 493  5.89743589743590E-0002 -1.06520146520147E+0000
 494  5.65567765567766E-0002 -1.70908424908425E+0000
 495  5.81684981684982E-0002 -1.05311355311355E+0000
 496  4.84981684981685E-0002 -1.16593406593407E+0000
 497  4.68864468864469E-0002 -1.73164835164835E+0000
 498  4.44688644688645E-0002 -1.60996336996337E+0000
 499  4.04395604395604E-0002 -1.19010989010989E+0000
 500  3.56043956043956E-0002 -1.58417582417582E+0000
 501  2.35164835164835E-0002 -1.07890109890110E+0000
 502  2.35164835164835E-0002 -1.73567765567766E+0000
 503  1.94871794871795E-0002 -1.05553113553114E+0000
 504  1.14285714285714E-0002 -1.71714285714286E+0000
 505  4.17582417582418E-0003 -1.06761904761905E+0000
 506 -2.27106227106227E-0003 -1.59868131868132E+0000
 507 -1.03296703296703E-0002 -1.20783882783883E+0000
 508 -1.91941391941392E-0002 -1.07164835164835E+0000
 509 -2.48351648351648E-0002 -1.77355311355311E+0000
 510 -2.96703296703297E-0002 -1.06197802197802E+0000
 511 -3.53113553113553E-0002 -1.77032967032967E+0000
 512 -4.25641025641026E-0002 -1.05150183150183E+0000
 513 -4.82051282051282E-0002 -1.23684981684982E+0000
 514 -5.70695970695971E-0002 -1.58336996336996E+0000
 515 -5.62637362637363E-0002 -1.07970695970696E+0000
 516 -6.19047619047619E-0002 -1.22879120879121E+0000
 517 -6.02930402930403E-0002 -1.75179487179487E+0000
 518 -5.86813186813187E-0002 -1.55516483516484E+0000
 519 -7.07692307692308E-0002 -1.06197802197802E+0000
 520 -6.91575091575092E-0002 -1.77919413919414E+0000
 521 -7.31868131868132E-0002 -1.08615384615385E+0000
 522 -8.04395604395604E-0002 -1.76468864468864E+0000
 523 -7.88278388278388E-0002 -1.06600732600733E+0000
 524 -8.68864468864469E-0002 -1.27391941391941E+0000
 525 -8.76923076923077E-0002 -1.79611721611722E+0000
 526 -8.60805860805861E-0002 -1.54388278388278E+0000
 527 -9.01098901098901E-0002 -1.26263736263736E+0000
 528 -9.33333333333333E-0002 -1.56322344322344E+0000
 529 -9.65567765567766E-0002 -1.30131868131868E+0000
 530 -9.81684981684982E-0002 -1.55677655677656E+0000
 531 -1.05421245421245E-0001 -1.06278388278388E+0000
 532 -9.81684981684982E-0002 -1.29970695970696E+0000
 533 -9.73626373626374E-0002 -1.77516483516484E+0000
 534 -9.89743589743590E-0002 -1.04505494505495E+0000
 535 -9.97802197802198E-0002 -1.76468864468864E+0000
 536 -9.73626373626374E-0002 -1.03457875457875E+0000
 537 -1.07032967032967E-0001 -1.75904761904762E+0000
 538 -9.89743589743590E-0002 -1.02249084249084E+0000
 539 -1.03809523809523E-0001 -1.73890109890110E+0000
 540 -9.49450549450549E-0002 -1.03619047619048E+0000
 541 -9.57509157509158E-0002 -1.77838827838828E+0000
 542 -8.84981684981685E-0002 -1.02974358974359E+0000
 543 -9.09157509157509E-0002 -1.77113553113553E+0000
 544 -9.09157509157509E-0002 -1.01926739926740E+0000
 545 -8.44688644688645E-0002 -1.76549450549451E+0000
 546 -7.64102564102564E-0002 -1.03860805860806E+0000
 547 -7.80219780219780E-0002 -1.80336996336996E+0000
 548 -7.31868131868132E-0002 -1.03054945054945E+0000
 549 -6.83516483516484E-0002 -1.32791208791209E+0000
 550 -6.99633699633700E-0002 -1.48586080586081E+0000
 551 -6.51282051282051E-0002 -1.30937728937729E+0000
 552 -5.54578754578755E-0002 -1.45040293040293E+0000
 553 -5.38461538461538E-0002 -1.34000000000000E+0000
 554 -4.73992673992674E-0002 -1.47377289377289E+0000
 555 -3.85347985347985E-0002 -1.37062271062271E+0000
 556 -3.04761904761905E-0002 -1.45523809523810E+0000
 557 -2.88644688644689E-0002 -1.36578754578755E+0000
 558 -2.08058608058608E-0002 -1.81062271062271E+0000
 559 -1.67765567765568E-0002 -1.44073260073260E+0000
 560 -2.27106227106227E-0003 -1.35450549450549E+0000
 561 -6.30036630036630E-0003 -1.79772893772894E+0000
 562 -1.46520146520146E-0003 -1.42300366300366E+0000
 563 -3.88278388278388E-0003 -1.00798534798535E+0000
 564  9.52380952380952E-0004 -1.33919413919414E+0000
 565  6.59340659340659E-0003 -1.77516483516484E+0000
 566  9.81684981684982E-0003 -1.42622710622711E+0000
 567  1.30402930402930E-0002 -1.79369963369963E+0000
 568  2.75457875457875E-0002 -1.03619047619048E+0000
 569  2.75457875457875E-0002 -1.39238095238095E+0000
 570  3.07692307692308E-0002 -1.78644688644689E+0000
 571  3.47985347985348E-0002 -1.42945054945055E+0000
 572  3.47985347985348E-0002 -1.39157509157509E+0000
 573  4.28571428571429E-0002 -1.41897435897436E+0000
 574  4.68864468864469E-0002 -1.39076923076923E+0000
 575  5.41391941391941E-0002 -1.40769230769231E+0000
 576  5.89743589743590E-0002 -1.00476190476190E+0000
 577  6.62271062271062E-0002 -1.79369963369963E+0000
 578  7.10622710622711E-0002 -1.02813186813187E+0000
 579  7.18681318681319E-0002 -1.78161172161172E+0000
 580  7.50915750915751E-0002 -9.93479853479853E-0001
 581  8.15384615384615E-0002 -1.74454212454212E+0000
 582  8.47619047619048E-0002 -1.00798534798535E+0000
 583  8.79853479853480E-0002 -1.39560439560440E+0000
 584  9.04029304029304E-0002 -1.75663003663004E+0000
 585  9.12087912087912E-0002 -1.35289377289377E+0000
 586  9.20146520146520E-0002 -1.01362637362637E+0000
 587  9.28205128205128E-0002 -1.78080586080586E+0000
 588  9.60439560439560E-0002 -1.04183150183150E+0000
 589  9.68498168498168E-0002 -1.80981684981685E+0000
 590  9.92673992673993E-0002 -1.03377289377289E+0000
 591  1.03296703296703E-0001 -1.80014652014652E+0000
 592  1.01684981684981E-0001 -1.01846153846154E+0000
 593  1.06520146520146E-0001 -1.78000000000000E+0000
 594  1.02490842490842E-0001 -1.48263736263736E+0000
 595  9.84615384615385E-0002 -1.35934065934066E+0000
 596  9.76556776556777E-0002 -1.49069597069597E+0000
 597  9.44322344322344E-0002 -1.35692307692308E+0000
 598  9.44322344322344E-0002 -1.77758241758242E+0000
 599  9.44322344322344E-0002 -1.03135531135531E+0000
 600  9.36263736263736E-0002 -1.81384615384615E+0000
 601  8.63736263736264E-0002 -1.02087912087912E+0000
 602  8.47619047619048E-0002 -1.46893772893773E+0000
 603  7.99267399267399E-0002 -1.79369963369963E+0000
 604  7.83150183150183E-0002 -1.33516483516484E+0000
 605  7.50915750915751E-0002 -1.51245421245421E+0000
 606  8.07326007326007E-0002 -1.31985347985348E+0000
 607  7.02564102564103E-0002 -1.51245421245421E+0000
 608  6.78388278388278E-0002 -1.30615384615385E+0000
 609  5.81684981684982E-0002 -1.49472527472527E+0000
 610  5.41391941391941E-0002 -1.28117216117216E+0000
 611  4.84981684981685E-0002 -1.48424908424908E+0000
 612  4.44688644688645E-0002 -1.29890109890110E+0000
 613  3.72161172161172E-0002 -1.51648351648352E+0000
 614  3.31868131868132E-0002 -1.27875457875458E+0000
 615  2.35164835164835E-0002 -1.49794871794872E+0000
 616  1.86813186813187E-0002 -1.03377289377289E+0000
 617  1.30402930402930E-0002 -1.25538461538462E+0000
 618  1.46520146520147E-0004 -1.54549450549451E+0000
 619 -3.07692307692308E-0003 -1.27875457875458E+0000
 620 -1.43589743589743E-0002 -1.53501831501832E+0000
 621 -1.75824175824176E-0002 -1.25216117216117E+0000
 622 -2.80586080586081E-0002 -1.57853479853480E+0000
 623 -2.88644688644689E-0002 -1.28520146520147E+0000
 624 -3.93406593406593E-0002 -1.05956043956044E+0000
 625 -3.45054945054945E-0002 -1.76952380952381E+0000
 626 -4.57875457875458E-0002 -1.08534798534799E+0000
 627 -4.49816849816850E-0002 -1.75501831501832E+0000
 628 -5.62637362637363E-0002 -1.07728937728938E+0000
 629 -6.02930402930403E-0002 -1.75663003663004E+0000
 630 -6.83516483516484E-0002 -1.06681318681319E+0000
 631 -6.91575091575092E-0002 -1.72923076923077E+0000
 632 -7.39926739926740E-0002 -1.58095238095238E+0000
 633 -8.04395604395604E-0002 -1.23765567765568E+0000
 634 -8.76923076923077E-0002 -1.58981684981685E+0000
 635 -8.68864468864469E-0002 -1.18688644688645E+0000
 636 -9.33333333333333E-0002 -1.04586080586081E+0000
 637 -9.01098901098901E-0002 -1.73326007326007E+0000
 638 -9.49450549450549E-0002 -1.60593406593407E+0000
 639 -9.33333333333333E-0002 -1.18930402930403E+0000
 640 -1.05421245421245E-0001 -1.60351648351648E+0000
 641 -9.65567765567766E-0002 -1.16029304029304E+0000
 642 -1.05421245421245E-0001 -1.71875457875458E+0000
 643 -1.03003663003663E-0001 -1.10146520146520E+0000
 644 -9.25274725274725E-0002 -1.69780219780220E+0000
 645 -1.00586080586080E-0001 -1.07164835164835E+0000
 646 -9.73626373626374E-0002 -1.70666666666667E+0000
 647 -9.57509157509158E-0002 -1.09501831501832E+0000
 648 -9.57509157509158E-0002 -1.69054945054945E+0000
 649 -9.57509157509158E-0002 -1.59787545787546E+0000
 650 -9.01098901098901E-0002 -1.15384615384615E+0000
 651 -8.84981684981685E-0002 -1.63333333333333E+0000
 652 -8.04395604395604E-0002 -1.16512820512821E+0000
 653 -7.47985347985348E-0002 -1.65267399267399E+0000
 654 -7.15750915750916E-0002 -1.13369963369963E+0000
 655 -7.15750915750916E-0002 -1.10468864468864E+0000
 656 -6.27106227106227E-0002 -1.67362637362637E+0000
 657 -6.27106227106227E-0002 -1.12886446886447E+0000
 658 -5.06227106227106E-0002 -1.66073260073260E+0000
 659 -5.70695970695971E-0002 -1.12886446886447E+0000
 660 -4.98168498168498E-0002 -1.65267399267399E+0000
 661 -4.33699633699634E-0002 -1.13934065934066E+0000
 662 -3.77289377289377E-0002 -1.69135531135531E+0000
 663 -2.80586080586081E-0002 -1.65509157509158E+0000
 664 -1.75824175824176E-0002 -1.12402930402930E+0000
 665 -1.51648351648351E-0002 -1.12967032967033E+0000
 666 -8.71794871794872E-0003 -1.68571428571429E+0000
 667 -2.27106227106227E-0003 -1.16915750915751E+0000
 668  5.78754578754579E-0003 -1.67201465201465E+0000
 669  9.01098901098901E-0003 -1.15304029304029E+0000
 670  2.27106227106227E-0002 -1.64945054945055E+0000
 671  2.43223443223443E-0002 -1.10871794871795E+0000
 672  2.99633699633700E-0002 -1.68893772893773E+0000
 673  3.23809523809524E-0002 -1.11919413919414E+0000
 674  3.39926739926740E-0002 -1.72036630036630E+0000
 675  4.44688644688645E-0002 -1.10952380952381E+0000
 676  4.28571428571429E-0002 -1.16271062271062E+0000
 677  5.25274725274725E-0002 -1.63655677655678E+0000
 678  5.65567765567766E-0002 -1.14659340659341E+0000
 679  6.38095238095238E-0002 -1.06761904761905E+0000
 680  6.70329670329670E-0002 -1.16432234432234E+0000
 681  7.18681318681319E-0002 -1.62930402930403E+0000
 682  7.42857142857143E-0002 -1.15062271062271E+0000
 683  8.31501831501832E-0002 -1.04505494505495E+0000
 684  8.55677655677656E-0002 -1.71472527472527E+0000
 685  8.95970695970696E-0002 -1.06117216117216E+0000
 686  9.04029304029304E-0002 -1.70263736263736E+0000
 687  9.36263736263736E-0002 -1.59304029304029E+0000
 688  9.60439560439560E-0002 -1.16754578754579E+0000
 689  9.52380952380952E-0002 -1.61721611721612E+0000
 690  1.00073260073260E-0001 -1.20380952380952E+0000
 691  1.05714285714285E-0001 -1.59545787545788E+0000
 692  1.01684981684981E-0001 -1.03699633699634E+0000
 693  1.00879120879120E-0001 -1.68893772893773E+0000
 694  1.00879120879120E-0001 -1.03941391941392E+0000
 695  1.00879120879120E-0001 -1.71311355311355E+0000
 696  1.00879120879120E-0001 -1.20783882783883E+0000
 697  9.92673992673993E-0002 -1.57531135531136E+0000
 698  1.00073260073260E-0001 -1.22717948717949E+0000
 699  9.60439560439560E-0002 -1.04344322344322E+0000
 700  9.12087912087912E-0002 -1.72923076923077E+0000
 701  8.87912087912088E-0002 -1.24410256410256E+0000
 702  8.31501831501832E-0002 -1.04989010989011E+0000
 703  7.50915750915751E-0002 -1.75904761904762E+0000
 704  6.94505494505495E-0002 -1.58739926739927E+0000
 705  7.34798534798535E-0002 -1.24007326007326E+0000
 706  7.26739926739927E-0002 -1.56402930402930E+0000
 707  5.81684981684982E-0002 -1.78644688644689E+0000
 708  5.89743589743590E-0002 -1.05794871794872E+0000
 709  4.76923076923077E-0002 -1.78483516483516E+0000
 710  4.36630036630037E-0002 -1.26102564102564E+0000
 711  4.28571428571429E-0002 -1.57531135531136E+0000
 712  2.91575091575092E-0002 -1.24652014652015E+0000
 713  2.59340659340659E-0002 -1.54952380952381E+0000
 714  1.70695970695971E-0002 -1.04827838827839E+0000
 715  1.14285714285714E-0002 -1.77919413919414E+0000
 716  4.98168498168498E-0003 -1.06842490842491E+0000
 717 -2.27106227106227E-0003 -1.77838827838828E+0000
 718 -7.10622710622711E-0003 -1.55516483516484E+0000
 719 -1.11355311355311E-0002 -1.31260073260073E+0000
 720 -1.11355311355311E-0002 -1.05875457875458E+0000
 721 -2.80586080586081E-0002 -1.77516483516484E+0000
 722 -2.88644688644689E-0002 -1.29890109890110E+0000
 723 -3.69230769230769E-0002 -1.51890109890110E+0000
 724 -4.57875457875458E-0002 -1.28923076923077E+0000
 725 -4.90109890109890E-0002 -1.75663003663004E+0000
 726 -5.38461538461538E-0002 -1.02410256410256E+0000
 727 -6.02930402930403E-0002 -1.74534798534799E+0000
 728 -6.91575091575092E-0002 -1.27069597069597E+0000
 729 -6.99633699633700E-0002 -1.50923076923077E+0000
 730 -7.31868131868132E-0002 -1.30454212454212E+0000
 731 -7.72161172161172E-0002 -1.75904761904762E+0000
 732 -7.31868131868132E-0002 -1.00798534798535E+0000
 733 -8.20512820512821E-0002 -1.77032967032967E+0000
 734 -9.01098901098901E-0002 -1.29567765567766E+0000
 735 -8.76923076923077E-0002 -1.46007326007326E+0000
 736 -9.65567765567766E-0002 -1.31421245421245E+0000
 737 -1.04615384615384E-0001 -1.76630036630037E+0000
 738 -9.49450549450549E-0002 -1.04505494505495E+0000
 739 -1.00586080586080E-0001 -1.80014652014652E+0000
 740 -1.05421245421245E-0001 -1.34322344322344E+0000
 741 -9.97802197802198E-0002 -1.47135531135531E+0000
 742 -9.89743589743590E-0002 -1.05553113553114E+0000
 743 -1.05421245421245E-0001 -1.80981684981685E+0000
 744 -1.00586080586080E-0001 -1.46329670329670E+0000
 745 -9.97802197802198E-0002 -1.81223443223443E+0000
 746 -9.73626373626374E-0002 -1.05311355311355E+0000
 747 -9.89743589743590E-0002 -1.37223443223443E+0000
 748 -9.57509157509158E-0002 -1.45765567765568E+0000
 749 -9.33333333333333E-0002 -1.38271062271062E+0000
 750 -8.60805860805861E-0002 -1.77355311355311E+0000
 751 -8.68864468864469E-0002 -1.03860805860806E+0000
 752 -8.36630036630037E-0002 -1.44234432234432E+0000
 753 -7.88278388278388E-0002 -1.36901098901099E+0000
 754 -7.07692307692308E-0002 -1.41172161172161E+0000
 755 -7.15750915750916E-0002 -1.78080586080586E+0000
 756 -6.59340659340659E-0002 -1.04021978021978E+0000
 757 -5.78754578754579E-0002 -1.41010989010989E+0000
 758 -4.82051282051282E-0002 -1.37304029304029E+0000
 759 -4.09523809523810E-0002 -1.43509157509158E+0000
 760 -3.85347985347985E-0002 -1.79128205128205E+0000
 761 -2.96703296703297E-0002 -1.02974358974359E+0000
 762 -2.40293040293040E-0002 -1.39882783882784E+0000
 763 -1.19413919413919E-0002 -1.74695970695971E+0000
 764 -5.49450549450549E-0003 -1.03054945054945E+0000
 765  2.56410256410256E-0003 -1.41413919413919E+0000
 766  5.78754578754579E-0003 -1.39238095238095E+0000
 767  2.02930402930403E-0002 -1.76307692307692E+0000
 768  1.94871794871795E-0002 -1.02249084249084E+0000
 769  2.35164835164835E-0002 -1.37868131868132E+0000
 770  3.56043956043956E-0002 -1.44395604395604E+0000
 771  4.60805860805861E-0002 -1.02168498168498E+0000
 772  4.93040293040293E-0002 -1.77597069597070E+0000
 773  5.81684981684982E-0002 -1.43186813186813E+0000
 774  6.54212454212454E-0002 -1.38109890109890E+0000
 775  6.78388278388278E-0002 -1.48424908424908E+0000
 776  7.91208791208791E-0002 -1.83560439560440E+0000
 777  7.34798534798535E-0002 -1.01765567765568E+0000
 778  7.99267399267399E-0002 -1.36659340659341E+0000
 779  9.20146520146520E-0002 -1.47780219780220E+0000
 780  8.87912087912088E-0002 -1.03457875457875E+0000
 781  9.28205128205128E-0002 -1.02893772893773E+0000
 782  9.84615384615385E-0002 -1.78967032967033E+0000
 783  1.00073260073260E-0001 -1.35450549450549E+0000
 784  1.00879120879120E-0001 -1.49230769230769E+0000
 785  9.92673992673993E-0002 -1.02974358974359E+0000
 786  1.00879120879120E-0001 -1.35531135531136E+0000
 787  1.03296703296703E-0001 -1.52131868131868E+0000
 788  1.04102564102564E-0001 -1.06520146520147E+0000
 789  1.00073260073260E-0001 -1.71794871794872E+0000
 790  9.44322344322344E-0002 -1.47780219780220E+0000
 791  9.84615384615385E-0002 -1.33919413919414E+0000
 792  9.44322344322344E-0002 -1.70908424908425E+0000
 793  8.95970695970696E-0002 -1.06036630036630E+0000
 794  8.71794871794872E-0002 -1.32227106227106E+0000
 795  7.99267399267399E-0002 -1.48505494505495E+0000
 796  7.99267399267399E-0002 -1.08373626373626E+0000
 797  6.54212454212454E-0002 -1.73245421245421E+0000
 798  6.21978021978022E-0002 -1.47619047619048E+0000
 799  6.54212454212454E-0002 -1.06358974358974E+0000
 800  4.68864468864469E-0002 -1.28117216117216E+0000
 801  3.72161172161172E-0002 -1.70183150183150E+0000
 802  2.67399267399267E-0002 -1.10468864468864E+0000
 803  2.35164835164835E-0002 -1.25860805860806E+0000
 804  1.62637362637363E-0002 -1.10065934065934E+0000
 805  1.06227106227106E-0002 -1.25216117216117E+0000
 806 -6.30036630036630E-0003 -1.69135531135531E+0000
 807 -7.10622710622711E-0003 -1.50761904761905E+0000
 808 -1.27472527472527E-0002 -1.12161172161172E+0000
 809 -2.80586080586081E-0002 -1.71472527472527E+0000
 810 -3.04761904761905E-0002 -1.56161172161172E+0000
 811 -3.85347985347985E-0002 -1.26747252747253E+0000
 812 -4.98168498168498E-0002 -1.72600732600733E+0000
 813 -6.02930402930403E-0002 -1.14498168498168E+0000
 814 -6.19047619047619E-0002 -1.58336996336996E+0000
 815 -6.02930402930403E-0002 -1.26586080586081E+0000
 816 -7.15750915750916E-0002 -1.68974358974359E+0000
 817 -7.96336996336996E-0002 -1.14820512820513E+0000
 818 -7.96336996336996E-0002 -1.25135531135531E+0000
 819 -8.68864468864469E-0002 -1.69135531135531E+0000
 820 -9.17216117216117E-0002 -1.10710622710623E+0000
 821 -9.25274725274725E-0002 -1.14901098901099E+0000
 822 -9.81684981684982E-0002 -1.24249084249084E+0000
 823 -1.01391941391941E-0001 -1.67201465201465E+0000
 824 -1.05421245421245E-0001 -1.60835164835165E+0000
 825 -9.89743589743590E-0002 -1.14659340659341E+0000
 826 -1.01391941391941E-0001 -1.67443223443223E+0000
 827 -1.01391941391941E-0001 -1.22556776556777E+0000
 828 -1.40073260073260E-0001 -1.62446886446886E+0000
 829 -9.97802197802198E-0002 -1.15706959706960E+0000
 830 -9.25274725274725E-0002 -1.65992673992674E+0000
 831 -9.89743589743590E-0002 -1.61882783882784E+0000
 832 -8.44688644688645E-0002 -1.20542124542125E+0000
 833 -9.25274725274725E-0002 -1.15465201465201E+0000
 834 -8.36630036630037E-0002 -1.66717948717949E+0000
 835 -7.56043956043956E-0002 -1.64300366300366E+0000
 836 -6.91575091575092E-0002 -1.20380952380952E+0000
 837 -6.99633699633700E-0002 -1.16271062271062E+0000
 838 -6.51282051282051E-0002 -1.65670329670330E+0000
 839 -6.35164835164835E-0002 -1.63333333333333E+0000
 840 -5.30402930402930E-0002 -1.18124542124542E+0000
 841 -4.73992673992674E-0002 -1.62930402930403E+0000
 842 -4.01465201465201E-0002 -1.61802197802198E+0000
 843 -3.45054945054945E-0002 -1.65912087912088E+0000
 844 -1.59706959706960E-0002 -1.16512820512821E+0000
 845 -1.27472527472527E-0002 -1.19655677655678E+0000
 846 -1.19413919413919E-0002 -1.62608058608059E+0000
 847 -4.68864468864469E-0003 -1.65025641025641E+0000
 848  4.17582417582418E-0003 -1.20703296703297E+0000
 849  1.94871794871795E-0002 -1.63091575091575E+0000
 850  1.46520146520146E-0002 -1.65992673992674E+0000
 851  3.15750915750916E-0002 -1.19172161172161E+0000
 852  3.96336996336996E-0002 -1.60673992673993E+0000
 853  4.28571428571429E-0002 -1.64300366300366E+0000
 854  5.57509157509158E-0002 -1.11516483516484E+0000
 855  5.97802197802198E-0002 -1.17479853479853E+0000
 856  6.21978021978022E-0002 -1.61721611721612E+0000
 857  6.21978021978022E-0002 -1.67846153846154E+0000
 858  7.58974358974359E-0002 -1.21106227106227E+0000
 859  7.91208791208791E-0002 -1.12483516483516E+0000
 860  8.71794871794872E-0002 -1.58739926739927E+0000
 861  8.79853479853480E-0002 -1.69860805860806E+0000
 862  9.68498168498168E-0002 -1.22717948717949E+0000
 863  9.92673992673993E-0002 -1.12483516483516E+0000
 864  9.84615384615385E-0002 -1.68329670329670E+0000
 865  1.04102564102564E-0001 -1.21025641025641E+0000
 866  1.04908424908424E-0001 -1.12564102564103E+0000
 867  1.02490842490842E-0001 -1.69296703296703E+0000
 868  1.00879120879120E-0001 -1.55032967032967E+0000
 869  1.00073260073260E-0001 -1.21509157509158E+0000
 870  9.92673992673993E-0002 -1.12725274725275E+0000
 871  9.84615384615385E-0002 -1.56322344322344E+0000
 872  9.44322344322344E-0002 -1.24893772893773E+0000
 873  9.28205128205128E-0002 -1.71230769230769E+0000
 874  8.79853479853480E-0002 -1.11919413919414E+0000
 875  8.55677655677656E-0002 -1.24813186813187E+0000
 876  8.71794871794872E-0002 -1.10468864468864E+0000
 877  8.23443223443223E-0002 -1.69780219780220E+0000
 878  7.58974358974359E-0002 -1.52051282051282E+0000
 879  6.86446886446886E-0002 -1.22798534798535E+0000
 880  6.78388278388278E-0002 -1.10227106227106E+0000
 881  5.89743589743590E-0002 -1.52695970695971E+0000
 882  5.89743589743590E-0002 -1.71230769230769E+0000
 883  4.44688644688645E-0002 -1.24410256410256E+0000
 884  3.39926739926740E-0002 -1.50842490842491E+0000
 885  2.83516483516484E-0002 -1.08051282051282E+0000
 886  2.51282051282051E-0002 -1.70263736263736E+0000
 887  2.19047619047619E-0002 -1.25699633699634E+0000
 888  6.59340659340659E-0003 -1.49472527472527E+0000
 889 -2.27106227106227E-0003 -1.07003663003663E+0000
 890  1.46520146520147E-0004 -1.71230769230769E+0000
 891 -5.49450549450549E-0003 -1.28923076923077E+0000
 892 -1.51648351648351E-0002 -1.09501831501832E+0000
 893 -2.48351648351648E-0002 -1.69699633699634E+0000
 894 -2.88644688644689E-0002 -1.29003663003663E+0000
 895 -3.77289377289377E-0002 -1.06923076923077E+0000
 896 -4.73992673992674E-0002 -1.47135531135531E+0000
 897 -6.02930402930403E-0002 -1.32952380952381E+0000
 898 -6.10989010989011E-0002 -1.10468864468864E+0000
 899 -7.15750915750916E-0002 -1.09340659340659E+0000
 900 -7.72161172161172E-0002 -1.45040293040293E+0000
 901 -8.68864468864469E-0002 -1.73326007326007E+0000
 902 -9.25274725274725E-0002 -1.10549450549451E+0000
 903 -9.17216117216117E-0002 -1.35128205128205E+0000
 904 -9.73626373626374E-0002 -1.44556776556777E+0000
 905 -9.97802197802198E-0002 -1.72842490842491E+0000
 906 -9.89743589743590E-0002 -1.35289377289377E+0000
 907 -9.49450549450549E-0002 -1.43670329670330E+0000
 908 -1.05421245421245E-0001 -1.08615384615385E+0000
 909 -1.04615384615384E-0001 -1.73003663003663E+0000
 910 -9.81684981684982E-0002 -1.38271062271062E+0000
 911 -1.01391941391941E-0001 -1.04586080586081E+0000
 912 -9.97802197802198E-0002 -1.74937728937729E+0000
 913 -9.57509157509158E-0002 -1.41736263736264E+0000
 914 -9.65567765567766E-0002 -1.37384615384615E+0000
 915 -9.73626373626374E-0002 -1.07728937728938E+0000
 916 -8.60805860805861E-0002 -1.41010989010989E+0000
 917 -8.44688644688645E-0002 -1.39802197802198E+0000
 918 -8.28571428571429E-0002 -1.73164835164835E+0000
 919 -7.64102564102564E-0002 -1.40446886446886E+0000
 920 -6.51282051282051E-0002 -1.07164835164835E+0000
 921 -5.70695970695971E-0002 -1.38915750915751E+0000
 922 -4.90109890109890E-0002 -1.74373626373626E+0000
 923 -4.09523809523810E-0002 -1.43509157509158E+0000
 924 -3.85347985347985E-0002 -1.36417582417582E+0000
 925 -3.04761904761905E-0002 -1.09098901098901E+0000
 926 -2.48351648351648E-0002 -1.73406593406593E+0000
 927 -1.91941391941392E-0002 -1.45846153846154E+0000
 928 -6.30036630036630E-0003 -1.10630036630037E+0000
 929  6.59340659340659E-0003 -1.74695970695971E+0000
 930  4.17582417582418E-0003 -1.36820512820513E+0000
 931  6.59340659340659E-0003 -1.47457875457875E+0000
 932  2.35164835164835E-0002 -1.10388278388278E+0000
 933  2.91575091575092E-0002 -1.35128205128205E+0000
 934  3.47985347985348E-0002 -1.73970695970696E+0000
 935  4.28571428571429E-0002 -1.33597069597070E+0000
 936  4.36630036630037E-0002 -1.48263736263736E+0000
 937  4.93040293040293E-0002 -1.75260073260073E+0000
 938  5.73626373626374E-0002 -1.49311355311355E+0000
 939  6.38095238095238E-0002 -1.06681318681319E+0000
 940  7.10622710622711E-0002 -1.32952380952381E+0000
 941  7.50915750915751E-0002 -1.70827838827839E+0000
 942  8.07326007326007E-0002 -1.49875457875458E+0000
 943  8.79853479853480E-0002 -1.09743589743590E+0000
 944  9.76556776556777E-0002 -1.69457875457875E+0000
 945  9.68498168498168E-0002 -1.48666666666667E+0000
 946  1.00879120879120E-0001 -1.07648351648352E+0000
 947  1.00073260073260E-0001 -1.26263736263736E+0000
 948  1.00073260073260E-0001 -1.69619047619048E+0000
 949  1.03296703296703E-0001 -1.10630036630037E+0000
 950  1.05714285714285E-0001 -1.51567765567766E+0000
 951  1.00879120879120E-0001 -1.24893772893773E+0000
 952  9.92673992673993E-0002 -1.09663003663004E+0000
 953  1.00879120879120E-0001 -1.68893772893773E+0000
 954  9.76556776556777E-0002 -1.50197802197802E+0000
 955  9.60439560439560E-0002 -1.67120879120879E+0000
 956  9.76556776556777E-0002 -1.70102564102564E+0000
 957  9.28205128205128E-0002 -1.54871794871795E+0000
 958  8.15384615384615E-0002 -1.55919413919414E+0000
 959  7.99267399267399E-0002 -1.13208791208791E+0000
 960  6.78388278388278E-0002 -1.56564102564103E+0000
 961  6.78388278388278E-0002 -1.12805860805861E+0000
 962  6.30036630036630E-0002 -1.23765567765568E+0000
 963  4.84981684981685E-0002 -1.69699633699634E+0000
 964  4.28571428571429E-0002 -1.57289377289377E+0000
 965  3.39926739926740E-0002 -1.13450549450549E+0000
 966  2.10989010989011E-0002 -1.23604395604396E+0000
 967  2.02930402930403E-0002 -1.59062271062271E+0000
 968  4.17582417582418E-0003 -1.66637362637363E+0000
 969  4.17582417582418E-0003 -1.12725274725275E+0000
 970 -1.46520146520146E-0003 -1.58175824175824E+0000
 971 -3.07692307692308E-0003 -1.23523809523810E+0000
 972 -1.43589743589743E-0002 -1.15384615384615E+0000
 973 -1.51648351648351E-0002 -1.23282051282051E+0000
 974 -2.80586080586081E-0002 -1.67684981684982E+0000
 975 -3.28937728937729E-0002 -1.63575091575092E+0000
 976 -4.17582417582418E-0002 -1.60673992673993E+0000
 977 -5.38461538461538E-0002 -1.61157509157509E+0000
 978 -6.19047619047619E-0002 -1.15223443223443E+0000
 979 -6.99633699633700E-0002 -1.18043956043956E+0000
 980 -7.47985347985348E-0002 -1.63091575091575E+0000
 981 -8.60805860805861E-0002 -1.64380952380952E+0000
 982 -8.76923076923077E-0002 -1.19494505494505E+0000
 983 -9.17216117216117E-0002 -1.16271062271062E+0000
 984 -8.60805860805861E-0002 -1.64219780219780E+0000
 985 -9.57509157509158E-0002 -1.17479853479853E+0000
 986 -9.89743589743590E-0002 -1.64783882783883E+0000
 987 -9.41391941391941E-0002 -1.64542124542125E+0000
 988 -1.03003663003663E-0001 -1.16835164835165E+0000
 989 -9.89743589743590E-0002 -1.65750915750916E+0000
 990 -9.89743589743590E-0002 -1.17560439560440E+0000
 991 -9.81684981684982E-0002 -1.59465201465201E+0000
 992 -1.02197802197802E-0001 -1.11435897435897E+0000
 993 -9.89743589743590E-0002 -1.61318681318681E+0000
 994 -1.00586080586080E-0001 -1.64219780219780E+0000
 995 -9.73626373626374E-0002 -1.18849816849817E+0000
 996 -9.01098901098901E-0002 -1.11194139194139E+0000
 997 -9.65567765567766E-0002 -1.12644688644689E+0000
 998 -8.44688644688645E-0002 -1.59142857142857E+0000
 999 -1.04615384615384E-0001 -1.11355311355311E+0000
 1000 -8.20512820512821E-0002 -1.63736263736264E+0000
 1001 -7.47985347985348E-0002 -1.57934065934066E+0000
 1002 -7.15750915750916E-0002 -1.67926739926740E+0000
 1003 -6.35164835164835E-0002 -1.13047619047619E+0000
 1004 -5.78754578754579E-0002 -1.20864468864469E+0000
 1005 -6.10989010989011E-0002 -1.11355311355311E+0000
 1006 -4.90109890109890E-0002 -1.58256410256410E+0000
 1007 -4.17582417582418E-0002 -1.68490842490842E+0000
 1008 -3.45054945054945E-0002 -1.21509157509158E+0000
 1009 -2.16117216117216E-0002 -1.58498168498168E+0000
 1010 -1.83882783882784E-0002 -1.14256410256410E+0000
 1011 -1.51648351648351E-0002 -1.58175824175824E+0000
 1012 -3.88278388278388E-0003 -1.57128205128205E+0000
 1013  9.01098901098901E-0003 -1.70908424908425E+0000
 1014  1.86813186813187E-0002 -1.24007326007326E+0000
 1015  3.31868131868132E-0002 -1.09663003663004E+0000
 1016  3.47985347985348E-0002 -1.52937728937729E+0000
 1017  5.25274725274725E-0002 -1.68007326007326E+0000
 1018  4.93040293040293E-0002 -1.25619047619048E+0000
 1019  6.30036630036630E-0002 -1.09582417582418E+0000
 1020  6.54212454212454E-0002 -1.52615384615385E+0000
 1021  7.67032967032967E-0002 -1.69780219780220E+0000
 1022  8.23443223443223E-0002 -1.26908424908425E+0000
 1023  8.71794871794872E-0002 -1.10307692307692E+0000
 1024  9.20146520146520E-0002 -1.53018315018315E+0000
 1025  9.44322344322344E-0002 -1.08857142857143E+0000
 1026  9.52380952380952E-0002 -1.51567765567766E+0000
 1027  1.01684981684981E-0001 -1.71633699633700E+0000
 1028  1.00879120879120E-0001 -1.51084249084249E+0000
 1029  9.92673992673993E-0002 -1.48424908424908E+0000
 1030  1.04908424908424E-0001 -1.69538461538462E+0000
 1031  1.00879120879120E-0001 -1.47619047619048E+0000
 1032  9.68498168498168E-0002 -1.69135531135531E+0000
 1033  9.76556776556777E-0002 -1.70586080586081E+0000
 1034  9.44322344322344E-0002 -1.28197802197802E+0000
 1035  9.12087912087912E-0002 -1.10146520146520E+0000
 1036  8.63736263736264E-0002 -1.47941391941392E+0000
 1037  7.75091575091575E-0002 -1.71311355311355E+0000
 1038  7.50915750915751E-0002 -1.30937728937729E+0000
 1039  7.18681318681319E-0002 -1.07890109890110E+0000
 1040  5.81684981684982E-0002 -1.29890109890110E+0000
 1041  5.97802197802198E-0002 -1.04263736263736E+0000
 1042  4.68864468864469E-0002 -1.44879120879121E+0000
 1043  5.65567765567766E-0002 -1.73245421245421E+0000
 1044  2.99633699633700E-0002 -1.34000000000000E+0000
 1045  2.75457875457875E-0002 -1.09421245421245E+0000
 1046  1.30402930402930E-0002 -1.09421245421245E+0000
 1047 -2.27106227106227E-0003 -1.45040293040293E+0000
 1048 -8.71794871794872E-0003 -1.74454212454212E+0000
 1049 -1.51648351648351E-0002 -1.36981684981685E+0000
 1050 -2.24175824175824E-0002 -1.35772893772894E+0000
 1051 -4.09523809523810E-0002 -1.07326007326007E+0000
 1052 -4.82051282051282E-0002 -1.41575091575092E+0000
 1053 -5.62637362637363E-0002 -1.71956043956044E+0000
 1054 -6.27106227106227E-0002 -1.38754578754579E+0000
 1055 -7.15750915750916E-0002 -1.72278388278388E+0000
 1056 -7.47985347985348E-0002 -1.39641025641026E+0000
 1057 -7.72161172161172E-0002 -1.04908424908425E+0000
 1058 -8.60805860805861E-0002 -1.38271062271062E+0000
 1059 -8.93040293040293E-0002 -1.73245421245421E+0000
 1060 -9.33333333333333E-0002 -1.39882783882784E+0000
 1061 -9.33333333333333E-0002 -1.72117216117216E+0000
 1062 -9.73626373626374E-0002 -1.39802197802198E+0000
 1063 -9.73626373626374E-0002 -1.07406593406593E+0000
 1064 -9.73626373626374E-0002 -1.35289377289377E+0000
 1065 -9.25274725274725E-0002 -1.38109890109890E+0000
 1066 -1.01391941391941E-0001 -1.74051282051282E+0000
 1067 -9.97802197802198E-0002 -1.43670329670330E+0000
 1068 -9.57509157509158E-0002 -1.09904761904762E+0000
 1069 -9.17216117216117E-0002 -1.43750915750916E+0000
 1070 -9.25274725274725E-0002 -1.09743589743590E+0000
 1071 -8.44688644688645E-0002 -1.37465201465201E+0000
 1072 -7.72161172161172E-0002 -1.76710622710623E+0000
 1073 -7.15750915750916E-0002 -1.43428571428571E+0000
 1074 -6.51282051282051E-0002 -1.06197802197802E+0000
 1075 -5.78754578754579E-0002 -1.10388278388278E+0000
 1076 -4.82051282051282E-0002 -1.47619047619048E+0000
 1077 -4.25641025641026E-0002 -1.10791208791209E+0000
 1078 -3.45054945054945E-0002 -1.11597069597070E+0000
 1079 -2.80586080586081E-0002 -1.32307692307692E+0000
 1080 -1.19413919413919E-0002 -1.72036630036630E+0000
 1081 -6.30036630036630E-0003 -1.31179487179487E+0000
 1082 -7.91208791208791E-0003 -1.70827838827839E+0000
 1083  4.17582417582418E-0003 -1.48263736263736E+0000
 1084  1.86813186813187E-0002 -1.08857142857143E+0000
 1085  3.07692307692308E-0002 -1.29970695970696E+0000
 1086  3.47985347985348E-0002 -1.71391941391941E+0000
 1087  4.36630036630037E-0002 -1.29164835164835E+0000
 1088  4.68864468864469E-0002 -1.69780219780220E+0000
 1089  5.49450549450549E-0002 -1.47538461538462E+0000
 1090  6.54212454212454E-0002 -1.46652014652015E+0000
 1091  7.42857142857143E-0002 -1.08937728937729E+0000
 1092  8.07326007326007E-0002 -1.08131868131868E+0000
 1093  8.47619047619048E-0002 -1.11435897435897E+0000
 1094  9.76556776556777E-0002 -1.26827838827839E+0000
 1095  9.68498168498168E-0002 -1.11677655677656E+0000
 1096  9.84615384615385E-0002 -1.26183150183150E+0000
 1097  9.52380952380952E-0002 -1.70827838827839E+0000
 1098  9.92673992673993E-0002 -1.53985347985348E+0000
 1099  1.04102564102564E-0001 -1.54952380952381E+0000
 1100  1.04102564102564E-0001 -1.11274725274725E+0000
 1101  1.00879120879120E-0001 -1.26424908424908E+0000
 1102  9.92673992673993E-0002 -1.72923076923077E+0000
 1103  9.28205128205128E-0002 -1.60351648351648E+0000
 1104  9.36263736263736E-0002 -1.69780219780220E+0000
 1105  8.55677655677656E-0002 -1.56161172161172E+0000
 1106  8.71794871794872E-0002 -1.56161172161172E+0000
 1107  7.67032967032967E-0002 -1.11838827838828E+0000
 1108  6.21978021978022E-0002 -1.25538461538462E+0000
 1109  6.05860805860806E-0002 -1.22395604395604E+0000
 1110  5.01098901098901E-0002 -1.66315018315018E+0000
 1111  3.47985347985348E-0002 -1.22717948717949E+0000
 1112  3.39926739926740E-0002 -1.65831501831502E+0000
 1113  2.91575091575092E-0002 -1.60271062271062E+0000
 1114  2.43223443223443E-0002 -1.65347985347985E+0000
 1115  1.62637362637363E-0002 -1.60109890109890E+0000
 1116  9.01098901098901E-0003 -1.12805860805861E+0000
 1117 -2.27106227106227E-0003 -1.19010989010989E+0000
 1118 -1.19413919413919E-0002 -1.12402930402930E+0000
 1119 -1.51648351648351E-0002 -1.16673992673993E+0000
 1120 -2.24175824175824E-0002 -1.65750915750916E+0000
 1121 -3.45054945054945E-0002 -1.65428571428571E+0000
 1122 -4.65934065934066E-0002 -1.18688644688645E+0000
 1123 -6.19047619047619E-0002 -1.18366300366300E+0000
 1124 -7.31868131868132E-0002 -1.15948717948718E+0000
 1125 -8.04395604395604E-0002 -1.14336996336996E+0000
 1126 -8.60805860805861E-0002 -1.63091575091575E+0000
