 0  1.00073260073260E-0001 -1.03135531135531E+0000
 1  9.68498168498168E-0002 -1.66234432234432E+0000
 2  7.26739926739927E-0002 -1.74373626373626E+0000
 3  4.28571428571429E-0002 -1.10468864468864E+0000
 4  1.30402930402930E-0002 -1.03538461538462E+0000
 5 -1.35531135531135E-0002 -1.66879120879121E+0000
 6 -5.38461538461538E-0002 -1.74051282051282E+0000
 7 -6.83516483516484E-0002 -1.10146520146520E+0000
 8 -9.33333333333333E-0002 -1.05150183150183E+0000
 9 -1.01391941391941E-0001 -1.69699633699634E+0000
 10 -9.57509157509158E-0002 -1.71794871794872E+0000
 11 -8.84981684981685E-0002 -1.07245421245421E+0000
 12 -7.23809523809524E-0002 -1.01523809523810E+0000
 13 -4.57875457875458E-0002 -1.64622710622711E+0000
 14 -1.03296703296703E-0002 -1.67523809523810E+0000
 15  1.06227106227106E-0002 -1.06842490842491E+0000
 16  4.36630036630037E-0002 -1.07003663003663E+0000
 17  7.18681318681319E-0002 -1.71875457875458E+0000
 18  9.12087912087912E-0002 -1.70908424908425E+0000
 19  1.01684981684981E-0001 -1.06197802197802E+0000
 20  9.60439560439560E-0002 -1.07728937728938E+0000
 21  9.04029304029304E-0002 -1.69054945054945E+0000
 22  6.62271062271062E-0002 -1.71875457875458E+0000
 23  4.12454212454212E-0002 -1.06600732600733E+0000
 24  9.01098901098901E-0003 -1.09421245421245E+0000
 25 -2.16117216117216E-0002 -1.71069597069597E+0000
 26 -4.73992673992674E-0002 -1.67926739926740E+0000
 27 -7.56043956043956E-0002 -1.06036630036630E+0000
 28 -9.25274725274725E-0002 -1.09421245421245E+0000
 29 -9.89743589743590E-0002 -1.71472527472527E+0000
 30 -9.97802197802198E-0002 -1.67765567765568E+0000
 31 -8.93040293040293E-0002 -1.06278388278388E+0000
 32 -7.31868131868132E-0002 -1.11194139194139E+0000
 33 -4.41758241758242E-0002 -1.72842490842491E+0000
 34 -5.49450549450549E-0003 -1.67120879120879E+0000
 35  1.86813186813187E-0002 -1.05472527472527E+0000
 36  4.93040293040293E-0002 -1.10871794871795E+0000
 37  7.58974358974359E-0002 -1.73406593406593E+0000
 38  8.95970695970696E-0002 -1.67362637362637E+0000
 39  9.84615384615385E-0002 -1.04908424908425E+0000
 40  9.68498168498168E-0002 -1.11677655677656E+0000
 41  8.95970695970696E-0002 -1.75098901098901E+0000
 42  6.21978021978022E-0002 -1.67846153846154E+0000
 43  4.28571428571429E-0002 -1.05150183150183E+0000
 44  1.46520146520146E-0002 -1.12644688644689E+0000
 45 -2.16117216117216E-0002 -1.76549450549451E+0000
 46 -5.38461538461538E-0002 -1.68893772893773E+0000
 47 -7.64102564102564E-0002 -1.06923076923077E+0000
 48 -9.25274725274725E-0002 -1.16271062271062E+0000
 49 -9.65567765567766E-0002 -1.79369963369963E+0000
 50 -9.97802197802198E-0002 -1.70666666666667E+0000
 51 -9.01098901098901E-0002 -1.04021978021978E+0000
 52 -7.23809523809524E-0002 -1.12967032967033E+0000
 53 -3.93406593406593E-0002 -1.76227106227106E+0000
 54 -7.91208791208791E-0003 -1.65670329670330E+0000
 55  2.02930402930403E-0002 -1.02813186813187E+0000
 56  4.76923076923077E-0002 -1.12805860805861E+0000
 57  7.91208791208791E-0002 -1.75985347985348E+0000
 58  9.20146520146520E-0002 -1.65186813186813E+0000
 59  1.00073260073260E-0001 -1.02732600732601E+0000
 60  9.76556776556777E-0002 -1.14175824175824E+0000
 61  8.63736263736264E-0002 -1.77758241758242E+0000
 62  6.70329670329670E-0002 -1.66073260073260E+0000
 63  3.56043956043956E-0002 -1.03135531135531E+0000
 64  8.20512820512821E-0003 -1.15868131868132E+0000
 65 -2.48351648351648E-0002 -1.79934065934066E+0000
 66 -5.38461538461538E-0002 -1.63816849816850E+0000
 67 -7.88278388278388E-0002 -1.01201465201465E+0000
 68 -9.49450549450549E-0002 -1.14739926739927E+0000
 69 -1.01391941391941E-0001 -1.78564102564103E+0000
 70 -1.00586080586080E-0001 -1.65025641025641E+0000
 71 -8.84981684981685E-0002 -1.02249084249084E+0000
 72 -6.75457875457875E-0002 -1.16029304029304E+0000
 73 -3.28937728937729E-0002 -1.79047619047619E+0000
 74 -8.71794871794872E-0003 -1.64300366300366E+0000
 75  2.02930402930403E-0002 -1.01282051282051E+0000
 76  4.93040293040293E-0002 -1.16271062271062E+0000
 77  7.58974358974359E-0002 -1.79208791208791E+0000
 78  9.44322344322344E-0002 -1.63978021978022E+0000
 79  1.01684981684981E-0001 -1.00395604395604E+0000
 80  9.04029304029304E-0002 -1.15868131868132E+0000
 81  8.63736263736264E-0002 -1.79611721611722E+0000
 82  6.21978021978022E-0002 -1.59465201465201E+0000
 83  3.80219780219780E-0002 -9.59633699633700E-0001
 84  2.56410256410256E-0003 -1.16432234432234E+0000
 85 -2.72527472527473E-0002 -1.79853479853480E+0000
 86 -6.02930402930403E-0002 -1.59465201465201E+0000
 87 -7.96336996336996E-0002 -9.60439560439560E-0001
 88 -9.49450549450549E-0002 -1.17238095238095E+0000
 89 -9.89743589743590E-0002 -1.80901098901099E+0000
 90 -9.81684981684982E-0002 -1.58659340659341E+0000
 91 -8.20512820512821E-0002 -1.00234432234432E+0000
 92 -6.67399267399267E-0002 -1.17963369963370E+0000
 93 -3.77289377289377E-0002 -1.77677655677656E+0000
 94 -6.30036630036630E-0003 -1.58095238095238E+0000
 95  2.59340659340659E-0002 -9.95091575091575E-0001
 96  4.93040293040293E-0002 -1.17641025641026E+0000
 97  7.83150183150183E-0002 -1.76146520146520E+0000
 98  9.36263736263736E-0002 -1.56725274725275E+0000
 99  1.01684981684981E-0001 -9.85421245421245E-0001
 100  9.76556776556777E-0002 -1.18043956043956E+0000
 101  8.63736263736264E-0002 -1.77355311355311E+0000
 102  6.21978021978022E-0002 -1.57531135531136E+0000
 103  3.80219780219780E-0002 -9.90256410256410E-0001
 104  1.75824175824176E-0003 -1.19091575091575E+0000
 105 -2.40293040293040E-0002 -1.78402930402930E+0000
 106 -5.78754578754579E-0002 -1.57531135531136E+0000
 107 -7.80219780219780E-0002 -9.90256410256410E-0001
 108 -9.89743589743590E-0002 -1.19897435897436E+0000
 109 -9.97802197802198E-0002 -1.78886446886447E+0000
 110 -9.81684981684982E-0002 -1.56483516483516E+0000
 111 -8.44688644688645E-0002 -9.84615384615385E-0001
 112 -6.67399267399267E-0002 -1.20139194139194E+0000
 113 -3.53113553113553E-0002 -1.77758241758242E+0000
 114 -5.49450549450549E-0003 -1.54710622710623E+0000
 115  2.43223443223443E-0002 -9.69304029304029E-0001
 116  4.93040293040293E-0002 -1.18366300366300E+0000
 117  8.07326007326007E-0002 -1.76146520146520E+0000
 118  9.60439560439560E-0002 -1.52776556776557E+0000
 119  1.00879120879120E-0001 -9.51575091575092E-0001
 120  9.36263736263736E-0002 -1.22315018315018E+0000
 121  8.15384615384615E-0002 -1.80739926739927E+0000
 122  5.81684981684982E-0002 -1.51970695970696E+0000
 123  3.31868131868132E-0002 -9.47545787545788E-0001
 124  2.56410256410256E-0003 -1.23282051282051E+0000
 125 -2.40293040293040E-0002 -1.82271062271062E+0000
 126 -5.38461538461538E-0002 -1.52937728937729E+0000
 127 -7.88278388278388E-0002 -9.66886446886447E-0001
 128 -9.73626373626374E-0002 -1.26586080586081E+0000
 129 -1.02197802197802E-0001 -1.84205128205128E+0000
 130 -9.89743589743590E-0002 -1.53663003663004E+0000
 131 -8.20512820512821E-0002 -9.63663003663004E-0001
 132 -6.10989010989011E-0002 -1.26021978021978E+0000
 133 -3.12820512820513E-0002 -1.83157509157509E+0000
 134 -3.07692307692308E-0003 -1.51809523809524E+0000
 135  2.75457875457875E-0002 -9.45128205128205E-0001
 136  5.89743589743590E-0002 -1.24893772893773E+0000
 137  8.55677655677656E-0002 -1.81706959706960E+0000
 138  9.84615384615385E-0002 -1.49391941391941E+0000
 139  1.01684981684981E-0001 -9.32234432234432E-0001
 140  9.28205128205128E-0002 -1.24571428571429E+0000
 141  8.47619047619048E-0002 -1.81787545787546E+0000
 142  6.05860805860806E-0002 -1.48989010989011E+0000
 143  2.99633699633700E-0002 -9.41904761904762E-0001
 144  3.36996336996337E-0003 -1.27150183150183E+0000
 145 -2.88644688644689E-0002 -1.84446886446886E+0000
 146 -6.19047619047619E-0002 -1.50842490842491E+0000
 147 -8.36630036630037E-0002 -9.59633699633700E-0001
 148 -9.97802197802198E-0002 -1.30293040293040E+0000
 149 -1.01391941391941E-0001 -1.83076923076923E+0000
 150 -9.33333333333333E-0002 -1.48102564102564E+0000
 151 -8.28571428571429E-0002 -9.72527472527473E-0001
 152 -6.27106227106227E-0002 -1.27875457875458E+0000
 153 -3.12820512820513E-0002 -1.78886446886447E+0000
 154 -2.27106227106227E-0003 -1.46168498168498E+0000
 155  3.07692307692308E-0002 -9.49963369963370E-0001
 156  5.97802197802198E-0002 -1.29728937728938E+0000
 157  8.07326007326007E-0002 -1.81545787545788E+0000
 158  9.28205128205128E-0002 -1.44717948717949E+0000
 159  1.00073260073260E-0001 -9.34652014652015E-0001
 160  9.76556776556777E-0002 -1.29809523809524E+0000
 161  8.07326007326007E-0002 -1.80659340659341E+0000
 162  5.97802197802198E-0002 -1.43750915750916E+0000
 163  2.99633699633700E-0002 -9.39487179487179E-0001
 164 -3.07692307692308E-0003 -1.31018315018315E+0000
 165 -3.12820512820513E-0002 -1.82754578754579E+0000
 166 -5.62637362637363E-0002 -1.44395604395604E+0000
 167 -8.36630036630037E-0002 -9.50769230769231E-0001
 168 -9.89743589743590E-0002 -1.32630036630037E+0000
 169 -1.02197802197802E-0001 -1.83479853479853E+0000
 170 -9.97802197802198E-0002 -1.44315018315018E+0000
 171 -8.12454212454212E-0002 -9.48351648351648E-0001
 172 -5.94871794871795E-0002 -1.33838827838828E+0000
 173 -3.28937728937729E-0002 -1.83560439560440E+0000
 174 -2.27106227106227E-0003 -1.43509157509158E+0000
 175  3.31868131868132E-0002 -9.40293040293040E-0001
 176  6.21978021978022E-0002 -1.33355311355311E+0000
 177  8.55677655677656E-0002 -1.83076923076923E+0000
 178  9.84615384615385E-0002 -1.42461538461538E+0000
 179  1.00879120879120E-0001 -9.40293040293040E-0001
 180  1.00879120879120E-0001 -1.34080586080586E+0000
 181  7.91208791208791E-0002 -1.84124542124542E+0000
 182  5.73626373626374E-0002 -1.42461538461538E+0000
 183  2.67399267399267E-0002 -9.48351648351648E-0001
 184 -2.27106227106227E-0003 -1.36901098901099E+0000
 185 -3.28937728937729E-0002 -1.85655677655678E+0000
 186 -6.67399267399267E-0002 -1.43750915750916E+0000
 187 -8.52747252747253E-0002 -9.66080586080586E-0001
 188 -9.97802197802198E-0002 -1.39802197802198E+0000
 189 -9.89743589743590E-0002 -1.84366300366300E+0000
 190 -9.89743589743590E-0002 -1.41091575091575E+0000
 191 -8.04395604395604E-0002 -9.37875457875458E-0001
 192 -6.10989010989011E-0002 -1.36820512820513E+0000
 193 -2.80586080586081E-0002 -1.85010989010989E+0000
 194  2.56410256410256E-0003 -1.40285714285714E+0000
 195  3.39926739926740E-0002 -9.29816849816850E-0001
 196  6.13919413919414E-0002 -1.37142857142857E+0000
 197  8.47619047619048E-0002 -1.84769230769231E+0000
 198  9.92673992673993E-0002 -1.38593406593407E+0000
 199  9.76556776556777E-0002 -9.26593406593407E-0001
 200  9.44322344322344E-0002 -1.37465201465201E+0000
 201  8.07326007326007E-0002 -1.85172161172161E+0000
 202  5.57509157509158E-0002 -1.39318681318681E+0000
 203  2.35164835164835E-0002 -9.44322344322344E-0001
 204 -6.30036630036630E-0003 -1.40527472527473E+0000
 205 -3.61172161172161E-0002 -1.83399267399267E+0000
 206 -6.35164835164835E-0002 -1.36014652014652E+0000
 207 -8.76923076923077E-0002 -9.53186813186813E-0001
 208 -9.73626373626374E-0002 -1.42864468864469E+0000
 209 -1.01391941391941E-0001 -1.84527472527473E+0000
 210 -9.33333333333333E-0002 -1.36739926739927E+0000
 211 -7.96336996336996E-0002 -9.66080586080586E-0001
 212 -5.70695970695971E-0002 -1.44637362637363E+0000
 213 -2.88644688644689E-0002 -1.85655677655678E+0000
 214  3.36996336996337E-0003 -1.36659340659341E+0000
 215  3.72161172161172E-0002 -9.67692307692308E-0001
 216  6.21978021978022E-0002 -1.45926739926740E+0000
 217  8.39560439560440E-0002 -1.86380952380952E+0000
 218  9.60439560439560E-0002 -1.36901098901099E+0000
 219  1.00879120879120E-0001 -9.70109890109890E-0001
 220  9.28205128205128E-0002 -1.41897435897436E+0000
 221  7.99267399267399E-0002 -1.82754578754579E+0000
 222  4.93040293040293E-0002 -1.32307692307692E+0000
 223  2.91575091575092E-0002 -9.38681318681319E-0001
 224 -7.10622710622711E-0003 -1.43509157509158E+0000
 225 -4.09523809523810E-0002 -1.83399267399267E+0000
 226 -6.43223443223443E-0002 -1.32065934065934E+0000
 227 -8.93040293040293E-0002 -9.37875457875458E-0001
 228 -9.89743589743590E-0002 -1.44073260073260E+0000
 229 -1.02197802197802E-0001 -1.82996336996337E+0000
 230 -9.81684981684982E-0002 -1.31260073260073E+0000
 231 -7.88278388278388E-0002 -9.28205128205128E-0001
 232 -5.38461538461538E-0002 -1.43831501831502E+0000
 233 -2.32234432234432E-0002 -1.82512820512821E+0000
 234  4.17582417582418E-0003 -1.30131868131868E+0000
 235  3.47985347985348E-0002 -9.24175824175824E-0001
 236  6.21978021978022E-0002 -1.43186813186813E+0000
 237  8.63736263736264E-0002 -1.81223443223443E+0000
 238  9.44322344322344E-0002 -1.28278388278388E+0000
 239  1.00073260073260E-0001 -9.16923076923077E-0001
 240  9.44322344322344E-0002 -1.44234432234432E+0000
 241  7.91208791208791E-0002 -1.81706959706960E+0000
 242  5.25274725274725E-0002 -1.27472527472527E+0000
 243  2.91575091575092E-0002 -9.57216117216117E-0001
 244 -1.03296703296703E-0002 -1.49553113553114E+0000
 245 -3.69230769230769E-0002 -1.82593406593407E+0000
 246 -6.75457875457875E-0002 -1.28439560439560E+0000
 247 -8.84981684981685E-0002 -9.39487179487179E-0001
 248 -9.73626373626374E-0002 -1.48021978021978E+0000
 249 -9.89743589743590E-0002 -1.83641025641026E+0000
 250 -9.17216117216117E-0002 -9.34652014652015E-0001
 251 -5.38461538461538E-0002 -1.48424908424908E+0000
 252 -2.32234432234432E-0002 -1.83641025641026E+0000
 253  2.56410256410256E-0003 -1.27069597069597E+0000
 254  4.28571428571429E-0002 -9.75750915750916E-0001
 255  6.21978021978022E-0002 -1.48827838827839E+0000
 256  9.04029304029304E-0002 -1.79208791208791E+0000
 257  9.36263736263736E-0002 -9.74945054945055E-0001
 258  9.44322344322344E-0002 -1.50600732600733E+0000
 259  7.42857142857143E-0002 -1.22959706959707E+0000
 260  1.94871794871795E-0002 -9.50769230769231E-0001
 261 -8.71794871794872E-0003 -1.52131868131868E+0000
 262 -4.57875457875458E-0002 -1.81223443223443E+0000
 263 -7.15750915750916E-0002 -9.62051282051282E-0001
 264 -9.81684981684982E-0002 -1.54791208791209E+0000
 265 -9.89743589743590E-0002 -1.82915750915751E+0000
 266 -9.33333333333333E-0002 -1.24087912087912E+0000
 267 -7.80219780219780E-0002 -9.74139194139194E-0001
 268 -5.38461538461538E-0002 -1.52051282051282E+0000
 269 -1.75824175824176E-0002 -1.22879120879121E+0000
 270  4.04395604395604E-0002 -9.68498168498168E-0001
 271  6.21978021978022E-0002 -1.56322344322344E+0000
 272  9.12087912087912E-0002 -1.81787545787546E+0000
 273  9.44322344322344E-0002 -1.21750915750916E+0000
 274  1.00073260073260E-0001 -9.74139194139194E-0001
 275  9.60439560439560E-0002 -1.53824175824176E+0000
 276  7.34798534798535E-0002 -1.78483516483516E+0000
 277  4.60805860805861E-0002 -1.21912087912088E+0000
 278  1.54578754578754E-0002 -9.88644688644689E-0001
 279 -1.03296703296703E-0002 -1.55435897435897E+0000
 280 -4.33699633699634E-0002 -1.79853479853480E+0000
 281 -6.99633699633700E-0002 -1.18930402930403E+0000
 282 -9.17216117216117E-0002 -9.54798534798535E-0001
 283 -1.05421245421245E-0001 -1.56967032967033E+0000
 284 -9.89743589743590E-0002 -1.79369963369963E+0000
 285 -9.25274725274725E-0002 -1.21509157509158E+0000
 286 -7.39926739926740E-0002 -1.57531135531136E+0000
 287 -2.08058608058608E-0002 -1.79772893772894E+0000
 288  9.01098901098901E-0003 -1.16996336996337E+0000
 289  4.20512820512821E-0002 -9.87838827838828E-0001
 290  6.21978021978022E-0002 -1.57289377289377E+0000
 291  9.44322344322344E-0002 -1.19816849816850E+0000
 292  9.52380952380952E-0002 -1.58981684981685E+0000
 293  7.10622710622711E-0002 -1.16754578754579E+0000
 294  1.06227106227106E-0002 -1.01846153846154E+0000
 295 -1.43589743589743E-0002 -1.62043956043956E+0000
 296 -4.17582417582418E-0002 -1.77355311355311E+0000
 297 -7.96336996336996E-0002 -1.18285714285714E+0000
 298 -9.01098901098901E-0002 -9.95897435897436E-0001
 299 -9.49450549450549E-0002 -1.58981684981685E+0000
 300 -9.17216117216117E-0002 -1.73164835164835E+0000
 301 -9.25274725274725E-0002 -1.12402930402930E+0000
 302 -7.39926739926740E-0002 -9.76556776556777E-0001
 303 -3.69230769230769E-0002 -1.56725274725275E+0000
 304 -1.35531135531135E-0002 -1.12725274725275E+0000
 305  4.28571428571429E-0002 -9.96703296703297E-0001
 306  8.15384615384615E-0002 -1.59787545787546E+0000
 307  9.36263736263736E-0002 -1.72197802197802E+0000
 308  9.44322344322344E-0002 -1.11113553113553E+0000
 309  9.68498168498168E-0002 -9.84615384615385E-0001
 310  9.20146520146520E-0002 -1.59626373626374E+0000
 311  7.26739926739927E-0002 -1.70747252747253E+0000
 312  4.04395604395604E-0002 -1.09179487179487E+0000
 313  1.06227106227106E-0002 -9.75750915750916E-0001
 314 -1.75824175824176E-0002 -1.58498168498168E+0000
 315 -4.17582417582418E-0002 -1.73084249084249E+0000
 316 -7.31868131868132E-0002 -1.10791208791209E+0000
 317 -9.01098901098901E-0002 -1.01201465201465E+0000
 318 -9.89743589743590E-0002 -1.63494505494505E+0000
 319 -9.89743589743590E-0002 -1.72923076923077E+0000
 320 -9.33333333333333E-0002 -1.10791208791209E+0000
 321 -7.31868131868132E-0002 -1.01523809523810E+0000
 322 -4.41758241758242E-0002 -1.63494505494505E+0000
 323 -8.71794871794872E-0003 -1.08937728937729E+0000
 324  4.60805860805861E-0002 -1.00234432234432E+0000
 325  7.34798534798535E-0002 -1.62527472527473E+0000
 326  9.68498168498168E-0002 -1.05714285714286E+0000
 327  9.84615384615385E-0002 -1.02571428571429E+0000
 328  9.04029304029304E-0002 -1.66395604395604E+0000
 329  7.26739926739927E-0002 -1.73809523809524E+0000
 330  3.88278388278388E-0002 -1.10307692307692E+0000
 331  1.54578754578754E-0002 -1.04424908424908E+0000
 332 -1.75824175824176E-0002 -1.75098901098901E+0000
 333 -7.39926739926740E-0002 -1.11516483516484E+0000
 334 -9.17216117216117E-0002 -1.71150183150183E+0000
 335 -9.97802197802198E-0002 -1.08051282051282E+0000
 336 -6.99633699633700E-0002 -1.66153846153846E+0000
 337 -1.75824175824176E-0002 -1.70827838827839E+0000
 338  1.78754578754579E-0002 -1.06036630036630E+0000
 339  4.84981684981685E-0002 -1.05391941391941E+0000
 340  7.50915750915751E-0002 -1.69780219780220E+0000
 341  9.60439560439560E-0002 -1.68168498168498E+0000
 342  9.84615384615385E-0002 -1.07567765567766E+0000
 343  9.12087912087912E-0002 -1.04505494505495E+0000
 344  8.63736263736264E-0002 -1.68571428571429E+0000
 345  3.80219780219780E-0002 -1.07164835164835E+0000
 346  7.39926739926740E-0003 -1.10146520146520E+0000
 347 -2.16117216117216E-0002 -1.72520146520147E+0000
 348 -5.22344322344322E-0002 -1.69941391941392E+0000
 349 -7.96336996336996E-0002 -1.04586080586081E+0000
 350 -8.93040293040293E-0002 -1.70505494505495E+0000
 351 -9.49450549450549E-0002 -1.66153846153846E+0000
 352 -8.93040293040293E-0002 -1.04505494505495E+0000
 353 -6.67399267399267E-0002 -1.08695970695971E+0000
 354 -4.41758241758242E-0002 -1.70505494505495E+0000
 355 -9.52380952380952E-0003 -1.64864468864469E+0000
 356  1.70695970695971E-0002 -1.06761904761905E+0000
 357  7.26739926739927E-0002 -1.72600732600733E+0000
 358  9.60439560439560E-0002 -1.66637362637363E+0000
 359  9.84615384615385E-0002 -1.09663003663004E+0000
 360  8.87912087912088E-0002 -1.72600732600733E+0000
 361  6.70329670329670E-0002 -1.65750915750916E+0000
 362  3.96336996336996E-0002 -1.11597069597070E+0000
 363 -1.67765567765568E-0002 -1.74615384615385E+0000
 364 -5.14285714285714E-0002 -1.66798534798535E+0000
 365 -7.96336996336996E-0002 -1.12805860805861E+0000
 366 -1.00586080586080E-0001 -1.76549450549451E+0000
 367 -9.65567765567766E-0002 -1.05150183150183E+0000
 368 -6.27106227106227E-0002 -1.14820512820513E+0000
 369 -4.09523809523810E-0002 -1.78644688644689E+0000
 370 -6.30036630036630E-0003 -1.68571428571429E+0000
 371  2.10989010989011E-0002 -1.15142857142857E+0000
 372  7.50915750915751E-0002 -1.66959706959707E+0000
 373  9.28205128205128E-0002 -1.15787545787546E+0000
 374  8.15384615384615E-0002 -1.79369963369963E+0000
 375  6.54212454212454E-0002 -1.05391941391941E+0000
 376  8.20512820512821E-0003 -1.17641025641026E+0000
 377 -2.80586080586081E-0002 -1.77435897435897E+0000
 378 -5.06227106227106E-0002 -1.65106227106227E+0000
 379 -7.96336996336996E-0002 -1.02893772893773E+0000
 380 -9.25274725274725E-0002 -1.15706959706960E+0000
 381 -1.09450549450549E-0001 -1.80014652014652E+0000
 382 -9.89743589743590E-0002 -1.62366300366300E+0000
 383 -8.44688644688645E-0002 -9.97509157509158E-0001
 384 -6.35164835164835E-0002 -1.76710622710623E+0000
 385 -5.49450549450549E-0003 -1.61721611721612E+0000
 386  2.19047619047619E-0002 -1.12644688644689E+0000
 387  7.50915750915751E-0002 -1.75985347985348E+0000
 388  8.79853479853480E-0002 -9.62051282051282E-0001
 389  9.84615384615385E-0002 -1.16109890109890E+0000
 390  8.39560439560440E-0002 -1.80336996336996E+0000
 391  6.54212454212454E-0002 -1.59948717948718E+0000
 392  2.35164835164835E-0002 -9.89450549450549E-0001
 393  4.98168498168498E-0003 -1.14175824175824E+0000
 394 -2.80586080586081E-0002 -1.78161172161172E+0000
 395 -4.25641025641026E-0002 -1.60351648351648E+0000
 396 -8.04395604395604E-0002 -9.83003663003663E-0001
 397 -9.65567765567766E-0002 -1.14417582417582E+0000
 398 -9.81684981684982E-0002 -1.77516483516484E+0000
 399 -9.73626373626374E-0002 -9.99926739926740E-0001
 400 -6.75457875457875E-0002 -1.18769230769231E+0000
 401 -3.69230769230769E-0002 -1.58336996336996E+0000
 402  2.91575091575092E-0002 -1.17641025641026E+0000
 403  7.50915750915751E-0002 -1.55516483516484E+0000
 404  1.00879120879120E-0001 -9.78168498168498E-0001
 405  9.44322344322344E-0002 -1.80014652014652E+0000
 406  6.30036630036630E-0002 -1.55758241758242E+0000
 407  2.75457875457875E-0002 -9.79780219780220E-0001
 408  4.17582417582418E-0003 -1.78241758241758E+0000
 409 -5.38461538461538E-0002 -1.56000000000000E+0000
 410 -8.20512820512821E-0002 -1.19816849816850E+0000
 411 -1.00586080586080E-0001 -1.78886446886447E+0000
 412 -9.89743589743590E-0002 -9.83809523809524E-0001
 413 -6.02930402930403E-0002 -1.20219780219780E+0000
 414 -3.20879120879121E-0002 -1.55032967032967E+0000
 415  2.35164835164835E-0002 -9.69304029304029E-0001
 416  6.30036630036630E-0002 -1.18608058608059E+0000
 417  7.91208791208791E-0002 -1.76952380952381E+0000
 418  9.84615384615385E-0002 -9.36263736263736E-0001
 419  1.00879120879120E-0001 -1.21831501831502E+0000
 420  8.07326007326007E-0002 -1.51003663003663E+0000
 421  3.15750915750916E-0002 -9.48351648351648E-0001
 422 -6.59340659340659E-0004 -1.82915750915751E+0000
 423 -5.62637362637363E-0002 -1.52454212454212E+0000
 424 -8.12454212454212E-0002 -1.25619047619048E+0000
 425 -1.01391941391941E-0001 -1.83479853479853E+0000
 426 -9.57509157509158E-0002 -1.51809523809524E+0000
 427 -8.68864468864469E-0002 -9.58021978021978E-0001
 428 -6.02930402930403E-0002 -1.83560439560440E+0000
 429  1.75824175824176E-0003 -1.50439560439560E+0000
 430  3.15750915750916E-0002 -1.25216117216117E+0000
 431  8.15384615384615E-0002 -1.82190476190476E+0000
 432  9.84615384615385E-0002 -1.48586080586081E+0000
 433  9.52380952380952E-0002 -1.24571428571429E+0000
 434  8.15384615384615E-0002 -9.64468864468864E-0001
 435 -2.27106227106227E-0003 -1.30373626373626E+0000
 436 -3.45054945054945E-0002 -1.48747252747253E+0000
 437 -8.20512820512821E-0002 -1.28600732600733E+0000
 438 -1.05421245421245E-0001 -1.43831501831502E+0000
 439 -8.52747252747253E-0002 -1.29164835164835E+0000
 440 -3.20879120879121E-0002 -1.41897435897436E+0000
 441  2.83516483516484E-0002 -9.19340659340659E-0001
 442  6.21978021978022E-0002 -1.27391941391941E+0000
 443  8.15384615384615E-0002 -1.82109890109890E+0000
 444  1.01684981684981E-0001 -9.38681318681319E-0001
 445  9.92673992673993E-0002 -1.31098901098901E+0000
 446  7.99267399267399E-0002 -1.81545787545788E+0000
 447  5.73626373626374E-0002 -1.42058608058608E+0000
 448  2.35164835164835E-0002 -1.30695970695971E+0000
 449 -3.77289377289377E-0002 -1.81787545787546E+0000
 450 -5.78754578754579E-0002 -1.41655677655678E+0000
 451 -8.68864468864469E-0002 -9.30622710622711E-0001
 452 -9.49450549450549E-0002 -1.81304029304029E+0000
 453 -9.01098901098901E-0002 -1.39963369963370E+0000
 454 -8.04395604395604E-0002 -1.31260073260073E+0000
 455 -3.28937728937729E-0002 -1.37465201465201E+0000
 456  3.31868131868132E-0002 -9.35457875457875E-0001
 457  6.05860805860806E-0002 -1.83721611721612E+0000
 458  9.92673992673993E-0002 -9.32234432234432E-0001
 459  9.44322344322344E-0002 -1.35369963369963E+0000
 460  7.91208791208791E-0002 -1.40285714285714E+0000
 461  1.94871794871795E-0002 -9.39487179487179E-0001
 462 -2.27106227106227E-0003 -1.86219780219780E+0000
 463 -6.99633699633700E-0002 -9.52380952380952E-0001
 464 -9.65567765567766E-0002 -1.83560439560440E+0000
 465 -9.33333333333333E-0002 -9.53186813186813E-0001
 466 -5.54578754578755E-0002 -1.41010989010989E+0000
 467 -2.40293040293040E-0002 -1.83802197802198E+0000
 468  4.98168498168498E-0003 -1.36498168498168E+0000
 469  3.31868131868132E-0002 -1.42139194139194E+0000
 470  8.63736263736264E-0002 -1.84285714285714E+0000
 471  1.00879120879120E-0001 -9.58827838827839E-0001
 472  9.44322344322344E-0002 -1.85575091575092E+0000
 473  5.49450549450549E-0002 -9.75750915750916E-0001
 474 -6.59340659340659E-0004 -1.41413919413919E+0000
 475 -4.17582417582418E-0002 -1.82432234432234E+0000
 476 -6.67399267399267E-0002 -1.32630036630037E+0000
 477 -8.52747252747253E-0002 -1.42461538461538E+0000
 478 -9.97802197802198E-0002 -1.31985347985348E+0000
 479 -7.64102564102564E-0002 -1.42703296703297E+0000
 480 -2.48351648351648E-0002 -1.81545787545788E+0000
 481  9.01098901098901E-0003 -9.13699633699634E-0001
 482  6.86446886446886E-0002 -1.79289377289377E+0000
 483  9.44322344322344E-0002 -1.30615384615385E+0000
 484  1.00073260073260E-0001 -9.34652014652015E-0001
 485  9.44322344322344E-0002 -1.45362637362637E+0000
 486  6.05860805860806E-0002 -1.29245421245421E+0000
 487  1.86813186813187E-0002 -1.44476190476190E+0000
 488 -4.09523809523810E-0002 -1.28681318681319E+0000
 489 -7.96336996336996E-0002 -9.28205128205128E-0001
 490 -9.65567765567766E-0002 -1.83076923076923E+0000
 491 -9.25274725274725E-0002 -9.32234432234432E-0001
 492 -4.82051282051282E-0002 -1.81626373626374E+0000
 493  9.01098901098901E-0003 -1.49714285714286E+0000
 494  8.87912087912088E-0002 -1.25054945054945E+0000
 495  9.84615384615385E-0002 -1.81545787545788E+0000
 496  4.68864468864469E-0002 -9.61245421245421E-0001
 497 -8.71794871794872E-0003 -1.83721611721612E+0000
 498 -6.67399267399267E-0002 -1.26586080586081E+0000
 499 -9.01098901098901E-0002 -9.83809523809524E-0001
 500 -9.17216117216117E-0002 -1.51003663003663E+0000
 501 -1.05421245421245E-0001 -1.80820512820513E+0000
 502 -9.25274725274725E-0002 -1.22315018315018E+0000
 503 -8.04395604395604E-0002 -1.51003663003663E+0000
 504 -1.43589743589743E-0002 -1.24410256410256E+0000
 505  3.88278388278388E-0002 -1.51245421245421E+0000
 506  9.12087912087912E-0002 -1.23120879120879E+0000
 507  9.28205128205128E-0002 -1.52695970695971E+0000
 508  7.26739926739927E-0002 -1.80256410256410E+0000
 509  4.52747252747253E-0002 -9.45934065934066E-0001
 510 -1.11355311355311E-0002 -1.79772893772894E+0000
 511 -7.07692307692308E-0002 -9.58827838827839E-0001
 512 -1.00586080586080E-0001 -1.55274725274725E+0000
 513 -9.65567765567766E-0002 -1.80820512820513E+0000
 514 -8.93040293040293E-0002 -1.19655677655678E+0000
 515 -6.59340659340659E-0002 -9.56410256410256E-0001
 516 -4.82051282051282E-0002 -1.54307692307692E+0000
 517 -2.40293040293040E-0002 -1.20461538461538E+0000
 518  4.04395604395604E-0002 -9.75750915750916E-0001
 519  7.42857142857143E-0002 -1.76791208791209E+0000
 520  9.76556776556777E-0002 -9.69304029304029E-0001
 521  9.04029304029304E-0002 -1.75824175824176E+0000
 522  4.60805860805861E-0002 -9.68498168498168E-0001
 523 -1.51648351648351E-0002 -1.81384615384615E+0000
 524 -7.39926739926740E-0002 -9.88644688644689E-0001
 525 -9.57509157509158E-0002 -1.55274725274725E+0000
 526 -1.00586080586080E-0001 -1.77113553113553E+0000
 527 -9.25274725274725E-0002 -9.82197802197802E-0001
 528 -4.90109890109890E-0002 -1.76388278388278E+0000
 529  1.06227106227106E-0002 -1.00556776556777E+0000
 530  7.02564102564103E-0002 -1.74534798534799E+0000
 531  9.92673992673993E-0002 -1.00798534798535E+0000
 532  8.95970695970696E-0002 -1.59868131868132E+0000
 533  6.21978021978022E-0002 -1.75421245421245E+0000
 534  4.12454212454212E-0002 -1.02007326007326E+0000
 535 -1.83882783882784E-0002 -1.75985347985348E+0000
 536 -7.56043956043956E-0002 -1.15868131868132E+0000
 537 -9.89743589743590E-0002 -1.05150183150183E+0000
 538 -9.81684981684982E-0002 -1.78080586080586E+0000
 539 -9.25274725274725E-0002 -1.06439560439560E+0000
 540 -4.09523809523810E-0002 -1.68249084249084E+0000
 541 -1.35531135531135E-0002 -1.79853479853480E+0000
 542  1.70695970695971E-0002 -1.14095238095238E+0000
 543  4.93040293040293E-0002 -1.04183150183150E+0000
 544  7.58974358974359E-0002 -1.76146520146520E+0000
 545  9.92673992673993E-0002 -1.05150183150183E+0000
 546  9.20146520146520E-0002 -1.78080586080586E+0000
 547  4.28571428571429E-0002 -1.16432234432234E+0000
 548  9.81684981684982E-0003 -1.68168498168498E+0000
 549 -5.38461538461538E-0002 -1.07728937728938E+0000
 550 -9.89743589743590E-0002 -1.75260073260073E+0000
 551 -9.25274725274725E-0002 -1.12080586080586E+0000
 552 -6.91575091575092E-0002 -1.69457875457875E+0000
 553 -1.11355311355311E-0002 -1.72197802197802E+0000
 554  1.70695970695971E-0002 -1.08615384615385E+0000
 555  4.52747252747253E-0002 -1.64864468864469E+0000
 556  9.52380952380952E-0002 -1.05875457875458E+0000
 557  9.44322344322344E-0002 -1.68571428571429E+0000
 558  6.86446886446886E-0002 -1.09018315018315E+0000
 559  1.14285714285714E-0002 -1.05069597069597E+0000
 560 -2.08058608058608E-0002 -1.70183150183150E+0000
 561 -5.38461538461538E-0002 -1.70586080586081E+0000
 562 -7.96336996336996E-0002 -1.05956043956044E+0000
 563 -9.89743589743590E-0002 -1.06600732600733E+0000
 564 -9.73626373626374E-0002 -1.70666666666667E+0000
 565 -1.05421245421245E-0001 -1.69780219780220E+0000
 566 -8.93040293040293E-0002 -1.04263736263736E+0000
 567 -6.59340659340659E-0002 -1.05956043956044E+0000
 568 -4.41758241758242E-0002 -1.70505494505495E+0000
 569 -1.19413919413919E-0002 -1.67362637362637E+0000
 570  2.67399267399267E-0002 -1.05391941391941E+0000
 571  4.93040293040293E-0002 -1.68249084249084E+0000
 572  9.20146520146520E-0002 -1.68893772893773E+0000
 573  1.00879120879120E-0001 -1.07567765567766E+0000
 574  9.36263736263736E-0002 -1.07970695970696E+0000
 575  8.95970695970696E-0002 -1.68974358974359E+0000
 576  6.30036630036630E-0002 -1.02974358974359E+0000
 577  4.17582417582418E-0003 -1.70505494505495E+0000
 578 -5.46520146520147E-0002 -1.03699633699634E+0000
 579 -9.57509157509158E-0002 -1.65509157509158E+0000
 580 -8.93040293040293E-0002 -1.72197802197802E+0000
 581 -9.52380952380952E-0003 -1.03135531135531E+0000
 582  5.33333333333333E-0002 -1.72358974358974E+0000
 583  9.28205128205128E-0002 -1.01765567765568E+0000
 584  9.76556776556777E-0002 -1.71553113553114E+0000
 585  6.21978021978022E-0002 -1.09421245421245E+0000
 586 -2.48351648351648E-0002 -1.63252747252747E+0000
 587 -8.12454212454212E-0002 -1.11435897435897E+0000
 588 -9.97802197802198E-0002 -1.62849816849817E+0000
 589 -8.60805860805861E-0002 -1.09663003663004E+0000
 590 -3.61172161172161E-0002 -1.60593406593407E+0000
 591  2.19047619047619E-0002 -1.07809523809524E+0000
 592  7.83150183150183E-0002 -1.58417582417582E+0000
 593  9.76556776556777E-0002 -1.11758241758242E+0000
 594  8.55677655677656E-0002 -1.61238095238095E+0000
 595  2.67399267399267E-0002 -1.11516483516484E+0000
 596 -2.56410256410256E-0002 -1.61641025641026E+0000
 597 -7.31868131868132E-0002 -1.11677655677656E+0000
 598 -1.03809523809523E-0001 -1.61318681318681E+0000
 599 -8.76923076923077E-0002 -1.12967032967033E+0000
 600 -3.45054945054945E-0002 -1.76146520146520E+0000
 601 -3.07692307692308E-0003 -9.72527472527473E-0001
 602  5.97802197802198E-0002 -1.12161172161172E+0000
 603  7.99267399267399E-0002 -9.96703296703297E-0001
 604  9.52380952380952E-0002 -1.78805860805861E+0000
 605  6.21978021978022E-0002 -9.90256410256410E-0001
 606  9.52380952380952E-0004 -1.79531135531136E+0000
 607 -5.78754578754579E-0002 -9.82197802197802E-0001
 608 -9.89743589743590E-0002 -1.78886446886447E+0000
 609 -1.01391941391941E-0001 -9.68498168498168E-0001
 610 -6.43223443223443E-0002 -1.20622710622711E+0000
 611 -2.96703296703297E-0002 -1.58739926739927E+0000
 612  2.91575091575092E-0002 -1.22395604395604E+0000
 613  7.99267399267399E-0002 -1.56161172161172E+0000
 614  9.84615384615385E-0002 -1.19252747252747E+0000
 615  8.47619047619048E-0002 -1.56000000000000E+0000
 616  2.99633699633700E-0002 -1.21750915750916E+0000
 617 -3.12820512820513E-0002 -1.53582417582418E+0000
 618 -8.28571428571429E-0002 -1.19172161172161E+0000
 619 -1.03809523809523E-0001 -1.53098901098901E+0000
 620 -8.12454212454212E-0002 -1.79692307692308E+0000
 621  3.36996336996337E-0003 -9.33040293040293E-0001
 622  6.05860805860806E-0002 -1.78241758241758E+0000
 623  9.44322344322344E-0002 -9.45128205128205E-0001
 624  9.44322344322344E-0002 -1.50278388278388E+0000
 625  2.99633699633700E-0002 -1.24571428571429E+0000
 626 -3.20879120879121E-0002 -1.50761904761905E+0000
 627 -8.28571428571429E-0002 -1.26908424908425E+0000
 628 -9.73626373626374E-0002 -1.83721611721612E+0000
 629 -9.89743589743590E-0002 -9.57216117216117E-0001
 630 -5.70695970695971E-0002 -1.80336996336996E+0000
 631 -3.07692307692308E-0003 -9.45934065934066E-0001
 632  6.21978021978022E-0002 -1.80336996336996E+0000
 633  9.76556776556777E-0002 -1.44879120879121E+0000
 634  1.01684981684981E-0001 -1.29003663003663E+0000
 635  7.83150183150183E-0002 -1.45201465201465E+0000
 636  2.83516483516484E-0002 -1.32146520146520E+0000
 637 -3.45054945054945E-0002 -1.46974358974359E+0000
 638 -8.44688644688645E-0002 -1.31098901098901E+0000
 639 -9.81684981684982E-0002 -1.81304029304029E+0000
 640 -9.81684981684982E-0002 -9.41098901098901E-0001
 641 -5.38461538461538E-0002 -1.81948717948718E+0000
 642  4.17582417582418E-0003 -9.35457875457875E-0001
 643  6.13919413919414E-0002 -1.83157509157509E+0000
 644  9.84615384615385E-0002 -9.41904761904762E-0001
 645  9.20146520146520E-0002 -1.35208791208791E+0000
 646  7.99267399267399E-0002 -1.42622710622711E+0000
 647  2.35164835164835E-0002 -1.37545787545788E+0000
 648 -3.45054945054945E-0002 -1.39157509157509E+0000
 649 -9.65567765567766E-0002 -1.39721611721612E+0000
 650 -7.80219780219780E-0002 -1.83318681318681E+0000
 651  5.78754578754579E-0003 -9.42710622710623E-0001
 652  6.21978021978022E-0002 -1.81545787545788E+0000
 653  9.84615384615385E-0002 -1.39802197802198E+0000
 654  7.75091575091575E-0002 -9.59633699633700E-0001
 655 -8.71794871794872E-0003 -1.37384615384615E+0000
 656 -8.93040293040293E-0002 -1.41575091575092E+0000
 657 -9.81684981684982E-0002 -1.33194139194139E+0000
 658 -7.64102564102564E-0002 -1.40446886446886E+0000
 659 -2.08058608058608E-0002 -1.80820512820513E+0000
 660  8.20512820512821E-0003 -9.03223443223443E-0001
 661  6.21978021978022E-0002 -1.78000000000000E+0000
 662  9.36263736263736E-0002 -9.35457875457875E-0001
 663  9.04029304029304E-0002 -1.43912087912088E+0000
 664  7.42857142857143E-0002 -1.32791208791209E+0000
 665  2.35164835164835E-0002 -1.46652014652015E+0000
 666 -4.09523809523810E-0002 -1.32871794871795E+0000
 667 -8.68864468864469E-0002 -1.83318681318681E+0000
 668 -9.73626373626374E-0002 -9.32234432234432E-0001
 669 -5.38461538461538E-0002 -1.82271062271062E+0000
 670  7.39926739926740E-0003 -1.50520146520147E+0000
 671  8.79853479853480E-0002 -1.27633699633700E+0000
 672  1.00879120879120E-0001 -1.83157509157509E+0000
 673  4.28571428571429E-0002 -9.35457875457875E-0001
 674 -1.43589743589743E-0002 -1.49311355311355E+0000
 675 -4.17582417582418E-0002 -1.23684981684982E+0000
 676 -9.17216117216117E-0002 -1.51487179487179E+0000
 677 -9.89743589743590E-0002 -1.81304029304029E+0000
 678 -9.57509157509158E-0002 -9.66886446886447E-0001
 679 -4.98168498168498E-0002 -1.82190476190476E+0000
 680  1.46520146520146E-0002 -1.54227106227106E+0000
 681  9.28205128205128E-0002 -1.22798534798535E+0000
 682  9.44322344322344E-0002 -1.54307692307692E+0000
 683  7.18681318681319E-0002 -9.60439560439560E-0001
 684 -1.51648351648351E-0002 -1.81706959706960E+0000
 685 -7.15750915750916E-0002 -9.75750915750916E-0001
 686 -9.89743589743590E-0002 -1.78080586080586E+0000
 687 -9.33333333333333E-0002 -1.22153846153846E+0000
 688 -7.15750915750916E-0002 -1.52857142857143E+0000
 689 -1.51648351648351E-0002 -1.20380952380952E+0000
 690  4.44688644688645E-0002 -1.75260073260073E+0000
 691  9.52380952380952E-0002 -1.55838827838828E+0000
 692  7.18681318681319E-0002 -1.00476190476190E+0000
 693 -1.59706959706960E-0002 -1.58739926739927E+0000
 694 -4.41758241758242E-0002 -1.19172161172161E+0000
 695 -9.01098901098901E-0002 -1.57128205128205E+0000
 696 -8.84981684981685E-0002 -1.77758241758242E+0000
 697 -9.81684981684982E-0002 -9.88644688644689E-0001
 698 -4.49816849816850E-0002 -1.15706959706960E+0000
 699  5.33333333333333E-0002 -1.74131868131868E+0000
 700  9.92673992673993E-0002 -9.98315018315018E-0001
 701  8.87912087912088E-0002 -1.74212454212454E+0000
 702  4.44688644688645E-0002 -1.62527472527473E+0000
 703 -4.65934065934066E-0002 -1.14498168498168E+0000
 704 -9.49450549450549E-0002 -1.65106227106227E+0000
 705 -9.57509157509158E-0002 -1.04586080586081E+0000
 706 -4.09523809523810E-0002 -1.77758241758242E+0000
 707  1.78754578754579E-0002 -1.68329670329670E+0000
 708  9.36263736263736E-0002 -1.15465201465201E+0000
 709  1.00073260073260E-0001 -1.66798534798535E+0000
 710  7.18681318681319E-0002 -1.75501831501832E+0000
 711  3.64102564102564E-0002 -1.06520146520147E+0000
 712 -2.16117216117216E-0002 -1.11677655677656E+0000
 713 -9.25274725274725E-0002 -1.72600732600733E+0000
 714 -8.84981684981685E-0002 -1.02410256410256E+0000
 715 -4.01465201465201E-0002 -1.70586080586081E+0000
 716  1.62637362637363E-0002 -1.06842490842491E+0000
 717  4.93040293040293E-0002 -1.69377289377289E+0000
 718  9.84615384615385E-0002 -1.69054945054945E+0000
 719  6.62271062271062E-0002 -1.07003663003663E+0000
 720 -2.80586080586081E-0002 -1.06600732600733E+0000
 721 -9.25274725274725E-0002 -1.70021978021978E+0000
 722 -9.73626373626374E-0002 -1.09179487179487E+0000
 723 -3.69230769230769E-0002 -1.66959706959707E+0000
 724  2.19047619047619E-0002 -1.08615384615385E+0000
 725  7.50915750915751E-0002 -1.04021978021978E+0000
 726  9.84615384615385E-0002 -1.70263736263736E+0000
 727  6.94505494505495E-0002 -1.09743589743590E+0000
 728 -2.80586080586081E-0002 -1.66476190476190E+0000
 729 -7.96336996336996E-0002 -1.74373626373626E+0000
 730 -8.93040293040293E-0002 -1.04586080586081E+0000
 731 -6.27106227106227E-0002 -1.12322344322344E+0000
 732 -3.85347985347985E-0002 -1.66476190476190E+0000
 733  2.27106227106227E-0002 -1.04424908424908E+0000
 734  5.33333333333333E-0002 -1.76710622710623E+0000
 735  9.12087912087912E-0002 -1.04344322344322E+0000
 736  9.44322344322344E-0002 -1.14417582417582E+0000
 737  8.23443223443223E-0002 -1.66879120879121E+0000
 738  2.91575091575092E-0002 -1.80820512820513E+0000
 739 -5.70695970695971E-0002 -1.02732600732601E+0000
 740 -9.17216117216117E-0002 -1.65186813186813E+0000
 741 -8.60805860805861E-0002 -1.15142857142857E+0000
 742 -3.53113553113553E-0002 -1.02249084249084E+0000
 743  5.57509157509158E-0002 -1.78886446886447E+0000
 744  9.52380952380952E-0002 -1.15545787545788E+0000
 745  8.23443223443223E-0002 -1.60512820512821E+0000
 746  3.15750915750916E-0002 -1.76871794871795E+0000
 747 -5.46520146520147E-0002 -9.82197802197802E-0001
 748 -9.57509157509158E-0002 -1.60029304029304E+0000
 749 -8.60805860805861E-0002 -1.77597069597070E+0000
 750  1.75824175824176E-0003 -1.18527472527473E+0000
 751  8.23443223443223E-0002 -1.00395604395604E+0000
 752  9.12087912087912E-0002 -1.59868131868132E+0000
 753  2.35164835164835E-0002 -1.18769230769231E+0000
 754 -3.20879120879121E-0002 -9.90256410256410E-0001
 755 -9.89743589743590E-0002 -1.78402930402930E+0000
 756 -9.33333333333333E-0002 -1.56000000000000E+0000
 757 -8.12454212454212E-0002 -1.19978021978022E+0000
 758 -3.04761904761905E-0002 -9.77362637362637E-0001
 759  5.81684981684982E-0002 -1.77435897435897E+0000
 760  9.76556776556777E-0002 -1.24410256410256E+0000
 761  8.47619047619048E-0002 -1.53260073260073E+0000
 762  2.19047619047619E-0002 -1.80417582417582E+0000
 763 -5.46520146520147E-0002 -1.23604395604396E+0000
 764 -1.02197802197802E-0001 -1.50681318681319E+0000
 765 -8.36630036630037E-0002 -9.41904761904762E-0001
 766 -5.70695970695971E-0002 -1.80820512820513E+0000
 767  4.17582417582418E-0003 -1.21670329670330E+0000
 768  8.07326007326007E-0002 -9.36263736263736E-0001
 769  9.44322344322344E-0002 -1.48666666666667E+0000
 770  2.10989010989011E-0002 -1.26263736263736E+0000
 771 -3.69230769230769E-0002 -9.30622710622711E-0001
 772 -9.89743589743590E-0002 -1.46087912087912E+0000
 773 -8.12454212454212E-0002 -1.81142857142857E+0000
 774  4.98168498168498E-0003 -1.28358974358974E+0000
 775  8.71794871794872E-0002 -1.43186813186813E+0000
 776  1.00879120879120E-0001 -1.80095238095238E+0000
 777  5.57509157509158E-0002 -9.20952380952381E-0001
 778 -5.49450549450549E-0003 -1.29003663003663E+0000
 779 -3.93406593406593E-0002 -1.41413919413919E+0000
 780 -8.44688644688645E-0002 -1.79853479853480E+0000
 781 -9.01098901098901E-0002 -9.16923076923077E-0001
 782 -4.98168498168498E-0002 -1.30051282051282E+0000
 783 -2.40293040293040E-0002 -1.38996336996337E+0000
 784  3.39926739926740E-0002 -1.77838827838828E+0000
 785  9.76556776556777E-0002 -1.32065934065934E+0000
 786  7.50915750915751E-0002 -1.33194139194139E+0000
 787 -3.61172161172161E-0002 -1.33355311355311E+0000
 788 -1.06227106227106E-0001 -1.37706959706960E+0000
 789 -7.72161172161172E-0002 -1.84527472527473E+0000
 790  1.22344322344322E-0002 -1.36336996336996E+0000
 791  8.71794871794872E-0002 -9.63663003663004E-0001
 792  9.60439560439560E-0002 -1.85010989010989E+0000
 793  5.17216117216117E-0002 -1.40366300366300E+0000
 794 -4.33699633699634E-0002 -9.49157509157509E-0001
 795 -1.01391941391941E-0001 -1.84688644688645E+0000
 796 -9.41391941391941E-0002 -1.42380952380952E+0000
 797 -2.16117216117216E-0002 -1.34967032967033E+0000
 798  4.04395604395604E-0002 -9.45934065934066E-0001
 799  6.86446886446886E-0002 -1.83641025641026E+0000
 800  9.60439560439560E-0002 -1.44315018315018E+0000
 801  7.50915750915751E-0002 -1.35208791208791E+0000
 802  1.78754578754579E-0002 -9.70915750915751E-0001
 803 -1.27472527472527E-0002 -1.31260073260073E+0000
 804 -8.84981684981685E-0002 -1.81304029304029E+0000
 805 -9.17216117216117E-0002 -1.42542124542125E+0000
 806 -2.16117216117216E-0002 -9.06446886446886E-0001
 807  7.10622710622711E-0002 -1.29648351648352E+0000
 808  9.52380952380952E-0002 -1.46490842490842E+0000
 809  7.42857142857143E-0002 -9.37875457875458E-0001
 810 -1.43589743589743E-0002 -1.29487179487179E+0000
 811 -9.49450549450549E-0002 -1.81062271062271E+0000
 812 -9.01098901098901E-0002 -1.49150183150183E+0000
 813 -1.67765567765568E-0002 -1.22717948717949E+0000
 814  4.36630036630037E-0002 -1.81465201465201E+0000
 815  9.68498168498168E-0002 -1.51003663003663E+0000
 816  6.21978021978022E-0002 -1.23443223443223E+0000
 817  1.62637362637363E-0002 -9.53992673992674E-0001
 818 -1.51648351648351E-0002 -1.82029304029304E+0000
 819 -7.39926739926740E-0002 -1.54227106227106E+0000
 820 -9.97802197802198E-0002 -9.84615384615385E-0001
 821 -4.57875457875458E-0002 -1.23201465201465E+0000
 822  4.44688644688645E-0002 -1.78805860805861E+0000
 823  9.68498168498168E-0002 -1.51487179487179E+0000
 824  6.94505494505495E-0002 -9.78974358974359E-0001
 825 -1.67765567765568E-0002 -1.21831501831502E+0000
 826 -9.41391941391941E-0002 -1.56402930402930E+0000
 827 -1.01391941391941E-0001 -1.80336996336996E+0000
 828 -8.76923076923077E-0002 -9.63663003663004E-0001
 829 -4.57875457875458E-0002 -1.20622710622711E+0000
 830  4.60805860805861E-0002 -1.78725274725275E+0000
 831  9.60439560439560E-0002 -1.57047619047619E+0000
 832  7.18681318681319E-0002 -1.19897435897436E+0000
 833  4.17582417582418E-0003 -1.76468864468864E+0000
 834 -7.56043956043956E-0002 -1.61238095238095E+0000
 835 -9.65567765567766E-0002 -9.92673992673993E-0001
 836 -4.09523809523810E-0002 -1.17479853479853E+0000
 837  4.84981684981685E-0002 -1.78402930402930E+0000
 838  1.00879120879120E-0001 -1.17479853479853E+0000
 839  9.44322344322344E-0002 -1.66637362637363E+0000
 840  6.94505494505495E-0002 -1.03457875457875E+0000
 841 -1.75824175824176E-0002 -1.04102564102564E+0000
 842 -9.89743589743590E-0002 -1.15223443223443E+0000
 843 -7.15750915750916E-0002 -1.75663003663004E+0000
 844  2.02930402930403E-0002 -1.03377289377289E+0000
 845  7.75091575091575E-0002 -1.11032967032967E+0000
 846  9.44322344322344E-0002 -1.74051282051282E+0000
 847  4.04395604395604E-0002 -1.67443223443223E+0000
 848 -5.38461538461538E-0002 -1.05553113553114E+0000
 849 -1.01391941391941E-0001 -1.08373626373626E+0000
 850 -6.75457875457875E-0002 -1.64461538461538E+0000
 851 -1.11355311355311E-0002 -1.71230769230769E+0000
 852  2.02930402930403E-0002 -1.04989010989011E+0000
 853  7.67032967032967E-0002 -1.10549450549451E+0000
 854  9.92673992673993E-0002 -1.06600732600733E+0000
 855  2.56410256410256E-0003 -1.05311355311355E+0000
 856 -1.02197802197802E-0001 -1.07487179487179E+0000
 857 -6.59340659340659E-0002 -1.05391941391941E+0000
 858 -3.53113553113553E-0002 -1.05875457875458E+0000
 859  4.93040293040293E-0002 -1.67523809523810E+0000
 860  1.01684981684981E-0001 -1.68410256410256E+0000
 861  4.04395604395604E-0002 -1.07809523809524E+0000
 862 -2.96703296703297E-0002 -1.70263736263736E+0000
 863 -5.54578754578755E-0002 -1.04424908424908E+0000
 864 -9.73626373626374E-0002 -1.66073260073260E+0000
 865 -8.76923076923077E-0002 -1.72761904761905E+0000
 866 -3.07692307692308E-0003 -1.10146520146520E+0000
 867  7.91208791208791E-0002 -1.04183150183150E+0000
 868  9.84615384615385E-0002 -1.66637362637363E+0000
 869  3.47985347985348E-0002 -1.75663003663004E+0000
 870 -5.78754578754579E-0002 -1.14417582417582E+0000
 871 -1.00586080586080E-0001 -1.06439560439560E+0000
 872 -6.51282051282051E-0002 -1.65509157509158E+0000
 873  2.67399267399267E-0002 -1.76227106227106E+0000
 874  9.68498168498168E-0002 -1.75985347985348E+0000
 875  5.97802197802198E-0002 -1.14336996336996E+0000
 876 -2.80586080586081E-0002 -1.02732600732601E+0000
 877 -9.97802197802198E-0002 -1.65589743589744E+0000
 878 -8.36630036630037E-0002 -1.16915750915751E+0000
 879 -3.12820512820513E-0002 -9.80586080586081E-0001
 880  5.81684981684982E-0002 -1.60432234432234E+0000
 881  1.00879120879120E-0001 -1.74937728937729E+0000
 882  5.65567765567766E-0002 -1.16754578754579E+0000
 883 -3.20879120879121E-0002 -9.70915750915751E-0001
 884 -9.89743589743590E-0002 -1.00637362637363E+0000
 885 -6.02930402930403E-0002 -1.58739926739927E+0000
 886  3.15750915750916E-0002 -1.00556776556777E+0000
 887  5.97802197802198E-0002 -1.58175824175824E+0000
 888  1.00073260073260E-0001 -1.58014652014652E+0000
 889  2.75457875457875E-0002 -1.81384615384615E+0000
 890 -5.38461538461538E-0002 -1.19252747252747E+0000
 891 -9.97802197802198E-0002 -9.80586080586081E-0001
 892 -5.86813186813187E-0002 -1.55516483516484E+0000
 893  3.07692307692308E-0002 -1.20380952380952E+0000
 894  7.83150183150183E-0002 -9.80586080586081E-0001
 895  9.12087912087912E-0002 -1.52454212454212E+0000
 896  2.91575091575092E-0002 -1.80578754578755E+0000
 897 -6.51282051282051E-0002 -1.23040293040293E+0000
 898 -9.89743589743590E-0002 -9.36263736263736E-0001
 899 -5.54578754578755E-0002 -9.33040293040293E-0001
 900  4.76923076923077E-0002 -1.48263736263736E+0000
 901  1.00073260073260E-0001 -1.51567765567766E+0000
 902  2.51282051282051E-0002 -1.29970695970696E+0000
 903 -4.09523809523810E-0002 -1.83076923076923E+0000
 904 -6.27106227106227E-0002 -1.27391941391941E+0000
 905 -9.73626373626374E-0002 -1.28600732600733E+0000
 906 -2.32234432234432E-0002 -9.26593406593407E-0001
 907  6.13919413919414E-0002 -1.46329670329670E+0000
 908  1.01684981684981E-0001 -1.82673992673993E+0000
 909  5.33333333333333E-0002 -1.32227106227106E+0000
 910 -4.09523809523810E-0002 -1.45604395604396E+0000
 911 -7.88278388278388E-0002 -9.62857142857143E-0001
 912 -9.89743589743590E-0002 -1.84205128205128E+0000
 913 -9.25274725274725E-0002 -1.45362637362637E+0000
 914 -7.64102564102564E-0002 -1.33677655677656E+0000
 915 -2.16117216117216E-0002 -1.83318681318681E+0000
 916  1.06227106227106E-0002 -9.37069597069597E-0001
 917  6.78388278388278E-0002 -1.31985347985348E+0000
 918  8.71794871794872E-0002 -9.23369963369963E-0001
 919  9.52380952380952E-0002 -9.32234432234432E-0001
 920 -8.71794871794872E-0003 -9.45128205128205E-0001
 921 -9.97802197802198E-0002 -1.41736263736264E+0000
 922 -7.47985347985348E-0002 -1.85494505494505E+0000
 923  9.81684981684982E-0003 -1.37626373626374E+0000
 924  8.87912087912088E-0002 -1.84769230769231E+0000
 925  1.00879120879120E-0001 -9.31428571428571E-0001
 926  9.12087912087912E-0002 -1.37304029304029E+0000
 927  7.67032967032967E-0002 -9.37069597069597E-0001
 928 -1.11355311355311E-0002 -1.82190476190476E+0000
 929 -6.83516483516484E-0002 -1.35289377289377E+0000
 930 -9.25274725274725E-0002 -1.83238095238095E+0000
 931 -9.65567765567766E-0002 -1.42783882783883E+0000
 932 -2.00000000000000E-0002 -1.34725274725275E+0000
 933  4.28571428571429E-0002 -9.47545787545788E-0001
 934  6.78388278388278E-0002 -1.34644688644689E+0000
 935  9.76556776556777E-0002 -1.85172161172161E+0000
 936  4.36630036630037E-0002 -1.82673992673993E+0000
 937 -7.07692307692308E-0002 -1.43106227106227E+0000
 938 -9.73626373626374E-0002 -9.23369963369963E-0001
 939 -5.38461538461538E-0002 -1.28520146520147E+0000
 940  4.68864468864469E-0002 -1.78402930402930E+0000
 941  9.68498168498168E-0002 -1.44395604395604E+0000
 942  7.42857142857143E-0002 -9.22564102564103E-0001
 943 -1.27472527472527E-0002 -1.28842490842491E+0000
 944 -9.25274725274725E-0002 -1.83882783882784E+0000
 945 -9.01098901098901E-0002 -1.48505494505495E+0000
 946 -1.35531135531135E-0002 -9.58021978021978E-0001
 947  7.26739926739927E-0002 -1.25538461538462E+0000
 948  9.76556776556777E-0002 -1.82190476190476E+0000
 949  3.96336996336996E-0002 -1.54710622710623E+0000
 950 -4.49816849816850E-0002 -9.92673992673993E-0001
 951 -9.89743589743590E-0002 -9.63663003663004E-0001
 952 -4.57875457875458E-0002 -1.21912087912088E+0000
 953  4.76923076923077E-0002 -1.79208791208791E+0000
 954  9.84615384615385E-0002 -1.52534798534799E+0000
 955  7.26739926739927E-0002 -1.55274725274725E+0000
 956 -5.14285714285714E-0002 -9.74139194139194E-0001
 957 -1.05421245421245E-0001 -1.22315018315018E+0000
 958 -7.15750915750916E-0002 -1.78161172161172E+0000
 959  1.62637362637363E-0002 -1.52695970695971E+0000
 960  9.28205128205128E-0002 -9.59633699633700E-0001
 961  8.39560439560440E-0002 -1.21428571428571E+0000
 962  1.14285714285714E-0002 -1.00556776556777E+0000
 963 -2.40293040293040E-0002 -1.19333333333333E+0000
 964 -9.49450549450549E-0002 -1.78402930402930E+0000
 965 -9.73626373626374E-0002 -1.58498168498168E+0000
 966 -3.88278388278388E-0003 -9.96703296703297E-0001
 967  7.26739926739927E-0002 -1.02893772893773E+0000
 968  8.79853479853480E-0002 -1.03538461538462E+0000
 969 -2.40293040293040E-0002 -1.18124542124542E+0000
 970 -9.65567765567766E-0002 -1.74776556776557E+0000
 971 -9.01098901098901E-0002 -1.63172161172161E+0000
 972 -4.68864468864469E-0003 -1.75179487179487E+0000
 973  2.35164835164835E-0002 -1.63252747252747E+0000
 974  9.12087912087912E-0002 -1.02732600732601E+0000
 975  8.71794871794872E-0002 -1.13531135531136E+0000
 976  8.20512820512821E-0003 -1.76871794871795E+0000
 977 -7.64102564102564E-0002 -1.68974358974359E+0000
 978 -9.41391941391941E-0002 -1.07728937728938E+0000
 979 -3.45054945054945E-0002 -1.12000000000000E+0000
 980  5.09157509157509E-0002 -1.11516483516484E+0000
 981  9.60439560439560E-0002 -1.11355311355311E+0000
 982  3.36996336996337E-0003 -1.71875457875458E+0000
 983 -8.12454212454212E-0002 -1.66395604395604E+0000
 984 -9.65567765567766E-0002 -1.72036630036630E+0000
 985 -8.76923076923077E-0002 -1.66153846153846E+0000
 986 -2.27106227106227E-0003 -1.05391941391941E+0000
 987  7.58974358974359E-0002 -1.06520146520147E+0000
 988  8.71794871794872E-0002 -1.05311355311355E+0000
 989 -2.88644688644689E-0002 -1.07648351648352E+0000
 990 -9.89743589743590E-0002 -1.07406593406593E+0000
 991 -6.75457875457875E-0002 -1.05553113553114E+0000
 992 -3.36996336996337E-0002 -1.08131868131868E+0000
 993  7.83150183150183E-0002 -1.08937728937729E+0000
 994  8.39560439560440E-0002 -1.05150183150183E+0000
 995  2.56410256410256E-0003 -1.04586080586081E+0000
 996 -9.49450549450549E-0002 -1.05553113553114E+0000
 997 -6.02930402930403E-0002 -1.66717948717949E+0000
 998  2.75457875457875E-0002 -1.74293040293040E+0000
 999  9.44322344322344E-0002 -1.66073260073260E+0000
 1000  2.99633699633700E-0002 -1.76146520146520E+0000
 1001 -5.78754578754579E-0002 -1.67523809523810E+0000
 1002 -8.68864468864469E-0002 -1.78161172161172E+0000
 1003 -9.89743589743590E-0002 -1.16190476190476E+0000
 1004 -3.45054945054945E-0002 -1.80095238095238E+0000
 1005  1.75824175824176E-0003 -1.12241758241758E+0000
 1006  7.83150183150183E-0002 -1.00879120879121E+0000
 1007  9.60439560439560E-0002 -1.62930402930403E+0000
 1008  3.15750915750916E-0002 -1.75824175824176E+0000
 1009 -6.10989010989011E-0002 -1.63413919413919E+0000
 1010 -8.60805860805861E-0002 -1.76065934065934E+0000
 1011 -9.49450549450549E-0002 -1.76710622710623E+0000
 1012  1.75824175824176E-0003 -1.76630036630037E+0000
 1013  9.76556776556777E-0002 -1.14336996336996E+0000
 1014  7.50915750915751E-0002 -1.15384615384615E+0000
 1015 -3.36996336996337E-0002 -1.01684981684982E+0000
 1016 -9.73626373626374E-0002 -1.60673992673993E+0000
 1017 -7.96336996336996E-0002 -1.79128205128205E+0000
 1018  4.17582417582418E-0003 -1.60996336996337E+0000
 1019  2.99633699633700E-0002 -1.78322344322344E+0000
 1020  9.92673992673993E-0002 -1.14739926739927E+0000
 1021  7.50915750915751E-0002 -9.71721611721612E-0001
 1022 -7.10622710622711E-0003 -1.59465201465201E+0000
 1023 -8.60805860805861E-0002 -9.72527472527473E-0001
 1024 -1.01391941391941E-0001 -1.58014652014652E+0000
 1025 -8.44688644688645E-0002 -1.53582417582418E+0000
 1026  3.47985347985348E-0002 -1.57853479853480E+0000
 1027  1.00879120879120E-0001 -9.74139194139194E-0001
 1028 -5.49450549450549E-0003 -9.96703296703297E-0001
 1029 -1.03003663003663E-0001 -9.47545787545788E-0001
 1030 -5.46520146520147E-0002 -1.54146520146520E+0000
 1031  3.47985347985348E-0002 -1.53179487179487E+0000
 1032  1.00879120879120E-0001 -1.83479853479853E+0000
 1033  5.25274725274725E-0002 -1.80901098901099E+0000
 1034 -6.02930402930403E-0002 -1.23040293040293E+0000
 1035 -1.05421245421245E-0001 -9.28205128205128E-0001
 1036 -5.06227106227106E-0002 -9.42710622710623E-0001
 1037  6.21978021978022E-0002 -1.49391941391941E+0000
 1038  9.76556776556777E-0002 -1.50358974358974E+0000
 1039  1.70695970695971E-0002 -1.84849816849817E+0000
 1040 -6.99633699633700E-0002 -1.51567765567766E+0000
 1041 -8.93040293040293E-0002 -1.82432234432234E+0000
 1042 -8.84981684981685E-0002 -1.25296703296703E+0000
 1043 -2.40293040293040E-0002 -1.29567765567766E+0000
 1044  8.63736263736264E-0002 -9.66080586080586E-0001
 1045  9.44322344322344E-0002 -9.58827838827839E-0001
 1046 -1.11355311355311E-0002 -1.46732600732601E+0000
 1047 -9.17216117216117E-0002 -1.79934065934066E+0000
 1048 -8.93040293040293E-0002 -1.42622710622711E+0000
 1049 -7.96336996336996E-0002 -1.80175824175824E+0000
 1050  1.06227106227106E-0002 -1.27553113553114E+0000
 1051  8.87912087912088E-0002 -9.30622710622711E-0001
 1052  9.20146520146520E-0002 -1.30937728937729E+0000
 1053  7.10622710622711E-0002 -9.33846153846154E-0001
 1054 -1.43589743589743E-0002 -9.45128205128205E-0001
 1055 -9.89743589743590E-0002 -9.49157509157509E-0001
 1056 -4.17582417582418E-0002 -9.51575091575092E-0001
 1057  7.10622710622711E-0002 -1.41172161172161E+0000
 1058  9.76556776556777E-0002 -9.49963369963370E-0001
 1059 -6.30036630036630E-0003 -9.58021978021978E-0001
 1060 -1.03809523809523E-0001 -1.37384615384615E+0000
 1061 -7.56043956043956E-0002 -1.36981684981685E+0000
 1062  4.12454212454212E-0002 -1.83479853479853E+0000
 1063  9.60439560439560E-0002 -1.42461538461538E+0000
 1064  7.26739926739927E-0002 -1.41494505494505E+0000
 1065 -4.41758241758242E-0002 -9.45128205128205E-0001
 1066 -1.02197802197802E-0001 -9.53992673992674E-0001
 1067 -4.57875457875458E-0002 -1.33838827838828E+0000
 1068  4.84981684981685E-0002 -9.45128205128205E-0001
 1069  7.34798534798535E-0002 -1.32227106227106E+0000
 1070  9.84615384615385E-0002 -9.68498168498168E-0001
 1071 -1.67765567765568E-0002 -9.54798534798535E-0001
 1072 -9.73626373626374E-0002 -1.31098901098901E+0000
 1073 -7.07692307692308E-0002 -1.30212454212454E+0000
 1074  4.76923076923077E-0002 -1.81465201465201E+0000
 1075  1.04908424908424E-0001 -1.80981684981685E+0000
 1076  4.20512820512821E-0002 -1.50197802197802E+0000
 1077 -4.98168498168498E-0002 -9.62857142857143E-0001
 1078 -9.57509157509158E-0002 -1.51809523809524E+0000
 1079 -9.89743589743590E-0002 -9.63663003663004E-0001
