 0 -4.65934065934066E-0002 -1.39963369963370E+0000
 1 -4.09523809523810E-0002 -1.45765567765568E+0000
 2 -2.08058608058608E-0002 -1.42783882783883E+0000
 3 -9.52380952380952E-0003 -1.34725274725275E+0000
 4  1.14285714285714E-0002 -1.40688644688645E+0000
 5  1.62637362637363E-0002 -1.45846153846154E+0000
 6  4.04395604395604E-0002 -1.43106227106227E+0000
 7  5.57509157509158E-0002 -1.35772893772894E+0000
 8  6.21978021978022E-0002 -1.41091575091575E+0000
 9  8.15384615384615E-0002 -1.46571428571429E+0000
 10  8.31501831501832E-0002 -1.42542124542125E+0000
 11  1.04102564102564E-0001 -1.35289377289377E+0000
 12  1.18608058608058E-0001 -1.41172161172161E+0000
 13  1.16190476190476E-0001 -1.47054945054945E+0000
 14  1.58901098901099E-0001 -1.43509157509158E+0000
 15  1.22637362637362E-0001 -1.36095238095238E+0000
 16  9.04029304029304E-0002 -1.42139194139194E+0000
 17  1.09743589743589E-0001 -1.47538461538462E+0000
 18  1.26666666666667E-0001 -1.44234432234432E+0000
 19  9.68498168498168E-0002 -1.37062271062271E+0000
 20  8.39560439560440E-0002 -1.43267399267399E+0000
 21  7.42857142857143E-0002 -1.49391941391941E+0000
 22  6.21978021978022E-0002 -1.42219780219780E+0000
 23  3.96336996336996E-0002 -1.34644688644689E+0000
 24  2.83516483516484E-0002 -1.41091575091575E+0000
 25  6.59340659340659E-0003 -1.46813186813187E+0000
 26 -6.30036630036630E-0003 -1.43267399267399E+0000
 27 -2.16117216117216E-0002 -1.36256410256410E+0000
 28 -2.80586080586081E-0002 -1.41897435897436E+0000
 29 -5.30402930402930E-0002 -1.48586080586081E+0000
 30 -8.52747252747253E-0002 -1.40446886446886E+0000
 31 -6.35164835164835E-0002 -1.32710622710623E+0000
 32 -1.05421245421245E-0001 -1.39157509157509E+0000
 33 -7.96336996336996E-0002 -1.45120879120879E+0000
 34 -8.84981684981685E-0002 -1.41252747252747E+0000
 35 -8.68864468864469E-0002 -1.33838827838828E+0000
 36 -8.28571428571429E-0002 -1.39802197802198E+0000
 37 -7.96336996336996E-0002 -1.45120879120879E+0000
 38 -9.09157509157509E-0002 -1.41413919413919E+0000
 39 -6.27106227106227E-0002 -1.33274725274725E+0000
 40 -4.65934065934066E-0002 -1.39479853479853E+0000
 41 -4.09523809523810E-0002 -1.43992673992674E+0000
 42 -2.24175824175824E-0002 -1.39157509157509E+0000
 43 -8.71794871794872E-0003 -1.31421245421245E+0000
 44 -1.67765567765568E-0002 -1.37787545787546E+0000
 45  2.59340659340659E-0002 -1.46571428571429E+0000
 46  1.54578754578754E-0002 -1.42219780219780E+0000
 47  5.57509157509158E-0002 -1.34322344322344E+0000
 48  7.83150183150183E-0002 -1.40285714285714E+0000
 49  8.63736263736264E-0002 -1.44717948717949E+0000
 50  9.04029304029304E-0002 -1.40446886446886E+0000
 51  1.09743589743589E-0001 -1.32791208791209E+0000
 52  1.04102564102564E-0001 -1.39641025641026E+0000
 53  1.05714285714285E-0001 -1.44637362637363E+0000
 54  1.23443223443223E-0001 -1.39479853479853E+0000
 55  1.16996336996337E-0001 -1.31663003663004E+0000
 56  1.41978021978022E-0001 -1.38190476190476E+0000
 57  1.10549450549450E-0001 -1.42783882783883E+0000
 58  1.11355311355311E-0001 -1.37706959706960E+0000
 59  9.52380952380952E-0002 -1.34241758241758E+0000
 60  7.83150183150183E-0002 -1.41736263736264E+0000
 61  6.62271062271062E-0002 -1.47135531135531E+0000
 62  6.21978021978022E-0002 -1.43347985347985E+0000
 63  3.80219780219780E-0002 -1.36014652014652E+0000
 64  2.67399267399267E-0002 -1.43428571428571E+0000
 65 -2.27106227106227E-0003 -1.48586080586081E+0000
 66 -1.03296703296703E-0002 -1.39641025641026E+0000
 67 -2.40293040293040E-0002 -1.32065934065934E+0000
 68 -4.82051282051282E-0002 -1.39238095238095E+0000
 69 -5.22344322344322E-0002 -1.44234432234432E+0000
 70 -5.46520146520147E-0002 -1.39560439560440E+0000
 71 -7.64102564102564E-0002 -1.32146520146520E+0000
 72 -6.43223443223443E-0002 -1.39157509157509E+0000
 73 -9.17216117216117E-0002 -1.44395604395604E+0000
 74 -8.44688644688645E-0002 -1.39641025641026E+0000
 75 -9.25274725274725E-0002 -1.32307692307692E+0000
 76 -8.93040293040293E-0002 -1.39721611721612E+0000
 77 -9.49450549450549E-0002 -1.44798534798535E+0000
 78 -6.67399267399267E-0002 -1.38915750915751E+0000
 79 -5.94871794871795E-0002 -1.31663003663004E+0000
 80 -4.65934065934066E-0002 -1.38835164835165E+0000
 81 -2.40293040293040E-0002 -1.42703296703297E+0000
 82 -2.27106227106227E-0003 -1.36901098901099E+0000
 83 -3.07692307692308E-0003 -1.33435897435897E+0000
 84  8.20512820512821E-0003 -1.40608058608059E+0000
 85  3.31868131868132E-0002 -1.45201465201465E+0000
 86  4.84981684981685E-0002 -1.40688644688645E+0000
 87  7.26739926739927E-0002 -1.34000000000000E+0000
 88  7.10622710622711E-0002 -1.41575091575092E+0000
 89  7.26739926739927E-0002 -1.45765567765568E+0000
 90  1.08131868131868E-0001 -1.41010989010989E+0000
 91  1.00073260073260E-0001 -1.34483516483516E+0000
 92  1.21025641025641E-0001 -1.41252747252747E+0000
 93  1.16190476190476E-0001 -1.46249084249084E+0000
 94  1.17802197802197E-0001 -1.41494505494505E+0000
 95  1.14578754578754E-0001 -1.34564102564103E+0000
 96  1.12967032967033E-0001 -1.42058608058608E+0000
 97  8.63736263736264E-0002 -1.46168498168498E+0000
 98  1.16996336996337E-0001 -1.40930402930403E+0000
 99  9.12087912087912E-0002 -1.34402930402930E+0000
 100  7.99267399267399E-0002 -1.41413919413919E+0000
 101  6.70329670329670E-0002 -1.45443223443223E+0000
 102  4.93040293040293E-0002 -1.40285714285714E+0000
 103  4.68864468864469E-0002 -1.33677655677656E+0000
 104  5.78754578754579E-0003 -1.40608058608059E+0000
 105  1.38461538461538E-0002 -1.44798534798535E+0000
 106 -2.80586080586081E-0002 -1.40366300366300E+0000
 107 -2.56410256410256E-0002 -1.35369963369963E+0000
 108 -1.35531135531135E-0002 -1.41897435897436E+0000
 109 -5.30402930402930E-0002 -1.45120879120879E+0000
 110 -6.75457875457875E-0002 -1.41816849816850E+0000
 111 -8.20512820512821E-0002 -1.37545787545788E+0000
 112 -8.28571428571429E-0002 -1.42622710622711E+0000
 113 -8.84981684981685E-0002 -1.46329670329670E+0000
 114 -9.41391941391941E-0002 -1.42945054945055E+0000
 115 -9.25274725274725E-0002 -1.38593406593407E+0000
 116 -8.20512820512821E-0002 -1.41091575091575E+0000
 117 -9.09157509157509E-0002 -1.43750915750916E+0000
 118 -7.47985347985348E-0002 -1.39882783882784E+0000
 119 -5.70695970695971E-0002 -1.35208791208791E+0000
 120 -4.73992673992674E-0002 -1.41413919413919E+0000
 121 -4.09523809523810E-0002 -1.43267399267399E+0000
 122 -1.83882783882784E-0002 -1.39479853479853E+0000
 123 -1.46520146520146E-0003 -1.34080586080586E+0000
 124  1.06227106227106E-0002 -1.40366300366300E+0000
 125  8.63736263736264E-0002 -1.42461538461538E+0000
 126  4.68864468864469E-0002 -1.38512820512821E+0000
 127  7.83150183150183E-0002 -1.32952380952381E+0000
 128  5.89743589743590E-0002 -1.40043956043956E+0000
 129  8.87912087912088E-0002 -1.42622710622711E+0000
 130  1.00073260073260E-0001 -1.38754578754579E+0000
 131  1.11355311355311E-0001 -1.34483516483516E+0000
 132  1.00879120879120E-0001 -1.40527472527473E+0000
 133  1.25054945054945E-0001 -1.42703296703297E+0000
 134  1.14578754578754E-0001 -1.37948717948718E+0000
 135  1.23443223443223E-0001 -1.37868131868132E+0000
 136  9.68498168498168E-0002 -1.44798534798535E+0000
 137  9.28205128205128E-0002 -1.47135531135531E+0000
 138  1.29890109890110E-0001 -1.43428571428571E+0000
 139  7.58974358974359E-0002 -1.40043956043956E+0000
 140  9.12087912087912E-0002 -1.42783882783883E+0000
 141  8.15384615384615E-0002 -1.44959706959707E+0000
 142  4.36630036630037E-0002 -1.41252747252747E+0000
 143  3.23809523809524E-0002 -1.37465201465201E+0000
 144  2.27106227106227E-0002 -1.44798534798535E+0000
 145 -8.71794871794872E-0003 -1.47216117216117E+0000
 146 -2.96703296703297E-0002 -1.42864468864469E+0000
 147  2.56410256410256E-0003 -1.38512820512821E+0000
 148 -3.12820512820513E-0002 -1.41736263736264E+0000
 149 -6.19047619047619E-0002 -1.44153846153846E+0000
 150 -6.91575091575092E-0002 -1.39641025641026E+0000
 151 -9.17216117216117E-0002 -1.35208791208791E+0000
 152 -8.76923076923077E-0002 -1.41736263736264E+0000
 153 -7.47985347985348E-0002 -1.43186813186813E+0000
 154 -8.60805860805861E-0002 -1.39479853479853E+0000
 155 -7.72161172161172E-0002 -1.34644688644689E+0000
 156 -8.52747252747253E-0002 -1.41413919413919E+0000
 157 -7.96336996336996E-0002 -1.42783882783883E+0000
 158 -7.07692307692308E-0002 -1.37626373626374E+0000
 159 -6.10989010989011E-0002 -1.37062271062271E+0000
 160 -5.38461538461538E-0002 -1.43589743589744E+0000
 161 -3.53113553113553E-0002 -1.45362637362637E+0000
 162 -2.16117216117216E-0002 -1.40527472527473E+0000
 163  9.52380952380952E-0004 -1.36659340659341E+0000
 164  9.81684981684982E-0003 -1.43750915750916E+0000
 165  2.99633699633700E-0002 -1.46007326007326E+0000
 166  4.12454212454212E-0002 -1.41333333333333E+0000
 167  6.30036630036630E-0002 -1.37868131868132E+0000
 168  7.10622710622711E-0002 -1.44879120879121E+0000
 169  8.07326007326007E-0002 -1.46974358974359E+0000
 170  9.52380952380952E-0002 -1.42783882783883E+0000
 171  8.15384615384615E-0002 -1.38835164835165E+0000
 172  1.07326007326007E-0001 -1.41172161172161E+0000
 173  1.23443223443223E-0001 -1.43025641025641E+0000
 174  1.12967032967033E-0001 -1.38754578754579E+0000
 175  1.21025641025641E-0001 -1.35047619047619E+0000
 176  1.17802197802197E-0001 -1.41494505494505E+0000
 177  1.07326007326007E-0001 -1.42622710622711E+0000
 178  1.08131868131868E-0001 -1.38512820512821E+0000
 179  1.12967032967033E-0001 -1.34564102564103E+0000
 180  6.21978021978022E-0002 -1.42058608058608E+0000
 181  6.13919413919414E-0002 -1.43106227106227E+0000
 182  4.93040293040293E-0002 -1.38673992673993E+0000
 183  2.67399267399267E-0002 -1.35531135531136E+0000
 184  1.14285714285714E-0002 -1.42864468864469E+0000
 185 -2.72527472527473E-0002 -1.44637362637363E+0000
 186 -3.07692307692308E-0003 -1.39318681318681E+0000
 187 -6.02930402930403E-0002 -1.36578754578755E+0000
 188 -4.33699633699634E-0002 -1.43589743589744E+0000
 189 -6.59340659340659E-0002 -1.45443223443223E+0000
 190 -6.99633699633700E-0002 -1.40608058608059E+0000
 191 -8.36630036630037E-0002 -1.37545787545788E+0000
 192 -8.28571428571429E-0002 -1.44234432234432E+0000
 193 -1.00586080586080E-0001 -1.45846153846154E+0000
 194 -8.84981684981685E-0002 -1.41897435897436E+0000
 195 -7.72161172161172E-0002 -1.38835164835165E+0000
 196 -8.04395604395604E-0002 -1.41413919413919E+0000
 197 -8.28571428571429E-0002 -1.42139194139194E+0000
 198 -8.04395604395604E-0002 -1.36901098901099E+0000
 199 -5.54578754578755E-0002 -1.36659340659341E+0000
 200 -3.69230769230769E-0002 -1.44637362637363E+0000
 201  2.59340659340659E-0002 -1.44637362637363E+0000
 202 -1.19413919413919E-0002 -1.39641025641026E+0000
 203  1.75824175824176E-0003 -1.36095238095238E+0000
 204  8.20512820512821E-0003 -1.44153846153846E+0000
 205  1.06227106227106E-0002 -1.44798534798535E+0000
 206  5.89743589743590E-0002 -1.39560439560440E+0000
 207  7.83150183150183E-0002 -1.35611721611722E+0000
 208  8.39560439560440E-0002 -1.41413919413919E+0000
 209  8.95970695970696E-0002 -1.42139194139194E+0000
 210  8.71794871794872E-0002 -1.37062271062271E+0000
 211  9.76556776556777E-0002 -1.37384615384615E+0000
 212  1.17802197802197E-0001 -1.44637362637363E+0000
 213  1.30695970695971E-0001 -1.45282051282051E+0000
 214  1.16996336996337E-0001 -1.40043956043956E+0000
 215  1.16996336996337E-0001 -1.37223443223443E+0000
 216  1.12967032967033E-0001 -1.44798534798535E+0000
 217  1.00879120879120E-0001 -1.45846153846154E+0000
 218  1.00073260073260E-0001 -1.41655677655678E+0000
 219  8.15384615384615E-0002 -1.38996336996337E+0000
 220  8.39560439560440E-0002 -1.41897435897436E+0000
 221  5.49450549450549E-0002 -1.43589743589744E+0000
 222  1.00879120879120E-0001 -1.38512820512821E+0000
 223  5.78754578754579E-0003 -1.35369963369963E+0000
 224  1.46520146520146E-0002 -1.42945054945055E+0000
 225 -1.11355311355311E-0002 -1.44153846153846E+0000
 226 -2.16117216117216E-0002 -1.39479853479853E+0000
 227 -4.41758241758242E-0002 -1.35934065934066E+0000
 228 -4.41758241758242E-0002 -1.42945054945055E+0000
 229 -6.35164835164835E-0002 -1.44153846153846E+0000
 230 -6.27106227106227E-0002 -1.38996336996337E+0000
 231 -7.72161172161172E-0002 -1.36014652014652E+0000
 232 -9.73626373626374E-0002 -1.43912087912088E+0000
 233 -9.17216117216117E-0002 -1.44959706959707E+0000
 234 -8.84981684981685E-0002 -1.40205128205128E+0000
 235 -8.93040293040293E-0002 -1.36981684981685E+0000
 236 -7.96336996336996E-0002 -1.43750915750916E+0000
 237 -8.76923076923077E-0002 -1.44153846153846E+0000
 238 -8.52747252747253E-0002 -1.39479853479853E+0000
 239 -6.02930402930403E-0002 -1.35853479853480E+0000
 240 -4.41758241758242E-0002 -1.42945054945055E+0000
 241 -4.98168498168498E-0002 -1.43509157509158E+0000
 242 -2.16117216117216E-0002 -1.38190476190476E+0000
 243  1.46520146520147E-0004 -1.34725274725275E+0000
 244  1.70695970695971E-0002 -1.42058608058608E+0000
 245  4.52747252747253E-0002 -1.41655677655678E+0000
 246  5.57509157509158E-0002 -1.36498168498168E+0000
 247  3.96336996336996E-0002 -1.38029304029304E+0000
 248  8.07326007326007E-0002 -1.45443223443223E+0000
 249  9.20146520146520E-0002 -1.45684981684982E+0000
 250  1.00879120879120E-0001 -1.40930402930403E+0000
 251  1.22637362637362E-0001 -1.38351648351648E+0000
 252  1.17802197802197E-0001 -1.41413919413919E+0000
 253  1.18608058608058E-0001 -1.41091575091575E+0000
 254  1.19413919413919E-0001 -1.35853479853480E+0000
 255  1.22637362637362E-0001 -1.37384615384615E+0000
 256  1.15384615384615E-0001 -1.45282051282051E+0000
 257  1.11355311355311E-0001 -1.44879120879121E+0000
 258  9.92673992673993E-0002 -1.39963369963370E+0000
 259  1.04908424908424E-0001 -1.38190476190476E+0000
 260  7.50915750915751E-0002 -1.40527472527473E+0000
 261  3.96336996336996E-0002 -1.41091575091575E+0000
 262  4.28571428571429E-0002 -1.35853479853480E+0000
 263  3.39926739926740E-0002 -1.38029304029304E+0000
 264  1.06227106227106E-0002 -1.46007326007326E+0000
 265 -4.68864468864469E-0003 -1.45926739926740E+0000
 266 -3.20879120879121E-0002 -1.40769230769231E+0000
 267 -3.12820512820513E-0002 -1.38432234432234E+0000
 268 -4.90109890109890E-0002 -1.42058608058608E+0000
 269 -6.91575091575092E-0002 -1.41413919413919E+0000
 270 -6.99633699633700E-0002 -1.35531135531136E+0000
 271 -7.56043956043956E-0002 -1.37948717948718E+0000
 272 -8.36630036630037E-0002 -1.45765567765568E+0000
 273 -1.08644688644688E-0001 -1.46410256410256E+0000
 274 -9.09157509157509E-0002 -1.41897435897436E+0000
 275 -9.25274725274725E-0002 -1.40688644688645E+0000
 276 -7.96336996336996E-0002 -1.44879120879121E+0000
 277 -8.93040293040293E-0002 -1.44717948717949E+0000
 278 -6.67399267399267E-0002 -1.39157509157509E+0000
 279 -5.46520146520147E-0002 -1.37545787545788E+0000
 280 -4.33699633699634E-0002 -1.44637362637363E+0000
 281 -3.88278388278388E-0003 -1.43347985347985E+0000
 282 -3.07692307692308E-0003 -1.37465201465201E+0000
 283  4.17582417582418E-0003 -1.40366300366300E+0000
 284  1.86813186813187E-0002 -1.43992673992674E+0000
 285  3.88278388278388E-0002 -1.42703296703297E+0000
 286  5.25274725274725E-0002 -1.36659340659341E+0000
 287  7.34798534798535E-0002 -1.39157509157509E+0000
 288  8.47619047619048E-0002 -1.42783882783883E+0000
 289  1.00073260073260E-0001 -1.41494505494505E+0000
 290  9.68498168498168E-0002 -1.35692307692308E+0000
 291  1.20219780219780E-0001 -1.37545787545788E+0000
 292  1.12967032967033E-0001 -1.44959706959707E+0000
 293  1.41172161172161E-0001 -1.43992673992674E+0000
 294  1.18608058608058E-0001 -1.38432234432234E+0000
 295  1.19413919413919E-0001 -1.37062271062271E+0000
 296  1.00879120879120E-0001 -1.44637362637363E+0000
 297  9.76556776556777E-0002 -1.43267399267399E+0000
 298  9.60439560439560E-0002 -1.38593406593407E+0000
 299  7.91208791208791E-0002 -1.37787545787546E+0000
 300  7.10622710622711E-0002 -1.45523809523810E+0000
 301  3.88278388278388E-0002 -1.44959706959707E+0000
 302  3.72161172161172E-0002 -1.40285714285714E+0000
 303  2.91575091575092E-0002 -1.39076923076923E+0000
 304  6.59340659340659E-0003 -1.43025641025641E+0000
 305 -4.68864468864469E-0003 -1.42300366300366E+0000
 306 -2.96703296703297E-0002 -1.37384615384615E+0000
 307 -3.12820512820513E-0002 -1.40688644688645E+0000
 308 -5.38461538461538E-0002 -1.45120879120879E+0000
 309 -5.54578754578755E-0002 -1.44234432234432E+0000
 310 -6.51282051282051E-0002 -1.39076923076923E+0000
 311 -6.35164835164835E-0002 -1.38190476190476E+0000
 312 -8.60805860805861E-0002 -1.41413919413919E+0000
 313 -7.56043956043956E-0002 -1.39238095238095E+0000
 314 -9.33333333333333E-0002 -1.34483516483516E+0000
 315 -1.20732600732600E-0001 -1.37223443223443E+0000
 316 -7.96336996336996E-0002 -1.44959706959707E+0000
 317 -7.56043956043956E-0002 -1.43750915750916E+0000
 318 -7.07692307692308E-0002 -1.38754578754579E+0000
 319 -4.41758241758242E-0002 -1.38593406593407E+0000
 320 -4.82051282051282E-0002 -1.42945054945055E+0000
 321 -1.83882783882784E-0002 -1.40769230769231E+0000
 322 -1.83882783882784E-0002 -1.34967032967033E+0000
 323 -1.43589743589743E-0002 -1.37465201465201E+0000
 324  1.38461538461538E-0002 -1.45523809523810E+0000
 325  1.14285714285714E-0002 -1.43992673992674E+0000
 326  5.73626373626374E-0002 -1.37787545787546E+0000
 327  8.39560439560440E-0002 -1.40366300366300E+0000
 328  8.07326007326007E-0002 -1.44637362637363E+0000
 329  9.84615384615385E-0002 -1.42058608058608E+0000
 330  1.00879120879120E-0001 -1.36256410256410E+0000
 331  8.87912087912088E-0002 -1.39238095238095E+0000
 332  1.14578754578754E-0001 -1.43025641025641E+0000
 333  1.28278388278388E-0001 -1.41091575091575E+0000
 334  1.12967032967033E-0001 -1.35853479853480E+0000
 335  1.28278388278388E-0001 -1.38835164835165E+0000
 336  1.11355311355311E-0001 -1.42380952380952E+0000
 337  1.37142857142857E-0001 -1.40446886446886E+0000
 338  8.07326007326007E-0002 -1.34967032967033E+0000
 339  1.02490842490842E-0001 -1.38351648351648E+0000
 340  7.02564102564103E-0002 -1.41816849816850E+0000
 341  3.39926739926740E-0002 -1.40124542124542E+0000
 342  4.84981684981685E-0002 -1.33838827838828E+0000
 343  2.99633699633700E-0002 -1.37706959706960E+0000
 344  1.22344322344322E-0002 -1.45201465201465E+0000
 345  1.75824175824176E-0003 -1.43106227106227E+0000
 346 -2.80586080586081E-0002 -1.38512820512821E+0000
 347 -3.61172161172161E-0002 -1.38754578754579E+0000
 348 -5.54578754578755E-0002 -1.43347985347985E+0000
 349 -4.17582417582418E-0002 -1.40285714285714E+0000
 350 -8.20512820512821E-0002 -1.35692307692308E+0000
 351 -8.60805860805861E-0002 -1.38593406593407E+0000
 352 -8.60805860805861E-0002 -1.42703296703297E+0000
 353 -9.09157509157509E-0002 -1.39882783882784E+0000
 354 -8.20512820512821E-0002 -1.33758241758242E+0000
 355 -1.02197802197802E-0001 -1.37706959706960E+0000
 356 -8.36630036630037E-0002 -1.45684981684982E+0000
 357 -4.41758241758242E-0002 -1.43025641025641E+0000
 358 -6.43223443223443E-0002 -1.37948717948718E+0000
 359 -3.77289377289377E-0002 -1.42461538461538E+0000
 360 -2.00000000000000E-0002 -1.46571428571429E+0000
 361 -2.88644688644689E-0002 -1.43750915750916E+0000
 362 -7.10622710622711E-0003 -1.38593406593407E+0000
 363  1.54578754578754E-0002 -1.39076923076923E+0000
 364  3.15750915750916E-0002 -1.42622710622711E+0000
 365  4.28571428571429E-0002 -1.40366300366300E+0000
 366  5.57509157509158E-0002 -1.34725274725275E+0000
 367  7.42857142857143E-0002 -1.39238095238095E+0000
 368  8.55677655677656E-0002 -1.43186813186813E+0000
 369  8.87912087912088E-0002 -1.40608058608059E+0000
 370  1.04102564102564E-0001 -1.35289377289377E+0000
 371  1.01684981684981E-0001 -1.39802197802198E+0000
 372  1.13772893772893E-0001 -1.43589743589744E+0000
 373  1.12967032967033E-0001 -1.41010989010989E+0000
 374  1.19413919413919E-0001 -1.35531135531136E+0000
 375  1.08937728937728E-0001 -1.40769230769231E+0000
 376  1.00879120879120E-0001 -1.44637362637363E+0000
 377  1.15384615384615E-0001 -1.40849816849817E+0000
 378  9.12087912087912E-0002 -1.35208791208791E+0000
 379  9.12087912087912E-0002 -1.39882783882784E+0000
 380  5.89743589743590E-0002 -1.43831501831502E+0000
 381  5.49450549450549E-0002 -1.41333333333333E+0000
 382  3.72161172161172E-0002 -1.36578754578755E+0000
 383  1.38461538461538E-0002 -1.41897435897436E+0000
 384  4.98168498168498E-0003 -1.46249084249084E+0000
 385  6.59340659340659E-0003 -1.43589743589744E+0000
 386 -2.88644688644689E-0002 -1.38835164835165E+0000
 387 -3.36996336996337E-0002 -1.39076923076923E+0000
 388 -6.02930402930403E-0002 -1.42945054945055E+0000
 389 -6.10989010989011E-0002 -1.39882783882784E+0000
 390 -7.96336996336996E-0002 -1.34725274725275E+0000
 391 -6.83516483516484E-0002 -1.39802197802198E+0000
 392 -9.25274725274725E-0002 -1.43750915750916E+0000
 393 -1.16703296703296E-0001 -1.40124542124542E+0000
 394 -9.65567765567766E-0002 -1.34644688644689E+0000
 395 -9.89743589743590E-0002 -1.39721611721612E+0000
 396 -9.25274725274725E-0002 -1.43347985347985E+0000
 397 -7.80219780219780E-0002 -1.39802197802198E+0000
 398 -6.83516483516484E-0002 -1.34161172161172E+0000
 399 -5.78754578754579E-0002 -1.39399267399267E+0000
 400 -4.09523809523810E-0002 -1.43025641025641E+0000
 401 -2.64468864468864E-0002 -1.39721611721612E+0000
 402 -2.27106227106227E-0003 -1.33919413919414E+0000
 403  3.31868131868132E-0002 -1.38512820512821E+0000
 404  2.27106227106227E-0002 -1.42058608058608E+0000
 405  3.47985347985348E-0002 -1.37868131868132E+0000
 406  4.84981684981685E-0002 -1.37384615384615E+0000
 407  9.52380952380952E-0002 -1.42219780219780E+0000
 408  8.39560439560440E-0002 -1.45846153846154E+0000
 409  1.21831501831501E-0001 -1.42461538461538E+0000
 410  1.06520146520146E-0001 -1.37706959706960E+0000
 411  9.68498168498168E-0002 -1.43750915750916E+0000
 412  1.16190476190476E-0001 -1.47296703296703E+0000
 413  1.20219780219780E-0001 -1.43589743589744E+0000
 414  1.20219780219780E-0001 -1.38593406593407E+0000
 415  1.23443223443223E-0001 -1.39641025641026E+0000
 416  1.06520146520146E-0001 -1.43267399267399E+0000
 417  1.01684981684981E-0001 -1.40205128205128E+0000
 418  8.31501831501832E-0002 -1.34725274725275E+0000
 419  7.42857142857143E-0002 -1.41010989010989E+0000
 420  6.94505494505495E-0002 -1.43992673992674E+0000
 421  5.17216117216117E-0002 -1.40043956043956E+0000
 422  3.47985347985348E-0002 -1.35611721611722E+0000
 423  1.86813186813187E-0002 -1.40688644688645E+0000
 424 -3.07692307692308E-0003 -1.44717948717949E+0000
 425 -2.56410256410256E-0002 -1.40930402930403E+0000
 426 -4.01465201465201E-0002 -1.36014652014652E+0000
 427 -3.20879120879121E-0002 -1.41655677655678E+0000
 428 -5.86813186813187E-0002 -1.45362637362637E+0000
 429 -6.99633699633700E-0002 -1.41413919413919E+0000
 430 -8.36630036630037E-0002 -1.36095238095238E+0000
 431 -7.31868131868132E-0002 -1.41978021978022E+0000
 432 -9.73626373626374E-0002 -1.46168498168498E+0000
 433 -8.20512820512821E-0002 -1.42300366300366E+0000
 434 -7.96336996336996E-0002 -1.37706959706960E+0000
 435 -7.56043956043956E-0002 -1.43267399267399E+0000
 436 -9.65567765567766E-0002 -1.47216117216117E+0000
 437 -7.31868131868132E-0002 -1.42783882783883E+0000
 438 -7.96336996336996E-0002 -1.38190476190476E+0000
 439 -5.30402930402930E-0002 -1.38512820512821E+0000
 440 -4.09523809523810E-0002 -1.41816849816850E+0000
 441 -4.73992673992674E-0002 -1.38271062271062E+0000
 442 -4.68864468864469E-0003 -1.32307692307692E+0000
 443  2.43223443223443E-0002 -1.37948717948718E+0000
 444  2.19047619047619E-0002 -1.45282051282051E+0000
 445  3.88278388278388E-0002 -1.40688644688645E+0000
 446  6.21978021978022E-0002 -1.36095238095238E+0000
 447  6.30036630036630E-0002 -1.42219780219780E+0000
 448  9.28205128205128E-0002 -1.44959706959707E+0000
 449  6.62271062271062E-0002 -1.41494505494505E+0000
 450  1.08937728937728E-0001 -1.36095238095238E+0000
 451  1.07326007326007E-0001 -1.42219780219780E+0000
 452  1.08131868131868E-0001 -1.45362637362637E+0000
 453  1.30695970695971E-0001 -1.40849816849817E+0000
 454  1.23443223443223E-0001 -1.35853479853480E+0000
 455  9.84615384615385E-0002 -1.42622710622711E+0000
 456  1.26666666666667E-0001 -1.45765567765568E+0000
 457  8.95970695970696E-0002 -1.42461538461538E+0000
 458  8.55677655677656E-0002 -1.38190476190476E+0000
 459  7.67032967032967E-0002 -1.39963369963370E+0000
 460  6.21978021978022E-0002 -1.43589743589744E+0000
 461  2.99633699633700E-0002 -1.39560439560440E+0000
 462  4.12454212454212E-0002 -1.34322344322344E+0000
 463  1.94871794871795E-0002 -1.39963369963370E+0000
 464  9.52380952380952E-0004 -1.43106227106227E+0000
 465 -1.67765567765568E-0002 -1.39076923076923E+0000
 466 -2.16117216117216E-0002 -1.34483516483516E+0000
 467 -5.06227106227106E-0002 -1.40366300366300E+0000
 468 -6.02930402930403E-0002 -1.43267399267399E+0000
 469 -6.83516483516484E-0002 -1.39479853479853E+0000
 470 -8.93040293040293E-0002 -1.34644688644689E+0000
 471 -7.64102564102564E-0002 -1.40688644688645E+0000
 472 -9.57509157509158E-0002 -1.44234432234432E+0000
 473 -8.93040293040293E-0002 -1.39802197802198E+0000
 474 -9.41391941391941E-0002 -1.35611721611722E+0000
 475 -7.88278388278388E-0002 -1.40930402930403E+0000
 476 -6.59340659340659E-0002 -1.43428571428571E+0000
 477 -6.75457875457875E-0002 -1.38673992673993E+0000
 478 -6.43223443223443E-0002 -1.34322344322344E+0000
 479 -5.62637362637363E-0002 -1.39802197802198E+0000
 480 -4.09523809523810E-0002 -1.42461538461538E+0000
 481 -8.71794871794872E-0003 -1.37706959706960E+0000
 482 -3.88278388278388E-0003 -1.37142857142857E+0000
 483  1.22344322344322E-0002 -1.43509157509158E+0000
 484  3.47985347985348E-0002 -1.45684981684982E+0000
 485  4.60805860805861E-0002 -1.41575091575092E+0000
 486  4.52747252747253E-0002 -1.37223443223443E+0000
 487  9.12087912087912E-0002 -1.43509157509158E+0000
 488  9.44322344322344E-0002 -1.45765567765568E+0000
 489  9.68498168498168E-0002 -1.41575091575092E+0000
 490  1.22637362637362E-0001 -1.37062271062271E+0000
 491  1.33919413919414E-0001 -1.43106227106227E+0000
 492  1.23443223443223E-0001 -1.46249084249084E+0000
 493  1.19413919413919E-0001 -1.41978021978022E+0000
 494  1.20219780219780E-0001 -1.38593406593407E+0000
 495  1.25054945054945E-0001 -1.41413919413919E+0000
 496  1.13772893772893E-0001 -1.43186813186813E+0000
 497  1.06520146520146E-0001 -1.38512820512821E+0000
 498  8.15384615384615E-0002 -1.34886446886447E+0000
 499  7.34798534798535E-0002 -1.41736263736264E+0000
 500  7.26739926739927E-0002 -1.44153846153846E+0000
 501 -6.59340659340659E-0004 -1.39882783882784E+0000
 502  2.83516483516484E-0002 -1.36417582417582E+0000
 503  1.06227106227106E-0002 -1.43186813186813E+0000
 504  2.56410256410256E-0003 -1.45926739926740E+0000
 505 -1.27472527472527E-0002 -1.41091575091575E+0000
 506 -3.77289377289377E-0002 -1.37706959706960E+0000
 507 -4.25641025641026E-0002 -1.43025641025641E+0000
 508 -5.54578754578755E-0002 -1.46007326007326E+0000
 509 -6.91575091575092E-0002 -1.40930402930403E+0000
 510 -1.11062271062271E-0001 -1.37223443223443E+0000
 511 -7.56043956043956E-0002 -1.43589743589744E+0000
 512 -9.41391941391941E-0002 -1.46087912087912E+0000
 513 -9.25274725274725E-0002 -1.41172161172161E+0000
 514 -9.73626373626374E-0002 -1.37948717948718E+0000
 515 -8.93040293040293E-0002 -1.44959706959707E+0000
 516 -7.64102564102564E-0002 -1.47216117216117E+0000
 517 -4.41758241758242E-0002 -1.41816849816850E+0000
 518 -6.59340659340659E-0002 -1.39157509157509E+0000
 519 -4.33699633699634E-0002 -1.41655677655678E+0000
 520 -2.32234432234432E-0002 -1.43509157509158E+0000
 521 -9.52380952380952E-0003 -1.38351648351648E+0000
 522  1.75824175824176E-0003 -1.34080586080586E+0000
 523  3.39926739926740E-0002 -1.40608058608059E+0000
 524  1.86813186813187E-0002 -1.42703296703297E+0000
 525  5.33333333333333E-0002 -1.37142857142857E+0000
 526  7.91208791208791E-0002 -1.37787545787546E+0000
 527  8.95970695970696E-0002 -1.44234432234432E+0000
 528  8.79853479853480E-0002 -1.46168498168498E+0000
 529  9.28205128205128E-0002 -1.41655677655678E+0000
 530  9.92673992673993E-0002 -1.38271062271062E+0000
 531  1.18608058608058E-0001 -1.40527472527473E+0000
 532  1.11355311355311E-0001 -1.42542124542125E+0000
 533  1.21831501831501E-0001 -1.37787545787546E+0000
 534  1.39560439560440E-0001 -1.38190476190476E+0000
 535  1.14578754578754E-0001 -1.40446886446886E+0000
 536  1.08131868131868E-0001 -1.42139194139194E+0000
 537  9.60439560439560E-0002 -1.36739926739927E+0000
 538  9.04029304029304E-0002 -1.37626373626374E+0000
 539  7.67032967032967E-0002 -1.44234432234432E+0000
 540  6.21978021978022E-0002 -1.46087912087912E+0000
 541  4.20512820512821E-0002 -1.41172161172161E+0000
 542  2.35164835164835E-0002 -1.38432234432234E+0000
 543  1.70695970695971E-0002 -1.41172161172161E+0000
 544 -4.68864468864469E-0003 -1.43186813186813E+0000
 545 -2.00000000000000E-0002 -1.38835164835165E+0000
 546 -4.01465201465201E-0002 -1.35128205128205E+0000
 547 -5.14285714285714E-0002 -1.42058608058608E+0000
 548 -5.62637362637363E-0002 -1.42864468864469E+0000
 549 -6.67399267399267E-0002 -1.37626373626374E+0000
 550 -8.44688644688645E-0002 -1.38512820512821E+0000
 551 -7.96336996336996E-0002 -1.41494505494505E+0000
 552 -8.93040293040293E-0002 -1.42542124542125E+0000
 553 -8.93040293040293E-0002 -1.37223443223443E+0000
 554 -6.75457875457875E-0002 -1.38271062271062E+0000
 555 -8.60805860805861E-0002 -1.40769230769231E+0000
 556 -7.64102564102564E-0002 -1.41655677655678E+0000
 557 -6.99633699633700E-0002 -1.36256410256410E+0000
 558 -6.75457875457875E-0002 -1.36578754578755E+0000
 559 -4.09523809523810E-0002 -1.43347985347985E+0000
 560 -2.48351648351648E-0002 -1.43992673992674E+0000
 561 -5.49450549450549E-0003 -1.38029304029304E+0000
 562  4.98168498168498E-0003 -1.39641025641026E+0000
 563  1.86813186813187E-0002 -1.42461538461538E+0000
 564  3.31868131868132E-0002 -1.43750915750916E+0000
 565  4.52747252747253E-0002 -1.38835164835165E+0000
 566  4.12454212454212E-0002 -1.35531135531136E+0000
 567  7.83150183150183E-0002 -1.42864468864469E+0000
 568  7.99267399267399E-0002 -1.43831501831502E+0000
 569  7.67032967032967E-0002 -1.38996336996337E+0000
 570  1.11355311355311E-0001 -1.35772893772894E+0000
 571  1.13772893772893E-0001 -1.42461538461538E+0000
 572  1.17802197802197E-0001 -1.43670329670330E+0000
 573  1.20219780219780E-0001 -1.38835164835165E+0000
 574  1.15384615384615E-0001 -1.35531135531136E+0000
 575  1.16190476190476E-0001 -1.42783882783883E+0000
 576  1.10549450549450E-0001 -1.43347985347985E+0000
 577  9.84615384615385E-0002 -1.37787545787546E+0000
 578  8.31501831501832E-0002 -1.39479853479853E+0000
 579  7.58974358974359E-0002 -1.42219780219780E+0000
 580  6.05860805860806E-0002 -1.42783882783883E+0000
 581  4.84981684981685E-0002 -1.36820512820513E+0000
 582  4.60805860805861E-0002 -1.38996336996337E+0000
 583  9.01098901098901E-0003 -1.42300366300366E+0000
 584  1.06227106227106E-0002 -1.43106227106227E+0000
 585 -2.08058608058608E-0002 -1.38512820512821E+0000
 586 -6.35164835164835E-0002 -1.36498168498168E+0000
 587 -5.30402930402930E-0002 -1.43589743589744E+0000
 588 -7.96336996336996E-0002 -1.44476190476190E+0000
 589 -6.51282051282051E-0002 -1.39560439560440E+0000
 590 -9.49450549450549E-0002 -1.43992673992674E+0000
 591 -9.17216117216117E-0002 -1.44476190476190E+0000
 592 -9.25274725274725E-0002 -1.39721611721612E+0000
 593 -1.15897435897435E-0001 -1.37706959706960E+0000
 594 -7.96336996336996E-0002 -1.44556776556777E+0000
 595 -6.91575091575092E-0002 -1.45684981684982E+0000
 596 -6.10989010989011E-0002 -1.40366300366300E+0000
 597 -6.02930402930403E-0002 -1.38432234432234E+0000
 598 -5.46520146520147E-0002 -1.41816849816850E+0000
 599 -2.80586080586081E-0002 -1.42058608058608E+0000
 600 -1.51648351648351E-0002 -1.36014652014652E+0000
 601  1.78754578754579E-0002 -1.38029304029304E+0000
 602  2.59340659340659E-0002 -1.45604395604396E+0000
 603  3.39926739926740E-0002 -1.46249084249084E+0000
 604  5.33333333333333E-0002 -1.40930402930403E+0000
 605  6.21978021978022E-0002 -1.38915750915751E+0000
 606  7.50915750915751E-0002 -1.41655677655678E+0000
 607  1.09743589743589E-0001 -1.35531135531136E+0000
 608  1.00879120879120E-0001 -1.38190476190476E+0000
 609  1.19413919413919E-0001 -1.40124542124542E+0000
 610  1.25054945054945E-0001 -1.39560439560440E+0000
 611  1.06520146520146E-0001 -1.34241758241758E+0000
 612  1.16190476190476E-0001 -1.35531135531136E+0000
 613  1.17802197802197E-0001 -1.43589743589744E+0000
 614  1.17802197802197E-0001 -1.43670329670330E+0000
 615  1.00879120879120E-0001 -1.38432234432234E+0000
 616  7.34798534798535E-0002 -1.37142857142857E+0000
 617  7.58974358974359E-0002 -1.44476190476190E+0000
 618  5.65567765567766E-0002 -1.45040293040293E+0000
 619  3.96336996336996E-0002 -1.39882783882784E+0000
 620  2.02930402930403E-0002 -1.39238095238095E+0000
 621  3.36996336996337E-0003 -1.43025641025641E+0000
 622 -1.03296703296703E-0002 -1.42945054945055E+0000
 623 -1.75824175824176E-0002 -1.41091575091575E+0000
 624 -5.94871794871795E-0002 -1.44798534798535E+0000
 625 -4.82051282051282E-0002 -1.44234432234432E+0000
 626 -7.07692307692308E-0002 -1.38996336996337E+0000
 627 -1.02197802197802E-0001 -1.37868131868132E+0000
 628 -8.12454212454212E-0002 -1.45362637362637E+0000
 629 -5.62637362637363E-0002 -1.44637362637363E+0000
 630 -9.25274725274725E-0002 -1.38996336996337E+0000
 631 -7.47985347985348E-0002 -1.45282051282051E+0000
 632 -7.96336996336996E-0002 -1.44153846153846E+0000
 633 -5.86813186813187E-0002 -1.37706959706960E+0000
 634 -4.73992673992674E-0002 -1.40688644688645E+0000
 635 -4.09523809523810E-0002 -1.44717948717949E+0000
 636 -2.96703296703297E-0002 -1.43831501831502E+0000
 637 -4.68864468864469E-0003 -1.38351648351648E+0000
 638  3.36996336996337E-0003 -1.37142857142857E+0000
 639  2.75457875457875E-0002 -1.44476190476190E+0000
 640  5.97802197802198E-0002 -1.43992673992674E+0000
 641  5.81684981684982E-0002 -1.37787545787546E+0000
 642  7.42857142857143E-0002 -1.40849816849817E+0000
 643  8.15384615384615E-0002 -1.43992673992674E+0000
 644  1.16996336996337E-0001 -1.42380952380952E+0000
 645  1.07326007326007E-0001 -1.36739926739927E+0000
 646  9.36263736263736E-0002 -1.40124542124542E+0000
 647  1.20219780219780E-0001 -1.43106227106227E+0000
 648  1.13772893772893E-0001 -1.36820512820513E+0000
 649  1.18608058608058E-0001 -1.40769230769231E+0000
 650  1.17802197802197E-0001 -1.43589743589744E+0000
 651  9.84615384615385E-0002 -1.42783882783883E+0000
 652  1.00879120879120E-0001 -1.36578754578755E+0000
 653  9.92673992673993E-0002 -1.40366300366300E+0000
 654  6.94505494505495E-0002 -1.44073260073260E+0000
 655  5.97802197802198E-0002 -1.42542124542125E+0000
 656  3.96336996336996E-0002 -1.37304029304029E+0000
 657  1.86813186813187E-0002 -1.41575091575092E+0000
 658  8.20512820512821E-0003 -1.45201465201465E+0000
 659 -3.45054945054945E-0002 -1.44798534798535E+0000
 660 -2.24175824175824E-0002 -1.38996336996337E+0000
 661 -3.77289377289377E-0002 -1.38754578754579E+0000
 662 -4.65934065934066E-0002 -1.42058608058608E+0000
 663 -6.99633699633700E-0002 -1.40527472527473E+0000
 664 -7.80219780219780E-0002 -1.34967032967033E+0000
 665 -1.35531135531135E-0002 -1.37787545787546E+0000
 666 -8.20512820512821E-0002 -1.45604395604396E+0000
 667 -9.17216117216117E-0002 -1.44395604395604E+0000
 668 -8.44688644688645E-0002 -1.38996336996337E+0000
 669 -1.12673992673992E-0001 -1.39238095238095E+0000
 670 -8.28571428571429E-0002 -1.42703296703297E+0000
 671 -6.91575091575092E-0002 -1.40527472527473E+0000
 672 -6.10989010989011E-0002 -1.34564102564103E+0000
 673 -4.82051282051282E-0002 -1.38512820512821E+0000
 674 -4.82051282051282E-0002 -1.41978021978022E+0000
 675 -2.00000000000000E-0002 -1.40366300366300E+0000
 676 -9.52380952380952E-0003 -1.34402930402930E+0000
 677 -6.30036630036630E-0003 -1.37868131868132E+0000
 678  2.59340659340659E-0002 -1.45362637362637E+0000
 679  3.23809523809524E-0002 -1.43186813186813E+0000
 680  5.57509157509158E-0002 -1.37626373626374E+0000
 681  1.00879120879120E-0001 -1.45201465201465E+0000
 682  1.05714285714285E-0001 -1.43831501831502E+0000
 683  1.04102564102564E-0001 -1.38673992673993E+0000
 684  1.12161172161172E-0001 -1.39076923076923E+0000
 685  1.35531135531136E-0001 -1.42219780219780E+0000
 686  1.34725274725275E-0001 -1.39882783882784E+0000
 687  1.20219780219780E-0001 -1.34402930402930E+0000
 688  1.07326007326007E-0001 -1.38271062271062E+0000
 689  1.15384615384615E-0001 -1.38996336996337E+0000
 690  8.87912087912088E-0002 -1.32952380952381E+0000
 691  7.50915750915751E-0002 -1.37626373626374E+0000
 692  6.38095238095238E-0002 -1.44879120879121E+0000
 693  4.60805860805861E-0002 -1.43106227106227E+0000
 694  3.56043956043956E-0002 -1.37787545787546E+0000
 695  2.35164835164835E-0002 -1.42542124542125E+0000
 696  9.81684981684982E-0003 -1.46813186813187E+0000
 697 -1.27472527472527E-0002 -1.45120879120879E+0000
 698 -2.56410256410256E-0002 -1.40124542124542E+0000
 699 -3.85347985347985E-0002 -1.40527472527473E+0000
 700 -5.22344322344322E-0002 -1.44637362637363E+0000
 701 -8.52747252747253E-0002 -1.42058608058608E+0000
 702 -7.07692307692308E-0002 -1.35934065934066E+0000
 703 -8.93040293040293E-0002 -1.40849816849817E+0000
 704 -9.89743589743590E-0002 -1.44395604395604E+0000
 705 -8.84981684981685E-0002 -1.42380952380952E+0000
 706 -8.04395604395604E-0002 -1.36659340659341E+0000
 707 -6.91575091575092E-0002 -1.41736263736264E+0000
 708 -8.20512820512821E-0002 -1.45684981684982E+0000
 709 -1.15897435897435E-0001 -1.43831501831502E+0000
 710 -6.51282051282051E-0002 -1.38432234432234E+0000
 711 -5.38461538461538E-0002 -1.39238095238095E+0000
 712 -4.09523809523810E-0002 -1.42945054945055E+0000
 713 -2.16117216117216E-0002 -1.40205128205128E+0000
 714 -3.69230769230769E-0002 -1.33838827838828E+0000
 715 -7.91208791208791E-0003 -1.38351648351648E+0000
 716  3.39926739926740E-0002 -1.40930402930403E+0000
 717  3.23809523809524E-0002 -1.37787545787546E+0000
 718  6.21978021978022E-0002 -1.35531135531136E+0000
 719  8.47619047619048E-0002 -1.40688644688645E+0000
 720  8.63736263736264E-0002 -1.44959706959707E+0000
 721  8.15384615384615E-0002 -1.42542124542125E+0000
 722  1.18608058608058E-0001 -1.36901098901099E+0000
 723  1.08937728937728E-0001 -1.41655677655678E+0000
 724  1.17802197802197E-0001 -1.45443223443223E+0000
 725  1.16996336996337E-0001 -1.42461538461538E+0000
 726  1.18608058608058E-0001 -1.37142857142857E+0000
 727  1.09743589743589E-0001 -1.42622710622711E+0000
 728  1.14578754578754E-0001 -1.46087912087912E+0000
 729  1.18608058608058E-0001 -1.43670329670330E+0000
 730  9.12087912087912E-0002 -1.38432234432234E+0000
 731  7.50915750915751E-0002 -1.39882783882784E+0000
 732  7.18681318681319E-0002 -1.43589743589744E+0000
 733  4.93040293040293E-0002 -1.40769230769231E+0000
 734  4.04395604395604E-0002 -1.34483516483516E+0000
 735  3.88278388278388E-0002 -1.39641025641026E+0000
 736  1.75824175824176E-0003 -1.42945054945055E+0000
 737 -3.61172161172161E-0002 -1.40205128205128E+0000
 738 -3.61172161172161E-0002 -1.34322344322344E+0000
 739 -5.62637362637363E-0002 -1.39641025641026E+0000
 740 -5.14285714285714E-0002 -1.42542124542125E+0000
 741 -6.35164835164835E-0002 -1.39882783882784E+0000
 742 -7.72161172161172E-0002 -1.34402930402930E+0000
 743 -1.06227106227106E-0001 -1.39641025641026E+0000
 744 -7.96336996336996E-0002 -1.42461538461538E+0000
 745 -6.35164835164835E-0002 -1.39479853479853E+0000
 746 -9.49450549450549E-0002 -1.33435897435897E+0000
 747 -7.64102564102564E-0002 -1.38835164835165E+0000
 748 -6.02930402930403E-0002 -1.41494505494505E+0000
 749 -6.91575091575092E-0002 -1.37626373626374E+0000
 750 -6.02930402930403E-0002 -1.35369963369963E+0000
 751 -6.99633699633700E-0002 -1.41252747252747E+0000
 752 -4.41758241758242E-0002 -1.45765567765568E+0000
 753 -2.24175824175824E-0002 -1.42300366300366E+0000
 754  8.20512820512821E-0003 -1.36498168498168E+0000
 755  9.81684981684982E-0003 -1.42300366300366E+0000
 756  2.91575091575092E-0002 -1.45523809523810E+0000
 757  6.21978021978022E-0002 -1.42058608058608E+0000
 758  4.93040293040293E-0002 -1.36256410256410E+0000
 759  7.26739926739927E-0002 -1.40849816849817E+0000
 760  8.55677655677656E-0002 -1.43831501831502E+0000
 761  7.91208791208791E-0002 -1.40769230769231E+0000
 762  1.04102564102564E-0001 -1.34483516483516E+0000
 763  1.32307692307692E-0001 -1.39641025641026E+0000
 764  1.27472527472527E-0001 -1.42461538461538E+0000
 765  1.20219780219780E-0001 -1.39238095238095E+0000
 766  1.36336996336996E-0001 -1.33758241758242E+0000
 767  1.16190476190476E-0001 -1.39076923076923E+0000
 768  1.03296703296703E-0001 -1.42219780219780E+0000
 769  1.00073260073260E-0001 -1.38432234432234E+0000
 770  9.84615384615385E-0002 -1.32630036630037E+0000
 771  1.00879120879120E-0001 -1.38029304029304E+0000
 772  6.21978021978022E-0002 -1.42783882783883E+0000
 773  2.19047619047619E-0002 -1.37706959706960E+0000
 774  1.38461538461538E-0002 -1.43670329670330E+0000
 775  4.17582417582418E-0003 -1.47135531135531E+0000
 776 -2.40293040293040E-0002 -1.44234432234432E+0000
 777 -3.12820512820513E-0002 -1.39238095238095E+0000
 778 -4.25641025641026E-0002 -1.41897435897436E+0000
 779 -4.57875457875458E-0002 -1.45201465201465E+0000
 780 -6.59340659340659E-0002 -1.42380952380952E+0000
 781 -6.99633699633700E-0002 -1.37304029304029E+0000
 782 -8.76923076923077E-0002 -1.43992673992674E+0000
 783 -8.68864468864469E-0002 -1.46652014652015E+0000
 784 -9.41391941391941E-0002 -1.43589743589744E+0000
 785 -6.51282051282051E-0002 -1.37787545787546E+0000
 786 -7.23809523809524E-0002 -1.44395604395604E+0000
 787 -6.91575091575092E-0002 -1.43267399267399E+0000
 788 -5.38461538461538E-0002 -1.39238095238095E+0000
 789 -5.38461538461538E-0002 -1.41897435897436E+0000
 790 -4.09523809523810E-0002 -1.44959706959707E+0000
 791 -8.71794871794872E-0003 -1.40930402930403E+0000
 792 -3.07692307692308E-0003 -1.35692307692308E+0000
 793  1.14285714285714E-0002 -1.41494505494505E+0000
 794  3.31868131868132E-0002 -1.43750915750916E+0000
 795  4.12454212454212E-0002 -1.40688644688645E+0000
 796  7.18681318681319E-0002 -1.35531135531136E+0000
 797  8.15384615384615E-0002 -1.42380952380952E+0000
 798  8.55677655677656E-0002 -1.46087912087912E+0000
 799  1.00073260073260E-0001 -1.41494505494505E+0000
 800  1.16190476190476E-0001 -1.36014652014652E+0000
 801  1.10549450549450E-0001 -1.42864468864469E+0000
 802  1.12161172161172E-0001 -1.45604395604396E+0000
 803  1.19413919413919E-0001 -1.41736263736264E+0000
 804  1.12967032967033E-0001 -1.43831501831502E+0000
 805  1.11355311355311E-0001 -1.47054945054945E+0000
 806  1.07326007326007E-0001 -1.43186813186813E+0000
 807  9.68498168498168E-0002 -1.39238095238095E+0000
 808  9.44322344322344E-0002 -1.42058608058608E+0000
 809  6.30036630036630E-0002 -1.44395604395604E+0000
 810  4.93040293040293E-0002 -1.40527472527473E+0000
 811  2.99633699633700E-0002 -1.36256410256410E+0000
 812 -2.27106227106227E-0003 -1.42461538461538E+0000
 813 -2.48351648351648E-0002 -1.45604395604396E+0000
 814 -2.40293040293040E-0002 -1.41655677655678E+0000
 815 -1.67765567765568E-0002 -1.37223443223443E+0000
 816 -3.04761904761905E-0002 -1.44153846153846E+0000
 817 -7.23809523809524E-0002 -1.46974358974359E+0000
 818 -8.60805860805861E-0002 -1.42703296703297E+0000
 819 -7.15750915750916E-0002 -1.38109890109890E+0000
 820 -7.96336996336996E-0002 -1.45523809523810E+0000
 821 -9.17216117216117E-0002 -1.48263736263736E+0000
 822 -8.04395604395604E-0002 -1.44395604395604E+0000
 823 -9.97802197802198E-0002 -1.40608058608059E+0000
 824 -1.05421245421245E-0001 -1.44073260073260E+0000
 825 -9.25274725274725E-0002 -1.46329670329670E+0000
 826 -7.96336996336996E-0002 -1.42219780219780E+0000
 827 -9.49450549450549E-0002 -1.37787545787546E+0000
 828 -7.96336996336996E-0002 -1.44717948717949E+0000
 829 -9.41391941391941E-0002 -1.46813186813187E+0000
 830 -7.96336996336996E-0002 -1.42380952380952E+0000
 831 -7.88278388278388E-0002 -1.38271062271062E+0000
 832 -8.84981684981685E-0002 -1.40688644688645E+0000
 833 -9.49450549450549E-0002 -1.43509157509158E+0000
 834 -1.09450549450549E-0001 -1.38835164835165E+0000
 835 -9.57509157509158E-0002 -1.33919413919414E+0000
 836 -9.73626373626374E-0002 -1.41091575091575E+0000
 837 -1.40073260073260E-0001 -1.43509157509158E+0000
 838 -9.65567765567766E-0002 -1.38593406593407E+0000
 839 -7.88278388278388E-0002 -1.34241758241758E+0000
 840 -7.64102564102564E-0002 -1.41333333333333E+0000
 841 -8.68864468864469E-0002 -1.43992673992674E+0000
 842 -8.36630036630037E-0002 -1.38754578754579E+0000
 843 -7.56043956043956E-0002 -1.34967032967033E+0000
 844 -8.12454212454212E-0002 -1.41172161172161E+0000
 845 -8.28571428571429E-0002 -1.43831501831502E+0000
 846 -8.20512820512821E-0002 -1.35289377289377E+0000
 847 -6.91575091575092E-0002 -1.42219780219780E+0000
 848 -8.04395604395604E-0002 -1.44476190476190E+0000
 849 -6.02930402930403E-0002 -1.39882783882784E+0000
 850 -5.86813186813187E-0002 -1.36095238095238E+0000
 851 -5.54578754578755E-0002 -1.43347985347985E+0000
 852 -8.52747252747253E-0002 -1.45201465201465E+0000
 853 -4.65934065934066E-0002 -1.40769230769231E+0000
 854 -5.54578754578755E-0002 -1.36256410256410E+0000
 855 -4.90109890109890E-0002 -1.42945054945055E+0000
 856 -4.90109890109890E-0002 -1.44798534798535E+0000
 857 -5.38461538461538E-0002 -1.39802197802198E+0000
 858 -4.82051282051282E-0002 -1.35934065934066E+0000
 859 -3.69230769230769E-0002 -1.43025641025641E+0000
 860 -4.09523809523810E-0002 -1.45120879120879E+0000
 861 -3.77289377289377E-0002 -1.40769230769231E+0000
 862 -2.72527472527473E-0002 -1.36417582417582E+0000
 863 -2.88644688644689E-0002 -1.43347985347985E+0000
 864 -2.48351648351648E-0002 -1.44395604395604E+0000
 865 -1.59706959706960E-0002 -1.39882783882784E+0000
 866 -2.32234432234432E-0002 -1.36417582417582E+0000
 867  2.56410256410256E-0003 -1.43106227106227E+0000
 868 -1.67765567765568E-0002 -1.45201465201465E+0000
 869 -9.52380952380952E-0003 -1.40930402930403E+0000
 870  4.17582417582418E-0003 -1.37062271062271E+0000
 871 -1.83882783882784E-0002 -1.44153846153846E+0000
 872  2.56410256410256E-0003 -1.45443223443223E+0000
 873 -2.27106227106227E-0003 -1.40608058608059E+0000
 874  4.98168498168498E-0003 -1.37062271062271E+0000
 875 -1.43589743589743E-0002 -1.44153846153846E+0000
 876 -4.68864468864469E-0003 -1.45684981684982E+0000
 877  1.86813186813187E-0002 -1.41091575091575E+0000
 878  2.75457875457875E-0002 -1.37626373626374E+0000
 879  2.19047619047619E-0002 -1.44637362637363E+0000
 880  2.51282051282051E-0002 -1.45684981684982E+0000
 881  2.35164835164835E-0002 -1.41413919413919E+0000
 882  4.12454212454212E-0002 -1.37384615384615E+0000
 883  3.80219780219780E-0002 -1.44234432234432E+0000
 884  5.49450549450549E-0002 -1.45443223443223E+0000
 885  5.57509157509158E-0002 -1.41010989010989E+0000
 886  4.68864468864469E-0002 -1.37626373626374E+0000
 887  4.28571428571429E-0002 -1.44476190476190E+0000
 888  5.41391941391941E-0002 -1.46329670329670E+0000
 889  6.21978021978022E-0002 -1.38673992673993E+0000
 890  5.49450549450549E-0002 -1.42945054945055E+0000
 891  6.30036630036630E-0002 -1.43992673992674E+0000
 892  5.81684981684982E-0002 -1.38512820512821E+0000
 893  7.26739926739927E-0002 -1.34967032967033E+0000
 894  6.86446886446886E-0002 -1.41575091575092E+0000
 895  6.86446886446886E-0002 -1.42622710622711E+0000
 896  7.50915750915751E-0002 -1.38029304029304E+0000
 897  8.15384615384615E-0002 -1.38996336996337E+0000
 898  7.67032967032967E-0002 -1.42864468864469E+0000
 899  8.47619047619048E-0002 -1.37626373626374E+0000
 900  8.39560439560440E-0002 -1.37868131868132E+0000
 901  8.71794871794872E-0002 -1.45443223443223E+0000
 902  7.67032967032967E-0002 -1.46410256410256E+0000
 903  9.44322344322344E-0002 -1.42219780219780E+0000
 904  8.39560439560440E-0002 -1.39238095238095E+0000
 905  9.84615384615385E-0002 -1.43186813186813E+0000
 906  1.36336996336996E-0001 -1.44073260073260E+0000
 907  1.00879120879120E-0001 -1.39076923076923E+0000
 908  9.12087912087912E-0002 -1.36014652014652E+0000
 909  1.08131868131868E-0001 -1.43589743589744E+0000
 910  1.16996336996337E-0001 -1.44476190476190E+0000
 911  1.10549450549450E-0001 -1.39963369963370E+0000
 912  1.07326007326007E-0001 -1.37304029304029E+0000
 913  9.44322344322344E-0002 -1.44959706959707E+0000
 914  1.12161172161172E-0001 -1.46168498168498E+0000
 915  1.17802197802197E-0001 -1.41413919413919E+0000
 916  9.12087912087912E-0002 -1.38109890109890E+0000
 917  1.16190476190476E-0001 -1.45846153846154E+0000
 918  1.16190476190476E-0001 -1.47216117216117E+0000
 919  1.16996336996337E-0001 -1.42139194139194E+0000
 920  1.23443223443223E-0001 -1.38915750915751E+0000
 921  1.26666666666667E-0001 -1.41736263736264E+0000
 922  1.53260073260073E-0001 -1.42622710622711E+0000
 923  1.33919413919414E-0001 -1.37948717948718E+0000
 924  1.16996336996337E-0001 -1.42380952380952E+0000
 925  1.16996336996337E-0001 -1.43186813186813E+0000
 926  1.14578754578754E-0001 -1.38754578754579E+0000
 927  1.20219780219780E-0001 -1.36256410256410E+0000
 928  1.16190476190476E-0001 -1.43186813186813E+0000
 929  1.16996336996337E-0001 -1.44073260073260E+0000
 930  1.13772893772893E-0001 -1.38673992673993E+0000
 931  1.11355311355311E-0001 -1.36336996336996E+0000
 932  1.05714285714285E-0001 -1.43267399267399E+0000
 933  1.24249084249084E-0001 -1.43992673992674E+0000
 934  1.14578754578754E-0001 -1.38593406593407E+0000
 935  1.11355311355311E-0001 -1.36336996336996E+0000
 936  1.12967032967033E-0001 -1.43186813186813E+0000
 937  1.12967032967033E-0001 -1.43992673992674E+0000
 938  1.06520146520146E-0001 -1.38593406593407E+0000
 939  1.13772893772893E-0001 -1.36336996336996E+0000
 940  1.00879120879120E-0001 -1.43025641025641E+0000
 941  1.04102564102564E-0001 -1.43267399267399E+0000
 942  1.09743589743589E-0001 -1.39157509157509E+0000
 943  1.04908424908424E-0001 -1.36901098901099E+0000
 944  9.20146520146520E-0002 -1.43670329670330E+0000
 945  8.63736263736264E-0002 -1.44073260073260E+0000
 946  9.68498168498168E-0002 -1.38593406593407E+0000
 947  9.52380952380952E-0002 -1.36498168498168E+0000
 948  9.60439560439560E-0002 -1.43912087912088E+0000
 949  8.79853479853480E-0002 -1.44717948717949E+0000
 950  8.23443223443223E-0002 -1.39479853479853E+0000
 951  7.18681318681319E-0002 -1.36901098901099E+0000
 952  6.78388278388278E-0002 -1.44637362637363E+0000
 953  8.15384615384615E-0002 -1.43670329670330E+0000
 954  8.39560439560440E-0002 -1.38673992673993E+0000
 955  5.57509157509158E-0002 -1.37062271062271E+0000
 956  7.18681318681319E-0002 -1.44234432234432E+0000
 957  5.25274725274725E-0002 -1.44556776556777E+0000
 958  5.89743589743590E-0002 -1.40124542124542E+0000
 959  6.94505494505495E-0002 -1.44717948717949E+0000
 960  5.17216117216117E-0002 -1.44395604395604E+0000
 961  5.41391941391941E-0002 -1.39802197802198E+0000
 962  4.76923076923077E-0002 -1.38512820512821E+0000
 963  4.44688644688645E-0002 -1.42058608058608E+0000
 964  4.04395604395604E-0002 -1.40930402930403E+0000
 965  4.12454212454212E-0002 -1.35450549450549E+0000
 966  3.64102564102564E-0002 -1.37787545787546E+0000
 967  3.39926739926740E-0002 -1.45523809523810E+0000
 968  4.04395604395604E-0002 -1.45604395604396E+0000
 969  1.78754578754579E-0002 -1.40769230769231E+0000
 970  2.83516483516484E-0002 -1.38512820512821E+0000
 971  1.22344322344322E-0002 -1.42219780219780E+0000
 972  2.35164835164835E-0002 -1.41252747252747E+0000
 973  1.30402930402930E-0002 -1.36417582417582E+0000
 974  2.99633699633700E-0002 -1.38271062271062E+0000
 975  4.17582417582418E-0003 -1.41413919413919E+0000
 976  2.35164835164835E-0002 -1.39963369963370E+0000
 977  1.75824175824176E-0003 -1.34886446886447E+0000
 978  1.22344322344322E-0002 -1.37545787545788E+0000
 979 -1.91941391941392E-0002 -1.44879120879121E+0000
 980 -2.16117216117216E-0002 -1.45201465201465E+0000
 981 -1.59706959706960E-0002 -1.40285714285714E+0000
 982 -1.19413919413919E-0002 -1.38351648351648E+0000
 983 -1.59706959706960E-0002 -1.41655677655678E+0000
 984 -1.59706959706960E-0002 -1.40849816849817E+0000
 985 -3.20879120879121E-0002 -1.35047619047619E+0000
 986 -2.64468864468864E-0002 -1.37304029304029E+0000
 987 -3.04761904761905E-0002 -1.45201465201465E+0000
 988 -3.04761904761905E-0002 -1.44879120879121E+0000
 989 -4.17582417582418E-0002 -1.39963369963370E+0000
 990 -4.41758241758242E-0002 -1.39399267399267E+0000
 991 -4.25641025641026E-0002 -1.43589743589744E+0000
 992 -5.22344322344322E-0002 -1.42622710622711E+0000
 993 -3.45054945054945E-0002 -1.37626373626374E+0000
 994 -4.82051282051282E-0002 -1.40446886446886E+0000
 995 -5.86813186813187E-0002 -1.44476190476190E+0000
 996 -5.86813186813187E-0002 -1.43992673992674E+0000
 997 -6.02930402930403E-0002 -1.38351648351648E+0000
 998 -2.40293040293040E-0002 -1.36901098901099E+0000
 999 -6.02930402930403E-0002 -1.43831501831502E+0000
 1000 -5.30402930402930E-0002 -1.43347985347985E+0000
 1001 -6.19047619047619E-0002 -1.37384615384615E+0000
 1002 -6.51282051282051E-0002 -1.40769230769231E+0000
 1003 -7.39926739926740E-0002 -1.44073260073260E+0000
 1004 -9.89743589743590E-0002 -1.42703296703297E+0000
 1005 -7.56043956043956E-0002 -1.36739926739927E+0000
 1006 -8.20512820512821E-0002 -1.40366300366300E+0000
 1007 -7.64102564102564E-0002 -1.44153846153846E+0000
 1008 -7.31868131868132E-0002 -1.42542124542125E+0000
 1009 -7.96336996336996E-0002 -1.37465201465201E+0000
 1010 -8.44688644688645E-0002 -1.41494505494505E+0000
 1011 -7.96336996336996E-0002 -1.45040293040293E+0000
 1012 -7.07692307692308E-0002 -1.44073260073260E+0000
 1013 -8.36630036630037E-0002 -1.37062271062271E+0000
 1014 -7.80219780219780E-0002 -1.40446886446886E+0000
 1015 -8.76923076923077E-0002 -1.46168498168498E+0000
 1016 -3.12820512820513E-0002 -1.44234432234432E+0000
 1017 -9.09157509157509E-0002 -1.38190476190476E+0000
 1018 -8.68864468864469E-0002 -1.37062271062271E+0000
 1019 -9.09157509157509E-0002 -1.46249084249084E+0000
 1020 -9.25274725274725E-0002 -1.44637362637363E+0000
 1021 -8.84981684981685E-0002 -1.37142857142857E+0000
 1022 -1.10256410256410E-0001 -1.41172161172161E+0000
 1023 -8.84981684981685E-0002 -1.45040293040293E+0000
 1024 -8.20512820512821E-0002 -1.38351648351648E+0000
 1025 -8.12454212454212E-0002 -1.38190476190476E+0000
 1026 -8.68864468864469E-0002 -1.42945054945055E+0000
 1027 -8.93040293040293E-0002 -1.40688644688645E+0000
 1028 -9.25274725274725E-0002 -1.34080586080586E+0000
 1029 -8.93040293040293E-0002 -1.38190476190476E+0000
 1030 -8.52747252747253E-0002 -1.42945054945055E+0000
 1031 -1.22344322344322E-0001 -1.40849816849817E+0000
 1032 -8.36630036630037E-0002 -1.32871794871795E+0000
 1033 -6.27106227106227E-0002 -1.36901098901099E+0000
 1034 -8.60805860805861E-0002 -1.46249084249084E+0000
 1035 -7.56043956043956E-0002 -1.43831501831502E+0000
 1036 -7.96336996336996E-0002 -1.37142857142857E+0000
 1037 -6.10989010989011E-0002 -1.41413919413919E+0000
 1038 -7.23809523809524E-0002 -1.46490842490842E+0000
 1039 -7.72161172161172E-0002 -1.44717948717949E+0000
 1040 -7.56043956043956E-0002 -1.37062271062271E+0000
 1041 -5.46520146520147E-0002 -1.41091575091575E+0000
 1042 -6.75457875457875E-0002 -1.46893772893773E+0000
 1043 -6.91575091575092E-0002 -1.44556776556777E+0000
 1044 -6.67399267399267E-0002 -1.37948717948718E+0000
 1045 -8.04395604395604E-0002 -1.43186813186813E+0000
 1046 -5.70695970695971E-0002 -1.49391941391941E+0000
 1047 -5.62637362637363E-0002 -1.42945054945055E+0000
 1048 -5.38461538461538E-0002 -1.35934065934066E+0000
 1049 -2.56410256410256E-0002 -1.40688644688645E+0000
 1050 -3.85347985347985E-0002 -1.46974358974359E+0000
 1051 -5.06227106227106E-0002 -1.44315018315018E+0000
 1052 -4.98168498168498E-0002 -1.38190476190476E+0000
 1053 -3.61172161172161E-0002 -1.38109890109890E+0000
 1054 -4.73992673992674E-0002 -1.48263736263736E+0000
 1055 -1.59706959706960E-0002 -1.45523809523810E+0000
 1056 -3.53113553113553E-0002 -1.38673992673993E+0000
 1057 -4.90109890109890E-0002 -1.40285714285714E+0000
 1058 -3.12820512820513E-0002 -1.45362637362637E+0000
 1059 -2.16117216117216E-0002 -1.41655677655678E+0000
 1060 -1.83882783882784E-0002 -1.34402930402930E+0000
 1061 -1.43589743589743E-0002 -1.39157509157509E+0000
 1062 -1.51648351648351E-0002 -1.44637362637363E+0000
 1063 -8.71794871794872E-0003 -1.40527472527473E+0000
 1064 -1.43589743589743E-0002 -1.33516483516484E+0000
 1065  4.17582417582418E-0003 -1.38835164835165E+0000
 1066 -3.07692307692308E-0003 -1.43589743589744E+0000
 1067  6.59340659340659E-0003 -1.39963369963370E+0000
 1068  3.72161172161172E-0002 -1.32710622710623E+0000
 1069  9.81684981684982E-0003 -1.38029304029304E+0000
 1070  8.20512820512821E-0003 -1.48102564102564E+0000
 1071  4.28571428571429E-0002 -1.44315018315018E+0000
 1072  1.62637362637363E-0002 -1.37706959706960E+0000
 1073  1.46520146520147E-0004 -1.43428571428571E+0000
 1074  2.83516483516484E-0002 -1.48586080586081E+0000
 1075  3.64102564102564E-0002 -1.40608058608059E+0000
 1076  3.56043956043956E-0002 -1.33758241758242E+0000
 1077  4.20512820512821E-0002 -1.38271062271062E+0000
 1078  2.35164835164835E-0002 -1.43509157509158E+0000
 1079  4.52747252747253E-0002 -1.39076923076923E+0000
 1080  4.44688644688645E-0002 -1.31824175824176E+0000
 1081  3.56043956043956E-0002 -1.35853479853480E+0000
 1082  4.44688644688645E-0002 -1.45523809523810E+0000
 1083  9.04029304029304E-0002 -1.41172161172161E+0000
 1084  5.81684981684982E-0002 -1.34483516483516E+0000
 1085  5.89743589743590E-0002 -1.40124542124542E+0000
 1086  6.13919413919414E-0002 -1.44879120879121E+0000
 1087  6.05860805860806E-0002 -1.40930402930403E+0000
 1088  6.21978021978022E-0002 -1.33677655677656E+0000
 1089  8.31501831501832E-0002 -1.38512820512821E+0000
 1090  7.50915750915751E-0002 -1.43589743589744E+0000
 1091  8.15384615384615E-0002 -1.39479853479853E+0000
 1092  7.50915750915751E-0002 -1.31904761904762E+0000
 1093  8.31501831501832E-0002 -1.37142857142857E+0000
 1094  8.39560439560440E-0002 -1.46410256410256E+0000
 1095  7.99267399267399E-0002 -1.43428571428571E+0000
 1096  8.63736263736264E-0002 -1.36417582417582E+0000
 1097  8.87912087912088E-0002 -1.42139194139194E+0000
 1098  9.20146520146520E-0002 -1.47135531135531E+0000
 1099  9.60439560439560E-0002 -1.43428571428571E+0000
 1100  8.95970695970696E-0002 -1.36256410256410E+0000
 1101  8.31501831501832E-0002 -1.42380952380952E+0000
 1102  9.68498168498168E-0002 -1.47780219780220E+0000
 1103  1.02490842490842E-0001 -1.44073260073260E+0000
 1104  1.07326007326007E-0001 -1.36981684981685E+0000
 1105  1.17802197802197E-0001 -1.42945054945055E+0000
 1106  1.00879120879120E-0001 -1.48827838827839E+0000
 1107  9.60439560439560E-0002 -1.40527472527473E+0000
 1108  1.12967032967033E-0001 -1.33758241758242E+0000
 1109  1.16996336996337E-0001 -1.39641025641026E+0000
 1110  9.12087912087912E-0002 -1.44637362637363E+0000
 1111  8.71794871794872E-0002 -1.40205128205128E+0000
 1112  1.06520146520146E-0001 -1.33113553113553E+0000
 1113  1.25054945054945E-0001 -1.38351648351648E+0000
 1114  1.07326007326007E-0001 -1.43106227106227E+0000
 1115  1.04908424908424E-0001 -1.38593406593407E+0000
 1116  1.12967032967033E-0001 -1.31824175824176E+0000
 1117  1.10549450549450E-0001 -1.37787545787546E+0000
 1118  1.19413919413919E-0001 -1.46571428571429E+0000
 1119  1.13772893772893E-0001 -1.41494505494505E+0000
 1120  1.23443223443223E-0001 -1.34080586080586E+0000
 1121  1.29890109890110E-0001 -1.40930402930403E+0000
 1122  1.35531135531136E-0001 -1.45604395604396E+0000
 1123  1.20219780219780E-0001 -1.40930402930403E+0000
 1124  1.22637362637362E-0001 -1.34080586080586E+0000
 1125  1.21831501831501E-0001 -1.40849816849817E+0000
 1126  1.14578754578754E-0001 -1.45443223443223E+0000
 1127  1.24249084249084E-0001 -1.40205128205128E+0000
 1128  1.23443223443223E-0001 -1.33113553113553E+0000
 1129  1.07326007326007E-0001 -1.39560439560440E+0000
 1130  8.47619047619048E-0002 -1.44234432234432E+0000
 1131  1.37948717948718E-0001 -1.38190476190476E+0000
 1132  1.04908424908424E-0001 -1.31421245421245E+0000
 1133  1.19413919413919E-0001 -1.38109890109890E+0000
 1134  1.17802197802197E-0001 -1.47296703296703E+0000
 1135  1.06520146520146E-0001 -1.41897435897436E+0000
 1136  9.52380952380952E-0002 -1.35934065934066E+0000
 1137  1.10549450549450E-0001 -1.43025641025641E+0000
 1138  1.07326007326007E-0001 -1.48102564102564E+0000
 1139  9.36263736263736E-0002 -1.43106227106227E+0000
 1140  1.17802197802197E-0001 -1.37062271062271E+0000
 1141  1.03296703296703E-0001 -1.44234432234432E+0000
 1142  9.44322344322344E-0002 -1.49311355311355E+0000
 1143  8.15384615384615E-0002 -1.39963369963370E+0000
 1144  9.68498168498168E-0002 -1.34725274725275E+0000
 1145  9.12087912087912E-0002 -1.41736263736264E+0000
 1146  8.39560439560440E-0002 -1.46571428571429E+0000
 1147  9.76556776556777E-0002 -1.40366300366300E+0000
 1148  9.44322344322344E-0002 -1.34080586080586E+0000
 1149  8.55677655677656E-0002 -1.41736263736264E+0000
 1150  6.54212454212454E-0002 -1.46732600732601E+0000
 1151  8.39560439560440E-0002 -1.40849816849817E+0000
 1152  6.62271062271062E-0002 -1.34322344322344E+0000
 1153  6.54212454212454E-0002 -1.41091575091575E+0000
 1154  6.05860805860806E-0002 -1.45765567765568E+0000
 1155  7.67032967032967E-0002 -1.40366300366300E+0000
 1156  8.31501831501832E-0002 -1.34322344322344E+0000
 1157  6.46153846153846E-0002 -1.40849816849817E+0000
 1158  5.81684981684982E-0002 -1.44717948717949E+0000
 1159  1.94871794871795E-0002 -1.39157509157509E+0000
 1160  4.76923076923077E-0002 -1.33113553113553E+0000
 1161  4.60805860805861E-0002 -1.39882783882784E+0000
 1162  4.44688644688645E-0002 -1.44395604395604E+0000
 1163  4.76923076923077E-0002 -1.38915750915751E+0000
 1164  2.91575091575092E-0002 -1.32791208791209E+0000
 1165  5.97802197802198E-0002 -1.40043956043956E+0000
 1166  3.64102564102564E-0002 -1.44717948717949E+0000
 1167  2.02930402930403E-0002 -1.38673992673993E+0000
 1168  2.75457875457875E-0002 -1.32791208791209E+0000
 1169  2.43223443223443E-0002 -1.40366300366300E+0000
 1170  2.83516483516484E-0002 -1.44153846153846E+0000
 1171  2.56410256410256E-0003 -1.38432234432234E+0000
 1172  9.81684981684982E-0003 -1.32549450549451E+0000
 1173  3.31868131868132E-0002 -1.39318681318681E+0000
 1174 -3.07692307692308E-0003 -1.44637362637363E+0000
 1175  1.06227106227106E-0002 -1.37626373626374E+0000
 1176 -8.71794871794872E-0003 -1.35611721611722E+0000
 1177 -1.83882783882784E-0002 -1.43025641025641E+0000
 1178 -8.71794871794872E-0003 -1.47296703296703E+0000
 1179 -5.54578754578755E-0002 -1.41575091575092E+0000
 1180 -5.49450549450549E-0003 -1.35369963369963E+0000
 1181 -1.51648351648351E-0002 -1.43589743589744E+0000
 1182 -1.83882783882784E-0002 -1.47780219780220E+0000
 1183 -1.11355311355311E-0002 -1.42380952380952E+0000
 1184 -2.08058608058608E-0002 -1.37223443223443E+0000
 1185 -2.96703296703297E-0002 -1.44798534798535E+0000
 1186 -3.36996336996337E-0002 -1.49150183150183E+0000
 1187 -3.28937728937729E-0002 -1.39076923076923E+0000
 1188 -5.38461538461538E-0002 -1.33435897435897E+0000
 1189 -4.09523809523810E-0002 -1.41333333333333E+0000
 1190 -4.82051282051282E-0002 -1.45604395604396E+0000
 1191 -6.19047619047619E-0002 -1.39963369963370E+0000
 1192 -3.77289377289377E-0002 -1.34805860805861E+0000
 1193 -4.09523809523810E-0002 -1.42864468864469E+0000
 1194 -5.86813186813187E-0002 -1.46571428571429E+0000
 1195 -5.62637362637363E-0002 -1.39963369963370E+0000
 1196 -7.64102564102564E-0002 -1.34967032967033E+0000
 1197 -6.83516483516484E-0002 -1.42300366300366E+0000
 1198 -6.35164835164835E-0002 -1.46087912087912E+0000
 1199 -6.27106227106227E-0002 -1.40608058608059E+0000
 1200 -4.98168498168498E-0002 -1.35208791208791E+0000
 1201 -6.99633699633700E-0002 -1.43347985347985E+0000
 1202 -6.91575091575092E-0002 -1.46652014652015E+0000
 1203 -7.15750915750916E-0002 -1.40285714285714E+0000
 1204 -6.91575091575092E-0002 -1.34886446886447E+0000
 1205 -6.75457875457875E-0002 -1.43347985347985E+0000
 1206 -7.96336996336996E-0002 -1.46571428571429E+0000
 1207 -7.80219780219780E-0002 -1.39882783882784E+0000
 1208 -6.67399267399267E-0002 -1.34886446886447E+0000
 1209 -6.91575091575092E-0002 -1.43509157509158E+0000
 1210 -7.47985347985348E-0002 -1.46410256410256E+0000
 1211 -8.12454212454212E-0002 -1.40688644688645E+0000
 1212 -7.96336996336996E-0002 -1.36256410256410E+0000
 1213 -6.59340659340659E-0002 -1.43831501831502E+0000
 1214 -8.44688644688645E-0002 -1.47941391941392E+0000
 1215 -8.28571428571429E-0002 -1.41333333333333E+0000
 1216 -9.01098901098901E-0002 -1.37223443223443E+0000
 1217 -8.76923076923077E-0002 -1.45523809523810E+0000
 1218 -1.10256410256410E-0001 -1.49230769230769E+0000
 1219 -7.56043956043956E-0002 -1.38351648351648E+0000
 1220 -8.52747252747253E-0002 -1.33032967032967E+0000
 1221 -1.01391941391941E-0001 -1.40527472527473E+0000
 1222 -8.60805860805861E-0002 -1.43831501831502E+0000
 1223 -9.01098901098901E-0002 -1.37626373626374E+0000
 1224 -9.73626373626374E-0002 -1.36417582417582E+0000
 1225 -7.31868131868132E-0002 -1.44556776556777E+0000
 1226 -9.09157509157509E-0002 -1.48424908424908E+0000
 1227 -9.01098901098901E-0002 -1.42461538461538E+0000
 1228 -7.96336996336996E-0002 -1.38351648351648E+0000
 1229 -8.68864468864469E-0002 -1.42622710622711E+0000
 1230 -8.60805860805861E-0002 -1.46571428571429E+0000
 1231 -9.57509157509158E-0002 -1.39479853479853E+0000
 1232 -6.43223443223443E-0002 -1.34161172161172E+0000
 1233 -7.64102564102564E-0002 -1.42703296703297E+0000
 1234 -6.10989010989011E-0002 -1.45282051282051E+0000
 1235 -7.64102564102564E-0002 -1.38190476190476E+0000
 1236 -6.43223443223443E-0002 -1.32630036630037E+0000
 1237 -7.80219780219780E-0002 -1.41494505494505E+0000
 1238 -1.05421245421245E-0001 -1.44637362637363E+0000
 1239 -6.91575091575092E-0002 -1.36578754578755E+0000
 1240 -7.31868131868132E-0002 -1.36256410256410E+0000
 1241 -5.38461538461538E-0002 -1.44153846153846E+0000
 1242 -7.15750915750916E-0002 -1.47941391941392E+0000
 1243 -6.99633699633700E-0002 -1.40527472527473E+0000
 1244 -4.17582417582418E-0002 -1.36256410256410E+0000
 1245 -5.70695970695971E-0002 -1.44395604395604E+0000
 1246 -5.38461538461538E-0002 -1.47619047619048E+0000
 1247 -4.73992673992674E-0002 -1.41333333333333E+0000
 1248 -6.43223443223443E-0002 -1.37626373626374E+0000
 1249 -6.75457875457875E-0002 -1.46007326007326E+0000
 1250 -4.73992673992674E-0002 -1.48586080586081E+0000
 1251 -5.06227106227106E-0002 -1.37545787545788E+0000
 1252 -4.73992673992674E-0002 -1.36901098901099E+0000
 1253 -3.04761904761905E-0002 -1.44798534798535E+0000
 1254 -4.09523809523810E-0002 -1.46893772893773E+0000
 1255 -3.77289377289377E-0002 -1.40769230769231E+0000
 1256 -2.00000000000000E-0002 -1.36014652014652E+0000
 1257 -1.51648351648351E-0002 -1.45040293040293E+0000
 1258 -1.11355311355311E-0002 -1.48021978021978E+0000
 1259 -6.02930402930403E-0002 -1.41575091575092E+0000
 1260 -2.24175824175824E-0002 -1.36901098901099E+0000
 1261 -1.03296703296703E-0002 -1.44717948717949E+0000
 1262  4.98168498168498E-0003 -1.47054945054945E+0000
 1263 -1.43589743589743E-0002 -1.40769230769231E+0000
 1264 -1.59706959706960E-0002 -1.36336996336996E+0000
 1265  1.46520146520147E-0004 -1.44959706959707E+0000
 1266  1.46520146520146E-0002 -1.47216117216117E+0000
 1267  9.52380952380952E-0004 -1.39963369963370E+0000
 1268  8.20512820512821E-0003 -1.36175824175824E+0000
 1269  1.06227106227106E-0002 -1.45523809523810E+0000
 1270  9.01098901098901E-0003 -1.48021978021978E+0000
 1271  9.52380952380952E-0004 -1.41252747252747E+0000
 1272  1.70695970695971E-0002 -1.38029304029304E+0000
 1273  2.67399267399267E-0002 -1.47216117216117E+0000
 1274  6.21978021978022E-0002 -1.48747252747253E+0000
 1275  2.83516483516484E-0002 -1.38271062271062E+0000
 1276  4.28571428571429E-0002 -1.33919413919414E+0000
 1277  3.88278388278388E-0002 -1.42542124542125E+0000
 1278  4.60805860805861E-0002 -1.44879120879121E+0000
 1279  5.17216117216117E-0002 -1.37948717948718E+0000
 1280  4.52747252747253E-0002 -1.38673992673993E+0000
 1281  4.93040293040293E-0002 -1.43912087912088E+0000
 1282  4.84981684981685E-0002 -1.46410256410256E+0000
 1283  4.84981684981685E-0002 -1.40043956043956E+0000
 1284  5.49450549450549E-0002 -1.36901098901099E+0000
 1285  5.89743589743590E-0002 -1.45282051282051E+0000
 1286  5.73626373626374E-0002 -1.46893772893773E+0000
 1287  7.26739926739927E-0002 -1.40043956043956E+0000
 1288  8.15384615384615E-0002 -1.36981684981685E+0000
 1289  7.18681318681319E-0002 -1.45765567765568E+0000
 1290  7.42857142857143E-0002 -1.48021978021978E+0000
 1291  7.75091575091575E-0002 -1.40849816849817E+0000
 1292  7.50915750915751E-0002 -1.37304029304029E+0000
 1293  9.44322344322344E-0002 -1.46087912087912E+0000
 1294  8.63736263736264E-0002 -1.48021978021978E+0000
 1295  8.71794871794872E-0002 -1.40930402930403E+0000
 1296  8.47619047619048E-0002 -1.37787545787546E+0000
 1297  8.55677655677656E-0002 -1.46974358974359E+0000
 1298  8.79853479853480E-0002 -1.48989010989011E+0000
 1299  9.52380952380952E-0002 -1.38512820512821E+0000
 1300  1.08937728937728E-0001 -1.34886446886447E+0000
 1301  1.04908424908424E-0001 -1.44476190476190E+0000
 1302  9.44322344322344E-0002 -1.46571428571429E+0000
 1303  1.05714285714285E-0001 -1.38915750915751E+0000
 1304  1.06520146520146E-0001 -1.35531135531136E+0000
 1305  1.08937728937728E-0001 -1.44879120879121E+0000
 1306  1.18608058608058E-0001 -1.46168498168498E+0000
 1307  1.04908424908424E-0001 -1.39318681318681E+0000
 1308  1.26666666666667E-0001 -1.36659340659341E+0000
 1309  1.07326007326007E-0001 -1.46249084249084E+0000
 1310  1.08937728937728E-0001 -1.47699633699634E+0000
 1311  1.36336996336996E-0001 -1.41091575091575E+0000
 1312  1.16996336996337E-0001 -1.38835164835165E+0000
 1313  1.18608058608058E-0001 -1.43347985347985E+0000
 1314  1.20219780219780E-0001 -1.43992673992674E+0000
 1315  1.12967032967033E-0001 -1.36256410256410E+0000
 1316  1.13772893772893E-0001 -1.37223443223443E+0000
 1317  1.11355311355311E-0001 -1.46652014652015E+0000
 1318  1.26666666666667E-0001 -1.46813186813187E+0000
 1319  1.25860805860806E-0001 -1.39802197802198E+0000
 1320  1.07326007326007E-0001 -1.37706959706960E+0000
 1321  1.15384615384615E-0001 -1.46813186813187E+0000
 1322  1.17802197802197E-0001 -1.47780219780220E+0000
 1323  1.25860805860806E-0001 -1.41091575091575E+0000
 1324  1.00073260073260E-0001 -1.39479853479853E+0000
 1325  1.27472527472527E-0001 -1.44073260073260E+0000
 1326  1.26666666666667E-0001 -1.44879120879121E+0000
 1327  1.12967032967033E-0001 -1.37304029304029E+0000
 1328  1.17802197802197E-0001 -1.39560439560440E+0000
 1329  1.15384615384615E-0001 -1.44476190476190E+0000
 1330  1.06520146520146E-0001 -1.45443223443223E+0000
 1331  1.11355311355311E-0001 -1.37948717948718E+0000
 1332  1.00879120879120E-0001 -1.40446886446886E+0000
 1333  1.12161172161172E-0001 -1.46087912087912E+0000
 1334  1.00073260073260E-0001 -1.46490842490842E+0000
 1335  1.07326007326007E-0001 -1.39802197802198E+0000
 1336  1.06520146520146E-0001 -1.38109890109890E+0000
 1337  1.08131868131868E-0001 -1.47941391941392E+0000
 1338  1.00879120879120E-0001 -1.47941391941392E+0000
 1339  1.04908424908424E-0001 -1.40366300366300E+0000
 1340  1.12967032967033E-0001 -1.38835164835165E+0000
 1341  9.12087912087912E-0002 -1.43750915750916E+0000
 1342  9.52380952380952E-0002 -1.44073260073260E+0000
 1343  9.20146520146520E-0002 -1.36256410256410E+0000
 1344  1.15384615384615E-0001 -1.37948717948718E+0000
 1345  9.12087912087912E-0002 -1.47780219780220E+0000
 1346  9.76556776556777E-0002 -1.48586080586081E+0000
 1347  7.75091575091575E-0002 -1.37304029304029E+0000
 1348  7.83150183150183E-0002 -1.39963369963370E+0000
 1349  8.55677655677656E-0002 -1.45846153846154E+0000
 1350  8.07326007326007E-0002 -1.46490842490842E+0000
 1351  7.02564102564103E-0002 -1.39641025641026E+0000
 1352  6.54212454212454E-0002 -1.37787545787546E+0000
 1353  7.42857142857143E-0002 -1.47457875457875E+0000
 1354  4.44688644688645E-0002 -1.47941391941392E+0000
 1355  6.54212454212454E-0002 -1.40043956043956E+0000
 1356  7.10622710622711E-0002 -1.39318681318681E+0000
 1357  5.57509157509158E-0002 -1.45282051282051E+0000
 1358  2.10989010989011E-0002 -1.44879120879121E+0000
 1359  5.57509157509158E-0002 -1.37223443223443E+0000
 1360  4.84981684981685E-0002 -1.40366300366300E+0000
 1361  4.28571428571429E-0002 -1.46007326007326E+0000
 1362  3.64102564102564E-0002 -1.45443223443223E+0000
 1363  3.80219780219780E-0002 -1.37787545787546E+0000
 1364  3.88278388278388E-0002 -1.40849816849817E+0000
 1365  2.99633699633700E-0002 -1.46007326007326E+0000
 1366  4.36630036630037E-0002 -1.45040293040293E+0000
 1367  2.59340659340659E-0002 -1.38271062271062E+0000
 1368  2.35164835164835E-0002 -1.36739926739927E+0000
 1369 -8.71794871794872E-0003 -1.46732600732601E+0000
 1370 -3.88278388278388E-0003 -1.45765567765568E+0000
 1371  1.06227106227106E-0002 -1.38673992673993E+0000
 1372  5.78754578754579E-0003 -1.38351648351648E+0000
 1373  3.36996336996337E-0003 -1.43589743589744E+0000
 1374 -3.07692307692308E-0003 -1.42703296703297E+0000
 1375 -2.27106227106227E-0003 -1.34644688644689E+0000
 1376 -2.27106227106227E-0003 -1.37142857142857E+0000
 1377 -8.71794871794872E-0003 -1.47054945054945E+0000
 1378 -3.07692307692308E-0003 -1.46813186813187E+0000
 1379 -9.52380952380952E-0003 -1.39399267399267E+0000
 1380 -2.00000000000000E-0002 -1.39479853479853E+0000
 1381 -1.91941391941392E-0002 -1.44637362637363E+0000
 1382 -4.73992673992674E-0002 -1.43267399267399E+0000
 1383 -2.40293040293040E-0002 -1.36095238095238E+0000
 1384 -4.49816849816850E-0002 -1.39882783882784E+0000
 1385 -3.45054945054945E-0002 -1.45765567765568E+0000
 1386 -4.33699633699634E-0002 -1.45282051282051E+0000
 1387 -3.69230769230769E-0002 -1.37223443223443E+0000
 1388 -6.19047619047619E-0002 -1.41333333333333E+0000
 1389 -2.72527472527473E-0002 -1.47296703296703E+0000
 1390 -3.69230769230769E-0002 -1.45846153846154E+0000
 1391 -4.90109890109890E-0002 -1.38996336996337E+0000
 1392 -4.73992673992674E-0002 -1.38512820512821E+0000
 1393 -3.20879120879121E-0002 -1.44073260073260E+0000
 1394 -3.28937728937729E-0002 -1.43106227106227E+0000
 1395 -5.38461538461538E-0002 -1.35531135531136E+0000
 1396 -5.70695970695971E-0002 -1.39157509157509E+0000
 1397 -6.02930402930403E-0002 -1.44959706959707E+0000
 1398 -6.59340659340659E-0002 -1.43750915750916E+0000
 1399 -6.91575091575092E-0002 -1.36578754578755E+0000
 1400 -6.02930402930403E-0002 -1.40608058608059E+0000
 1401 -6.59340659340659E-0002 -1.46893772893773E+0000
 1402 -6.10989010989011E-0002 -1.45523809523810E+0000
 1403 -7.31868131868132E-0002 -1.38109890109890E+0000
 1404 -7.15750915750916E-0002 -1.43670329670330E+0000
 1405 -7.56043956043956E-0002 -1.49311355311355E+0000
 1406 -3.69230769230769E-0002 -1.43589743589744E+0000
 1407 -7.47985347985348E-0002 -1.36014652014652E+0000
 1408 -9.17216117216117E-0002 -1.40527472527473E+0000
 1409 -8.44688644688645E-0002 -1.46571428571429E+0000
 1410 -1.05421245421245E-0001 -1.44637362637363E+0000
 1411 -8.60805860805861E-0002 -1.36256410256410E+0000
 1412 -9.25274725274725E-0002 -1.40205128205128E+0000
 1413 -8.60805860805861E-0002 -1.45362637362637E+0000
 1414 -8.28571428571429E-0002 -1.43106227106227E+0000
 1415 -8.93040293040293E-0002 -1.35692307692308E+0000
 1416 -1.02197802197802E-0001 -1.39802197802198E+0000
 1417 -8.36630036630037E-0002 -1.45443223443223E+0000
 1418 -1.00586080586080E-0001 -1.44315018315018E+0000
 1419 -7.96336996336996E-0002 -1.36095238095238E+0000
 1420 -1.02197802197802E-0001 -1.41172161172161E+0000
 1421 -8.36630036630037E-0002 -1.46974358974359E+0000
 1422 -8.12454212454212E-0002 -1.45282051282051E+0000
 1423 -8.84981684981685E-0002 -1.37465201465201E+0000
 1424 -9.41391941391941E-0002 -1.42703296703297E+0000
 1425 -8.44688644688645E-0002 -1.47780219780220E+0000
 1426 -7.39926739926740E-0002 -1.46249084249084E+0000
 1427 -8.36630036630037E-0002 -1.38835164835165E+0000
 1428 -9.57509157509158E-0002 -1.39238095238095E+0000
 1429 -8.28571428571429E-0002 -1.44798534798535E+0000
 1430 -5.38461538461538E-0002 -1.42139194139194E+0000
 1431 -9.57509157509158E-0002 -1.34161172161172E+0000
 1432 -6.91575091575092E-0002 -1.39157509157509E+0000
 1433 -7.47985347985348E-0002 -1.44476190476190E+0000
 1434 -9.01098901098901E-0002 -1.42542124542125E+0000
 1435 -8.93040293040293E-0002 -1.35208791208791E+0000
 1436 -7.15750915750916E-0002 -1.39802197802198E+0000
 1437 -7.23809523809524E-0002 -1.45362637362637E+0000
 1438 -7.47985347985348E-0002 -1.42703296703297E+0000
 1439 -7.72161172161172E-0002 -1.34483516483516E+0000
 1440 -6.43223443223443E-0002 -1.44395604395604E+0000
 1441 -5.62637362637363E-0002 -1.42058608058608E+0000
 1442 -6.75457875457875E-0002 -1.33677655677656E+0000
 1443 -6.10989010989011E-0002 -1.38190476190476E+0000
 1444 -6.10989010989011E-0002 -1.42945054945055E+0000
 1445 -5.54578754578755E-0002 -1.40124542124542E+0000
 1446 -5.70695970695971E-0002 -1.31582417582418E+0000
 1447 -3.85347985347985E-0002 -1.36659340659341E+0000
 1448 -4.65934065934066E-0002 -1.46249084249084E+0000
 1449 -3.61172161172161E-0002 -1.43670329670330E+0000
 1450 -4.73992673992674E-0002 -1.36095238095238E+0000
 1451 -5.38461538461538E-0002 -1.41897435897436E+0000
 1452 -4.17582417582418E-0002 -1.47860805860806E+0000
 1453 -4.90109890109890E-0002 -1.44637362637363E+0000
 1454 -3.93406593406593E-0002 -1.36498168498168E+0000
 1455 -3.77289377289377E-0002 -1.42058608058608E+0000
 1456 -1.75824175824176E-0002 -1.46490842490842E+0000
 1457 -1.43589743589743E-0002 -1.44476190476190E+0000
 1458 -2.40293040293040E-0002 -1.37384615384615E+0000
 1459 -2.80586080586081E-0002 -1.43347985347985E+0000
 1460 -1.83882783882784E-0002 -1.48827838827839E+0000
 1461 -2.80586080586081E-0002 -1.42139194139194E+0000
 1462 -1.35531135531135E-0002 -1.34161172161172E+0000
 1463 -9.52380952380952E-0003 -1.39802197802198E+0000
 1464  4.17582417582418E-0003 -1.45201465201465E+0000
 1465  1.75824175824176E-0003 -1.42703296703297E+0000
 1466  5.78754578754579E-0003 -1.34402930402930E+0000
 1467 -2.27106227106227E-0003 -1.39560439560440E+0000
 1468  1.30402930402930E-0002 -1.44476190476190E+0000
 1469  3.36996336996337E-0003 -1.41655677655678E+0000
 1470  2.02930402930403E-0002 -1.34000000000000E+0000
 1471  3.96336996336996E-0002 -1.39479853479853E+0000
 1472  2.83516483516484E-0002 -1.44234432234432E+0000
 1473  2.56410256410256E-0003 -1.41252747252747E+0000
 1474  2.99633699633700E-0002 -1.33758241758242E+0000
 1475  1.54578754578754E-0002 -1.39076923076923E+0000
 1476  2.59340659340659E-0002 -1.44315018315018E+0000
 1477  3.96336996336996E-0002 -1.41172161172161E+0000
 1478  4.52747252747253E-0002 -1.33677655677656E+0000
 1479  6.05860805860806E-0002 -1.38109890109890E+0000
 1480  4.93040293040293E-0002 -1.48344322344322E+0000
 1481  5.41391941391941E-0002 -1.45282051282051E+0000
 1482  5.97802197802198E-0002 -1.37304029304029E+0000
 1483  6.21978021978022E-0002 -1.43670329670330E+0000
 1484  5.57509157509158E-0002 -1.49714285714286E+0000
 1485  5.57509157509158E-0002 -1.43025641025641E+0000
 1486  6.86446886446886E-0002 -1.35772893772894E+0000
 1487  6.21978021978022E-0002 -1.41494505494505E+0000
 1488  7.10622710622711E-0002 -1.46652014652015E+0000
 1489  8.31501831501832E-0002 -1.42622710622711E+0000
 1490  7.67032967032967E-0002 -1.35772893772894E+0000
 1491  7.50915750915751E-0002 -1.41655677655678E+0000
 1492  8.55677655677656E-0002 -1.47135531135531E+0000
 1493  7.10622710622711E-0002 -1.44153846153846E+0000
 1494  8.47619047619048E-0002 -1.36659340659341E+0000
 1495  8.63736263736264E-0002 -1.43106227106227E+0000
 1496  9.84615384615385E-0002 -1.48908424908425E+0000
 1497  8.79853479853480E-0002 -1.41655677655678E+0000
 1498  1.04908424908424E-0001 -1.34000000000000E+0000
 1499  1.05714285714285E-0001 -1.40205128205128E+0000
 1500  9.92673992673993E-0002 -1.45040293040293E+0000
 1501  1.13772893772893E-0001 -1.41413919413919E+0000
 1502  1.04102564102564E-0001 -1.33355311355311E+0000
 1503  8.31501831501832E-0002 -1.39882783882784E+0000
 1504  1.13772893772893E-0001 -1.45120879120879E+0000
 1505  1.10549450549450E-0001 -1.41816849816850E+0000
 1506  1.10549450549450E-0001 -1.34564102564103E+0000
 1507  1.12161172161172E-0001 -1.40849816849817E+0000
 1508  1.05714285714285E-0001 -1.45684981684982E+0000
 1509  1.21831501831501E-0001 -1.41897435897436E+0000
 1510  1.14578754578754E-0001 -1.34967032967033E+0000
 1511  1.18608058608058E-0001 -1.40608058608059E+0000
 1512  1.21831501831501E-0001 -1.46168498168498E+0000
 1513  1.08131868131868E-0001 -1.42219780219780E+0000
 1514  1.21025641025641E-0001 -1.34483516483516E+0000
 1515  1.04102564102564E-0001 -1.40688644688645E+0000
 1516  1.20219780219780E-0001 -1.46329670329670E+0000
 1517  1.26666666666667E-0001 -1.42380952380952E+0000
 1518  1.21025641025641E-0001 -1.35289377289377E+0000
 1519  1.11355311355311E-0001 -1.42139194139194E+0000
 1520  1.20219780219780E-0001 -1.47135531135531E+0000
 1521  1.17802197802197E-0001 -1.43428571428571E+0000
 1522  1.15384615384615E-0001 -1.35934065934066E+0000
 1523  1.26666666666667E-0001 -1.42461538461538E+0000
 1524  1.16190476190476E-0001 -1.48263736263736E+0000
 1525  1.12161172161172E-0001 -1.44637362637363E+0000
 1526  1.18608058608058E-0001 -1.37142857142857E+0000
 1527  1.45201465201465E-0001 -1.43750915750916E+0000
 1528  1.11355311355311E-0001 -1.49714285714286E+0000
 1529  1.04102564102564E-0001 -1.41978021978022E+0000
 1530  1.12967032967033E-0001 -1.35289377289377E+0000
 1531  1.00879120879120E-0001 -1.42300366300366E+0000
 1532  1.06520146520146E-0001 -1.47538461538462E+0000
 1533  1.09743589743589E-0001 -1.43267399267399E+0000
 1534  1.16996336996337E-0001 -1.36498168498168E+0000
 1535  1.05714285714285E-0001 -1.43831501831502E+0000
 1536  1.05714285714285E-0001 -1.49472527472527E+0000
 1537  1.26666666666667E-0001 -1.41010989010989E+0000
 1538  1.02490842490842E-0001 -1.34241758241758E+0000
 1539  8.87912087912088E-0002 -1.41655677655678E+0000
 1540  1.21831501831501E-0001 -1.46652014652015E+0000
 1541  9.44322344322344E-0002 -1.41897435897436E+0000
 1542  9.84615384615385E-0002 -1.35369963369963E+0000
 1543  7.50915750915751E-0002 -1.42058608058608E+0000
 1544  8.47619047619048E-0002 -1.46813186813187E+0000
 1545  1.07326007326007E-0001 -1.42300366300366E+0000
 1546  8.15384615384615E-0002 -1.35369963369963E+0000
 1547  1.07326007326007E-0001 -1.42461538461538E+0000
 1548  7.34798534798535E-0002 -1.48021978021978E+0000
 1549  6.21978021978022E-0002 -1.43992673992674E+0000
 1550  6.94505494505495E-0002 -1.36417582417582E+0000
 1551  4.76923076923077E-0002 -1.44234432234432E+0000
 1552  7.18681318681319E-0002 -1.47780219780220E+0000
 1553  6.21978021978022E-0002 -1.44395604395604E+0000
 1554  6.21978021978022E-0002 -1.37948717948718E+0000
 1555  6.21978021978022E-0002 -1.45765567765568E+0000
 1556  6.30036630036630E-0002 -1.50923076923077E+0000
 1557  6.05860805860806E-0002 -1.42703296703297E+0000
 1558  5.65567765567766E-0002 -1.35047619047619E+0000
 1559  4.28571428571429E-0002 -1.42300366300366E+0000
 1560  3.64102564102564E-0002 -1.47216117216117E+0000
 1561  2.35164835164835E-0002 -1.42058608058608E+0000
 1562  2.99633699633700E-0002 -1.34644688644689E+0000
 1563  3.56043956043956E-0002 -1.42058608058608E+0000
 1564  3.56043956043956E-0002 -1.46087912087912E+0000
 1565  1.78754578754579E-0002 -1.41172161172161E+0000
 1566  3.80219780219780E-0002 -1.34161172161172E+0000
 1567  2.35164835164835E-0002 -1.42139194139194E+0000
 1568  9.01098901098901E-0003 -1.46652014652015E+0000
 1569  3.36996336996337E-0003 -1.41494505494505E+0000
 1570  1.78754578754579E-0002 -1.34080586080586E+0000
 1571  1.94871794871795E-0002 -1.41816849816850E+0000
 1572  1.06227106227106E-0002 -1.46732600732601E+0000
 1573 -1.91941391941392E-0002 -1.41413919413919E+0000
 1574  1.75824175824176E-0003 -1.34161172161172E+0000
 1575  9.01098901098901E-0003 -1.42058608058608E+0000
 1576 -2.16117216117216E-0002 -1.46087912087912E+0000
 1577 -1.03296703296703E-0002 -1.40205128205128E+0000
 1578 -2.00000000000000E-0002 -1.33516483516484E+0000
 1579 -5.49450549450549E-0003 -1.41091575091575E+0000
 1580 -2.16117216117216E-0002 -1.45846153846154E+0000
 1581 -2.40293040293040E-0002 -1.41172161172161E+0000
 1582 -1.43589743589743E-0002 -1.34886446886447E+0000
 1583 -3.04761904761905E-0002 -1.43106227106227E+0000
 1584 -2.64468864468864E-0002 -1.47699633699634E+0000
 1585 -2.48351648351648E-0002 -1.43025641025641E+0000
 1586 -2.48351648351648E-0002 -1.36820512820513E+0000
 1587 -6.51282051282051E-0002 -1.45443223443223E+0000
 1588 -4.65934065934066E-0002 -1.49956043956044E+0000
 1589 -5.38461538461538E-0002 -1.40527472527473E+0000
 1590 -4.98168498168498E-0002 -1.34402930402930E+0000
 1591 -6.51282051282051E-0002 -1.41897435897436E+0000
 1592 -5.14285714285714E-0002 -1.46490842490842E+0000
 1593 -7.07692307692308E-0002 -1.40849816849817E+0000
 1594 -6.10989010989011E-0002 -1.34725274725275E+0000
 1595 -5.78754578754579E-0002 -1.42219780219780E+0000
 1596 -6.75457875457875E-0002 -1.46652014652015E+0000
 1597 -6.75457875457875E-0002 -1.40769230769231E+0000
 1598 -7.88278388278388E-0002 -1.33838827838828E+0000
 1599 -8.68864468864469E-0002 -1.41494505494505E+0000
 1600 -8.20512820512821E-0002 -1.45040293040293E+0000
 1601 -7.31868131868132E-0002 -1.39721611721612E+0000
 1602 -6.75457875457875E-0002 -1.33355311355311E+0000
 1603 -8.28571428571429E-0002 -1.41333333333333E+0000
 1604 -7.39926739926740E-0002 -1.45846153846154E+0000
 1605 -5.38461538461538E-0002 -1.40527472527473E+0000
 1606 -8.68864468864469E-0002 -1.35047619047619E+0000
 1607 -8.68864468864469E-0002 -1.42783882783883E+0000
 1608 -8.36630036630037E-0002 -1.46249084249084E+0000
 1609 -8.52747252747253E-0002 -1.40769230769231E+0000
 1610 -8.60805860805861E-0002 -1.34161172161172E+0000
 1611 -8.12454212454212E-0002 -1.42461538461538E+0000
 1612 -8.76923076923077E-0002 -1.46732600732601E+0000
 1613 -4.98168498168498E-0002 -1.40688644688645E+0000
 1614 -7.15750915750916E-0002 -1.35531135531136E+0000
 1615 -8.12454212454212E-0002 -1.44073260073260E+0000
 1616 -8.04395604395604E-0002 -1.47780219780220E+0000
 1617 -1.05421245421245E-0001 -1.42703296703297E+0000
 1618 -8.60805860805861E-0002 -1.36256410256410E+0000
 1619 -8.44688644688645E-0002 -1.44153846153846E+0000
 1620 -9.09157509157509E-0002 -1.47780219780220E+0000
 1621 -8.20512820512821E-0002 -1.42461538461538E+0000
 1622 -1.00586080586080E-0001 -1.37304029304029E+0000
 1623 -8.84981684981685E-0002 -1.45846153846154E+0000
 1624 -8.36630036630037E-0002 -1.50358974358974E+0000
 1625 -7.07692307692308E-0002 -1.40446886446886E+0000
 1626 -8.84981684981685E-0002 -1.35450549450549E+0000
 1627 -9.57509157509158E-0002 -1.44234432234432E+0000
 1628 -8.76923076923077E-0002 -1.47941391941392E+0000
 1629 -8.12454212454212E-0002 -1.41897435897436E+0000
 1630 -8.04395604395604E-0002 -1.36820512820513E+0000
 1631 -8.84981684981685E-0002 -1.46007326007326E+0000
 1632 -8.12454212454212E-0002 -1.49311355311355E+0000
 1633 -7.39926739926740E-0002 -1.38512820512821E+0000
 1634 -7.56043956043956E-0002 -1.33274725274725E+0000
 1635 -8.12454212454212E-0002 -1.41494505494505E+0000
 1636 -7.80219780219780E-0002 -1.44476190476190E+0000
 1637 -7.47985347985348E-0002 -1.38915750915751E+0000
 1638 -6.59340659340659E-0002 -1.32630036630037E+0000
 1639 -6.27106227106227E-0002 -1.41091575091575E+0000
 1640 -5.38461538461538E-0002 -1.44395604395604E+0000
 1641 -4.90109890109890E-0002 -1.38271062271062E+0000
 1642 -4.98168498168498E-0002 -1.32388278388278E+0000
 1643 -5.94871794871795E-0002 -1.39963369963370E+0000
 1644 -5.94871794871795E-0002 -1.43186813186813E+0000
 1645 -5.94871794871795E-0002 -1.37142857142857E+0000
 1646 -6.02930402930403E-0002 -1.35853479853480E+0000
 1647 -5.38461538461538E-0002 -1.44637362637363E+0000
 1648 -2.80586080586081E-0002 -1.46974358974359E+0000
 1649 -3.28937728937729E-0002 -1.41252747252747E+0000
 1650 -3.45054945054945E-0002 -1.36578754578755E+0000
 1651 -3.85347985347985E-0002 -1.45523809523810E+0000
 1652 -4.09523809523810E-0002 -1.49069597069597E+0000
 1653 -4.17582417582418E-0002 -1.39560439560440E+0000
 1654 -2.16117216117216E-0002 -1.33838827838828E+0000
 1655 -1.75824175824176E-0002 -1.41816849816850E+0000
 1656 -2.32234432234432E-0002 -1.40285714285714E+0000
 1657 -1.59706959706960E-0002 -1.34483516483516E+0000
 1658 -2.27106227106227E-0003 -1.42622710622711E+0000
 1659 -2.08058608058608E-0002 -1.46087912087912E+0000
 1660 -1.83882783882784E-0002 -1.39641025641026E+0000
 1661  5.78754578754579E-0003 -1.34161172161172E+0000
 1662 -2.27106227106227E-0003 -1.43025641025641E+0000
 1663  1.06227106227106E-0002 -1.45846153846154E+0000
