 0  9.36263736263736E-0002 -1.38996336996337E+0000
 1  1.36336996336996E-0001 -1.38754578754579E+0000
 2  1.32307692307692E-0001 -1.39560439560440E+0000
 3  1.18608058608058E-0001 -1.37062271062271E+0000
 4  1.04908424908424E-0001 -1.39238095238095E+0000
 5  7.67032967032967E-0002 -1.39802197802198E+0000
 6  3.64102564102564E-0002 -1.40849816849817E+0000
 7  1.06227106227106E-0002 -1.38593406593407E+0000
 8 -4.98168498168498E-0002 -1.37062271062271E+0000
 9 -8.36630036630037E-0002 -1.41252747252747E+0000
 10 -1.15091575091575E-0001 -1.42542124542125E+0000
 11 -1.24761904761904E-0001 -1.41172161172161E+0000
 12 -1.31208791208791E-0001 -1.39641025641026E+0000
 13 -1.19120879120879E-0001 -1.39479853479853E+0000
 14 -1.01391941391941E-0001 -1.39318681318681E+0000
 15 -9.49450549450549E-0002 -1.37545787545788E+0000
 16 -2.80586080586081E-0002 -1.38432234432234E+0000
 17  1.30402930402930E-0002 -1.38271062271062E+0000
 18  5.33333333333333E-0002 -1.37948717948718E+0000
 19  8.63736263736264E-0002 -1.39963369963370E+0000
 20  1.14578754578754E-0001 -1.38109890109890E+0000
 21  1.35531135531136E-0001 -1.41978021978022E+0000
 22  1.29890109890110E-0001 -1.43992673992674E+0000
 23  1.21025641025641E-0001 -1.41575091575092E+0000
 24  1.11355311355311E-0001 -1.39721611721612E+0000
 25  7.50915750915751E-0002 -1.40124542124542E+0000
 26  4.12454212454212E-0002 -1.40930402930403E+0000
 27 -3.88278388278388E-0003 -1.38835164835165E+0000
 28 -3.20879120879121E-0002 -1.36498168498168E+0000
 29 -8.84981684981685E-0002 -1.41172161172161E+0000
 30 -1.09450549450549E-0001 -1.42380952380952E+0000
 31 -1.35238095238095E-0001 -1.40769230769231E+0000
 32 -1.14285714285714E-0001 -1.38432234432234E+0000
 33 -1.18315018315018E-0001 -1.38593406593407E+0000
 34 -1.00586080586080E-0001 -1.39238095238095E+0000
 35 -7.15750915750916E-0002 -1.37706959706960E+0000
 36 -2.56410256410256E-0002 -1.38915750915751E+0000
 37  2.02930402930403E-0002 -1.38271062271062E+0000
 38  5.09157509157509E-0002 -1.38190476190476E+0000
 39  1.00879120879120E-0001 -1.34886446886447E+0000
 40  1.18608058608058E-0001 -1.36981684981685E+0000
 41  1.30695970695971E-0001 -1.40527472527473E+0000
 42  1.36336996336996E-0001 -1.41333333333333E+0000
 43  1.33919413919414E-0001 -1.39318681318681E+0000
 44  9.52380952380952E-0002 -1.39157509157509E+0000
 45  6.94505494505495E-0002 -1.39318681318681E+0000
 46  3.39926739926740E-0002 -1.40527472527473E+0000
 47 -3.88278388278388E-0003 -1.38996336996337E+0000
 48 -4.57875457875458E-0002 -1.37384615384615E+0000
 49 -8.68864468864469E-0002 -1.42219780219780E+0000
 50 -1.01391941391941E-0001 -1.43186813186813E+0000
 51 -1.29597069597070E-0001 -1.41736263736264E+0000
 52 -1.32820512820513E-0001 -1.40205128205128E+0000
 53 -1.09450549450549E-0001 -1.40043956043956E+0000
 54 -9.89743589743590E-0002 -1.40849816849817E+0000
 55 -6.27106227106227E-0002 -1.38029304029304E+0000
 56 -1.83882783882784E-0002 -1.40527472527473E+0000
 57  2.02930402930403E-0002 -1.40446886446886E+0000
 58  5.89743589743590E-0002 -1.40285714285714E+0000
 59  9.52380952380952E-0002 -1.38109890109890E+0000
 60  1.17802197802197E-0001 -1.40285714285714E+0000
 61  1.39560439560440E-0001 -1.39641025641026E+0000
 62  1.39560439560440E-0001 -1.40446886446886E+0000
 63  1.14578754578754E-0001 -1.39238095238095E+0000
 64  9.20146520146520E-0002 -1.37948717948718E+0000
 65  6.54212454212454E-0002 -1.42380952380952E+0000
 66  2.35164835164835E-0002 -1.43670329670330E+0000
 67 -1.43589743589743E-0002 -1.42300366300366E+0000
 68 -4.73992673992674E-0002 -1.41091575091575E+0000
 69 -7.47985347985348E-0002 -1.41816849816850E+0000
 70 -1.16703296703296E-0001 -1.43670329670330E+0000
 71 -1.25567765567766E-0001 -1.41897435897436E+0000
 72 -1.39267399267399E-0001 -1.40769230769231E+0000
 73 -1.14285714285714E-0001 -1.40527472527473E+0000
 74 -9.17216117216117E-0002 -1.41010989010989E+0000
 75 -4.82051282051282E-0002 -1.39238095238095E+0000
 76 -2.80586080586081E-0002 -1.37223443223443E+0000
 77  7.39926739926740E-0003 -1.41494505494505E+0000
 78  5.89743589743590E-0002 -1.41494505494505E+0000
 79  8.55677655677656E-0002 -1.38673992673993E+0000
 80  1.17802197802197E-0001 -1.36901098901099E+0000
 81  1.41978021978022E-0001 -1.40608058608059E+0000
 82  1.32307692307692E-0001 -1.41333333333333E+0000
 83  1.21831501831501E-0001 -1.39721611721612E+0000
 84  1.00879120879120E-0001 -1.38109890109890E+0000
 85  7.10622710622711E-0002 -1.43428571428571E+0000
 86  2.67399267399267E-0002 -1.44234432234432E+0000
 87  9.52380952380952E-0004 -1.42783882783883E+0000
 88 -5.38461538461538E-0002 -1.41333333333333E+0000
 89 -8.84981684981685E-0002 -1.42542124542125E+0000
 90 -1.11062271062271E-0001 -1.43992673992674E+0000
 91 -1.22344322344322E-0001 -1.41816849816850E+0000
 92 -1.33626373626374E-0001 -1.40608058608059E+0000
 93 -1.23956043956044E-0001 -1.41252747252747E+0000
 94 -1.05421245421245E-0001 -1.42058608058608E+0000
 95 -6.10989010989011E-0002 -1.39238095238095E+0000
 96 -3.20879120879121E-0002 -1.37465201465201E+0000
 97  1.06227106227106E-0002 -1.41655677655678E+0000
 98  4.84981684981685E-0002 -1.42864468864469E+0000
 99  9.84615384615385E-0002 -1.39802197802198E+0000
 100  1.16190476190476E-0001 -1.38029304029304E+0000
 101  1.33113553113553E-0001 -1.42703296703297E+0000
 102  1.34725274725275E-0001 -1.42864468864469E+0000
 103  1.39560439560440E-0001 -1.40769230769231E+0000
 104  1.00879120879120E-0001 -1.38754578754579E+0000
 105  8.23443223443223E-0002 -1.39963369963370E+0000
 106  2.02930402930403E-0002 -1.41091575091575E+0000
 107 -1.46520146520146E-0003 -1.39318681318681E+0000
 108 -4.49816849816850E-0002 -1.38351648351648E+0000
 109 -7.47985347985348E-0002 -1.38512820512821E+0000
 110 -1.16703296703296E-0001 -1.39238095238095E+0000
 111 -1.20732600732600E-0001 -1.37304029304029E+0000
 112 -1.31208791208791E-0001 -1.39721611721612E+0000
 113 -1.27179487179487E-0001 -1.40205128205128E+0000
 114 -8.44688644688645E-0002 -1.39802197802198E+0000
 115 -5.86813186813187E-0002 -1.37465201465201E+0000
 116 -2.48351648351648E-0002 -1.39802197802198E+0000
 117  2.51282051282051E-0002 -1.40124542124542E+0000
 118  5.25274725274725E-0002 -1.39560439560440E+0000
 119  9.68498168498168E-0002 -1.36498168498168E+0000
 120  1.12967032967033E-0001 -1.38512820512821E+0000
 121  1.35531135531136E-0001 -1.38593406593407E+0000
 122  1.26666666666667E-0001 -1.39238095238095E+0000
 123  1.27472527472527E-0001 -1.37384615384615E+0000
 124  1.13772893772893E-0001 -1.39479853479853E+0000
 125  6.30036630036630E-0002 -1.39963369963370E+0000
 126  3.47985347985348E-0002 -1.40930402930403E+0000
 127 -1.59706959706960E-0002 -1.38915750915751E+0000
 128 -4.57875457875458E-0002 -1.36901098901099E+0000
 129 -9.01098901098901E-0002 -1.41010989010989E+0000
 130 -1.03003663003663E-0001 -1.42058608058608E+0000
 131 -1.20732600732600E-0001 -1.39479853479853E+0000
 132 -1.27985347985348E-0001 -1.37142857142857E+0000
 133 -1.13479853479853E-0001 -1.41172161172161E+0000
 134 -9.09157509157509E-0002 -1.41816849816850E+0000
 135 -6.10989010989011E-0002 -1.39641025641026E+0000
 136 -2.40293040293040E-0002 -1.37384615384615E+0000
 137  1.86813186813187E-0002 -1.41736263736264E+0000
 138  5.65567765567766E-0002 -1.42139194139194E+0000
 139  8.71794871794872E-0002 -1.39399267399267E+0000
 140  1.16190476190476E-0001 -1.38029304029304E+0000
 141  1.33113553113553E-0001 -1.42783882783883E+0000
 142  1.39560439560440E-0001 -1.42864468864469E+0000
 143  1.26666666666667E-0001 -1.41010989010989E+0000
 144  1.03296703296703E-0001 -1.39641025641026E+0000
 145  6.30036630036630E-0002 -1.39963369963370E+0000
 146  3.31868131868132E-0002 -1.41091575091575E+0000
 147 -3.88278388278388E-0003 -1.39399267399267E+0000
 148 -5.14285714285714E-0002 -1.38593406593407E+0000
 149 -8.04395604395604E-0002 -1.39479853479853E+0000
 150 -1.10256410256410E-0001 -1.39479853479853E+0000
 151 -1.36043956043956E-0001 -1.36659340659341E+0000
 152 -1.36043956043956E-0001 -1.39399267399267E+0000
 153 -1.24761904761904E-0001 -1.40124542124542E+0000
 154 -9.57509157509158E-0002 -1.39721611721612E+0000
 155 -6.67399267399267E-0002 -1.37142857142857E+0000
 156 -2.16117216117216E-0002 -1.39238095238095E+0000
 157  1.94871794871795E-0002 -1.39479853479853E+0000
 158  7.42857142857143E-0002 -1.38754578754579E+0000
 159  1.04102564102564E-0001 -1.36417582417582E+0000
 160  1.08937728937728E-0001 -1.38271062271062E+0000
 161  1.29890109890110E-0001 -1.37948717948718E+0000
 162  1.33113553113553E-0001 -1.42380952380952E+0000
 163  1.27472527472527E-0001 -1.40446886446886E+0000
 164  9.60439560439560E-0002 -1.39238095238095E+0000
 165  6.78388278388278E-0002 -1.39963369963370E+0000
 166  5.17216117216117E-0002 -1.41172161172161E+0000
 167 -6.30036630036630E-0003 -1.39399267399267E+0000
 168 -5.46520146520147E-0002 -1.38512820512821E+0000
 169 -7.47985347985348E-0002 -1.38593406593407E+0000
 170 -9.89743589743590E-0002 -1.39560439560440E+0000
 171 -1.27179487179487E-0001 -1.37062271062271E+0000
 172 -1.15897435897435E-0001 -1.38915750915751E+0000
 173 -1.20732600732600E-0001 -1.38835164835165E+0000
 174 -9.81684981684982E-0002 -1.38271062271062E+0000
 175 -6.10989010989011E-0002 -1.35128205128205E+0000
 176 -1.91941391941392E-0002 -1.36578754578755E+0000
 177  1.86813186813187E-0002 -1.40769230769231E+0000
 178  6.30036630036630E-0002 -1.40769230769231E+0000
 179  1.07326007326007E-0001 -1.37304029304029E+0000
 180  1.12967032967033E-0001 -1.39882783882784E+0000
 181  1.31501831501832E-0001 -1.40366300366300E+0000
 182  1.29890109890110E-0001 -1.40769230769231E+0000
 183  1.11355311355311E-0001 -1.39238095238095E+0000
 184  1.04102564102564E-0001 -1.37142857142857E+0000
 185  7.18681318681319E-0002 -1.41816849816850E+0000
 186  2.83516483516484E-0002 -1.42864468864469E+0000
 187  9.52380952380952E-0004 -1.40769230769231E+0000
 188 -4.98168498168498E-0002 -1.38996336996337E+0000
 189 -8.36630036630037E-0002 -1.39479853479853E+0000
 190 -1.09450549450549E-0001 -1.39479853479853E+0000
 191 -1.19120879120879E-0001 -1.36256410256410E+0000
 192 -1.32014652014652E-0001 -1.38432234432234E+0000
 193 -1.11062271062271E-0001 -1.38673992673993E+0000
 194 -9.57509157509158E-0002 -1.38512820512821E+0000
 195 -5.38461538461538E-0002 -1.36175824175824E+0000
 196 -3.61172161172161E-0002 -1.38673992673993E+0000
 197  2.35164835164835E-0002 -1.39157509157509E+0000
 198  5.57509157509158E-0002 -1.38835164835165E+0000
 199  1.06520146520146E-0001 -1.35611721611722E+0000
 200  1.13772893772893E-0001 -1.37223443223443E+0000
 201  1.48424908424908E-0001 -1.41091575091575E+0000
 202  1.34725274725275E-0001 -1.41816849816850E+0000
 203  1.13772893772893E-0001 -1.40124542124542E+0000
 204  1.08131868131868E-0001 -1.37948717948718E+0000
 205  6.30036630036630E-0002 -1.43831501831502E+0000
 206  2.67399267399267E-0002 -1.44717948717949E+0000
 207 -1.59706959706960E-0002 -1.42864468864469E+0000
 208 -4.90109890109890E-0002 -1.41655677655678E+0000
 209 -8.04395604395604E-0002 -1.42622710622711E+0000
 210 -1.11062271062271E-0001 -1.43831501831502E+0000
 211 -1.19120879120879E-0001 -1.42461538461538E+0000
 212 -1.15897435897435E-0001 -1.41333333333333E+0000
 213 -1.24761904761904E-0001 -1.42622710622711E+0000
 214 -7.96336996336996E-0002 -1.43267399267399E+0000
 215 -5.86813186813187E-0002 -1.41413919413919E+0000
 216 -1.67765567765568E-0002 -1.39076923076923E+0000
 217  1.22344322344322E-0002 -1.39560439560440E+0000
 218  6.13919413919414E-0002 -1.38835164835165E+0000
 219  9.44322344322344E-0002 -1.35772893772894E+0000
 220  1.14578754578754E-0001 -1.37545787545788E+0000
 221  1.49230769230769E-0001 -1.40608058608059E+0000
 222  1.35531135531136E-0001 -1.41413919413919E+0000
 223  1.33919413919414E-0001 -1.38835164835165E+0000
 224  9.44322344322344E-0002 -1.37142857142857E+0000
 225  6.94505494505495E-0002 -1.40930402930403E+0000
 226  2.99633699633700E-0002 -1.41736263736264E+0000
 227 -1.11355311355311E-0002 -1.39963369963370E+0000
 228 -5.14285714285714E-0002 -1.39238095238095E+0000
 229 -9.01098901098901E-0002 -1.40285714285714E+0000
 230 -1.13479853479853E-0001 -1.40688644688645E+0000
 231 -1.23956043956044E-0001 -1.38512820512821E+0000
 232 -1.25567765567766E-0001 -1.37223443223443E+0000
 233 -1.11868131868131E-0001 -1.41816849816850E+0000
 234 -9.17216117216117E-0002 -1.42380952380952E+0000
 235 -5.78754578754579E-0002 -1.40043956043956E+0000
 236 -4.49816849816850E-0002 -1.38512820512821E+0000
 237  2.43223443223443E-0002 -1.38673992673993E+0000
 238  7.50915750915751E-0002 -1.38593406593407E+0000
 239  1.03296703296703E-0001 -1.36256410256410E+0000
 240  1.18608058608058E-0001 -1.37948717948718E+0000
 241  1.32307692307692E-0001 -1.43025641025641E+0000
 242  1.43589743589744E-0001 -1.43025641025641E+0000
 243  1.16996336996337E-0001 -1.41333333333333E+0000
 244  1.12161172161172E-0001 -1.40527472527473E+0000
 245  7.91208791208791E-0002 -1.41575091575092E+0000
 246  3.64102564102564E-0002 -1.42300366300366E+0000
 247 -6.30036630036630E-0003 -1.40446886446886E+0000
 248 -4.98168498168498E-0002 -1.39560439560440E+0000
 249 -8.36630036630037E-0002 -1.39882783882784E+0000
 250 -1.17509157509157E-0001 -1.40608058608059E+0000
 251 -1.26373626373626E-0001 -1.38996336996337E+0000
 252 -1.11062271062271E-0001 -1.37142857142857E+0000
 253 -1.14285714285714E-0001 -1.41736263736264E+0000
 254 -8.20512820512821E-0002 -1.41736263736264E+0000
 255 -5.62637362637363E-0002 -1.39641025641026E+0000
 256 -1.43589743589743E-0002 -1.37626373626374E+0000
 257  2.35164835164835E-0002 -1.41091575091575E+0000
 258  4.93040293040293E-0002 -1.42058608058608E+0000
 259  1.00073260073260E-0001 -1.38512820512821E+0000
 260  1.16190476190476E-0001 -1.37142857142857E+0000
 261  1.30695970695971E-0001 -1.41413919413919E+0000
 262  1.38754578754579E-0001 -1.40930402930403E+0000
 263  1.25054945054945E-0001 -1.38593406593407E+0000
 264  1.04102564102564E-0001 -1.37142857142857E+0000
 265  6.62271062271062E-0002 -1.42139194139194E+0000
 266  1.70695970695971E-0002 -1.42461538461538E+0000
 267 -1.11355311355311E-0002 -1.40930402930403E+0000
 268 -5.54578754578755E-0002 -1.39802197802198E+0000
 269 -7.80219780219780E-0002 -1.40527472527473E+0000
 270 -1.01391941391941E-0001 -1.41575091575092E+0000
 271 -1.31208791208791E-0001 -1.39157509157509E+0000
 272 -1.34432234432234E-0001 -1.37948717948718E+0000
 273 -1.14285714285714E-0001 -1.42380952380952E+0000
 274 -1.08644688644688E-0001 -1.42783882783883E+0000
 275 -6.67399267399267E-0002 -1.39963369963370E+0000
 276 -1.83882783882784E-0002 -1.38351648351648E+0000
 277  1.30402930402930E-0002 -1.38271062271062E+0000
 278  6.38095238095238E-0002 -1.37545787545788E+0000
 279  9.52380952380952E-0002 -1.38109890109890E+0000
 280  1.17802197802197E-0001 -1.41091575091575E+0000
 281  1.33919413919414E-0001 -1.41494505494505E+0000
 282  1.14578754578754E-0001 -1.41655677655678E+0000
 283  1.24249084249084E-0001 -1.39721611721612E+0000
 284  1.09743589743589E-0001 -1.38271062271062E+0000
 285  6.78388278388278E-0002 -1.38512820512821E+0000
 286  1.38461538461538E-0002 -1.38996336996337E+0000
 287 -1.83882783882784E-0002 -1.36578754578755E+0000
 288 -5.78754578754579E-0002 -1.39479853479853E+0000
 289 -8.84981684981685E-0002 -1.40366300366300E+0000
 290 -9.97802197802198E-0002 -1.39882783882784E+0000
 291 -1.21538461538461E-0001 -1.38271062271062E+0000
 292 -1.13479853479853E-0001 -1.36175824175824E+0000
 293 -1.07032967032967E-0001 -1.41010989010989E+0000
 294 -9.65567765567766E-0002 -1.41172161172161E+0000
 295 -4.49816849816850E-0002 -1.38271062271062E+0000
 296 -1.59706959706960E-0002 -1.36336996336996E+0000
 297  2.35164835164835E-0002 -1.39963369963370E+0000
 298  5.73626373626374E-0002 -1.40124542124542E+0000
 299  9.12087912087912E-0002 -1.36981684981685E+0000
 300  1.00879120879120E-0001 -1.38996336996337E+0000
 301  1.33919413919414E-0001 -1.38351648351648E+0000
 302  1.48424908424908E-0001 -1.38109890109890E+0000
 303  1.06520146520146E-0001 -1.40608058608059E+0000
 304  1.00879120879120E-0001 -1.39963369963370E+0000
 305  2.51282051282051E-0002 -1.40608058608059E+0000
 306 -1.35531135531135E-0002 -1.39076923076923E+0000
 307 -5.62637362637363E-0002 -1.38271062271062E+0000
 308 -9.89743589743590E-0002 -1.38593406593407E+0000
 309 -1.07032967032967E-0001 -1.38915750915751E+0000
 310 -1.31208791208791E-0001 -1.36175824175824E+0000
 311 -1.20732600732600E-0001 -1.39076923076923E+0000
 312 -1.13479853479853E-0001 -1.39882783882784E+0000
 313 -1.19120879120879E-0001 -1.40043956043956E+0000
 314 -5.38461538461538E-0002 -1.37545787545788E+0000
 315 -1.91941391941392E-0002 -1.39882783882784E+0000
 316  6.30036630036630E-0002 -1.39479853479853E+0000
 317  1.01684981684981E-0001 -1.36578754578755E+0000
 318  1.23443223443223E-0001 -1.38996336996337E+0000
 319  1.20219780219780E-0001 -1.39479853479853E+0000
 320  1.19413919413919E-0001 -1.37465201465201E+0000
 321  1.00879120879120E-0001 -1.40124542124542E+0000
 322  7.02564102564103E-0002 -1.40205128205128E+0000
 323  2.51282051282051E-0002 -1.38190476190476E+0000
 324 -6.91575091575092E-0002 -1.36659340659341E+0000
 325 -7.80219780219780E-0002 -1.41252747252747E+0000
 326 -1.20732600732600E-0001 -1.42058608058608E+0000
 327 -1.22344322344322E-0001 -1.39479853479853E+0000
 328 -1.30402930402930E-0001 -1.37626373626374E+0000
 329 -1.14285714285714E-0001 -1.41494505494505E+0000
 330 -1.05421245421245E-0001 -1.40930402930403E+0000
 331 -5.78754578754579E-0002 -1.38190476190476E+0000
 332 -2.24175824175824E-0002 -1.36014652014652E+0000
 333  3.07692307692308E-0002 -1.40205128205128E+0000
 334  4.76923076923077E-0002 -1.39641025641026E+0000
 335  9.20146520146520E-0002 -1.39479853479853E+0000
 336  1.37948717948718E-0001 -1.39238095238095E+0000
 337  1.25054945054945E-0001 -1.39560439560440E+0000
 338  1.21025641025641E-0001 -1.40205128205128E+0000
 339  6.86446886446886E-0002 -1.40285714285714E+0000
 340  2.35164835164835E-0002 -1.40285714285714E+0000
 341 -1.75824175824176E-0002 -1.36820512820513E+0000
 342 -1.02197802197802E-0001 -1.42380952380952E+0000
 343 -1.12673992673992E-0001 -1.43025641025641E+0000
 344 -1.27985347985348E-0001 -1.40930402930403E+0000
 345 -1.26373626373626E-0001 -1.39721611721612E+0000
 346 -1.18315018315018E-0001 -1.40124542124542E+0000
 347 -8.84981684981685E-0002 -1.39238095238095E+0000
 348 -5.38461538461538E-0002 -1.38835164835165E+0000
 349  2.35164835164835E-0002 -1.38190476190476E+0000
 350  7.10622710622711E-0002 -1.36095238095238E+0000
 351  9.60439560439560E-0002 -1.40769230769231E+0000
 352  1.36336996336996E-0001 -1.40769230769231E+0000
 353  1.38754578754579E-0001 -1.40205128205128E+0000
 354  1.25054945054945E-0001 -1.39641025641026E+0000
 355  6.30036630036630E-0002 -1.40527472527473E+0000
 356  1.78754578754579E-0002 -1.41010989010989E+0000
 357 -1.51648351648351E-0002 -1.37948717948718E+0000
 358 -8.84981684981685E-0002 -1.42703296703297E+0000
 359 -1.11062271062271E-0001 -1.42461538461538E+0000
 360 -1.27179487179487E-0001 -1.40769230769231E+0000
 361 -1.40073260073260E-0001 -1.39238095238095E+0000
 362 -1.15091575091575E-0001 -1.39802197802198E+0000
 363 -8.84981684981685E-0002 -1.36981684981685E+0000
 364 -2.08058608058608E-0002 -1.38915750915751E+0000
 365  2.35164835164835E-0002 -1.38593406593407E+0000
 366  6.54212454212454E-0002 -1.39641025641026E+0000
 367  1.29890109890110E-0001 -1.37626373626374E+0000
 368  1.37142857142857E-0001 -1.42058608058608E+0000
 369  1.22637362637362E-0001 -1.39399267399267E+0000
 370  8.55677655677656E-0002 -1.39238095238095E+0000
 371  5.97802197802198E-0002 -1.40124542124542E+0000
 372 -1.83882783882784E-0002 -1.37465201465201E+0000
 373 -4.49816849816850E-0002 -1.41252747252747E+0000
 374 -1.17509157509157E-0001 -1.41897435897436E+0000
 375 -1.27179487179487E-0001 -1.39641025641026E+0000
 376 -1.09450549450549E-0001 -1.40043956043956E+0000
 377 -8.68864468864469E-0002 -1.40124542124542E+0000
 378 -5.38461538461538E-0002 -1.39721611721612E+0000
 379  2.75457875457875E-0002 -1.39641025641026E+0000
 380  1.08131868131868E-0001 -1.37304029304029E+0000
 381  1.26666666666667E-0001 -1.38996336996337E+0000
 382  1.34725274725275E-0001 -1.39479853479853E+0000
 383  1.26666666666667E-0001 -1.38754578754579E+0000
 384  1.25054945054945E-0001 -1.36578754578755E+0000
 385  8.95970695970696E-0002 -1.39963369963370E+0000
 386  6.94505494505495E-0002 -1.41333333333333E+0000
 387  2.27106227106227E-0002 -1.39802197802198E+0000
 388 -6.19047619047619E-0002 -1.39238095238095E+0000
 389 -1.09450549450549E-0001 -1.40608058608059E+0000
 390 -1.20732600732600E-0001 -1.40849816849817E+0000
 391 -1.20732600732600E-0001 -1.38190476190476E+0000
 392 -1.32014652014652E-0001 -1.36498168498168E+0000
 393 -1.08644688644688E-0001 -1.40608058608059E+0000
 394 -8.84981684981685E-0002 -1.40769230769231E+0000
 395 -5.14285714285714E-0002 -1.37626373626374E+0000
 396 -1.03296703296703E-0002 -1.39802197802198E+0000
 397  3.47985347985348E-0002 -1.40366300366300E+0000
 398  6.21978021978022E-0002 -1.39641025641026E+0000
 399  1.04102564102564E-0001 -1.36739926739927E+0000
 400  1.25860805860806E-0001 -1.39882783882784E+0000
 401  1.37142857142857E-0001 -1.40527472527473E+0000
 402  1.22637362637362E-0001 -1.38835164835165E+0000
 403  9.84615384615385E-0002 -1.42380952380952E+0000
 404  2.83516483516484E-0002 -1.42703296703297E+0000
 405 -1.83882783882784E-0002 -1.40446886446886E+0000
 406 -9.25274725274725E-0002 -1.41413919413919E+0000
 407 -1.08644688644688E-0001 -1.38915750915751E+0000
 408 -1.19120879120879E-0001 -1.37465201465201E+0000
 409 -1.15091575091575E-0001 -1.42219780219780E+0000
 410 -5.38461538461538E-0002 -1.39641025641026E+0000
 411 -9.52380952380952E-0003 -1.42542124542125E+0000
 412  6.30036630036630E-0002 -1.42461538461538E+0000
 413  1.02490842490842E-0001 -1.38673992673993E+0000
 414  1.42783882783883E-0001 -1.39802197802198E+0000
 415  1.58095238095238E-0001 -1.36901098901099E+0000
 416  9.44322344322344E-0002 -1.39318681318681E+0000
 417  6.05860805860806E-0002 -1.39963369963370E+0000
 418 -2.16117216117216E-0002 -1.38190476190476E+0000
 419 -6.10989010989011E-0002 -1.41575091575092E+0000
 420 -1.00586080586080E-0001 -1.41252747252747E+0000
 421 -1.24761904761904E-0001 -1.39399267399267E+0000
 422 -1.23956043956044E-0001 -1.38996336996337E+0000
 423 -1.15091575091575E-0001 -1.38754578754579E+0000
 424 -4.98168498168498E-0002 -1.36336996336996E+0000
 425 -5.49450549450549E-0003 -1.38432234432234E+0000
 426  5.41391941391941E-0002 -1.38996336996337E+0000
 427  1.20219780219780E-0001 -1.37465201465201E+0000
 428  1.35531135531136E-0001 -1.42380952380952E+0000
 429  1.21831501831501E-0001 -1.40446886446886E+0000
 430  7.91208791208791E-0002 -1.40608058608059E+0000
 431  3.23809523809524E-0002 -1.41091575091575E+0000
 432 -2.40293040293040E-0002 -1.39560439560440E+0000
 433 -7.56043956043956E-0002 -1.38593406593407E+0000
 434 -9.49450549450549E-0002 -1.39479853479853E+0000
 435 -1.27179487179487E-0001 -1.36739926739927E+0000
 436 -1.24761904761904E-0001 -1.40124542124542E+0000
 437 -8.76923076923077E-0002 -1.36014652014652E+0000
 438 -6.30036630036630E-0003 -1.38915750915751E+0000
 439  2.99633699633700E-0002 -1.37868131868132E+0000
 440  1.05714285714285E-0001 -1.39318681318681E+0000
 441  1.16996336996337E-0001 -1.39479853479853E+0000
 442  1.41978021978022E-0001 -1.35692307692308E+0000
 443  8.39560439560440E-0002 -1.38432234432234E+0000
 444  6.30036630036630E-0002 -1.38271062271062E+0000
 445 -2.40293040293040E-0002 -1.35692307692308E+0000
 446 -4.65934065934066E-0002 -1.38029304029304E+0000
 447 -9.89743589743590E-0002 -1.43589743589744E+0000
 448 -1.14285714285714E-0001 -1.40930402930403E+0000
 449 -1.17509157509157E-0001 -1.39882783882784E+0000
 450 -1.13479853479853E-0001 -1.40527472527473E+0000
 451 -7.72161172161172E-0002 -1.40043956043956E+0000
 452 -4.73992673992674E-0002 -1.40849816849817E+0000
 453  2.35164835164835E-0002 -1.40849816849817E+0000
 454  7.50915750915751E-0002 -1.36498168498168E+0000
 455  1.25054945054945E-0001 -1.39560439560440E+0000
 456  1.25054945054945E-0001 -1.38512820512821E+0000
 457  1.21025641025641E-0001 -1.39802197802198E+0000
 458  5.89743589743590E-0002 -1.40446886446886E+0000
 459 -1.75824175824176E-0002 -1.38593406593407E+0000
 460 -6.19047619047619E-0002 -1.38754578754579E+0000
 461 -1.20732600732600E-0001 -1.36578754578755E+0000
 462 -1.31208791208791E-0001 -1.39802197802198E+0000
 463 -1.03003663003663E-0001 -1.38996336996337E+0000
 464 -5.06227106227106E-0002 -1.39479853479853E+0000
 465  3.64102564102564E-0002 -1.38915750915751E+0000
 466  6.86446886446886E-0002 -1.38432234432234E+0000
 467  1.16190476190476E-0001 -1.42219780219780E+0000
 468  1.45201465201465E-0001 -1.41413919413919E+0000
 469  1.14578754578754E-0001 -1.38915750915751E+0000
 470  8.71794871794872E-0002 -1.38029304029304E+0000
 471  5.25274725274725E-0002 -1.42139194139194E+0000
 472 -2.48351648351648E-0002 -1.40205128205128E+0000
 473 -9.09157509157509E-0002 -1.40527472527473E+0000
 474 -1.19926739926739E-0001 -1.38190476190476E+0000
 475 -1.31208791208791E-0001 -1.40849816849817E+0000
 476 -7.96336996336996E-0002 -1.36578754578755E+0000
 477 -9.52380952380952E-0003 -1.39802197802198E+0000
 478  3.64102564102564E-0002 -1.39238095238095E+0000
 479  1.08131868131868E-0001 -1.39479853479853E+0000
 480  1.36336996336996E-0001 -1.39721611721612E+0000
 481  1.34725274725275E-0001 -1.36175824175824E+0000
 482  7.99267399267399E-0002 -1.42380952380952E+0000
 483  1.62637362637363E-0002 -1.40124542124542E+0000
 484 -6.27106227106227E-0002 -1.39560439560440E+0000
 485 -9.33333333333333E-0002 -1.39721611721612E+0000
 486 -1.16703296703296E-0001 -1.38512820512821E+0000
 487 -1.27179487179487E-0001 -1.39479853479853E+0000
 488 -1.04615384615384E-0001 -1.38673992673993E+0000
 489 -3.85347985347985E-0002 -1.38996336996337E+0000
 490  1.46520146520146E-0002 -1.39399267399267E+0000
 491  7.34798534798535E-0002 -1.35531135531136E+0000
 492  1.23443223443223E-0001 -1.39721611721612E+0000
 493  1.33919413919414E-0001 -1.36095238095238E+0000
 494  8.79853479853480E-0002 -1.40446886446886E+0000
 495  1.46520146520146E-0002 -1.39963369963370E+0000
 496 -2.56410256410256E-0002 -1.38351648351648E+0000
 497 -9.49450549450549E-0002 -1.38271062271062E+0000
 498 -1.28791208791209E-0001 -1.39157509157509E+0000
 499 -1.04615384615384E-0001 -1.37787545787546E+0000
 500 -4.65934065934066E-0002 -1.39157509157509E+0000
 501  1.46520146520146E-0002 -1.42058608058608E+0000
 502  7.26739926739927E-0002 -1.38190476190476E+0000
 503  1.22637362637362E-0001 -1.40930402930403E+0000
 504  1.32307692307692E-0001 -1.40769230769231E+0000
 505  1.19413919413919E-0001 -1.37787545787546E+0000
 506  8.87912087912088E-0002 -1.41655677655678E+0000
 507  5.33333333333333E-0002 -1.42622710622711E+0000
 508 -4.73992673992674E-0002 -1.41091575091575E+0000
 509 -1.01391941391941E-0001 -1.41252747252747E+0000
 510 -1.21538461538461E-0001 -1.38754578754579E+0000
 511 -1.01391941391941E-0001 -1.39238095238095E+0000
 512 -8.04395604395604E-0002 -1.38271062271062E+0000
 513 -3.20879120879121E-0002 -1.34644688644689E+0000
 514 -3.88278388278388E-0003 -1.38271062271062E+0000
 515  3.64102564102564E-0002 -1.37868131868132E+0000
 516  7.50915750915751E-0002 -1.37868131868132E+0000
 517  1.26666666666667E-0001 -1.42139194139194E+0000
 518  1.33113553113553E-0001 -1.38029304029304E+0000
 519  8.87912087912088E-0002 -1.43267399267399E+0000
 520  1.14285714285714E-0002 -1.41655677655678E+0000
 521 -6.59340659340659E-0002 -1.42783882783883E+0000
 522 -1.18315018315018E-0001 -1.41655677655678E+0000
 523 -1.34432234432234E-0001 -1.39721611721612E+0000
 524 -1.25567765567766E-0001 -1.39560439560440E+0000
 525 -1.07838827838827E-0001 -1.38271062271062E+0000
 526 -4.17582417582418E-0002 -1.38593406593407E+0000
 527  3.64102564102564E-0002 -1.37142857142857E+0000
 528  1.17802197802197E-0001 -1.38432234432234E+0000
 529  1.33919413919414E-0001 -1.37787545787546E+0000
 530  1.13772893772893E-0001 -1.39238095238095E+0000
 531  4.52747252747253E-0002 -1.39479853479853E+0000
 532 -2.80586080586081E-0002 -1.36901098901099E+0000
 533 -6.75457875457875E-0002 -1.40527472527473E+0000
 534 -9.33333333333333E-0002 -1.41252747252747E+0000
 535 -1.25567765567766E-0001 -1.40849816849817E+0000
 536 -1.22344322344322E-0001 -1.38029304029304E+0000
 537 -1.20732600732600E-0001 -1.42058608058608E+0000
 538 -1.03003663003663E-0001 -1.42219780219780E+0000
 539 -7.96336996336996E-0002 -1.40849816849817E+0000
 540 -3.85347985347985E-0002 -1.37626373626374E+0000
 541 -4.68864468864469E-0003 -1.41010989010989E+0000
 542  3.96336996336996E-0002 -1.41413919413919E+0000
 543  8.07326007326007E-0002 -1.38754578754579E+0000
 544  1.10549450549450E-0001 -1.36820512820513E+0000
 545  1.21025641025641E-0001 -1.41091575091575E+0000
 546  1.33919413919414E-0001 -1.41655677655678E+0000
 547  1.29890109890110E-0001 -1.40527472527473E+0000
 548  1.17802197802197E-0001 -1.38673992673993E+0000
 549  7.99267399267399E-0002 -1.38996336996337E+0000
 550  5.25274725274725E-0002 -1.38915750915751E+0000
 551 -3.12820512820513E-0002 -1.36498168498168E+0000
 552 -7.96336996336996E-0002 -1.40769230769231E+0000
 553 -9.25274725274725E-0002 -1.40688644688645E+0000
 554 -1.17509157509157E-0001 -1.40205128205128E+0000
 555 -1.22344322344322E-0001 -1.41010989010989E+0000
 556 -1.06227106227106E-0001 -1.39479853479853E+0000
 557 -2.64468864468864E-0002 -1.35450549450549E+0000
 558  9.52380952380952E-0004 -1.39721611721612E+0000
 559  5.01098901098901E-0002 -1.38432234432234E+0000
 560  1.23443223443223E-0001 -1.35611721611722E+0000
 561  1.34725274725275E-0001 -1.38593406593407E+0000
 562  1.11355311355311E-0001 -1.38351648351648E+0000
 563  1.28278388278388E-0001 -1.39318681318681E+0000
 564  4.93040293040293E-0002 -1.40285714285714E+0000
 565  9.81684981684982E-0003 -1.38835164835165E+0000
 566 -3.45054945054945E-0002 -1.41252747252747E+0000
 567 -1.02197802197802E-0001 -1.41172161172161E+0000
 568 -1.28791208791209E-0001 -1.39560439560440E+0000
 569 -1.03003663003663E-0001 -1.38593406593407E+0000
 570 -3.93406593406593E-0002 -1.39641025641026E+0000
 571  3.96336996336996E-0002 -1.37787545787546E+0000
 572  1.04102564102564E-0001 -1.39802197802198E+0000
 573  1.45201465201465E-0001 -1.38996336996337E+0000
 574  1.25054945054945E-0001 -1.40527472527473E+0000
 575  4.60805860805861E-0002 -1.41333333333333E+0000
 576 -2.16117216117216E-0002 -1.40043956043956E+0000
 577 -9.33333333333333E-0002 -1.40446886446886E+0000
 578 -1.29597069597070E-0001 -1.38593406593407E+0000
 579 -1.05421245421245E-0001 -1.37223443223443E+0000
 580 -3.77289377289377E-0002 -1.38109890109890E+0000
 581  4.84981684981685E-0002 -1.41655677655678E+0000
 582  1.12967032967033E-0001 -1.38512820512821E+0000
 583  1.38754578754579E-0001 -1.37465201465201E+0000
 584  1.13772893772893E-0001 -1.40124542124542E+0000
 585  4.68864468864469E-0002 -1.39641025641026E+0000
 586 -3.61172161172161E-0002 -1.41575091575092E+0000
 587 -9.89743589743590E-0002 -1.40366300366300E+0000
 588 -1.24761904761904E-0001 -1.37626373626374E+0000
 589 -9.89743589743590E-0002 -1.39399267399267E+0000
 590 -3.61172161172161E-0002 -1.37142857142857E+0000
 591 -4.68864468864469E-0003 -1.41413919413919E+0000
 592  9.20146520146520E-0002 -1.36659340659341E+0000
 593  1.34725274725275E-0001 -1.40930402930403E+0000
 594  1.36336996336996E-0001 -1.36498168498168E+0000
 595  8.23443223443223E-0002 -1.41413919413919E+0000
 596  1.75824175824176E-0003 -1.37626373626374E+0000
 597 -7.96336996336996E-0002 -1.42622710622711E+0000
 598 -1.27985347985348E-0001 -1.40285714285714E+0000
 599 -1.23150183150183E-0001 -1.40608058608059E+0000
 600 -7.96336996336996E-0002 -1.36901098901099E+0000
 601 -4.68864468864469E-0003 -1.40205128205128E+0000
 602  8.71794871794872E-0002 -1.38109890109890E+0000
 603  1.10549450549450E-0001 -1.39721611721612E+0000
 604  1.44395604395604E-0001 -1.38271062271062E+0000
 605  1.11355311355311E-0001 -1.39479853479853E+0000
 606  3.56043956043956E-0002 -1.38915750915751E+0000
 607 -3.77289377289377E-0002 -1.40688644688645E+0000
 608 -1.03003663003663E-0001 -1.40930402930403E+0000
 609 -1.22344322344322E-0001 -1.39076923076923E+0000
 610 -8.93040293040293E-0002 -1.37304029304029E+0000
 611 -1.59706959706960E-0002 -1.42864468864469E+0000
 612  4.44688644688645E-0002 -1.42622710622711E+0000
 613  7.34798534798535E-0002 -1.38996336996337E+0000
 614  1.23443223443223E-0001 -1.38673992673993E+0000
 615  1.29890109890110E-0001 -1.38915750915751E+0000
 616  8.55677655677656E-0002 -1.39076923076923E+0000
 617  5.78754578754579E-0003 -1.40124542124542E+0000
 618 -7.80219780219780E-0002 -1.41010989010989E+0000
 619 -1.25567765567766E-0001 -1.37706959706960E+0000
 620 -1.22344322344322E-0001 -1.42461538461538E+0000
 621 -7.23809523809524E-0002 -1.40285714285714E+0000
 622 -3.69230769230769E-0002 -1.42380952380952E+0000
 623  4.04395604395604E-0002 -1.40366300366300E+0000
 624  1.08131868131868E-0001 -1.38109890109890E+0000
 625  1.37948717948718E-0001 -1.40769230769231E+0000
 626  1.13772893772893E-0001 -1.38432234432234E+0000
 627  4.60805860805861E-0002 -1.37304029304029E+0000
 628 -2.96703296703297E-0002 -1.39963369963370E+0000
 629 -1.05421245421245E-0001 -1.39479853479853E+0000
 630 -1.28791208791209E-0001 -1.36498168498168E+0000
 631 -1.22344322344322E-0001 -1.40366300366300E+0000
 632 -7.56043956043956E-0002 -1.35853479853480E+0000
 633 -1.46520146520146E-0003 -1.39963369963370E+0000
 634  8.63736263736264E-0002 -1.35772893772894E+0000
 635  1.26666666666667E-0001 -1.40043956043956E+0000
 636  1.36336996336996E-0001 -1.36901098901099E+0000
 637  9.04029304029304E-0002 -1.41575091575092E+0000
 638  1.46520146520146E-0002 -1.38109890109890E+0000
 639 -6.67399267399267E-0002 -1.43186813186813E+0000
 640 -9.49450549450549E-0002 -1.42139194139194E+0000
 641 -1.44908424908425E-0001 -1.40849816849817E+0000
 642 -1.03003663003663E-0001 -1.38109890109890E+0000
 643 -3.53113553113553E-0002 -1.39882783882784E+0000
 644  4.84981684981685E-0002 -1.37706959706960E+0000
 645  1.11355311355311E-0001 -1.39479853479853E+0000
 646  1.41978021978022E-0001 -1.37787545787546E+0000
 647  1.12967032967033E-0001 -1.41010989010989E+0000
 648  3.64102564102564E-0002 -1.41575091575092E+0000
 649 -2.27106227106227E-0003 -1.38835164835165E+0000
 650 -7.96336996336996E-0002 -1.39479853479853E+0000
 651 -1.16703296703296E-0001 -1.38754578754579E+0000
 652 -1.25567765567766E-0001 -1.39318681318681E+0000
 653 -8.52747252747253E-0002 -1.39882783882784E+0000
 654  2.56410256410256E-0003 -1.39963369963370E+0000
 655  8.63736263736264E-0002 -1.35128205128205E+0000
 656  1.38754578754579E-0001 -1.38835164835165E+0000
 657  1.37948717948718E-0001 -1.36578754578755E+0000
 658  1.11355311355311E-0001 -1.39882783882784E+0000
 659  5.57509157509158E-0002 -1.38835164835165E+0000
 660 -3.69230769230769E-0002 -1.41091575091575E+0000
 661 -9.73626373626374E-0002 -1.40608058608059E+0000
 662 -1.27179487179487E-0001 -1.39157509157509E+0000
 663 -9.97802197802198E-0002 -1.37223443223443E+0000
 664 -3.28937728937729E-0002 -1.38915750915751E+0000
 665  4.17582417582418E-0003 -1.38835164835165E+0000
 666  8.87912087912088E-0002 -1.37787545787546E+0000
 667  1.29084249084249E-0001 -1.42461538461538E+0000
 668  1.30695970695971E-0001 -1.39641025641026E+0000
 669  8.55677655677656E-0002 -1.40688644688645E+0000
 670  4.17582417582418E-0003 -1.38029304029304E+0000
 671 -7.96336996336996E-0002 -1.43912087912088E+0000
 672 -1.10256410256410E-0001 -1.42945054945055E+0000
 673 -1.31208791208791E-0001 -1.42139194139194E+0000
 674 -9.97802197802198E-0002 -1.39721611721612E+0000
 675 -3.28937728937729E-0002 -1.42139194139194E+0000
 676  4.84981684981685E-0002 -1.39641025641026E+0000
 677  1.12161172161172E-0001 -1.40124542124542E+0000
 678  1.36336996336996E-0001 -1.38351648351648E+0000
 679  1.10549450549450E-0001 -1.41010989010989E+0000
 680  4.28571428571429E-0002 -1.40285714285714E+0000
 681 -4.09523809523810E-0002 -1.38351648351648E+0000
 682 -7.88278388278388E-0002 -1.38512820512821E+0000
 683 -1.25567765567766E-0001 -1.38109890109890E+0000
 684 -1.20732600732600E-0001 -1.42945054945055E+0000
 685 -6.27106227106227E-0002 -1.39479853479853E+0000
 686  1.14285714285714E-0002 -1.39318681318681E+0000
 687  9.60439560439560E-0002 -1.38835164835165E+0000
 688  1.26666666666667E-0001 -1.38915750915751E+0000
 689  1.38754578754579E-0001 -1.36578754578755E+0000
 690  1.03296703296703E-0001 -1.39479853479853E+0000
 691  4.52747252747253E-0002 -1.37948717948718E+0000
 692 -4.09523809523810E-0002 -1.41736263736264E+0000
 693 -1.09450549450549E-0001 -1.40446886446886E+0000
 694 -1.27985347985348E-0001 -1.39076923076923E+0000
 695 -9.41391941391941E-0002 -1.36014652014652E+0000
 696 -3.61172161172161E-0002 -1.42622710622711E+0000
 697  5.25274725274725E-0002 -1.43509157509158E+0000
 698  1.04102564102564E-0001 -1.39399267399267E+0000
 699  1.32307692307692E-0001 -1.40285714285714E+0000
 700  1.18608058608058E-0001 -1.35772893772894E+0000
 701  7.02564102564103E-0002 -1.40366300366300E+0000
 702 -2.27106227106227E-0003 -1.36336996336996E+0000
 703 -6.59340659340659E-0002 -1.41091575091575E+0000
 704 -1.21538461538461E-0001 -1.36981684981685E+0000
 705 -1.14285714285714E-0001 -1.40930402930403E+0000
 706 -9.25274725274725E-0002 -1.38754578754579E+0000
 707 -2.48351648351648E-0002 -1.41252747252747E+0000
 708  6.62271062271062E-0002 -1.39721611721612E+0000
 709  1.15384615384615E-0001 -1.41494505494505E+0000
 710  1.39560439560440E-0001 -1.39721611721612E+0000
 711  1.13772893772893E-0001 -1.38351648351648E+0000
 712  4.44688644688645E-0002 -1.38351648351648E+0000
 713 -3.07692307692308E-0003 -1.39157509157509E+0000
 714 -8.60805860805861E-0002 -1.40124542124542E+0000
 715 -1.23150183150183E-0001 -1.39399267399267E+0000
 716 -1.12673992673992E-0001 -1.39560439560440E+0000
 717 -7.96336996336996E-0002 -1.38351648351648E+0000
 718  1.54578754578754E-0002 -1.38673992673993E+0000
 719  8.95970695970696E-0002 -1.38754578754579E+0000
 720  1.33919413919414E-0001 -1.39963369963370E+0000
 721  1.35531135531136E-0001 -1.38432234432234E+0000
 722  9.92673992673993E-0002 -1.41897435897436E+0000
 723  4.04395604395604E-0002 -1.40769230769231E+0000
 724 -4.25641025641026E-0002 -1.39963369963370E+0000
 725 -1.04615384615384E-0001 -1.38512820512821E+0000
 726 -1.45714285714286E-0001 -1.40849816849817E+0000
 727 -9.89743589743590E-0002 -1.38593406593407E+0000
 728 -3.28937728937729E-0002 -1.40608058608059E+0000
 729  5.09157509157509E-0002 -1.37948717948718E+0000
 730  1.16190476190476E-0001 -1.40043956043956E+0000
 731  1.25860805860806E-0001 -1.41736263736264E+0000
 732  1.22637362637362E-0001 -1.38190476190476E+0000
 733  7.26739926739927E-0002 -1.38593406593407E+0000
 734 -3.88278388278388E-0003 -1.39560439560440E+0000
 735 -8.44688644688645E-0002 -1.40608058608059E+0000
 736 -1.23150183150183E-0001 -1.37384615384615E+0000
 737 -1.20732600732600E-0001 -1.42783882783883E+0000
 738 -7.56043956043956E-0002 -1.38835164835165E+0000
 739  1.30402930402930E-0002 -1.38593406593407E+0000
 740  5.89743589743590E-0002 -1.35611721611722E+0000
 741  1.21025641025641E-0001 -1.41413919413919E+0000
 742  1.50036630036630E-0001 -1.38271062271062E+0000
 743  1.00879120879120E-0001 -1.41494505494505E+0000
 744  2.91575091575092E-0002 -1.39802197802198E+0000
 745 -5.14285714285714E-0002 -1.39318681318681E+0000
 746 -9.89743589743590E-0002 -1.38673992673993E+0000
 747 -1.27985347985348E-0001 -1.36820512820513E+0000
 748 -1.13479853479853E-0001 -1.41897435897436E+0000
 749 -6.51282051282051E-0002 -1.37706959706960E+0000
 750  1.14285714285714E-0002 -1.41172161172161E+0000
 751  8.79853479853480E-0002 -1.37465201465201E+0000
 752  1.22637362637362E-0001 -1.42783882783883E+0000
 753  1.25860805860806E-0001 -1.39721611721612E+0000
 754  7.18681318681319E-0002 -1.39076923076923E+0000
 755 -5.62637362637363E-0002 -1.42219780219780E+0000
 756 -9.25274725274725E-0002 -1.41172161172161E+0000
 757 -1.27179487179487E-0001 -1.40769230769231E+0000
 758 -9.57509157509158E-0002 -1.37706959706960E+0000
 759 -2.16117216117216E-0002 -1.39963369963370E+0000
 760  5.65567765567766E-0002 -1.37626373626374E+0000
 761  1.18608058608058E-0001 -1.39802197802198E+0000
 762  1.48424908424908E-0001 -1.40043956043956E+0000
 763  1.29890109890110E-0001 -1.36095238095238E+0000
 764  7.34798534798535E-0002 -1.41252747252747E+0000
 765 -2.96703296703297E-0002 -1.38835164835165E+0000
 766 -8.60805860805861E-0002 -1.38754578754579E+0000
 767 -1.21538461538461E-0001 -1.39157509157509E+0000
 768 -1.17509157509157E-0001 -1.39641025641026E+0000
 769 -5.94871794871795E-0002 -1.38512820512821E+0000
 770  1.94871794871795E-0002 -1.38915750915751E+0000
 771  5.17216117216117E-0002 -1.39238095238095E+0000
 772  1.17802197802197E-0001 -1.42058608058608E+0000
 773  1.39560439560440E-0001 -1.39882783882784E+0000
 774  1.00879120879120E-0001 -1.39157509157509E+0000
 775  4.12454212454212E-0002 -1.36739926739927E+0000
 776 -4.09523809523810E-0002 -1.40527472527473E+0000
 777 -1.32014652014652E-0001 -1.37304029304029E+0000
 778 -1.14285714285714E-0001 -1.41575091575092E+0000
 779 -6.10989010989011E-0002 -1.37062271062271E+0000
 780  1.30402930402930E-0002 -1.41091575091575E+0000
 781  9.76556776556777E-0002 -1.36498168498168E+0000
 782  1.29084249084249E-0001 -1.40849816849817E+0000
 783  1.24249084249084E-0001 -1.36659340659341E+0000
 784  6.94505494505495E-0002 -1.41736263736264E+0000
 785  3.47985347985348E-0002 -1.39963369963370E+0000
 786 -5.22344322344322E-0002 -1.39802197802198E+0000
 787 -1.08644688644688E-0001 -1.37626373626374E+0000
 788 -1.22344322344322E-0001 -1.39721611721612E+0000
 789 -1.01391941391941E-0001 -1.36981684981685E+0000
 790 -3.12820512820513E-0002 -1.38996336996337E+0000
 791  5.41391941391941E-0002 -1.37948717948718E+0000
 792  8.71794871794872E-0002 -1.38190476190476E+0000
 793  1.30695970695971E-0001 -1.42139194139194E+0000
 794  1.23443223443223E-0001 -1.39157509157509E+0000
 795  6.70329670329670E-0002 -1.40285714285714E+0000
 796 -1.51648351648351E-0002 -1.36739926739927E+0000
 797 -8.36630036630037E-0002 -1.41736263736264E+0000
 798 -1.19120879120879E-0001 -1.37626373626374E+0000
 799 -1.22344322344322E-0001 -1.42058608058608E+0000
 800 -9.17216117216117E-0002 -1.38271062271062E+0000
 801 -2.16117216117216E-0002 -1.40205128205128E+0000
 802  6.70329670329670E-0002 -1.36417582417582E+0000
 803  1.19413919413919E-0001 -1.38754578754579E+0000
 804  1.26666666666667E-0001 -1.36014652014652E+0000
 805  9.92673992673993E-0002 -1.39399267399267E+0000
 806  3.64102564102564E-0002 -1.38029304029304E+0000
 807 -3.45054945054945E-0002 -1.42219780219780E+0000
 808 -1.04615384615384E-0001 -1.40527472527473E+0000
 809 -1.29597069597070E-0001 -1.39641025641026E+0000
 810 -1.12673992673992E-0001 -1.39318681318681E+0000
 811 -6.10989010989011E-0002 -1.39238095238095E+0000
 812  1.06227106227106E-0002 -1.39479853479853E+0000
 813  9.04029304029304E-0002 -1.39076923076923E+0000
 814  1.25860805860806E-0001 -1.39076923076923E+0000
 815  1.25054945054945E-0001 -1.39802197802198E+0000
 816  7.10622710622711E-0002 -1.41333333333333E+0000
 817 -7.91208791208791E-0003 -1.38432234432234E+0000
 818 -8.76923076923077E-0002 -1.38673992673993E+0000
 819 -1.27985347985348E-0001 -1.36981684981685E+0000
 820 -1.20732600732600E-0001 -1.39479853479853E+0000
 821 -1.25567765567766E-0001 -1.36981684981685E+0000
 822 -1.83882783882784E-0002 -1.42380952380952E+0000
 823  7.18681318681319E-0002 -1.39157509157509E+0000
 824  1.18608058608058E-0001 -1.42058608058608E+0000
 825  1.38754578754579E-0001 -1.39963369963370E+0000
 826  1.10549450549450E-0001 -1.39802197802198E+0000
 827  2.59340659340659E-0002 -1.39721611721612E+0000
 828 -1.35531135531135E-0002 -1.40930402930403E+0000
 829 -8.76923076923077E-0002 -1.41655677655678E+0000
 830 -1.27179487179487E-0001 -1.38432234432234E+0000
 831 -1.16703296703296E-0001 -1.38351648351648E+0000
 832 -6.02930402930403E-0002 -1.38029304029304E+0000
 833  1.86813186813187E-0002 -1.42219780219780E+0000
 834  9.60439560439560E-0002 -1.38029304029304E+0000
 835  1.33919413919414E-0001 -1.42945054945055E+0000
 836  1.51648351648352E-0001 -1.40688644688645E+0000
 837  1.12967032967033E-0001 -1.41494505494505E+0000
 838  1.46520146520146E-0002 -1.39479853479853E+0000
 839 -5.62637362637363E-0002 -1.43267399267399E+0000
 840 -1.12673992673992E-0001 -1.42380952380952E+0000
 841 -1.21538461538461E-0001 -1.41413919413919E+0000
 842 -9.01098901098901E-0002 -1.38271062271062E+0000
 843 -3.20879120879121E-0002 -1.40930402930403E+0000
 844  5.89743589743590E-0002 -1.39882783882784E+0000
 845  9.52380952380952E-0002 -1.40366300366300E+0000
 846  1.29890109890110E-0001 -1.40849816849817E+0000
 847  1.24249084249084E-0001 -1.37465201465201E+0000
 848  6.78388278388278E-0002 -1.42542124542125E+0000
 849 -3.07692307692308E-0003 -1.40446886446886E+0000
 850 -9.01098901098901E-0002 -1.41413919413919E+0000
 851 -1.25567765567766E-0001 -1.37948717948718E+0000
 852 -1.20732600732600E-0001 -1.42380952380952E+0000
 853 -6.10989010989011E-0002 -1.40366300366300E+0000
 854 -2.56410256410256E-0002 -1.38996336996337E+0000
 855  5.01098901098901E-0002 -1.38673992673993E+0000
 856  1.18608058608058E-0001 -1.41736263736264E+0000
 857  1.20219780219780E-0001 -1.39479853479853E+0000
 858  9.84615384615385E-0002 -1.42461538461538E+0000
 859  3.31868131868132E-0002 -1.41655677655678E+0000
 860 -5.86813186813187E-0002 -1.41736263736264E+0000
 861 -1.20732600732600E-0001 -1.39479853479853E+0000
 862 -1.22344322344322E-0001 -1.37304029304029E+0000
 863 -1.31208791208791E-0001 -1.42380952380952E+0000
 864 -6.02930402930403E-0002 -1.38512820512821E+0000
 865  1.78754578754579E-0002 -1.37948717948718E+0000
 866  9.28205128205128E-0002 -1.38915750915751E+0000
 867  1.33113553113553E-0001 -1.37626373626374E+0000
 868  1.26666666666667E-0001 -1.38271062271062E+0000
 869  5.57509157509158E-0002 -1.37626373626374E+0000
 870 -1.35531135531135E-0002 -1.37948717948718E+0000
 871 -7.96336996336996E-0002 -1.43106227106227E+0000
 872 -1.32014652014652E-0001 -1.41655677655678E+0000
 873 -1.25567765567766E-0001 -1.41172161172161E+0000
 874 -9.41391941391941E-0002 -1.37787545787546E+0000
 875 -2.08058608058608E-0002 -1.41413919413919E+0000
 876  7.10622710622711E-0002 -1.37787545787546E+0000
 877  1.16190476190476E-0001 -1.41655677655678E+0000
 878  1.39560439560440E-0001 -1.38915750915751E+0000
 879  1.02490842490842E-0001 -1.42783882783883E+0000
 880  2.27106227106227E-0002 -1.40930402930403E+0000
 881 -4.17582417582418E-0002 -1.39802197802198E+0000
 882 -8.84981684981685E-0002 -1.41091575091575E+0000
 883 -1.26373626373626E-0001 -1.37545787545788E+0000
 884 -1.25567765567766E-0001 -1.41494505494505E+0000
 885 -5.94871794871795E-0002 -1.36981684981685E+0000
 886  1.86813186813187E-0002 -1.39721611721612E+0000
 887  1.00879120879120E-0001 -1.40124542124542E+0000
 888  1.25054945054945E-0001 -1.39076923076923E+0000
 889  1.25860805860806E-0001 -1.37062271062271E+0000
 890  9.84615384615385E-0002 -1.41252747252747E+0000
 891  5.33333333333333E-0002 -1.39721611721612E+0000
 892 -5.94871794871795E-0002 -1.40688644688645E+0000
 893 -1.18315018315018E-0001 -1.38835164835165E+0000
 894 -1.22344322344322E-0001 -1.42219780219780E+0000
 895 -9.17216117216117E-0002 -1.37948717948718E+0000
 896 -1.51648351648351E-0002 -1.40769230769231E+0000
 897  7.50915750915751E-0002 -1.36498168498168E+0000
 898  1.17802197802197E-0001 -1.39560439560440E+0000
 899  1.25054945054945E-0001 -1.38190476190476E+0000
 900  1.30695970695971E-0001 -1.38915750915751E+0000
 901  6.30036630036630E-0002 -1.39076923076923E+0000
 902 -1.35531135531135E-0002 -1.40849816849817E+0000
 903 -8.76923076923077E-0002 -1.41494505494505E+0000
 904 -1.19120879120879E-0001 -1.37868131868132E+0000
 905 -1.19926739926739E-0001 -1.41897435897436E+0000
 906 -5.86813186813187E-0002 -1.38190476190476E+0000
 907  2.10989010989011E-0002 -1.40769230769231E+0000
 908  9.68498168498168E-0002 -1.41091575091575E+0000
 909  1.34725274725275E-0001 -1.42058608058608E+0000
 910  1.26666666666667E-0001 -1.38593406593407E+0000
 911  1.00073260073260E-0001 -1.43347985347985E+0000
 912  2.99633699633700E-0002 -1.41010989010989E+0000
 913 -5.78754578754579E-0002 -1.42139194139194E+0000
 914 -1.13479853479853E-0001 -1.39479853479853E+0000
 915 -1.25567765567766E-0001 -1.42058608058608E+0000
 916 -9.25274725274725E-0002 -1.37868131868132E+0000
 917 -1.91941391941392E-0002 -1.40769230769231E+0000
 918  6.38095238095238E-0002 -1.38996336996337E+0000
 919  1.00073260073260E-0001 -1.38593406593407E+0000
 920  1.33919413919414E-0001 -1.38271062271062E+0000
 921  1.35531135531136E-0001 -1.38754578754579E+0000
 922  6.21978021978022E-0002 -1.39721611721612E+0000
 923 -1.43589743589743E-0002 -1.41655677655678E+0000
 924 -8.68864468864469E-0002 -1.42542124542125E+0000
 925 -1.27179487179487E-0001 -1.40769230769231E+0000
 926 -1.15091575091575E-0001 -1.39882783882784E+0000
 927 -5.38461538461538E-0002 -1.37706959706960E+0000
 928 -1.67765567765568E-0002 -1.40366300366300E+0000
 929  6.21978021978022E-0002 -1.37142857142857E+0000
 930  1.27472527472527E-0001 -1.40930402930403E+0000
 931  1.32307692307692E-0001 -1.37062271062271E+0000
 932  9.52380952380952E-0002 -1.41091575091575E+0000
 933  3.23809523809524E-0002 -1.38996336996337E+0000
 934 -5.54578754578755E-0002 -1.39479853479853E+0000
 935 -1.15897435897435E-0001 -1.40849816849817E+0000
 936 -1.27179487179487E-0001 -1.39721611721612E+0000
 937 -9.65567765567766E-0002 -1.39399267399267E+0000
 938 -5.78754578754579E-0002 -1.39560439560440E+0000
 939  2.91575091575092E-0002 -1.37706959706960E+0000
 940  1.00073260073260E-0001 -1.37062271062271E+0000
 941  1.31501831501832E-0001 -1.39963369963370E+0000
 942  1.26666666666667E-0001 -1.41172161172161E+0000
 943  5.33333333333333E-0002 -1.41816849816850E+0000
 944 -2.00000000000000E-0002 -1.40608058608059E+0000
 945 -9.33333333333333E-0002 -1.41172161172161E+0000
 946 -1.27179487179487E-0001 -1.38996336996337E+0000
 947 -1.23150183150183E-0001 -1.39479853479853E+0000
 948 -9.57509157509158E-0002 -1.39641025641026E+0000
 949  3.47985347985348E-0002 -1.42622710622711E+0000
 950  6.21978021978022E-0002 -1.39318681318681E+0000
 951  1.24249084249084E-0001 -1.39479853479853E+0000
 952  1.33919413919414E-0001 -1.39399267399267E+0000
 953  9.76556776556777E-0002 -1.40608058608059E+0000
 954  2.59340659340659E-0002 -1.38109890109890E+0000
 955 -6.02930402930403E-0002 -1.43106227106227E+0000
 956 -1.14285714285714E-0001 -1.42864468864469E+0000
 957 -1.20732600732600E-0001 -1.39882783882784E+0000
 958 -1.19120879120879E-0001 -1.39721611721612E+0000
 959 -4.98168498168498E-0002 -1.39963369963370E+0000
 960  2.35164835164835E-0002 -1.38835164835165E+0000
 961  9.20146520146520E-0002 -1.38673992673993E+0000
 962  1.33919413919414E-0001 -1.37706959706960E+0000
 963  1.16996336996337E-0001 -1.39479853479853E+0000
 964  5.49450549450549E-0002 -1.39560439560440E+0000
 965 -1.27472527472527E-0002 -1.40769230769231E+0000
 966 -9.09157509157509E-0002 -1.41413919413919E+0000
 967 -1.11062271062271E-0001 -1.38351648351648E+0000
 968 -1.24761904761904E-0001 -1.41655677655678E+0000
 969 -8.36630036630037E-0002 -1.37626373626374E+0000
 970 -1.11355311355311E-0002 -1.40285714285714E+0000
 971  6.54212454212454E-0002 -1.36820512820513E+0000
 972  1.21025641025641E-0001 -1.41333333333333E+0000
 973  1.36336996336996E-0001 -1.39076923076923E+0000
 974  8.55677655677656E-0002 -1.39963369963370E+0000
 975  2.67399267399267E-0002 -1.39479853479853E+0000
 976 -1.91941391941392E-0002 -1.40527472527473E+0000
 977 -1.03003663003663E-0001 -1.40608058608059E+0000
 978 -1.26373626373626E-0001 -1.37787545787546E+0000
 979 -1.19120879120879E-0001 -1.41091575091575E+0000
 980 -4.90109890109890E-0002 -1.36901098901099E+0000
 981  2.35164835164835E-0002 -1.38673992673993E+0000
 982  1.04908424908424E-0001 -1.39641025641026E+0000
 983  1.37948717948718E-0001 -1.39318681318681E+0000
 984  1.18608058608058E-0001 -1.37465201465201E+0000
