 0  8.15384615384615E-0002 -1.37304029304029E+0000
 1  6.78388278388278E-0002 -1.38996336996337E+0000
 2  5.17216117216117E-0002 -1.37142857142857E+0000
 3  3.64102564102564E-0002 -1.41575091575092E+0000
 4  1.86813186813187E-0002 -1.39882783882784E+0000
 5 -2.96703296703297E-0002 -1.37868131868132E+0000
 6 -1.19413919413919E-0002 -1.40527472527473E+0000
 7 -3.69230769230769E-0002 -1.41333333333333E+0000
 8 -4.41758241758242E-0002 -1.40285714285714E+0000
 9 -6.43223443223443E-0002 -1.37384615384615E+0000
 10 -7.72161172161172E-0002 -1.40688644688645E+0000
 11 -8.93040293040293E-0002 -1.41494505494505E+0000
 12 -1.03003663003663E-0001 -1.39641025641026E+0000
 13 -1.14285714285714E-0001 -1.36578754578755E+0000
 14 -1.21538461538461E-0001 -1.39560439560440E+0000
 15 -1.32820512820513E-0001 -1.39479853479853E+0000
 16 -1.35238095238095E-0001 -1.36981684981685E+0000
 17 -1.38461538461538E-0001 -1.37304029304029E+0000
 18 -1.40073260073260E-0001 -1.40608058608059E+0000
 19 -1.44102564102564E-0001 -1.41252747252747E+0000
 20 -1.34432234432234E-0001 -1.39560439560440E+0000
 21 -1.26373626373626E-0001 -1.36336996336996E+0000
 22 -1.24761904761904E-0001 -1.38593406593407E+0000
 23 -1.14285714285714E-0001 -1.39157509157509E+0000
 24 -1.12673992673992E-0001 -1.38029304029304E+0000
 25 -9.25274725274725E-0002 -1.38915750915751E+0000
 26 -7.56043956043956E-0002 -1.37142857142857E+0000
 27 -6.43223443223443E-0002 -1.41333333333333E+0000
 28 -5.06227106227106E-0002 -1.39882783882784E+0000
 29 -3.45054945054945E-0002 -1.37304029304029E+0000
 30 -1.59706959706960E-0002 -1.40446886446886E+0000
 31 -2.27106227106227E-0003 -1.40608058608059E+0000
 32  9.52380952380952E-0004 -1.38673992673993E+0000
 33  3.23809523809524E-0002 -1.36578754578755E+0000
 34  4.76923076923077E-0002 -1.39318681318681E+0000
 35  5.97802197802198E-0002 -1.39641025641026E+0000
 36  7.26739926739927E-0002 -1.37223443223443E+0000
 37  8.47619047619048E-0002 -1.38673992673993E+0000
 38  9.44322344322344E-0002 -1.37626373626374E+0000
 39  1.06520146520146E-0001 -1.41413919413919E+0000
 40  1.13772893772893E-0001 -1.38835164835165E+0000
 41  1.21025641025641E-0001 -1.35450549450549E+0000
 42  1.20219780219780E-0001 -1.38673992673993E+0000
 43  1.26666666666667E-0001 -1.39076923076923E+0000
 44  1.17802197802197E-0001 -1.36981684981685E+0000
 45  1.19413919413919E-0001 -1.37787545787546E+0000
 46  1.20219780219780E-0001 -1.40688644688645E+0000
 47  1.09743589743589E-0001 -1.41575091575092E+0000
 48  9.68498168498168E-0002 -1.39399267399267E+0000
 49  8.95970695970696E-0002 -1.37223443223443E+0000
 50  7.18681318681319E-0002 -1.40849816849817E+0000
 51  6.21978021978022E-0002 -1.40608058608059E+0000
 52  5.33333333333333E-0002 -1.38432234432234E+0000
 53  3.64102564102564E-0002 -1.36014652014652E+0000
 54  1.46520146520146E-0002 -1.39560439560440E+0000
 55  4.17582417582418E-0003 -1.39479853479853E+0000
 56 -1.59706959706960E-0002 -1.36820512820513E+0000
 57 -1.75824175824176E-0002 -1.38593406593407E+0000
 58 -5.14285714285714E-0002 -1.38190476190476E+0000
 59 -6.19047619047619E-0002 -1.37706959706960E+0000
 60 -8.20512820512821E-0002 -1.39641025641026E+0000
 61 -9.01098901098901E-0002 -1.36659340659341E+0000
 62 -1.01391941391941E-0001 -1.40043956043956E+0000
 63 -1.08644688644688E-0001 -1.40688644688645E+0000
 64 -1.24761904761904E-0001 -1.39238095238095E+0000
 65 -1.24761904761904E-0001 -1.36336996336996E+0000
 66 -1.36849816849817E-0001 -1.39399267399267E+0000
 67 -1.41684981684982E-0001 -1.39963369963370E+0000
 68 -1.40073260073260E-0001 -1.38190476190476E+0000
 69 -1.36849816849817E-0001 -1.34725274725275E+0000
 70 -1.39267399267399E-0001 -1.37948717948718E+0000
 71 -1.16703296703296E-0001 -1.41575091575092E+0000
 72 -1.20732600732600E-0001 -1.39641025641026E+0000
 73 -1.07032967032967E-0001 -1.36498168498168E+0000
 74 -9.97802197802198E-0002 -1.39641025641026E+0000
 75 -9.17216117216117E-0002 -1.39479853479853E+0000
 76 -7.88278388278388E-0002 -1.36498168498168E+0000
 77 -6.83516483516484E-0002 -1.37787545787546E+0000
 78 -4.49816849816850E-0002 -1.41010989010989E+0000
 79 -2.80586080586081E-0002 -1.41091575091575E+0000
 80 -1.35531135531135E-0002 -1.38915750915751E+0000
 81 -1.67765567765568E-0002 -1.35772893772894E+0000
 82  1.54578754578754E-0002 -1.38512820512821E+0000
 83  2.83516483516484E-0002 -1.38432234432234E+0000
 84  4.44688644688645E-0002 -1.36014652014652E+0000
 85  6.21978021978022E-0002 -1.37465201465201E+0000
 86  7.34798534798535E-0002 -1.41897435897436E+0000
 87  9.36263736263736E-0002 -1.41816849816850E+0000
 88  9.44322344322344E-0002 -1.39963369963370E+0000
 89  1.09743589743589E-0001 -1.37545787545788E+0000
 90  1.16996336996337E-0001 -1.40366300366300E+0000
 91  1.21025641025641E-0001 -1.40527472527473E+0000
 92  1.13772893772893E-0001 -1.38432234432234E+0000
 93  1.23443223443223E-0001 -1.35853479853480E+0000
 94  1.28278388278388E-0001 -1.38915750915751E+0000
 95  1.12161172161172E-0001 -1.38432234432234E+0000
 96  1.15384615384615E-0001 -1.35772893772894E+0000
 97  1.00879120879120E-0001 -1.36901098901099E+0000
 98  9.36263736263736E-0002 -1.39641025641026E+0000
 99  8.55677655677656E-0002 -1.39560439560440E+0000
 100  7.34798534798535E-0002 -1.36820512820513E+0000
 101  5.25274725274725E-0002 -1.38996336996337E+0000
 102  4.28571428571429E-0002 -1.38029304029304E+0000
 103  3.96336996336996E-0002 -1.42380952380952E+0000
 104  1.46520146520146E-0002 -1.40446886446886E+0000
 105 -1.27472527472527E-0002 -1.38351648351648E+0000
 106 -1.75824175824176E-0002 -1.37223443223443E+0000
 107 -3.85347985347985E-0002 -1.41736263736264E+0000
 108 -4.57875457875458E-0002 -1.39479853479853E+0000
 109 -6.51282051282051E-0002 -1.36578754578755E+0000
 110 -7.72161172161172E-0002 -1.40043956043956E+0000
 111 -9.01098901098901E-0002 -1.40688644688645E+0000
 112 -1.02197802197802E-0001 -1.38512820512821E+0000
 113 -1.26373626373626E-0001 -1.36578754578755E+0000
 114 -1.23956043956044E-0001 -1.40043956043956E+0000
 115 -1.26373626373626E-0001 -1.40527472527473E+0000
 116 -1.29597069597070E-0001 -1.38351648351648E+0000
 117 -1.42490842490842E-0001 -1.35531135531136E+0000
 118 -1.37655677655678E-0001 -1.39318681318681E+0000
 119 -1.32014652014652E-0001 -1.39479853479853E+0000
 120 -1.34432234432234E-0001 -1.36578754578755E+0000
 121 -1.25567765567766E-0001 -1.38109890109890E+0000
 122 -1.19926739926739E-0001 -1.42139194139194E+0000
 123 -1.31208791208791E-0001 -1.42058608058608E+0000
 124 -9.97802197802198E-0002 -1.38835164835165E+0000
 125 -8.68864468864469E-0002 -1.35772893772894E+0000
 126 -7.80219780219780E-0002 -1.38835164835165E+0000
 127 -5.46520146520147E-0002 -1.37787545787546E+0000
 128 -3.77289377289377E-0002 -1.38915750915751E+0000
 129 -2.80586080586081E-0002 -1.36095238095238E+0000
 130 -1.67765567765568E-0002 -1.39882783882784E+0000
 131  6.59340659340659E-0003 -1.39721611721612E+0000
 132  2.35164835164835E-0002 -1.37062271062271E+0000
 133  4.76923076923077E-0002 -1.38271062271062E+0000
 134  5.57509157509158E-0002 -1.37062271062271E+0000
 135  6.38095238095238E-0002 -1.40527472527473E+0000
 136  8.15384615384615E-0002 -1.38109890109890E+0000
 137  9.12087912087912E-0002 -1.40205128205128E+0000
 138  1.01684981684981E-0001 -1.39318681318681E+0000
 139  1.09743589743589E-0001 -1.39479853479853E+0000
 140  1.14578754578754E-0001 -1.36175824175824E+0000
 141  1.12161172161172E-0001 -1.38432234432234E+0000
 142  1.20219780219780E-0001 -1.37706959706960E+0000
 143  1.26666666666667E-0001 -1.41172161172161E+0000
 144  1.22637362637362E-0001 -1.39238095238095E+0000
 145  1.24249084249084E-0001 -1.37062271062271E+0000
 146  1.07326007326007E-0001 -1.40446886446886E+0000
 147  9.60439560439560E-0002 -1.40446886446886E+0000
 148  9.52380952380952E-0002 -1.38190476190476E+0000
 149  8.87912087912088E-0002 -1.35208791208791E+0000
 150  7.02564102564103E-0002 -1.38754578754579E+0000
 151  6.21978021978022E-0002 -1.38754578754579E+0000
 152  4.60805860805861E-0002 -1.36739926739927E+0000
 153  3.47985347985348E-0002 -1.38996336996337E+0000
 154  8.20512820512821E-0003 -1.38351648351648E+0000
 155  7.39926739926740E-0003 -1.37626373626374E+0000
 156 -2.16117216117216E-0002 -1.38996336996337E+0000
 157 -3.20879120879121E-0002 -1.36498168498168E+0000
 158 -4.25641025641026E-0002 -1.40043956043956E+0000
 159 -6.27106227106227E-0002 -1.40366300366300E+0000
 160 -8.52747252747253E-0002 -1.38190476190476E+0000
 161 -9.89743589743590E-0002 -1.35369963369963E+0000
 162 -1.15091575091575E-0001 -1.39479853479853E+0000
 163 -1.31208791208791E-0001 -1.38754578754579E+0000
 164 -1.26373626373626E-0001 -1.36256410256410E+0000
 165 -1.53772893772894E-0001 -1.37706959706960E+0000
 166 -1.39267399267399E-0001 -1.41333333333333E+0000
 167 -1.36043956043956E-0001 -1.41494505494505E+0000
 168 -1.36043956043956E-0001 -1.38512820512821E+0000
 169 -1.31208791208791E-0001 -1.36336996336996E+0000
 170 -1.34432234432234E-0001 -1.39560439560440E+0000
 171 -1.32014652014652E-0001 -1.38593406593407E+0000
 172 -1.18315018315018E-0001 -1.36175824175824E+0000
 173 -1.15897435897435E-0001 -1.38271062271062E+0000
 174 -1.02197802197802E-0001 -1.37304029304029E+0000
 175 -9.89743589743590E-0002 -1.41172161172161E+0000
 176 -8.60805860805861E-0002 -1.39963369963370E+0000
 177 -6.51282051282051E-0002 -1.37626373626374E+0000
 178 -4.41758241758242E-0002 -1.40930402930403E+0000
 179 -1.91941391941392E-0002 -1.40124542124542E+0000
 180 -1.19413919413919E-0002 -1.36659340659341E+0000
 181  1.06227106227106E-0002 -1.38673992673993E+0000
 182  2.51282051282051E-0002 -1.38512820512821E+0000
 183  4.04395604395604E-0002 -1.37787545787546E+0000
 184  5.57509157509158E-0002 -1.38996336996337E+0000
 185  9.44322344322344E-0002 -1.36498168498168E+0000
 186  7.99267399267399E-0002 -1.40285714285714E+0000
 187  8.95970695970696E-0002 -1.39479853479853E+0000
 188  1.02490842490842E-0001 -1.35934065934066E+0000
 189  9.36263736263736E-0002 -1.38109890109890E+0000
 190  1.13772893772893E-0001 -1.42139194139194E+0000
 191  1.16996336996337E-0001 -1.41736263736264E+0000
 192  1.20219780219780E-0001 -1.38915750915751E+0000
 193  1.18608058608058E-0001 -1.36578754578755E+0000
 194  1.16190476190476E-0001 -1.40446886446886E+0000
 195  1.20219780219780E-0001 -1.40124542124542E+0000
 196  1.11355311355311E-0001 -1.36901098901099E+0000
 197  9.84615384615385E-0002 -1.37787545787546E+0000
 198  9.44322344322344E-0002 -1.42058608058608E+0000
 199  8.15384615384615E-0002 -1.41172161172161E+0000
 200  6.86446886446886E-0002 -1.38835164835165E+0000
 201  4.93040293040293E-0002 -1.36578754578755E+0000
 202  3.96336996336996E-0002 -1.40205128205128E+0000
 203  2.27106227106227E-0002 -1.39479853479853E+0000
 204  6.59340659340659E-0003 -1.36336996336996E+0000
 205 -4.68864468864469E-0003 -1.38190476190476E+0000
 206 -2.88644688644689E-0002 -1.37465201465201E+0000
 207 -3.77289377289377E-0002 -1.41333333333333E+0000
 208 -5.78754578754579E-0002 -1.39318681318681E+0000
 209 -7.15750915750916E-0002 -1.37948717948718E+0000
 210 -9.33333333333333E-0002 -1.42058608058608E+0000
 211 -1.05421245421245E-0001 -1.41252747252747E+0000
 212 -1.09450549450549E-0001 -1.39076923076923E+0000
 213 -1.17509157509157E-0001 -1.37142857142857E+0000
 214 -1.25567765567766E-0001 -1.41010989010989E+0000
 215 -1.35238095238095E-0001 -1.40608058608059E+0000
 216 -1.32014652014652E-0001 -1.38029304029304E+0000
 217 -1.37655677655678E-0001 -1.40930402930403E+0000
 218 -1.43296703296703E-0001 -1.41091575091575E+0000
 219 -1.40073260073260E-0001 -1.40366300366300E+0000
 220 -1.27179487179487E-0001 -1.37545787545788E+0000
 221 -1.43296703296703E-0001 -1.40205128205128E+0000
 222 -1.14285714285714E-0001 -1.38996336996337E+0000
 223 -1.14285714285714E-0001 -1.37787545787546E+0000
 224 -1.03003663003663E-0001 -1.38835164835165E+0000
 225 -8.20512820512821E-0002 -1.36498168498168E+0000
 226 -6.59340659340659E-0002 -1.39963369963370E+0000
 227 -5.94871794871795E-0002 -1.39479853479853E+0000
 228 -4.17582417582418E-0002 -1.35853479853480E+0000
 229 -1.51648351648351E-0002 -1.37948717948718E+0000
 230 -1.11355311355311E-0002 -1.42139194139194E+0000
 231  4.17582417582418E-0003 -1.40930402930403E+0000
 232  1.70695970695971E-0002 -1.37787545787546E+0000
 233  5.49450549450549E-0002 -1.39882783882784E+0000
 234  6.05860805860806E-0002 -1.40285714285714E+0000
 235  6.21978021978022E-0002 -1.38996336996337E+0000
 236  9.28205128205128E-0002 -1.34725274725275E+0000
 237  9.28205128205128E-0002 -1.37706959706960E+0000
 238  1.04908424908424E-0001 -1.41172161172161E+0000
 239  1.12967032967033E-0001 -1.40527472527473E+0000
 240  1.20219780219780E-0001 -1.37626373626374E+0000
 241  1.19413919413919E-0001 -1.39882783882784E+0000
 242  1.28278388278388E-0001 -1.39802197802198E+0000
 243  1.21831501831501E-0001 -1.38996336996337E+0000
 244  1.23443223443223E-0001 -1.35531135531136E+0000
 245  1.00879120879120E-0001 -1.38593406593407E+0000
 246  1.12161172161172E-0001 -1.38673992673993E+0000
 247  1.00879120879120E-0001 -1.37787545787546E+0000
 248  9.36263736263736E-0002 -1.38754578754579E+0000
 249  7.91208791208791E-0002 -1.38029304029304E+0000
 250  7.18681318681319E-0002 -1.42300366300366E+0000
 251  4.93040293040293E-0002 -1.41816849816850E+0000
 252  4.28571428571429E-0002 -1.39318681318681E+0000
 253  2.10989010989011E-0002 -1.38673992673993E+0000
 254  7.39926739926740E-0003 -1.39076923076923E+0000
 255 -1.43589743589743E-0002 -1.37868131868132E+0000
 256 -2.32234432234432E-0002 -1.39157509157509E+0000
 257 -4.01465201465201E-0002 -1.38109890109890E+0000
 258 -6.51282051282051E-0002 -1.42864468864469E+0000
 259 -7.39926739926740E-0002 -1.41736263736264E+0000
 260 -8.84981684981685E-0002 -1.39238095238095E+0000
 261 -1.02197802197802E-0001 -1.38512820512821E+0000
 262 -1.15091575091575E-0001 -1.38512820512821E+0000
 263 -1.24761904761904E-0001 -1.37223443223443E+0000
 264 -1.23150183150183E-0001 -1.38109890109890E+0000
 265 -1.35238095238095E-0001 -1.41575091575092E+0000
 266 -1.44908424908425E-0001 -1.41575091575092E+0000
 267 -1.43296703296703E-0001 -1.40285714285714E+0000
 268 -1.35238095238095E-0001 -1.36901098901099E+0000
 269 -1.40073260073260E-0001 -1.39076923076923E+0000
 270 -1.30402930402930E-0001 -1.38996336996337E+0000
 271 -1.24761904761904E-0001 -1.36981684981685E+0000
 272 -1.13479853479853E-0001 -1.37223443223443E+0000
 273 -1.09450549450549E-0001 -1.40205128205128E+0000
 274 -9.33333333333333E-0002 -1.39641025641026E+0000
 275 -7.96336996336996E-0002 -1.37868131868132E+0000
 276 -6.10989010989011E-0002 -1.38835164835165E+0000
 277 -5.38461538461538E-0002 -1.37142857142857E+0000
 278 -3.36996336996337E-0002 -1.40930402930403E+0000
 279 -2.16117216117216E-0002 -1.39076923076923E+0000
 280 -4.68864468864469E-0003 -1.36014652014652E+0000
 281  9.01098901098901E-0003 -1.39076923076923E+0000
 282  3.15750915750916E-0002 -1.38835164835165E+0000
 283  4.28571428571429E-0002 -1.36498168498168E+0000
 284  5.89743589743590E-0002 -1.37142857142857E+0000
 285  7.26739926739927E-0002 -1.40124542124542E+0000
 286  9.44322344322344E-0002 -1.39318681318681E+0000
 287  9.84615384615385E-0002 -1.38109890109890E+0000
 288  1.08937728937728E-0001 -1.39479853479853E+0000
 289  1.09743589743589E-0001 -1.38029304029304E+0000
 290  1.20219780219780E-0001 -1.42461538461538E+0000
 291  1.29890109890110E-0001 -1.41172161172161E+0000
 292  1.06520146520146E-0001 -1.38915750915751E+0000
 293  1.11355311355311E-0001 -1.38351648351648E+0000
 294  1.23443223443223E-0001 -1.37223443223443E+0000
 295  1.12967032967033E-0001 -1.39721611721612E+0000
 296  1.10549450549450E-0001 -1.36659340659341E+0000
 297  8.71794871794872E-0002 -1.40930402930403E+0000
 298  9.36263736263736E-0002 -1.40285714285714E+0000
 299  7.50915750915751E-0002 -1.38432234432234E+0000
 300  7.26739926739927E-0002 -1.35289377289377E+0000
 301  5.89743589743590E-0002 -1.38432234432234E+0000
 302  3.96336996336996E-0002 -1.38432234432234E+0000
 303  1.86813186813187E-0002 -1.36739926739927E+0000
 304  2.56410256410256E-0003 -1.37223443223443E+0000
 305 -3.28937728937729E-0002 -1.41413919413919E+0000
 306 -4.90109890109890E-0002 -1.39479853479853E+0000
 307 -6.19047619047619E-0002 -1.35772893772894E+0000
 308 -8.28571428571429E-0002 -1.38754578754579E+0000
 309 -8.60805860805861E-0002 -1.39076923076923E+0000
 310 -1.05421245421245E-0001 -1.37545787545788E+0000
 311 -1.15091575091575E-0001 -1.41252747252747E+0000
 312 -1.26373626373626E-0001 -1.41816849816850E+0000
 313 -1.35238095238095E-0001 -1.40608058608059E+0000
 314 -1.43296703296703E-0001 -1.41816849816850E+0000
 315 -1.34432234432234E-0001 -1.42139194139194E+0000
 316 -1.35238095238095E-0001 -1.40043956043956E+0000
 317 -1.28791208791209E-0001 -1.37465201465201E+0000
 318 -1.26373626373626E-0001 -1.41413919413919E+0000
 319 -1.27179487179487E-0001 -1.40769230769231E+0000
 320 -1.07032967032967E-0001 -1.34644688644689E+0000
 321 -7.96336996336996E-0002 -1.37706959706960E+0000
 322 -5.62637362637363E-0002 -1.41413919413919E+0000
 323 -4.82051282051282E-0002 -1.38915750915751E+0000
 324 -3.85347985347985E-0002 -1.35531135531136E+0000
 325 -1.19413919413919E-0002 -1.38996336996337E+0000
 326  7.39926739926740E-0003 -1.35128205128205E+0000
 327  1.86813186813187E-0002 -1.36095238095238E+0000
 328  4.28571428571429E-0002 -1.38915750915751E+0000
 329  8.07326007326007E-0002 -1.36175824175824E+0000
 330  9.12087912087912E-0002 -1.37304029304029E+0000
 331  8.63736263736264E-0002 -1.41252747252747E+0000
 332  1.17802197802197E-0001 -1.41333333333333E+0000
 333  1.17802197802197E-0001 -1.39882783882784E+0000
 334  1.13772893772893E-0001 -1.37223443223443E+0000
 335  1.25860805860806E-0001 -1.40285714285714E+0000
 336  1.25054945054945E-0001 -1.38432234432234E+0000
 337  1.07326007326007E-0001 -1.35934065934066E+0000
 338  1.11355311355311E-0001 -1.39479853479853E+0000
 339  1.02490842490842E-0001 -1.38673992673993E+0000
 340  9.84615384615385E-0002 -1.37465201465201E+0000
 341  7.42857142857143E-0002 -1.41655677655678E+0000
 342  7.26739926739927E-0002 -1.41575091575092E+0000
 343  4.93040293040293E-0002 -1.39560439560440E+0000
 344  5.17216117216117E-0002 -1.36256410256410E+0000
 345  1.06227106227106E-0002 -1.39479853479853E+0000
 346 -9.52380952380952E-0003 -1.38835164835165E+0000
 347 -1.51648351648351E-0002 -1.36095238095238E+0000
 348 -4.09523809523810E-0002 -1.41172161172161E+0000
 349 -6.99633699633700E-0002 -1.41333333333333E+0000
 350 -8.44688644688645E-0002 -1.40043956043956E+0000
 351 -8.20512820512821E-0002 -1.37626373626374E+0000
 352 -1.05421245421245E-0001 -1.40849816849817E+0000
 353 -1.12673992673992E-0001 -1.40608058608059E+0000
 354 -1.50549450549451E-0001 -1.39157509157509E+0000
 355 -1.28791208791209E-0001 -1.36417582417582E+0000
 356 -1.35238095238095E-0001 -1.39721611721612E+0000
 357 -1.52161172161172E-0001 -1.40366300366300E+0000
 358 -1.40879120879121E-0001 -1.37787545787546E+0000
 359 -1.27985347985348E-0001 -1.37787545787546E+0000
 360 -1.24761904761904E-0001 -1.41494505494505E+0000
 361 -1.25567765567766E-0001 -1.39238095238095E+0000
 362 -8.20512820512821E-0002 -1.36256410256410E+0000
 363 -1.05421245421245E-0001 -1.39157509157509E+0000
 364 -7.80219780219780E-0002 -1.38351648351648E+0000
 365 -7.96336996336996E-0002 -1.36014652014652E+0000
 366 -6.67399267399267E-0002 -1.41494505494505E+0000
 367 -4.41758241758242E-0002 -1.40849816849817E+0000
 368 -1.35531135531135E-0002 -1.38029304029304E+0000
 369  9.81684981684982E-0003 -1.39076923076923E+0000
 370  3.72161172161172E-0002 -1.38512820512821E+0000
 371  4.52747252747253E-0002 -1.36256410256410E+0000
 372  6.54212454212454E-0002 -1.40446886446886E+0000
 373  1.03296703296703E-0001 -1.39963369963370E+0000
 374  9.92673992673993E-0002 -1.38271062271062E+0000
 375  9.92673992673993E-0002 -1.37706959706960E+0000
 376  1.29890109890110E-0001 -1.40930402930403E+0000
 377  1.31501831501832E-0001 -1.38271062271062E+0000
 378  1.16996336996337E-0001 -1.35289377289377E+0000
 379  1.21831501831501E-0001 -1.38835164835165E+0000
 380  1.23443223443223E-0001 -1.37948717948718E+0000
 381  1.11355311355311E-0001 -1.37465201465201E+0000
 382  9.44322344322344E-0002 -1.41655677655678E+0000
 383  8.23443223443223E-0002 -1.41575091575092E+0000
 384  7.34798534798535E-0002 -1.39479853479853E+0000
 385  5.57509157509158E-0002 -1.36256410256410E+0000
 386  4.04395604395604E-0002 -1.39641025641026E+0000
 387  2.75457875457875E-0002 -1.36901098901099E+0000
 388  9.52380952380952E-0004 -1.37868131868132E+0000
 389 -1.91941391941392E-0002 -1.41816849816850E+0000
 390 -4.33699633699634E-0002 -1.42219780219780E+0000
 391 -4.82051282051282E-0002 -1.39882783882784E+0000
 392 -7.31868131868132E-0002 -1.37787545787546E+0000
 393 -8.28571428571429E-0002 -1.41655677655678E+0000
 394 -1.05421245421245E-0001 -1.41655677655678E+0000
 395 -1.09450549450549E-0001 -1.39560439560440E+0000
 396 -1.09450549450549E-0001 -1.36578754578755E+0000
 397 -1.31208791208791E-0001 -1.40769230769231E+0000
 398 -1.29597069597070E-0001 -1.39641025641026E+0000
 399 -1.33626373626374E-0001 -1.36901098901099E+0000
 400 -1.44908424908425E-0001 -1.38029304029304E+0000
 401 -1.42490842490842E-0001 -1.42300366300366E+0000
 402 -1.32014652014652E-0001 -1.41897435897436E+0000
 403 -1.31208791208791E-0001 -1.40124542124542E+0000
 404 -1.32014652014652E-0001 -1.37304029304029E+0000
 405 -1.23150183150183E-0001 -1.41333333333333E+0000
 406 -1.04615384615384E-0001 -1.41091575091575E+0000
 407 -9.73626373626374E-0002 -1.38915750915751E+0000
 408 -1.01391941391941E-0001 -1.36014652014652E+0000
 409 -7.56043956043956E-0002 -1.39882783882784E+0000
 410 -6.59340659340659E-0002 -1.39318681318681E+0000
 411 -4.33699633699634E-0002 -1.37223443223443E+0000
 412 -4.09523809523810E-0002 -1.38835164835165E+0000
 413 -1.35531135531135E-0002 -1.41575091575092E+0000
 414  2.35164835164835E-0002 -1.38835164835165E+0000
 415  4.12454212454212E-0002 -1.38915750915751E+0000
 416  7.02564102564103E-0002 -1.37465201465201E+0000
 417  7.83150183150183E-0002 -1.39479853479853E+0000
 418  9.84615384615385E-0002 -1.36498168498168E+0000
 419  1.00879120879120E-0001 -1.40446886446886E+0000
 420  1.16190476190476E-0001 -1.37384615384615E+0000
 421  1.15384615384615E-0001 -1.39560439560440E+0000
 422  1.20219780219780E-0001 -1.38271062271062E+0000
 423  1.26666666666667E-0001 -1.35047619047619E+0000
 424  1.08131868131868E-0001 -1.36256410256410E+0000
 425  1.08937728937728E-0001 -1.39641025641026E+0000
 426  1.16190476190476E-0001 -1.38593406593407E+0000
 427  9.36263736263736E-0002 -1.38673992673993E+0000
 428  7.26739926739927E-0002 -1.38996336996337E+0000
 429  5.25274725274725E-0002 -1.34967032967033E+0000
 430  2.59340659340659E-0002 -1.40205128205128E+0000
 431  1.46520146520147E-0004 -1.38996336996337E+0000
 432 -2.80586080586081E-0002 -1.38432234432234E+0000
 433 -4.90109890109890E-0002 -1.37223443223443E+0000
 434 -8.60805860805861E-0002 -1.38835164835165E+0000
 435 -9.49450549450549E-0002 -1.36256410256410E+0000
 436 -1.15897435897435E-0001 -1.39721611721612E+0000
 437 -1.13479853479853E-0001 -1.36659340659341E+0000
 438 -1.29597069597070E-0001 -1.38271062271062E+0000
 439 -1.47326007326007E-0001 -1.38351648351648E+0000
 440 -1.30402930402930E-0001 -1.35692307692308E+0000
 441 -1.32014652014652E-0001 -1.39318681318681E+0000
 442 -1.23150183150183E-0001 -1.38512820512821E+0000
 443 -1.31208791208791E-0001 -1.38109890109890E+0000
 444 -9.97802197802198E-0002 -1.42300366300366E+0000
 445 -7.15750915750916E-0002 -1.38271062271062E+0000
 446 -4.09523809523810E-0002 -1.39802197802198E+0000
 447 -1.59706959706960E-0002 -1.38915750915751E+0000
 448  2.35164835164835E-0002 -1.38593406593407E+0000
 449  3.80219780219780E-0002 -1.38432234432234E+0000
 450  6.94505494505495E-0002 -1.39721611721612E+0000
 451  9.84615384615385E-0002 -1.36014652014652E+0000
 452  1.13772893772893E-0001 -1.37948717948718E+0000
 453  1.07326007326007E-0001 -1.41816849816850E+0000
 454  1.20219780219780E-0001 -1.39560439560440E+0000
 455  1.16996336996337E-0001 -1.41333333333333E+0000
 456  1.28278388278388E-0001 -1.37706959706960E+0000
 457  1.03296703296703E-0001 -1.39802197802198E+0000
 458  8.63736263736264E-0002 -1.38271062271062E+0000
 459  6.94505494505495E-0002 -1.35450549450549E+0000
 460  5.57509157509158E-0002 -1.42783882783883E+0000
 461  2.35164835164835E-0002 -1.38673992673993E+0000
 462 -1.19413919413919E-0002 -1.37304029304029E+0000
 463 -5.38461538461538E-0002 -1.40849816849817E+0000
 464 -5.62637362637363E-0002 -1.38109890109890E+0000
 465 -7.23809523809524E-0002 -1.40930402930403E+0000
 466 -8.76923076923077E-0002 -1.41091575091575E+0000
 467 -9.97802197802198E-0002 -1.38029304029304E+0000
 468 -1.23150183150183E-0001 -1.41172161172161E+0000
 469 -1.27985347985348E-0001 -1.41575091575092E+0000
 470 -1.29597069597070E-0001 -1.40446886446886E+0000
 471 -1.41684981684982E-0001 -1.40849816849817E+0000
 472 -1.32820512820513E-0001 -1.39560439560440E+0000
 473 -1.37655677655678E-0001 -1.36336996336996E+0000
 474 -1.27985347985348E-0001 -1.42945054945055E+0000
 475 -1.04615384615384E-0001 -1.39157509157509E+0000
 476 -8.52747252747253E-0002 -1.41655677655678E+0000
 477 -5.86813186813187E-0002 -1.37545787545788E+0000
 478 -2.48351648351648E-0002 -1.39157509157509E+0000
 479  1.22344322344322E-0002 -1.38351648351648E+0000
 480  2.67399267399267E-0002 -1.40205128205128E+0000
 481  7.83150183150183E-0002 -1.39318681318681E+0000
 482  9.44322344322344E-0002 -1.38351648351648E+0000
 483  1.06520146520146E-0001 -1.38029304029304E+0000
 484  1.21025641025641E-0001 -1.38109890109890E+0000
 485  1.25054945054945E-0001 -1.41333333333333E+0000
 486  1.21025641025641E-0001 -1.42219780219780E+0000
 487  1.16996336996337E-0001 -1.37868131868132E+0000
 488  1.15384615384615E-0001 -1.41091575091575E+0000
 489  1.00879120879120E-0001 -1.41494505494505E+0000
 490  9.68498168498168E-0002 -1.39560439560440E+0000
 491  9.44322344322344E-0002 -1.36498168498168E+0000
 492  7.99267399267399E-0002 -1.40124542124542E+0000
 493  5.73626373626374E-0002 -1.37868131868132E+0000
 494  3.72161172161172E-0002 -1.39479853479853E+0000
 495  2.43223443223443E-0002 -1.42139194139194E+0000
 496 -3.88278388278388E-0003 -1.40285714285714E+0000
 497 -3.12820512820513E-0002 -1.41091575091575E+0000
 498 -6.27106227106227E-0002 -1.40124542124542E+0000
 499 -9.09157509157509E-0002 -1.39882783882784E+0000
 500 -1.12673992673992E-0001 -1.40366300366300E+0000
 501 -1.30402930402930E-0001 -1.36175824175824E+0000
 502 -1.34432234432234E-0001 -1.39157509157509E+0000
 503 -1.36849816849817E-0001 -1.36659340659341E+0000
 504 -1.33626373626374E-0001 -1.38109890109890E+0000
 505 -1.36043956043956E-0001 -1.41897435897436E+0000
 506 -1.33626373626374E-0001 -1.40930402930403E+0000
 507 -1.14285714285714E-0001 -1.41494505494505E+0000
 508 -1.01391941391941E-0001 -1.41575091575092E+0000
 509 -7.96336996336996E-0002 -1.39318681318681E+0000
 510 -6.67399267399267E-0002 -1.36659340659341E+0000
 511 -6.27106227106227E-0002 -1.40205128205128E+0000
 512 -3.69230769230769E-0002 -1.38190476190476E+0000
 513  1.54578754578754E-0002 -1.40124542124542E+0000
 514  4.93040293040293E-0002 -1.36901098901099E+0000
 515  5.65567765567766E-0002 -1.37787545787546E+0000
 516  7.67032967032967E-0002 -1.40688644688645E+0000
 517  8.23443223443223E-0002 -1.38835164835165E+0000
 518  1.05714285714285E-0001 -1.38271062271062E+0000
 519  1.16190476190476E-0001 -1.39882783882784E+0000
 520  1.30695970695971E-0001 -1.41010989010989E+0000
 521  1.24249084249084E-0001 -1.41252747252747E+0000
 522  1.17802197802197E-0001 -1.36981684981685E+0000
 523  9.84615384615385E-0002 -1.40043956043956E+0000
 524  6.62271062271062E-0002 -1.36417582417582E+0000
 525  5.33333333333333E-0002 -1.39238095238095E+0000
 526  3.72161172161172E-0002 -1.39963369963370E+0000
 527  1.70695970695971E-0002 -1.38351648351648E+0000
 528 -7.91208791208791E-0003 -1.38835164835165E+0000
 529 -3.36996336996337E-0002 -1.38593406593407E+0000
 530 -4.82051282051282E-0002 -1.37545787545788E+0000
 531 -8.28571428571429E-0002 -1.40930402930403E+0000
 532 -1.03809523809523E-0001 -1.36336996336996E+0000
 533 -1.21538461538461E-0001 -1.39560439560440E+0000
 534 -1.34432234432234E-0001 -1.38432234432234E+0000
 535 -1.39267399267399E-0001 -1.41494505494505E+0000
 536 -1.36849816849817E-0001 -1.35772893772894E+0000
 537 -1.25567765567766E-0001 -1.38109890109890E+0000
 538 -1.09450549450549E-0001 -1.40285714285714E+0000
 539 -9.73626373626374E-0002 -1.41010989010989E+0000
 540 -6.19047619047619E-0002 -1.39479853479853E+0000
 541 -4.09523809523810E-0002 -1.38754578754579E+0000
 542  1.30402930402930E-0002 -1.36336996336996E+0000
 543  4.28571428571429E-0002 -1.40446886446886E+0000
 544  4.93040293040293E-0002 -1.37626373626374E+0000
 545  9.68498168498168E-0002 -1.37868131868132E+0000
 546  1.00879120879120E-0001 -1.41816849816850E+0000
 547  1.11355311355311E-0001 -1.37384615384615E+0000
 548  1.23443223443223E-0001 -1.41091575091575E+0000
 549  1.35531135531136E-0001 -1.39076923076923E+0000
 550  1.26666666666667E-0001 -1.40527472527473E+0000
 551  1.13772893772893E-0001 -1.38835164835165E+0000
 552  9.84615384615385E-0002 -1.39318681318681E+0000
 553  6.78388278388278E-0002 -1.37304029304029E+0000
 554  3.31868131868132E-0002 -1.38996336996337E+0000
 555  4.17582417582418E-0003 -1.36256410256410E+0000
 556 -3.12820512820513E-0002 -1.37465201465201E+0000
 557 -5.14285714285714E-0002 -1.41413919413919E+0000
 558 -5.70695970695971E-0002 -1.40930402930403E+0000
 559 -7.56043956043956E-0002 -1.38190476190476E+0000
 560 -1.12673992673992E-0001 -1.35611721611722E+0000
 561 -1.09450549450549E-0001 -1.38271062271062E+0000
 562 -1.16703296703296E-0001 -1.38029304029304E+0000
 563 -1.25567765567766E-0001 -1.39721611721612E+0000
 564 -1.31208791208791E-0001 -1.37545787545788E+0000
 565 -1.40879120879121E-0001 -1.41333333333333E+0000
 566 -1.36043956043956E-0001 -1.41252747252747E+0000
 567 -1.40073260073260E-0001 -1.39399267399267E+0000
 568 -1.41684981684982E-0001 -1.37545787545788E+0000
 569 -1.43296703296703E-0001 -1.41413919413919E+0000
 570 -1.18315018315018E-0001 -1.37787545787546E+0000
 571 -1.10256410256410E-0001 -1.39479853479853E+0000
 572 -1.03809523809523E-0001 -1.38512820512821E+0000
 573 -9.65567765567766E-0002 -1.38190476190476E+0000
 574 -7.56043956043956E-0002 -1.34564102564103E+0000
 575 -5.94871794871795E-0002 -1.39721611721612E+0000
 576 -2.48351648351648E-0002 -1.39318681318681E+0000
 577 -1.11355311355311E-0002 -1.36820512820513E+0000
 578  4.98168498168498E-0003 -1.37948717948718E+0000
 579  2.35164835164835E-0002 -1.41736263736264E+0000
 580  4.93040293040293E-0002 -1.39157509157509E+0000
 581  5.57509157509158E-0002 -1.40366300366300E+0000
 582  7.50915750915751E-0002 -1.40043956043956E+0000
 583  1.03296703296703E-0001 -1.37545787545788E+0000
 584  9.76556776556777E-0002 -1.38190476190476E+0000
 585  1.12967032967033E-0001 -1.38351648351648E+0000
 586  1.16996336996337E-0001 -1.38673992673993E+0000
 587  1.20219780219780E-0001 -1.35692307692308E+0000
 588  1.12161172161172E-0001 -1.40285714285714E+0000
 589  9.04029304029304E-0002 -1.36336996336996E+0000
 590  6.21978021978022E-0002 -1.41897435897436E+0000
 591  4.04395604395604E-0002 -1.39318681318681E+0000
 592  4.98168498168498E-0003 -1.41897435897436E+0000
 593 -3.36996336996337E-0002 -1.39318681318681E+0000
 594 -8.52747252747253E-0002 -1.37142857142857E+0000
 595 -9.33333333333333E-0002 -1.37545787545788E+0000
 596 -1.14285714285714E-0001 -1.40124542124542E+0000
 597 -1.27985347985348E-0001 -1.35934065934066E+0000
 598 -1.38461538461538E-0001 -1.42461538461538E+0000
 599 -1.46520146520147E-0001 -1.39963369963370E+0000
 600 -1.36849816849817E-0001 -1.38593406593407E+0000
 601 -1.20732600732600E-0001 -1.35047619047619E+0000
 602 -8.93040293040293E-0002 -1.39641025641026E+0000
 603 -5.78754578754579E-0002 -1.37465201465201E+0000
 604 -1.03296703296703E-0002 -1.41091575091575E+0000
 605  2.10989010989011E-0002 -1.40769230769231E+0000
 606  5.09157509157509E-0002 -1.39157509157509E+0000
 607  7.26739926739927E-0002 -1.36901098901099E+0000
 608  9.04029304029304E-0002 -1.37062271062271E+0000
 609  1.12967032967033E-0001 -1.36901098901099E+0000
 610  1.08937728937728E-0001 -1.38996336996337E+0000
 611  1.25054945054945E-0001 -1.37706959706960E+0000
 612  1.21831501831501E-0001 -1.37062271062271E+0000
 613  1.13772893772893E-0001 -1.40285714285714E+0000
 614  9.36263736263736E-0002 -1.39802197802198E+0000
 615  7.18681318681319E-0002 -1.39882783882784E+0000
 616  5.89743589743590E-0002 -1.36659340659341E+0000
 617  2.35164835164835E-0002 -1.39963369963370E+0000
 618 -1.19413919413919E-0002 -1.36095238095238E+0000
 619 -4.49816849816850E-0002 -1.38915750915751E+0000
 620 -4.73992673992674E-0002 -1.36901098901099E+0000
 621 -6.59340659340659E-0002 -1.40124542124542E+0000
 622 -1.12673992673992E-0001 -1.37868131868132E+0000
 623 -1.27985347985348E-0001 -1.36901098901099E+0000
 624 -1.32014652014652E-0001 -1.39802197802198E+0000
 625 -1.35238095238095E-0001 -1.39560439560440E+0000
 626 -1.32820512820513E-0001 -1.37142857142857E+0000
 627 -1.21538461538461E-0001 -1.36175824175824E+0000
 628 -9.65567765567766E-0002 -1.38915750915751E+0000
 629 -6.75457875457875E-0002 -1.37384615384615E+0000
 630 -4.09523809523810E-0002 -1.40366300366300E+0000
 631 -5.49450549450549E-0003 -1.40285714285714E+0000
 632  2.67399267399267E-0002 -1.38835164835165E+0000
 633  5.81684981684982E-0002 -1.37223443223443E+0000
 634  8.15384615384615E-0002 -1.39882783882784E+0000
 635  1.01684981684981E-0001 -1.39641025641026E+0000
 636  1.16996336996337E-0001 -1.37868131868132E+0000
 637  1.25860805860806E-0001 -1.38351648351648E+0000
 638  1.12161172161172E-0001 -1.40930402930403E+0000
 639  1.12161172161172E-0001 -1.40849816849817E+0000
 640  9.44322344322344E-0002 -1.40043956043956E+0000
 641  6.21978021978022E-0002 -1.41010989010989E+0000
 642  3.88278388278388E-0002 -1.41172161172161E+0000
 643  4.17582417582418E-0003 -1.36981684981685E+0000
 644 -2.64468864468864E-0002 -1.39802197802198E+0000
 645 -5.70695970695971E-0002 -1.40124542124542E+0000
 646 -8.60805860805861E-0002 -1.37626373626374E+0000
 647 -1.11868131868131E-0001 -1.41736263736264E+0000
 648 -1.32820512820513E-0001 -1.42783882783883E+0000
 649 -1.44908424908425E-0001 -1.37868131868132E+0000
 650 -1.39267399267399E-0001 -1.41736263736264E+0000
 651 -1.38461538461538E-0001 -1.37787545787546E+0000
 652 -1.20732600732600E-0001 -1.40769230769231E+0000
 653 -1.05421245421245E-0001 -1.34402930402930E+0000
 654 -8.44688644688645E-0002 -1.40285714285714E+0000
 655 -5.46520146520147E-0002 -1.34483516483516E+0000
 656 -2.16117216117216E-0002 -1.40366300366300E+0000
 657  8.20512820512821E-0003 -1.35208791208791E+0000
 658  4.28571428571429E-0002 -1.43186813186813E+0000
 659  6.13919413919414E-0002 -1.38109890109890E+0000
 660  9.20146520146520E-0002 -1.42945054945055E+0000
 661  1.09743589743589E-0001 -1.38593406593407E+0000
 662  1.16190476190476E-0001 -1.42380952380952E+0000
 663  1.20219780219780E-0001 -1.37626373626374E+0000
 664  1.15384615384615E-0001 -1.41091575091575E+0000
 665  1.00879120879120E-0001 -1.36014652014652E+0000
 666  7.42857142857143E-0002 -1.39641025641026E+0000
 667  4.93040293040293E-0002 -1.39318681318681E+0000
 668  1.94871794871795E-0002 -1.38754578754579E+0000
 669 -8.71794871794872E-0003 -1.37948717948718E+0000
 670 -4.33699633699634E-0002 -1.42461538461538E+0000
 671 -7.96336996336996E-0002 -1.38271062271062E+0000
 672 -1.05421245421245E-0001 -1.41575091575092E+0000
 673 -1.21538461538461E-0001 -1.36336996336996E+0000
 674 -1.39267399267399E-0001 -1.39560439560440E+0000
 675 -1.41684981684982E-0001 -1.37868131868132E+0000
 676 -1.35238095238095E-0001 -1.40688644688645E+0000
 677 -1.15091575091575E-0001 -1.35853479853480E+0000
 678 -1.08644688644688E-0001 -1.36336996336996E+0000
 679 -5.94871794871795E-0002 -1.39882783882784E+0000
 680 -4.09523809523810E-0002 -1.37223443223443E+0000
 681 -1.19413919413919E-0002 -1.42058608058608E+0000
 682  4.68864468864469E-0002 -1.37465201465201E+0000
 683  7.42857142857143E-0002 -1.41252747252747E+0000
 684  9.68498168498168E-0002 -1.38915750915751E+0000
 685  1.16190476190476E-0001 -1.35450549450549E+0000
 686  1.12967032967033E-0001 -1.40205128205128E+0000
 687  1.15384615384615E-0001 -1.38835164835165E+0000
 688  9.84615384615385E-0002 -1.41816849816850E+0000
 689  7.50915750915751E-0002 -1.37062271062271E+0000
 690  5.57509157509158E-0002 -1.39479853479853E+0000
 691  4.17582417582418E-0003 -1.39882783882784E+0000
 692 -3.69230769230769E-0002 -1.38351648351648E+0000
 693 -7.31868131868132E-0002 -1.38754578754579E+0000
 694 -9.01098901098901E-0002 -1.38754578754579E+0000
 695 -1.05421245421245E-0001 -1.37706959706960E+0000
 696 -1.25567765567766E-0001 -1.40527472527473E+0000
 697 -1.25567765567766E-0001 -1.35369963369963E+0000
 698 -1.43296703296703E-0001 -1.38351648351648E+0000
 699 -1.33626373626374E-0001 -1.36175824175824E+0000
 700 -1.31208791208791E-0001 -1.40446886446886E+0000
 701 -1.05421245421245E-0001 -1.35531135531136E+0000
 702 -7.96336996336996E-0002 -1.38029304029304E+0000
 703 -4.57875457875458E-0002 -1.37787545787546E+0000
 704 -1.75824175824176E-0002 -1.41494505494505E+0000
 705  1.06227106227106E-0002 -1.37948717948718E+0000
 706  2.67399267399267E-0002 -1.38754578754579E+0000
 707  7.34798534798535E-0002 -1.35047619047619E+0000
 708  7.99267399267399E-0002 -1.39560439560440E+0000
 709  1.08937728937728E-0001 -1.35450549450549E+0000
 710  1.19413919413919E-0001 -1.40608058608059E+0000
 711  1.45201465201465E-0001 -1.37626373626374E+0000
 712  1.28278388278388E-0001 -1.39157509157509E+0000
 713  1.05714285714285E-0001 -1.35450549450549E+0000
 714  7.58974358974359E-0002 -1.41494505494505E+0000
 715  1.01684981684981E-0001 -1.38512820512821E+0000
 716  2.51282051282051E-0002 -1.40124542124542E+0000
 717 -6.30036630036630E-0003 -1.36739926739927E+0000
 718 -2.88644688644689E-0002 -1.38432234432234E+0000
 719 -7.72161172161172E-0002 -1.38915750915751E+0000
 720 -9.49450549450549E-0002 -1.40285714285714E+0000
 721 -9.65567765567766E-0002 -1.36981684981685E+0000
 722 -1.31208791208791E-0001 -1.37787545787546E+0000
 723 -1.54578754578755E-0001 -1.39802197802198E+0000
 724 -1.44102564102564E-0001 -1.42058608058608E+0000
 725 -1.23956043956044E-0001 -1.37787545787546E+0000
 726 -1.21538461538461E-0001 -1.38996336996337E+0000
 727 -8.60805860805861E-0002 -1.38432234432234E+0000
 728 -6.91575091575092E-0002 -1.36256410256410E+0000
 729 -5.38461538461538E-0002 -1.38109890109890E+0000
 730 -1.75824175824176E-0002 -1.37787545787546E+0000
 731  2.19047619047619E-0002 -1.40527472527473E+0000
 732  4.93040293040293E-0002 -1.35047619047619E+0000
 733  6.70329670329670E-0002 -1.37545787545788E+0000
 734  1.00879120879120E-0001 -1.35369963369963E+0000
 735  1.18608058608058E-0001 -1.37868131868132E+0000
 736  1.26666666666667E-0001 -1.37384615384615E+0000
 737  1.30695970695971E-0001 -1.40285714285714E+0000
 738  1.11355311355311E-0001 -1.40043956043956E+0000
 739  9.12087912087912E-0002 -1.39318681318681E+0000
 740  7.26739926739927E-0002 -1.39399267399267E+0000
 741  3.96336996336996E-0002 -1.38593406593407E+0000
 742 -2.27106227106227E-0003 -1.38835164835165E+0000
 743 -2.80586080586081E-0002 -1.37384615384615E+0000
 744 -5.62637362637363E-0002 -1.37223443223443E+0000
 745 -7.96336996336996E-0002 -1.40124542124542E+0000
 746 -1.07032967032967E-0001 -1.38512820512821E+0000
 747 -1.07032967032967E-0001 -1.37223443223443E+0000
 748 -1.43296703296703E-0001 -1.37223443223443E+0000
 749 -1.40879120879121E-0001 -1.40608058608059E+0000
 750 -1.27985347985348E-0001 -1.36417582417582E+0000
 751 -1.16703296703296E-0001 -1.38512820512821E+0000
 752 -9.65567765567766E-0002 -1.38109890109890E+0000
 753 -7.39926739926740E-0002 -1.41816849816850E+0000
 754 -4.73992673992674E-0002 -1.37142857142857E+0000
 755 -1.51648351648351E-0002 -1.39882783882784E+0000
 756  1.78754578754579E-0002 -1.40043956043956E+0000
 757  5.73626373626374E-0002 -1.39238095238095E+0000
 758  7.50915750915751E-0002 -1.36901098901099E+0000
 759  9.44322344322344E-0002 -1.38593406593407E+0000
 760  1.04102564102564E-0001 -1.37948717948718E+0000
 761  1.21025641025641E-0001 -1.40446886446886E+0000
 762  1.23443223443223E-0001 -1.36498168498168E+0000
 763  1.22637362637362E-0001 -1.38835164835165E+0000
 764  1.03296703296703E-0001 -1.37787545787546E+0000
 765  8.47619047619048E-0002 -1.41172161172161E+0000
 766  5.33333333333333E-0002 -1.36981684981685E+0000
 767  2.27106227106227E-0002 -1.40043956043956E+0000
 768 -7.91208791208791E-0003 -1.36659340659341E+0000
 769 -4.09523809523810E-0002 -1.39802197802198E+0000
 770 -7.39926739926740E-0002 -1.40124542124542E+0000
 771 -1.00586080586080E-0001 -1.37787545787546E+0000
 772 -1.15897435897435E-0001 -1.38029304029304E+0000
 773 -1.33626373626374E-0001 -1.41333333333333E+0000
 774 -1.40073260073260E-0001 -1.37142857142857E+0000
 775 -1.36043956043956E-0001 -1.40849816849817E+0000
 776 -1.23150183150183E-0001 -1.35853479853480E+0000
 777 -9.73626373626374E-0002 -1.38593406593407E+0000
 778 -8.36630036630037E-0002 -1.37948717948718E+0000
 779 -5.54578754578755E-0002 -1.40285714285714E+0000
 780 -2.24175824175824E-0002 -1.34886446886447E+0000
 781  9.01098901098901E-0003 -1.42058608058608E+0000
 782  4.20512820512821E-0002 -1.36175824175824E+0000
 783  6.86446886446886E-0002 -1.38996336996337E+0000
 784  9.36263736263736E-0002 -1.38109890109890E+0000
 785  1.14578754578754E-0001 -1.41413919413919E+0000
 786  1.25054945054945E-0001 -1.40124542124542E+0000
 787  1.20219780219780E-0001 -1.38996336996337E+0000
 788  1.18608058608058E-0001 -1.37706959706960E+0000
 789  9.44322344322344E-0002 -1.41575091575092E+0000
 790  7.99267399267399E-0002 -1.39479853479853E+0000
 791  6.70329670329670E-0002 -1.39157509157509E+0000
 792  3.23809523809524E-0002 -1.37304029304029E+0000
 793  3.36996336996337E-0003 -1.38029304029304E+0000
 794 -2.80586080586081E-0002 -1.40527472527473E+0000
 795 -5.62637362637363E-0002 -1.37787545787546E+0000
 796 -9.25274725274725E-0002 -1.39560439560440E+0000
 797 -1.19926739926739E-0001 -1.39963369963370E+0000
 798 -1.27985347985348E-0001 -1.38593406593407E+0000
 799 -1.47326007326007E-0001 -1.38754578754579E+0000
 800 -1.37655677655678E-0001 -1.37223443223443E+0000
 801 -1.40073260073260E-0001 -1.37948717948718E+0000
 802 -1.22344322344322E-0001 -1.40285714285714E+0000
 803 -1.05421245421245E-0001 -1.40930402930403E+0000
 804 -6.67399267399267E-0002 -1.38190476190476E+0000
 805 -3.69230769230769E-0002 -1.37706959706960E+0000
 806  1.75824175824176E-0003 -1.38432234432234E+0000
 807  2.02930402930403E-0002 -1.39479853479853E+0000
 808  6.78388278388278E-0002 -1.35450549450549E+0000
 809  8.15384615384615E-0002 -1.39882783882784E+0000
 810  9.76556776556777E-0002 -1.37787545787546E+0000
