 0 -2.81904761904762E-0001 -1.38512820512821E+0000
 1 -2.54505494505495E-0001 -1.38754578754579E+0000
 2 -5.22344322344322E-0002 -1.36336996336996E+0000
 3 -1.59706959706960E-0002 -1.38754578754579E+0000
 4 -1.92454212454212E-0001 -1.39238095238095E+0000
 5 -3.23809523809524E-0001 -1.39076923076923E+0000
 6 -3.19780219780220E-0001 -1.37626373626374E+0000
 7 -3.07692307692308E-0001 -1.40769230769231E+0000
 8 -3.35091575091575E-0001 -1.40043956043956E+0000
 9 -1.23956043956044E-0001 -1.38351648351648E+0000
 10 -3.77289377289377E-0002 -1.35369963369963E+0000
 11 -6.59340659340659E-0002 -1.38190476190476E+0000
 12  4.17582417582418E-0003 -1.34967032967033E+0000
 13 -2.46446886446886E-0001 -1.38190476190476E+0000
 14 -7.10622710622711E-0003 -1.34322344322344E+0000
 15 -3.07692307692308E-0003 -1.35692307692308E+0000
 16 -2.88644688644689E-0002 -1.37142857142857E+0000
 17 -1.35531135531135E-0002 -1.39076923076923E+0000
 18 -6.02930402930403E-0002 -1.37142857142857E+0000
 19 -2.96703296703297E-0002 -1.39479853479853E+0000
 20 -8.93040293040293E-0002 -1.37304029304029E+0000
 21 -2.32234432234432E-0002 -1.38835164835165E+0000
 22 -3.14945054945055E-0001 -1.37868131868132E+0000
 23 -9.25274725274725E-0002 -1.41091575091575E+0000
 24 -4.57875457875458E-0002 -1.39238095238095E+0000
 25 -3.51208791208791E-0001 -1.39882783882784E+0000
 26 -1.70695970695971E-0001 -1.37948717948718E+0000
 27 -1.91648351648352E-0001 -1.42058608058608E+0000
 28 -1.21538461538461E-0001 -1.39802197802198E+0000
 29 -1.49743589743590E-0001 -1.36901098901099E+0000
 30 -1.79560439560440E-0001 -1.38593406593407E+0000
 31 -2.01318681318681E-0001 -1.38593406593407E+0000
 32 -3.45054945054945E-0002 -1.35853479853480E+0000
 33 -2.89963369963370E-0001 -1.39479853479853E+0000
 34 -1.02197802197802E-0001 -1.35369963369963E+0000
 35 -2.80586080586081E-0002 -1.38673992673993E+0000
 36 -3.23003663003663E-0001 -1.38673992673993E+0000
 37 -3.40732600732601E-0001 -1.38351648351648E+0000
 38 -9.57509157509158E-0002 -1.34805860805861E+0000
 39 -3.17362637362637E-0001 -1.39963369963370E+0000
 40 -2.13406593406593E-0001 -1.39076923076923E+0000
 41 -1.26373626373626E-0001 -1.36095238095238E+0000
 42 -2.73846153846154E-0001 -1.40043956043956E+0000
 43 -2.34358974358974E-0001 -1.40285714285714E+0000
 44  1.22344322344322E-0002 -1.36981684981685E+0000
 45 -2.75457875457875E-0001 -1.41010989010989E+0000
 46 -1.77142857142857E-0001 -1.38432234432234E+0000
 47 -2.95604395604396E-0001 -1.38754578754579E+0000
 48 -1.75531135531136E-0001 -1.37868131868132E+0000
 49 -2.27106227106227E-0003 -1.38512820512821E+0000
 50 -4.90109890109890E-0002 -1.36820512820513E+0000
 51 -2.68205128205128E-0001 -1.42300366300366E+0000
 52 -3.35091575091575E-0001 -1.41897435897436E+0000
 53 -1.31208791208791E-0001 -1.39963369963370E+0000
 54 -1.82783882783883E-0001 -1.38835164835165E+0000
 55 -2.09377289377289E-0001 -1.38512820512821E+0000
 56 -4.17582417582418E-0002 -1.35531135531136E+0000
 57 -1.22344322344322E-0001 -1.38915750915751E+0000
 58 -3.35897435897436E-0001 -1.38351648351648E+0000
 59  9.81684981684982E-0003 -1.34564102564103E+0000
 60 -1.09450549450549E-0001 -1.37868131868132E+0000
 61 -1.01391941391941E-0001 -1.39721611721612E+0000
 62  1.86813186813187E-0002 -1.37142857142857E+0000
 63 -2.88644688644689E-0002 -1.39721611721612E+0000
 64 -2.55311355311355E-0001 -1.40285714285714E+0000
 65 -1.95677655677656E-0001 -1.38835164835165E+0000
 66  6.21978021978022E-0002 -1.34322344322344E+0000
 67 -2.27106227106227E-0003 -1.36256410256410E+0000
 68 -1.15897435897435E-0001 -1.38996336996337E+0000
 69 -1.03296703296703E-0002 -1.35692307692308E+0000
 70  7.02564102564103E-0002 -1.36498168498168E+0000
 71 -1.89230769230769E-0001 -1.40849816849817E+0000
 72  2.75457875457875E-0002 -1.37142857142857E+0000
 73 -2.88644688644689E-0002 -1.38673992673993E+0000
 74 -2.81098901098901E-0001 -1.39963369963370E+0000
 75  9.76556776556777E-0002 -1.36981684981685E+0000
 76 -2.08571428571429E-0001 -1.40527472527473E+0000
 77  1.06227106227106E-0002 -1.37142857142857E+0000
 78 -2.34358974358974E-0001 -1.41816849816850E+0000
 79 -2.49670329670330E-0001 -1.42703296703297E+0000
 80 -2.66593406593407E-0001 -1.41736263736264E+0000
 81  5.57509157509158E-0002 -1.37787545787546E+0000
 82 -1.40879120879121E-0001 -1.41172161172161E+0000
 83  9.76556776556777E-0002 -1.38835164835165E+0000
 84  9.76556776556777E-0002 -1.36336996336996E+0000
 85 -4.01465201465201E-0002 -1.38029304029304E+0000
 86 -1.55384615384615E-0001 -1.42300366300366E+0000
 87 -1.57802197802198E-0001 -1.42703296703297E+0000
 88  1.04102564102564E-0001 -1.38754578754579E+0000
 89 -1.32820512820513E-0001 -1.39076923076923E+0000
 90  1.03296703296703E-0001 -1.36175824175824E+0000
 91  6.21978021978022E-0002 -1.40043956043956E+0000
 92  6.30036630036630E-0002 -1.39238095238095E+0000
 93  1.70695970695971E-0002 -1.37223443223443E+0000
 94  1.64542124542125E-0001 -1.38190476190476E+0000
 95  2.91575091575092E-0002 -1.37787545787546E+0000
 96  3.31868131868132E-0002 -1.39318681318681E+0000
 97  1.42783882783883E-0001 -1.37142857142857E+0000
 98  1.79047619047619E-0001 -1.38512820512821E+0000
 99 -2.21465201465201E-0001 -1.41413919413919E+0000
 100  1.85494505494505E-0001 -1.36498168498168E+0000
 101 -8.76923076923077E-0002 -1.39721611721612E+0000
 102 -5.49450549450549E-0003 -1.37062271062271E+0000
 103 -2.27106227106227E-0003 -1.40769230769231E+0000
 104 -1.38461538461538E-0001 -1.39641025641026E+0000
 105  1.78754578754579E-0002 -1.37465201465201E+0000
 106 -1.97289377289377E-0001 -1.42219780219780E+0000
 107 -1.41684981684982E-0001 -1.42058608058608E+0000
 108  5.17216117216117E-0002 -1.39560439560440E+0000
 109  1.95970695970696E-0001 -1.36175824175824E+0000
 110 -1.77948717948718E-0001 -1.41575091575092E+0000
 111 -6.10989010989011E-0002 -1.41010989010989E+0000
 112  1.33919413919414E-0001 -1.37142857142857E+0000
 113 -1.50549450549451E-0001 -1.41333333333333E+0000
 114 -1.38461538461538E-0001 -1.41494505494505E+0000
 115 -1.56996336996337E-0001 -1.40366300366300E+0000
 116  1.98388278388278E-0001 -1.37062271062271E+0000
 117  1.41172161172161E-0001 -1.38271062271062E+0000
 118 -1.78754578754579E-0001 -1.38593406593407E+0000
 119  1.33113553113553E-0001 -1.36417582417582E+0000
 120  2.20952380952381E-0001 -1.37384615384615E+0000
 121  1.52454212454212E-0001 -1.39238095238095E+0000
 122 -1.27472527472527E-0002 -1.38190476190476E+0000
 123  1.98388278388278E-0001 -1.34805860805861E+0000
 124 -1.07032967032967E-0001 -1.38835164835165E+0000
 125  1.62124542124542E-0001 -1.34322344322344E+0000
 126 -5.62637362637363E-0002 -1.38109890109890E+0000
 127 -1.27472527472527E-0002 -1.42219780219780E+0000
 128 -9.52380952380952E-0003 -1.41575091575092E+0000
 129 -1.11868131868131E-0001 -1.40446886446886E+0000
 130  2.05641025641026E-0001 -1.36981684981685E+0000
 131  6.86446886446886E-0002 -1.40608058608059E+0000
 132  1.25860805860806E-0001 -1.39399267399267E+0000
 133 -1.47326007326007E-0001 -1.40366300366300E+0000
 134 -2.96703296703297E-0002 -1.39238095238095E+0000
 135  1.64542124542125E-0001 -1.37626373626374E+0000
 136 -5.54578754578755E-0002 -1.41413919413919E+0000
 137  1.62637362637363E-0002 -1.39479853479853E+0000
 138  1.90329670329670E-0001 -1.36095238095238E+0000
 139  1.10549450549450E-0001 -1.40205128205128E+0000
 140  2.11282051282051E-0001 -1.37142857142857E+0000
 141  1.97582417582418E-0001 -1.38915750915751E+0000
 142  2.04835164835165E-0001 -1.35934065934066E+0000
 143 -1.64249084249084E-0001 -1.41172161172161E+0000
 144  2.04029304029304E-0001 -1.37626373626374E+0000
 145  8.23443223443223E-0002 -1.40124542124542E+0000
 146  4.93040293040293E-0002 -1.38754578754579E+0000
 147 -1.56996336996337E-0001 -1.39802197802198E+0000
 148 -2.16117216117216E-0002 -1.37223443223443E+0000
 149  2.00805860805861E-0001 -1.37868131868132E+0000
 150 -1.76336996336996E-0001 -1.43186813186813E+0000
 151 -1.05421245421245E-0001 -1.43750915750916E+0000
 152 -1.10256410256410E-0001 -1.42783882783883E+0000
 153 -5.38461538461538E-0002 -1.40688644688645E+0000
 154 -1.67765567765568E-0002 -1.40608058608059E+0000
 155 -1.44102564102564E-0001 -1.41897435897436E+0000
 156 -1.63443223443223E-0001 -1.41252747252747E+0000
 157  1.36336996336996E-0001 -1.38271062271062E+0000
 158  1.58901098901099E-0001 -1.35611721611722E+0000
 159  7.50915750915751E-0002 -1.38593406593407E+0000
 160  7.26739926739927E-0002 -1.37223443223443E+0000
 161 -2.28717948717949E-0001 -1.41816849816850E+0000
 162 -2.18241758241758E-0001 -1.41816849816850E+0000
 163 -2.30329670329670E-0001 -1.42380952380952E+0000
 164 -1.80366300366300E-0001 -1.41978021978022E+0000
 165  8.63736263736264E-0002 -1.38835164835165E+0000
 166  2.56410256410256E-0003 -1.37384615384615E+0000
 167 -2.47252747252747E-0001 -1.43106227106227E+0000
 168 -2.48864468864469E-0001 -1.42783882783883E+0000
 169 -2.22271062271062E-0001 -1.41252747252747E+0000
 170  1.29084249084249E-0001 -1.38109890109890E+0000
 171 -8.52747252747253E-0002 -1.43509157509158E+0000
 172 -3.61172161172161E-0002 -1.42058608058608E+0000
 173 -2.13406593406593E-0001 -1.41091575091575E+0000
 174 -2.72527472527473E-0002 -1.39560439560440E+0000
 175  1.07326007326007E-0001 -1.37142857142857E+0000
 176 -2.21465201465201E-0001 -1.41172161172161E+0000
 177 -1.69084249084249E-0001 -1.40608058608059E+0000
 178  9.20146520146520E-0002 -1.37787545787546E+0000
 179 -3.77289377289377E-0002 -1.42058608058608E+0000
 180 -1.92454212454212E-0001 -1.41736263736264E+0000
 181 -1.63443223443223E-0001 -1.39963369963370E+0000
 182  7.10622710622711E-0002 -1.36981684981685E+0000
 183 -2.88351648351648E-0001 -1.42139194139194E+0000
 184  5.57509157509158E-0002 -1.38432234432234E+0000
 185 -1.25567765567766E-0001 -1.36901098901099E+0000
 186 -1.20732600732600E-0001 -1.38351648351648E+0000
 187 -2.27106227106227E-0003 -1.35772893772894E+0000
 188 -2.10183150183150E-0001 -1.38512820512821E+0000
 189 -2.81904761904762E-0001 -1.37465201465201E+0000
 190 -3.03663003663004E-0001 -1.41413919413919E+0000
 191  4.28571428571429E-0002 -1.38190476190476E+0000
 192 -9.09157509157509E-0002 -1.35772893772894E+0000
 193 -6.51282051282051E-0002 -1.37787545787546E+0000
 194 -1.43296703296703E-0001 -1.41333333333333E+0000
 195 -1.45714285714286E-0001 -1.40849816849817E+0000
 196 -1.86007326007326E-0001 -1.38593406593407E+0000
 197  1.30402930402930E-0002 -1.35208791208791E+0000
 198  9.52380952380952E-0004 -1.37384615384615E+0000
 199  1.06227106227106E-0002 -1.40769230769231E+0000
 200 -3.34285714285714E-0001 -1.40849816849817E+0000
 201 -2.73040293040293E-0001 -1.38754578754579E+0000
 202 -2.23882783882784E-0001 -1.37142857142857E+0000
 203 -4.09523809523810E-0002 -1.38754578754579E+0000
 204 -2.48058608058608E-0001 -1.38190476190476E+0000
 205 -1.75824175824176E-0002 -1.34483516483516E+0000
 206  1.38461538461538E-0002 -1.36095238095238E+0000
 207 -4.68864468864469E-0003 -1.38996336996337E+0000
 208 -3.16556776556777E-0001 -1.39157509157509E+0000
 209  6.59340659340659E-0003 -1.35450549450549E+0000
 210 -3.28644688644689E-0001 -1.40688644688645E+0000
 211 -1.11355311355311E-0002 -1.38593406593407E+0000
 212 -3.50402930402930E-0001 -1.39076923076923E+0000
 213 -2.80586080586081E-0002 -1.35531135531136E+0000
 214 -2.15018315018315E-0001 -1.38996336996337E+0000
 215 -5.49450549450549E-0003 -1.36336996336996E+0000
 216 -2.48864468864469E-0001 -1.39882783882784E+0000
 217 -3.76996336996337E-0001 -1.39882783882784E+0000
 218 -2.12600732600733E-0001 -1.37868131868132E+0000
 219 -1.35531135531135E-0002 -1.39802197802198E+0000
 220 -2.96703296703297E-0002 -1.37062271062271E+0000
 221 -1.67765567765568E-0002 -1.38512820512821E+0000
 222 -1.41684981684982E-0001 -1.38109890109890E+0000
 223 -1.83882783882784E-0002 -1.40446886446886E+0000
 224 -8.20512820512821E-0002 -1.38432234432234E+0000
 225 -1.97289377289377E-0001 -1.36417582417582E+0000
 226  1.75824175824176E-0003 -1.37384615384615E+0000
 227 -2.00000000000000E-0002 -1.40688644688645E+0000
 228 -3.20879120879121E-0002 -1.39076923076923E+0000
 229 -1.20732600732600E-0001 -1.37787545787546E+0000
 230 -3.50402930402930E-0001 -1.42461538461538E+0000
 231 -2.08571428571429E-0001 -1.41172161172161E+0000
 232 -2.11794871794872E-0001 -1.40688644688645E+0000
 233 -3.11721611721612E-0001 -1.40205128205128E+0000
 234 -1.00586080586080E-0001 -1.36820512820513E+0000
 235 -2.53699633699634E-0001 -1.42139194139194E+0000
 236 -1.61831501831502E-0001 -1.38915750915751E+0000
 237 -3.63296703296703E-0001 -1.38351648351648E+0000
 238 -3.17362637362637E-0001 -1.37384615384615E+0000
 239 -2.60146520146520E-0001 -1.41252747252747E+0000
 240 -3.56849816849817E-0001 -1.41172161172161E+0000
 241 -2.27106227106227E-0003 -1.37304029304029E+0000
 242 -2.93992673992674E-0001 -1.42461538461538E+0000
 243 -7.64102564102564E-0002 -1.41333333333333E+0000
 244 -1.10256410256410E-0001 -1.40608058608059E+0000
 245 -3.52014652014652E-0001 -1.41413919413919E+0000
 246 -2.69816849816850E-0001 -1.39802197802198E+0000
 247 -3.20879120879121E-0002 -1.37868131868132E+0000
 248  1.75824175824176E-0003 -1.38835164835165E+0000
 249 -2.99633699633700E-0001 -1.38835164835165E+0000
 250 -1.73113553113553E-0001 -1.35853479853480E+0000
 251 -4.09523809523810E-0002 -1.38351648351648E+0000
 252 -1.19413919413919E-0002 -1.35531135531136E+0000
 253 -1.27179487179487E-0001 -1.39076923076923E+0000
 254 -8.76923076923077E-0002 -1.37787545787546E+0000
 255 -1.32014652014652E-0001 -1.41897435897436E+0000
 256  2.10989010989011E-0002 -1.39076923076923E+0000
 257 -2.10183150183150E-0001 -1.38915750915751E+0000
 258 -1.73113553113553E-0001 -1.37626373626374E+0000
 259  4.76923076923077E-0002 -1.38835164835165E+0000
 260 -1.73919413919414E-0001 -1.37626373626374E+0000
 261 -1.66666666666667E-0001 -1.38996336996337E+0000
 262 -1.35531135531135E-0002 -1.36659340659341E+0000
 263 -3.01245421245421E-0001 -1.42139194139194E+0000
 264 -3.07692307692308E-0003 -1.38593406593407E+0000
 265 -2.91575091575092E-0001 -1.40124542124542E+0000
 266  2.67399267399267E-0002 -1.35531135531136E+0000
 267  9.52380952380952E-0004 -1.38351648351648E+0000
 268 -5.49450549450549E-0003 -1.35128205128205E+0000
 269 -1.43589743589743E-0002 -1.37304029304029E+0000
 270 -9.25274725274725E-0002 -1.41413919413919E+0000
 271 -2.34358974358974E-0001 -1.41736263736264E+0000
 272 -1.40879120879121E-0001 -1.39479853479853E+0000
 273 -1.82783882783883E-0001 -1.37384615384615E+0000
 274  9.12087912087912E-0002 -1.38673992673993E+0000
 275  7.50915750915751E-0002 -1.37142857142857E+0000
 276  3.72161172161172E-0002 -1.39238095238095E+0000
 277 -1.52161172161172E-0001 -1.39479853479853E+0000
 278 -4.09523809523810E-0002 -1.36498168498168E+0000
 279  1.06520146520146E-0001 -1.38512820512821E+0000
 280 -2.15018315018315E-0001 -1.38190476190476E+0000
 281  3.56043956043956E-0002 -1.34967032967033E+0000
 282  5.49450549450549E-0002 -1.36820512820513E+0000
 283  1.06227106227106E-0002 -1.40849816849817E+0000
 284 -1.11868131868131E-0001 -1.39963369963370E+0000
 285  9.12087912087912E-0002 -1.36578754578755E+0000
 286  1.31501831501832E-0001 -1.38673992673993E+0000
 287 -6.10989010989011E-0002 -1.39560439560440E+0000
 288 -2.35970695970696E-0001 -1.39076923076923E+0000
 289  1.48424908424908E-0001 -1.34886446886447E+0000
 290  2.75457875457875E-0002 -1.38593406593407E+0000
 291  1.58901098901099E-0001 -1.36578754578755E+0000
 292  5.57509157509158E-0002 -1.38754578754579E+0000
 293 -1.25567765567766E-0001 -1.38512820512821E+0000
 294  6.13919413919414E-0002 -1.35208791208791E+0000
 295  1.14285714285714E-0002 -1.38190476190476E+0000
 296  6.86446886446886E-0002 -1.35611721611722E+0000
 297  6.30036630036630E-0002 -1.37948717948718E+0000
 298  1.62124542124542E-0001 -1.40608058608059E+0000
 299 -1.56996336996337E-0001 -1.40769230769231E+0000
 300  1.95164835164835E-0001 -1.36014652014652E+0000
 301  1.91135531135531E-0001 -1.38109890109890E+0000
 302 -1.06227106227106E-0001 -1.43992673992674E+0000
 303 -1.05421245421245E-0001 -1.41978021978022E+0000
 304  1.50036630036630E-0001 -1.39641025641026E+0000
 305  3.56043956043956E-0002 -1.39076923076923E+0000
 306  6.21978021978022E-0002 -1.37142857142857E+0000
 307  9.36263736263736E-0002 -1.39399267399267E+0000
 308  2.04029304029304E-0001 -1.36901098901099E+0000
 309  3.80219780219780E-0002 -1.39318681318681E+0000
 310 -4.57875457875458E-0002 -1.39963369963370E+0000
 311 -1.15091575091575E-0001 -1.39802197802198E+0000
 312  1.34725274725275E-0001 -1.35450549450549E+0000
 313 -1.65054945054945E-0001 -1.40446886446886E+0000
 314 -4.82051282051282E-0002 -1.36901098901099E+0000
 315 -1.13479853479853E-0001 -1.40124542124542E+0000
 316 -1.17509157509157E-0001 -1.39641025641026E+0000
 317  4.28571428571429E-0002 -1.38190476190476E+0000
 318  1.49230769230769E-0001 -1.38029304029304E+0000
 319 -9.33333333333333E-0002 -1.41736263736264E+0000
 320  2.04029304029304E-0001 -1.39157509157509E+0000
 321  1.45201465201465E-0001 -1.36417582417582E+0000
 322 -1.31208791208791E-0001 -1.40205128205128E+0000
 323  4.28571428571429E-0002 -1.37142857142857E+0000
 324  1.56483516483516E-0001 -1.38754578754579E+0000
 325  1.79853479853480E-0001 -1.36820512820513E+0000
 326  1.70989010989011E-0001 -1.39318681318681E+0000
 327 -8.76923076923077E-0002 -1.39721611721612E+0000
 328  8.31501831501832E-0002 -1.37304029304029E+0000
 329 -1.72307692307692E-0001 -1.41413919413919E+0000
 330  1.50036630036630E-0001 -1.37787545787546E+0000
 331  8.87912087912088E-0002 -1.41575091575092E+0000
 332 -1.39267399267399E-0001 -1.42622710622711E+0000
 333 -1.55384615384615E-0001 -1.42461538461538E+0000
 334  1.87106227106227E-0001 -1.39721611721612E+0000
 335  2.10476190476190E-0001 -1.37384615384615E+0000
 336  3.88278388278388E-0002 -1.40849816849817E+0000
 337 -1.59706959706960E-0002 -1.39802197802198E+0000
 338 -1.43589743589743E-0002 -1.38915750915751E+0000
 339 -1.10256410256410E-0001 -1.38915750915751E+0000
 340  8.23443223443223E-0002 -1.37062271062271E+0000
 341 -1.00586080586080E-0001 -1.41494505494505E+0000
 342 -8.84981684981685E-0002 -1.41091575091575E+0000
 343  1.06227106227106E-0002 -1.39560439560440E+0000
 344 -1.97289377289377E-0001 -1.39318681318681E+0000
 345  4.52747252747253E-0002 -1.37868131868132E+0000
 346 -1.73113553113553E-0001 -1.40769230769231E+0000
 347  1.83882783882784E-0001 -1.37304029304029E+0000
 348 -8.93040293040293E-0002 -1.42542124542125E+0000
 349 -2.40293040293040E-0002 -1.42703296703297E+0000
 350  1.65347985347985E-0001 -1.38512820512821E+0000
 351 -1.27179487179487E-0001 -1.39157509157509E+0000
 352  1.36336996336996E-0001 -1.36498168498168E+0000
 353 -2.23076923076923E-0001 -1.37545787545788E+0000
 354 -1.87619047619048E-0001 -1.42058608058608E+0000
 355  3.31868131868132E-0002 -1.38754578754579E+0000
 356  1.24249084249084E-0001 -1.39076923076923E+0000
 357 -2.08571428571429E-0001 -1.39479853479853E+0000
 358 -1.41684981684982E-0001 -1.38512820512821E+0000
 359 -1.94871794871795E-0001 -1.34564102564103E+0000
 360  1.33113553113553E-0001 -1.35934065934066E+0000
 361 -2.50476190476190E-0001 -1.41413919413919E+0000
 362 -4.01465201465201E-0002 -1.38432234432234E+0000
 363 -2.42417582417582E-0001 -1.38432234432234E+0000
 364 -2.69816849816850E-0001 -1.37787545787546E+0000
 365  4.17582417582418E-0003 -1.36981684981685E+0000
 366 -8.36630036630037E-0002 -1.39721611721612E+0000
 367  9.81684981684982E-0003 -1.37948717948718E+0000
 368 -2.47252747252747E-0001 -1.40769230769231E+0000
 369 -7.88278388278388E-0002 -1.39238095238095E+0000
 370 -7.91208791208791E-0003 -1.43428571428571E+0000
 371 -2.36776556776557E-0001 -1.43106227106227E+0000
 372  3.39926739926740E-0002 -1.40205128205128E+0000
 373 -2.97216117216117E-0001 -1.40688644688645E+0000
 374 -3.17362637362637E-0001 -1.41252747252747E+0000
 375 -3.06080586080586E-0001 -1.41172161172161E+0000
 376 -1.46520146520146E-0003 -1.38432234432234E+0000
 377 -3.31868131868132E-0001 -1.40205128205128E+0000
 378 -1.24761904761904E-0001 -1.40205128205128E+0000
 379  2.19047619047619E-0002 -1.36336996336996E+0000
 380  2.83516483516484E-0002 -1.38512820512821E+0000
 381 -3.02051282051282E-0001 -1.37304029304029E+0000
 382 -1.59413919413919E-0001 -1.39560439560440E+0000
 383 -3.21391941391941E-0001 -1.36417582417582E+0000
 384  4.17582417582418E-0003 -1.37465201465201E+0000
 385 -1.93260073260073E-0001 -1.39882783882784E+0000
 386 -3.00439560439560E-0001 -1.40366300366300E+0000
 387 -6.91575091575092E-0002 -1.36417582417582E+0000
 388  4.17582417582418E-0003 -1.39963369963370E+0000
 389 -2.88644688644689E-0002 -1.38351648351648E+0000
 390 -3.33479853479853E-0001 -1.36901098901099E+0000
 391 -2.91575091575092E-0001 -1.39963369963370E+0000
 392 -1.42490842490842E-0001 -1.39641025641026E+0000
 393 -3.02051282051282E-0001 -1.39560439560440E+0000
 394 -3.39926739926740E-0001 -1.38271062271062E+0000
 395 -1.65054945054945E-0001 -1.35611721611722E+0000
 396 -3.07692307692308E-0003 -1.38109890109890E+0000
 397 -6.19047619047619E-0002 -1.41736263736264E+0000
 398 -3.36996336996337E-0002 -1.36336996336996E+0000
 399 -9.52380952380952E-0003 -1.37787545787546E+0000
 400 -1.59413919413919E-0001 -1.40930402930403E+0000
 401 -6.30036630036630E-0003 -1.37384615384615E+0000
 402 -1.75824175824176E-0002 -1.39963369963370E+0000
 403 -2.12600732600733E-0001 -1.38271062271062E+0000
 404 -8.71794871794872E-0003 -1.34161172161172E+0000
 405 -6.75457875457875E-0002 -1.38915750915751E+0000
 406 -1.83589743589744E-0001 -1.36981684981685E+0000
 407 -2.98827838827839E-0001 -1.38512820512821E+0000
 408 -2.16117216117216E-0002 -1.35531135531136E+0000
 409 -9.17216117216117E-0002 -1.35450549450549E+0000
 410 -2.35164835164835E-0001 -1.39157509157509E+0000
 411 -1.91941391941392E-0002 -1.39238095238095E+0000
 412 -2.27912087912088E-0001 -1.38996336996337E+0000
 413 -3.15750915750916E-0001 -1.39882783882784E+0000
 414 -3.26227106227106E-0001 -1.40366300366300E+0000
 415 -3.53113553113553E-0002 -1.36981684981685E+0000
 416 -5.70695970695971E-0002 -1.39318681318681E+0000
 417 -2.81904761904762E-0001 -1.36901098901099E+0000
 418 -4.09523809523810E-0002 -1.38190476190476E+0000
 419 -4.90109890109890E-0002 -1.39238095238095E+0000
 420 -2.28717948717949E-0001 -1.38673992673993E+0000
 421 -2.65787545787546E-0001 -1.38271062271062E+0000
 422  3.64102564102564E-0002 -1.35853479853480E+0000
 423 -1.91941391941392E-0002 -1.38754578754579E+0000
 424  2.75457875457875E-0002 -1.36175824175824E+0000
 425  2.19047619047619E-0002 -1.36739926739927E+0000
 426  5.89743589743590E-0002 -1.38915750915751E+0000
 427 -2.21465201465201E-0001 -1.40688644688645E+0000
 428  6.54212454212454E-0002 -1.38029304029304E+0000
 429 -1.05421245421245E-0001 -1.41736263736264E+0000
 430 -5.94871794871795E-0002 -1.38996336996337E+0000
 431 -1.35238095238095E-0001 -1.35450549450549E+0000
 432  6.21978021978022E-0002 -1.37948717948718E+0000
 433  5.49450549450549E-0002 -1.39479853479853E+0000
 434 -2.33553113553114E-0001 -1.38432234432234E+0000
 435  8.71794871794872E-0002 -1.34564102564103E+0000
 436 -2.37582417582418E-0001 -1.38996336996337E+0000
 437 -1.74725274725275E-0001 -1.38512820512821E+0000
 438 -8.60805860805861E-0002 -1.38512820512821E+0000
 439  5.73626373626374E-0002 -1.37142857142857E+0000
 440 -2.68205128205128E-0001 -1.41172161172161E+0000
 441 -2.54505494505495E-0001 -1.40366300366300E+0000
 442 -2.42417582417582E-0001 -1.38835164835165E+0000
 443 -2.38388278388278E-0001 -1.37706959706960E+0000
 444  8.95970695970696E-0002 -1.36901098901099E+0000
 445 -9.73626373626374E-0002 -1.39560439560440E+0000
 446  2.91575091575092E-0002 -1.39076923076923E+0000
 447 -1.52161172161172E-0001 -1.38512820512821E+0000
 448 -1.47326007326007E-0001 -1.37787545787546E+0000
 449 -4.90109890109890E-0002 -1.38271062271062E+0000
 450 -3.88278388278388E-0003 -1.36739926739927E+0000
 451 -9.73626373626374E-0002 -1.39076923076923E+0000
 452 -2.19047619047619E-0001 -1.38109890109890E+0000
 453 -1.65054945054945E-0001 -1.42219780219780E+0000
 454  1.72600732600733E-0001 -1.37304029304029E+0000
 455  7.50915750915751E-0002 -1.38271062271062E+0000
 456  1.65347985347985E-0001 -1.34644688644689E+0000
 457 -4.57875457875458E-0002 -1.40366300366300E+0000
 458  8.63736263736264E-0002 -1.40930402930403E+0000
 459  8.71794871794872E-0002 -1.37948717948718E+0000
 460 -8.71794871794872E-0003 -1.39560439560440E+0000
 461  1.78241758241758E-0001 -1.39318681318681E+0000
 462  2.04029304029304E-0001 -1.36901098901099E+0000
 463 -1.75824175824176E-0002 -1.40043956043956E+0000
 464 -3.69230769230769E-0002 -1.36256410256410E+0000
 465 -1.48131868131868E-0001 -1.41252747252747E+0000
 466  2.16923076923077E-0001 -1.37706959706960E+0000
 467 -1.73113553113553E-0001 -1.42139194139194E+0000
 468 -7.39926739926740E-0002 -1.37062271062271E+0000
 469 -1.15897435897435E-0001 -1.40124542124542E+0000
 470 -1.77948717948718E-0001 -1.40205128205128E+0000
 471  2.16117216117216E-0001 -1.36256410256410E+0000
 472 -1.06227106227106E-0001 -1.40849816849817E+0000
 473 -1.71501831501832E-0001 -1.36498168498168E+0000
 474 -1.61831501831502E-0001 -1.40688644688645E+0000
 475 -2.72527472527473E-0002 -1.39399267399267E+0000
 476  1.95164835164835E-0001 -1.38673992673993E+0000
 477 -3.77289377289377E-0002 -1.35692307692308E+0000
 478 -1.61831501831502E-0001 -1.38029304029304E+0000
 479  1.31501831501832E-0001 -1.39802197802198E+0000
 480  2.04835164835165E-0001 -1.38109890109890E+0000
 481  1.26666666666667E-0001 -1.41897435897436E+0000
 482  1.88717948717949E-0001 -1.36336996336996E+0000
 483 -2.05347985347985E-0001 -1.41575091575092E+0000
 484  1.51648351648352E-0001 -1.41494505494505E+0000
 485  1.87106227106227E-0001 -1.39882783882784E+0000
 486 -2.27106227106227E-0003 -1.38432234432234E+0000
 487 -1.53772893772894E-0001 -1.38915750915751E+0000
 488 -1.02197802197802E-0001 -1.37465201465201E+0000
 489  1.45201465201465E-0001 -1.40366300366300E+0000
 490  1.65347985347985E-0001 -1.39641025641026E+0000
 491  1.29890109890110E-0001 -1.35934065934066E+0000
 492  1.51648351648352E-0001 -1.38351648351648E+0000
 493 -2.27106227106227E-0003 -1.37868131868132E+0000
 494  1.26666666666667E-0001 -1.36095238095238E+0000
 495 -1.25567765567766E-0001 -1.40527472527473E+0000
 496 -2.16117216117216E-0002 -1.41413919413919E+0000
 497 -6.83516483516484E-0002 -1.40527472527473E+0000
 498 -4.09523809523810E-0002 -1.40930402930403E+0000
 499 -1.11868131868131E-0001 -1.38835164835165E+0000
 500 -2.56117216117216E-0001 -1.38271062271062E+0000
 501 -2.54505494505495E-0001 -1.36739926739927E+0000
 502 -1.30402930402930E-0001 -1.37545787545788E+0000
 503 -5.14285714285714E-0002 -1.37062271062271E+0000
 504 -1.90036630036630E-0001 -1.39560439560440E+0000
 505  8.23443223443223E-0002 -1.42864468864469E+0000
 506  6.05860805860806E-0002 -1.36739926739927E+0000
 507 -2.51282051282051E-0001 -1.42300366300366E+0000
 508 -3.18168498168498E-0001 -1.40124542124542E+0000
 509 -2.44029304029304E-0001 -1.38835164835165E+0000
 510 -3.16556776556777E-0001 -1.37868131868132E+0000
 511 -2.61758241758242E-0001 -1.37706959706960E+0000
 512  4.20512820512821E-0002 -1.37787545787546E+0000
 513 -4.68864468864469E-0003 -1.41252747252747E+0000
 514 -1.41684981684982E-0001 -1.39238095238095E+0000
 515  2.35164835164835E-0002 -1.35692307692308E+0000
 516  1.86813186813187E-0002 -1.37465201465201E+0000
 517 -3.12820512820513E-0002 -1.40446886446886E+0000
 518  1.22344322344322E-0002 -1.39721611721612E+0000
 519 -6.91575091575092E-0002 -1.42622710622711E+0000
 520 -7.96336996336996E-0002 -1.40446886446886E+0000
 521 -1.51648351648351E-0002 -1.40930402930403E+0000
 522 -1.43589743589743E-0002 -1.39721611721612E+0000
 523 -2.35970695970696E-0001 -1.39963369963370E+0000
 524 -2.47252747252747E-0001 -1.37948717948718E+0000
 525 -2.47252747252747E-0001 -1.39963369963370E+0000
 526 -4.68864468864469E-0003 -1.37465201465201E+0000
 527 -2.10989010989011E-0001 -1.39157509157509E+0000
 528 -3.10109890109890E-0001 -1.36901098901099E+0000
 529 -3.40732600732601E-0001 -1.38673992673993E+0000
 530  9.52380952380952E-0004 -1.38271062271062E+0000
 531 -2.11794871794872E-0001 -1.39882783882784E+0000
 532 -1.35531135531135E-0002 -1.41494505494505E+0000
 533 -2.02930402930403E-0001 -1.35934065934066E+0000
 534 -2.33553113553114E-0001 -1.39641025641026E+0000
 535 -2.07765567765568E-0001 -1.37948717948718E+0000
 536 -2.08571428571429E-0001 -1.40285714285714E+0000
 537 -8.04395604395604E-0002 -1.36659340659341E+0000
 538 -1.38461538461538E-0001 -1.38996336996337E+0000
 539 -2.77875457875458E-0001 -1.39318681318681E+0000
 540  6.59340659340659E-0003 -1.35853479853480E+0000
 541 -3.56849816849817E-0001 -1.40366300366300E+0000
 542 -3.04761904761905E-0002 -1.37787545787546E+0000
 543 -2.17435897435897E-0001 -1.42219780219780E+0000
 544  7.39926739926740E-0003 -1.38996336996337E+0000
 545 -3.27032967032967E-0001 -1.39157509157509E+0000
 546 -1.48131868131868E-0001 -1.37868131868132E+0000
 547  9.01098901098901E-0003 -1.39399267399267E+0000
 548 -3.11721611721612E-0001 -1.40688644688645E+0000
 549 -3.00439560439560E-0001 -1.39479853479853E+0000
 550 -3.23809523809524E-0001 -1.36981684981685E+0000
 551 -5.78754578754579E-0002 -1.37304029304029E+0000
 552 -2.19047619047619E-0001 -1.42139194139194E+0000
 553 -2.96703296703297E-0002 -1.38996336996337E+0000
 554  4.93040293040293E-0002 -1.35450549450549E+0000
 555 -3.05274725274725E-0001 -1.41010989010989E+0000
 556 -2.47252747252747E-0001 -1.39802197802198E+0000
 557  9.81684981684982E-0003 -1.40849816849817E+0000
 558 -2.21465201465201E-0001 -1.39963369963370E+0000
 559 -1.60219780219780E-0001 -1.42542124542125E+0000
 560 -2.35164835164835E-0001 -1.42622710622711E+0000
 561 -2.08571428571429E-0001 -1.41575091575092E+0000
 562  6.78388278388278E-0002 -1.42139194139194E+0000
 563  4.98168498168498E-0003 -1.38432234432234E+0000
 564 -2.63369963369963E-0001 -1.34402930402930E+0000
 565 -9.97802197802198E-0002 -1.39641025641026E+0000
 566 -1.03296703296703E-0002 -1.42703296703297E+0000
 567  9.44322344322344E-0002 -1.38915750915751E+0000
 568 -6.59340659340659E-0002 -1.39721611721612E+0000
 569  7.83150183150183E-0002 -1.42864468864469E+0000
 570  1.13772893772893E-0001 -1.39963369963370E+0000
 571 -1.15091575091575E-0001 -1.35692307692308E+0000
 572 -2.05347985347985E-0001 -1.38835164835165E+0000
 573 -2.13406593406593E-0001 -1.37465201465201E+0000
 574  3.31868131868132E-0002 -1.39882783882784E+0000
 575 -1.76336996336996E-0001 -1.39479853479853E+0000
 576  1.62124542124542E-0001 -1.39802197802198E+0000
 577  1.44395604395604E-0001 -1.41897435897436E+0000
 578 -6.27106227106227E-0002 -1.41091575091575E+0000
 579  1.33113553113553E-0001 -1.34805860805861E+0000
 580  1.12967032967033E-0001 -1.39238095238095E+0000
 581 -9.25274725274725E-0002 -1.38190476190476E+0000
 582 -4.98168498168498E-0002 -1.38915750915751E+0000
 583 -1.79560439560440E-0001 -1.34644688644689E+0000
 584  1.65347985347985E-0001 -1.35531135531136E+0000
 585  8.39560439560440E-0002 -1.37706959706960E+0000
 586 -1.78754578754579E-0001 -1.39238095238095E+0000
 587 -1.82783882783883E-0001 -1.36498168498168E+0000
 588  1.66153846153846E-0001 -1.36095238095238E+0000
 589  6.59340659340659E-0003 -1.39963369963370E+0000
 590  7.50915750915751E-0002 -1.37223443223443E+0000
 591  1.58095238095238E-0001 -1.36901098901099E+0000
 592  5.89743589743590E-0002 -1.38029304029304E+0000
 593  5.89743589743590E-0002 -1.39238095238095E+0000
 594 -8.71794871794872E-0003 -1.35934065934066E+0000
 595 -1.56190476190476E-0001 -1.41091575091575E+0000
 596  2.00000000000000E-0001 -1.42703296703297E+0000
 597  7.83150183150183E-0002 -1.38915750915751E+0000
 598  1.46813186813187E-0001 -1.41494505494505E+0000
 599  2.00805860805861E-0001 -1.36981684981685E+0000
 600  4.84981684981685E-0002 -1.39560439560440E+0000
 601  1.34725274725275E-0001 -1.40769230769231E+0000
 602 -8.12454212454212E-0002 -1.34161172161172E+0000
 603  1.37142857142857E-0001 -1.41333333333333E+0000
 604  1.26666666666667E-0001 -1.37706959706960E+0000
 605  1.72600732600733E-0001 -1.37304029304029E+0000
 606  8.07326007326007E-0002 -1.40446886446886E+0000
 607 -1.64249084249084E-0001 -1.40769230769231E+0000
 608 -1.92454212454212E-0001 -1.38754578754579E+0000
 609 -2.36776556776557E-0001 -1.34805860805861E+0000
 610  1.47619047619048E-0001 -1.39479853479853E+0000
 611 -1.19120879120879E-0001 -1.38190476190476E+0000
 612 -1.16703296703296E-0001 -1.34322344322344E+0000
 613  1.12161172161172E-0001 -1.39641025641026E+0000
 614  5.49450549450549E-0002 -1.39076923076923E+0000
 615  7.42857142857143E-0002 -1.41091575091575E+0000
 616 -1.91648351648352E-0001 -1.40446886446886E+0000
 617  7.50915750915751E-0002 -1.41252747252747E+0000
 618 -2.08571428571429E-0001 -1.41575091575092E+0000
 619 -4.33699633699634E-0002 -1.36981684981685E+0000
 620 -1.56996336996337E-0001 -1.40043956043956E+0000
 621 -2.66593406593407E-0001 -1.37142857142857E+0000
 622 -1.77948717948718E-0001 -1.39479853479853E+0000
 623  1.70695970695971E-0002 -1.40446886446886E+0000
 624  3.31868131868132E-0002 -1.41897435897436E+0000
 625 -3.20586080586081E-0001 -1.37948717948718E+0000
 626 -2.74652014652015E-0001 -1.43509157509158E+0000
 627 -1.55384615384615E-0001 -1.38190476190476E+0000
 628 -1.02197802197802E-0001 -1.41010989010989E+0000
 629 -3.19780219780220E-0001 -1.36659340659341E+0000
 630 -8.20512820512821E-0002 -1.39479853479853E+0000
 631 -3.35897435897436E-0001 -1.34322344322344E+0000
 632 -3.69230769230769E-0002 -1.38835164835165E+0000
 633 -8.76923076923077E-0002 -1.37868131868132E+0000
 634 -1.22344322344322E-0001 -1.41010989010989E+0000
 635 -3.13333333333333E-0001 -1.38835164835165E+0000
 636 -2.56923076923077E-0001 -1.39641025641026E+0000
 637 -1.59706959706960E-0002 -1.42058608058608E+0000
 638 -1.03296703296703E-0002 -1.39238095238095E+0000
 639 -9.09157509157509E-0002 -1.40769230769231E+0000
 640 -3.39926739926740E-0001 -1.39963369963370E+0000
 641 -2.70622710622711E-0001 -1.37545787545788E+0000
 642 -9.97802197802198E-0002 -1.39802197802198E+0000
 643 -1.93260073260073E-0001 -1.38351648351648E+0000
 644 -5.54578754578755E-0002 -1.37706959706960E+0000
 645 -3.39926739926740E-0001 -1.39157509157509E+0000
 646 -2.88351648351648E-0001 -1.36578754578755E+0000
 647 -2.49670329670330E-0001 -1.36175824175824E+0000
 648 -4.73992673992674E-0002 -1.36417582417582E+0000
 649 -1.35531135531135E-0002 -1.42864468864469E+0000
 650 -1.17509157509157E-0001 -1.39560439560440E+0000
 651 -2.43223443223443E-0001 -1.35611721611722E+0000
 652 -8.60805860805861E-0002 -1.35450549450549E+0000
 653 -2.72234432234432E-0001 -1.39399267399267E+0000
 654 -1.43296703296703E-0001 -1.35692307692308E+0000
 655 -1.78754578754579E-0001 -1.37142857142857E+0000
 656 -2.15018315018315E-0001 -1.37142857142857E+0000
 657 -2.91575091575092E-0001 -1.36820512820513E+0000
 658 -3.31868131868132E-0001 -1.42945054945055E+0000
 659 -1.58608058608059E-0001 -1.38915750915751E+0000
 660  3.23809523809524E-0002 -1.40849816849817E+0000
 661  1.75824175824176E-0003 -1.40849816849817E+0000
 662 -1.71501831501832E-0001 -1.36095238095238E+0000
 663 -2.27106227106227E-0001 -1.37787545787546E+0000
 664 -5.86813186813187E-0002 -1.37706959706960E+0000
 665 -2.47252747252747E-0001 -1.38190476190476E+0000
 666  8.71794871794872E-0002 -1.34886446886447E+0000
 667 -7.56043956043956E-0002 -1.38754578754579E+0000
 668 -2.71428571428571E-0001 -1.36014652014652E+0000
 669 -2.24175824175824E-0002 -1.38673992673993E+0000
 670 -2.68205128205128E-0001 -1.41494505494505E+0000
 671  9.84615384615385E-0002 -1.37545787545788E+0000
 672  8.71794871794872E-0002 -1.38673992673993E+0000
 673 -4.68864468864469E-0003 -1.34322344322344E+0000
 674 -2.19853479853480E-0001 -1.34161172161172E+0000
 675 -1.35238095238095E-0001 -1.38432234432234E+0000
 676 -2.34358974358974E-0001 -1.38915750915751E+0000
 677  1.49230769230769E-0001 -1.38190476190476E+0000
 678  1.71794871794872E-0001 -1.38996336996337E+0000
 679  1.65347985347985E-0001 -1.36901098901099E+0000
 680 -2.40293040293040E-0002 -1.37223443223443E+0000
 681  1.30402930402930E-0002 -1.40688644688645E+0000
 682  1.58095238095238E-0001 -1.41816849816850E+0000
 683  1.47619047619048E-0001 -1.41333333333333E+0000
 684 -1.76336996336996E-0001 -1.40930402930403E+0000
 685 -1.71501831501832E-0001 -1.35531135531136E+0000
 686  1.89523809523810E-0001 -1.36820512820513E+0000
 687 -1.86813186813187E-0001 -1.39238095238095E+0000
 688  3.96336996336996E-0002 -1.35450549450549E+0000
 689  3.72161172161172E-0002 -1.35853479853480E+0000
 690  1.00073260073260E-0001 -1.35531135531136E+0000
 691  2.12087912087912E-0001 -1.41736263736264E+0000
 692 -2.48351648351648E-0002 -1.39479853479853E+0000
 693 -2.40293040293040E-0002 -1.36981684981685E+0000
 694  3.47985347985348E-0002 -1.35289377289377E+0000
 695 -1.59706959706960E-0002 -1.38029304029304E+0000
 696  1.55677655677656E-0001 -1.40366300366300E+0000
 697  2.07252747252747E-0001 -1.41252747252747E+0000
 698 -3.04761904761905E-0002 -1.38271062271062E+0000
 699  4.36630036630037E-0002 -1.35692307692308E+0000
 700 -8.93040293040293E-0002 -1.39560439560440E+0000
 701  5.17216117216117E-0002 -1.35450549450549E+0000
 702 -1.19926739926739E-0001 -1.37223443223443E+0000
 703  8.20512820512821E-0003 -1.39479853479853E+0000
 704  2.14505494505495E-0001 -1.36498168498168E+0000
 705 -9.97802197802198E-0002 -1.37868131868132E+0000
 706 -1.85201465201465E-0001 -1.41978021978022E+0000
 707  5.73626373626374E-0002 -1.38351648351648E+0000
 708 -1.87619047619048E-0001 -1.37948717948718E+0000
 709 -7.31868131868132E-0002 -1.39076923076923E+0000
 710 -5.38461538461538E-0002 -1.37868131868132E+0000
 711 -3.12820512820513E-0002 -1.41413919413919E+0000
 712  1.50036630036630E-0001 -1.38673992673993E+0000
 713  8.55677655677656E-0002 -1.42219780219780E+0000
 714  1.51648351648352E-0001 -1.39157509157509E+0000
 715  4.93040293040293E-0002 -1.38432234432234E+0000
 716  6.21978021978022E-0002 -1.35289377289377E+0000
 717 -1.12673992673992E-0001 -1.39560439560440E+0000
 718  1.45201465201465E-0001 -1.37223443223443E+0000
 719  5.09157509157509E-0002 -1.38593406593407E+0000
 720  3.88278388278388E-0002 -1.36417582417582E+0000
 721 -2.15824175824176E-0001 -1.42300366300366E+0000
 722  8.87912087912088E-0002 -1.36659340659341E+0000
 723  8.47619047619048E-0002 -1.42219780219780E+0000
 724 -6.43223443223443E-0002 -1.39802197802198E+0000
 725  7.26739926739927E-0002 -1.41816849816850E+0000
 726 -2.98021978021978E-0001 -1.41736263736264E+0000
 727  6.21978021978022E-0002 -1.35934065934066E+0000
 728 -1.62637362637363E-0001 -1.39318681318681E+0000
 729  1.94871794871795E-0002 -1.40930402930403E+0000
 730 -2.81904761904762E-0001 -1.38432234432234E+0000
 731 -4.09523809523810E-0002 -1.37948717948718E+0000
 732  1.54578754578754E-0002 -1.37142857142857E+0000
 733 -4.68864468864469E-0003 -1.39157509157509E+0000
 734 -2.88351648351648E-0001 -1.35450549450549E+0000
 735 -1.22344322344322E-0001 -1.39238095238095E+0000
 736 -3.29450549450549E-0001 -1.39479853479853E+0000
 737 -4.65934065934066E-0002 -1.40366300366300E+0000
 738 -6.30036630036630E-0003 -1.39560439560440E+0000
 739  1.38461538461538E-0002 -1.37868131868132E+0000
 740 -6.59340659340659E-0004 -1.41816849816850E+0000
 741 -3.36996336996337E-0002 -1.35450549450549E+0000
 742 -9.97802197802198E-0002 -1.38673992673993E+0000
 743 -3.32673992673993E-0001 -1.35289377289377E+0000
 744 -4.68864468864469E-0003 -1.40688644688645E+0000
 745 -1.79560439560440E-0001 -1.36901098901099E+0000
 746 -7.47985347985348E-0002 -1.37223443223443E+0000
 747 -3.14945054945055E-0001 -1.39560439560440E+0000
 748 -1.46520146520147E-0001 -1.39076923076923E+0000
 749 -3.12527472527473E-0001 -1.41252747252747E+0000
 750 -3.50402930402930E-0001 -1.38271062271062E+0000
 751 -3.04761904761905E-0002 -1.39963369963370E+0000
 752 -1.35531135531135E-0002 -1.38190476190476E+0000
 753 -3.07692307692308E-0003 -1.37948717948718E+0000
 754 -3.20879120879121E-0002 -1.39076923076923E+0000
 755 -9.89743589743590E-0002 -1.39479853479853E+0000
 756 -2.00000000000000E-0002 -1.39963369963370E+0000
 757 -3.52014652014652E-0001 -1.40608058608059E+0000
 758 -3.10915750915751E-0001 -1.36095238095238E+0000
 759 -2.56923076923077E-0001 -1.37465201465201E+0000
 760 -9.09157509157509E-0002 -1.39076923076923E+0000
 761  2.10989010989011E-0002 -1.41816849816850E+0000
 762 -2.20659340659341E-0001 -1.35289377289377E+0000
 763 -2.96410256410256E-0001 -1.40366300366300E+0000
 764 -2.85934065934066E-0001 -1.34564102564103E+0000
 765 -1.28791208791209E-0001 -1.39157509157509E+0000
 766 -2.27106227106227E-0003 -1.38109890109890E+0000
 767 -2.34358974358974E-0001 -1.39318681318681E+0000
 768 -1.34432234432234E-0001 -1.39157509157509E+0000
 769  4.36630036630037E-0002 -1.41736263736264E+0000
 770 -2.81904761904762E-0001 -1.38029304029304E+0000
 771 -1.95677655677656E-0001 -1.42864468864469E+0000
 772 -3.93406593406593E-0002 -1.39963369963370E+0000
 773 -1.75824175824176E-0002 -1.38754578754579E+0000
 774 -8.93040293040293E-0002 -1.36578754578755E+0000
 775 -1.43296703296703E-0001 -1.37787545787546E+0000
 776  1.62637362637363E-0002 -1.36417582417582E+0000
 777  1.86813186813187E-0002 -1.36336996336996E+0000
 778  6.05860805860806E-0002 -1.37948717948718E+0000
 779  8.39560439560440E-0002 -1.39641025641026E+0000
 780 -1.44908424908425E-0001 -1.39479853479853E+0000
 781 -2.11794871794872E-0001 -1.38512820512821E+0000
 782  5.97802197802198E-0002 -1.41413919413919E+0000
 783 -1.31208791208791E-0001 -1.37384615384615E+0000
 784 -1.98095238095238E-0001 -1.42864468864469E+0000
 785 -1.30402930402930E-0001 -1.38835164835165E+0000
 786  1.61318681318681E-0001 -1.37948717948718E+0000
 787  1.65347985347985E-0001 -1.38996336996337E+0000
 788  8.07326007326007E-0002 -1.36256410256410E+0000
 789 -3.77289377289377E-0002 -1.36498168498168E+0000
 790 -1.45714285714286E-0001 -1.39157509157509E+0000
 791  2.19047619047619E-0002 -1.35692307692308E+0000
 792  2.10476190476190E-0001 -1.41494505494505E+0000
 793 -6.27106227106227E-0002 -1.34725274725275E+0000
 794 -1.53772893772894E-0001 -1.39076923076923E+0000
 795 -1.44102564102564E-0001 -1.36014652014652E+0000
 796 -1.76336996336996E-0001 -1.39963369963370E+0000
 797 -1.31208791208791E-0001 -1.40688644688645E+0000
 798 -1.56996336996337E-0001 -1.37706959706960E+0000
 799 -1.08644688644688E-0001 -1.40849816849817E+0000
 800  2.20146520146520E-0001 -1.38673992673993E+0000
 801 -5.22344322344322E-0002 -1.35369963369963E+0000
 802  1.46007326007326E-0001 -1.40124542124542E+0000
 803 -1.75531135531136E-0001 -1.38996336996337E+0000
 804  2.10476190476190E-0001 -1.40124542124542E+0000
 805  6.94505494505495E-0002 -1.41655677655678E+0000
 806  1.54578754578754E-0002 -1.35369963369963E+0000
 807 -2.48351648351648E-0002 -1.40849816849817E+0000
 808  1.12161172161172E-0001 -1.36901098901099E+0000
 809 -1.95677655677656E-0001 -1.39318681318681E+0000
 810 -1.94871794871795E-0001 -1.39238095238095E+0000
 811 -4.33699633699634E-0002 -1.37868131868132E+0000
 812  2.08864468864469E-0001 -1.37384615384615E+0000
 813  1.09743589743589E-0001 -1.40849816849817E+0000
 814 -2.10989010989011E-0001 -1.37062271062271E+0000
 815 -4.41758241758242E-0002 -1.41091575091575E+0000
 816 -1.79560439560440E-0001 -1.36095238095238E+0000
 817  8.20512820512821E-0003 -1.40124542124542E+0000
 818  1.70695970695971E-0002 -1.36901098901099E+0000
 819  1.54578754578754E-0002 -1.35531135531136E+0000
 820  1.43589743589744E-0001 -1.36417582417582E+0000
 821 -2.37582417582418E-0001 -1.37948717948718E+0000
 822  2.35164835164835E-0002 -1.39641025641026E+0000
 823  1.18608058608058E-0001 -1.40608058608059E+0000
 824 -2.60952380952381E-0001 -1.37465201465201E+0000
 825  2.83516483516484E-0002 -1.40366300366300E+0000
 826 -1.36849816849817E-0001 -1.39882783882784E+0000
 827 -2.77069597069597E-0001 -1.39560439560440E+0000
 828 -2.30329670329670E-0001 -1.38673992673993E+0000
 829 -2.40293040293040E-0002 -1.34241758241758E+0000
 830 -5.38461538461538E-0002 -1.40285714285714E+0000
 831 -2.08571428571429E-0001 -1.36981684981685E+0000
 832  7.50915750915751E-0002 -1.41655677655678E+0000
 833 -8.20512820512821E-0002 -1.41091575091575E+0000
 834 -2.08571428571429E-0001 -1.40124542124542E+0000
 835 -3.45054945054945E-0002 -1.38915750915751E+0000
 836  3.39926739926740E-0002 -1.38835164835165E+0000
 837  4.98168498168498E-0003 -1.39963369963370E+0000
 838  4.28571428571429E-0002 -1.36981684981685E+0000
 839 -3.26227106227106E-0001 -1.40608058608059E+0000
 840 -2.95604395604396E-0001 -1.38029304029304E+0000
 841 -2.56923076923077E-0001 -1.43589743589744E+0000
 842 -3.19780219780220E-0001 -1.42542124542125E+0000
 843 -3.88278388278388E-0003 -1.39963369963370E+0000
 844 -3.23003663003663E-0001 -1.35934065934066E+0000
 845 -1.18315018315018E-0001 -1.36498168498168E+0000
 846 -2.69816849816850E-0001 -1.39560439560440E+0000
 847 -1.30402930402930E-0001 -1.42622710622711E+0000
 848 -1.91941391941392E-0002 -1.39238095238095E+0000
 849 -3.23809523809524E-0001 -1.40285714285714E+0000
 850 -4.98168498168498E-0002 -1.38673992673993E+0000
 851 -2.56923076923077E-0001 -1.36901098901099E+0000
 852 -3.64102564102564E-0001 -1.39882783882784E+0000
 853 -1.86007326007326E-0001 -1.38673992673993E+0000
 854 -3.06886446886447E-0001 -1.38996336996337E+0000
 855 -6.83516483516484E-0002 -1.39076923076923E+0000
 856 -1.77948717948718E-0001 -1.38593406593407E+0000
 857 -2.14212454212454E-0001 -1.39560439560440E+0000
 858 -1.27179487179487E-0001 -1.34644688644689E+0000
 859 -3.33479853479853E-0001 -1.36336996336996E+0000
 860 -2.15018315018315E-0001 -1.39963369963370E+0000
 861 -3.30256410256410E-0001 -1.39076923076923E+0000
 862 -3.52014652014652E-0001 -1.35853479853480E+0000
 863 -3.08498168498168E-0001 -1.36175824175824E+0000
 864 -3.50402930402930E-0001 -1.39721611721612E+0000
 865 -2.00512820512821E-0001 -1.39318681318681E+0000
 866 -3.03663003663004E-0001 -1.38351648351648E+0000
 867 -3.69230769230769E-0002 -1.38593406593407E+0000
 868 -1.48131868131868E-0001 -1.41172161172161E+0000
 869 -9.81684981684982E-0002 -1.41816849816850E+0000
 870  4.44688644688645E-0002 -1.36901098901099E+0000
 871 -2.73040293040293E-0001 -1.39882783882784E+0000
 872 -2.17435897435897E-0001 -1.36901098901099E+0000
 873  2.35164835164835E-0002 -1.40366300366300E+0000
 874  3.23809523809524E-0002 -1.40043956043956E+0000
 875  7.26739926739927E-0002 -1.43106227106227E+0000
 876  5.41391941391941E-0002 -1.38915750915751E+0000
 877  7.50915750915751E-0002 -1.39238095238095E+0000
 878 -2.16117216117216E-0002 -1.39882783882784E+0000
 879  6.21978021978022E-0002 -1.39318681318681E+0000
 880 -1.39267399267399E-0001 -1.38190476190476E+0000
 881  1.38461538461538E-0002 -1.36417582417582E+0000
 882  7.26739926739927E-0002 -1.39641025641026E+0000
 883 -1.98901098901099E-0001 -1.38996336996337E+0000
 884 -2.11794871794872E-0001 -1.41172161172161E+0000
 885  1.42783882783883E-0001 -1.43347985347985E+0000
 886 -1.90036630036630E-0001 -1.40043956043956E+0000
 887 -2.72527472527473E-0002 -1.38512820512821E+0000
 888  1.32307692307692E-0001 -1.36739926739927E+0000
 889  1.21831501831501E-0001 -1.38996336996337E+0000
 890 -1.14285714285714E-0001 -1.41816849816850E+0000
 891  1.46007326007326E-0001 -1.39238095238095E+0000
 892  1.78241758241758E-0001 -1.41010989010989E+0000
 893  1.72600732600733E-0001 -1.41494505494505E+0000
 894  4.12454212454212E-0002 -1.37062271062271E+0000
 895  1.14285714285714E-0002 -1.41010989010989E+0000
 896 -1.00586080586080E-0001 -1.36095238095238E+0000
 897  8.20512820512821E-0003 -1.39157509157509E+0000
 898 -3.12820512820513E-0002 -1.38271062271062E+0000
 899  8.07326007326007E-0002 -1.39721611721612E+0000
 900  1.21025641025641E-0001 -1.41010989010989E+0000
 901 -1.79560439560440E-0001 -1.41333333333333E+0000
 902 -1.30402930402930E-0001 -1.40124542124542E+0000
 903  1.57289377289377E-0001 -1.40366300366300E+0000
 904 -1.75531135531136E-0001 -1.35772893772894E+0000
 905  2.13699633699634E-0001 -1.41252747252747E+0000
 906 -1.63443223443223E-0001 -1.42300366300366E+0000
 907 -1.50549450549451E-0001 -1.38271062271062E+0000
 908  1.94358974358974E-0001 -1.40043956043956E+0000
 909  4.04395604395604E-0002 -1.37706959706960E+0000
 910 -6.43223443223443E-0002 -1.39157509157509E+0000
 911  5.33333333333333E-0002 -1.37868131868132E+0000
 912 -1.74725274725275E-0001 -1.40124542124542E+0000
 913  1.05714285714285E-0001 -1.35128205128205E+0000
 914  2.04029304029304E-0001 -1.39479853479853E+0000
 915  2.02417582417582E-0001 -1.36820512820513E+0000
 916 -2.08571428571429E-0001 -1.42864468864469E+0000
 917 -1.91648351648352E-0001 -1.37787545787546E+0000
 918 -1.84395604395604E-0001 -1.42703296703297E+0000
 919  7.34798534798535E-0002 -1.37626373626374E+0000
 920 -6.02930402930403E-0002 -1.40608058608059E+0000
 921 -1.75531135531136E-0001 -1.38109890109890E+0000
 922  1.00879120879120E-0001 -1.42461538461538E+0000
 923  1.62930402930403E-0001 -1.38109890109890E+0000
 924  2.19047619047619E-0002 -1.43106227106227E+0000
 925  9.04029304029304E-0002 -1.38351648351648E+0000
 926 -2.27912087912088E-0001 -1.37948717948718E+0000
 927  9.36263736263736E-0002 -1.40124542124542E+0000
 928 -1.93260073260073E-0001 -1.37787545787546E+0000
 929  8.39560439560440E-0002 -1.36417582417582E+0000
 930 -2.55311355311355E-0001 -1.37545787545788E+0000
 931 -1.59413919413919E-0001 -1.39318681318681E+0000
 932 -2.31941391941392E-0001 -1.36901098901099E+0000
 933 -1.07032967032967E-0001 -1.40527472527473E+0000
 934  8.63736263736264E-0002 -1.40849816849817E+0000
 935  6.21978021978022E-0002 -1.35531135531136E+0000
 936  6.94505494505495E-0002 -1.38754578754579E+0000
 937 -3.01245421245421E-0001 -1.37062271062271E+0000
 938  3.23809523809524E-0002 -1.37706959706960E+0000
 939 -2.27106227106227E-0003 -1.39318681318681E+0000
 940 -2.24688644688645E-0001 -1.34564102564103E+0000
 941  2.35164835164835E-0002 -1.39157509157509E+0000
 942 -3.39926739926740E-0001 -1.38754578754579E+0000
 943 -6.51282051282051E-0002 -1.41978021978022E+0000
 944 -1.64249084249084E-0001 -1.40043956043956E+0000
 945 -2.48864468864469E-0001 -1.38029304029304E+0000
 946 -1.94871794871795E-0001 -1.39560439560440E+0000
 947 -1.50549450549451E-0001 -1.41010989010989E+0000
 948 -2.85128205128205E-0001 -1.38351648351648E+0000
 949 -9.73626373626374E-0002 -1.38109890109890E+0000
 950 -7.80219780219780E-0002 -1.41091575091575E+0000
 951 -7.07692307692308E-0002 -1.35692307692308E+0000
 952 -2.32747252747253E-0001 -1.35531135531136E+0000
 953 -3.07692307692308E-0001 -1.39479853479853E+0000
 954 -1.60219780219780E-0001 -1.40527472527473E+0000
 955 -6.99633699633700E-0002 -1.35934065934066E+0000
 956 -1.83882783882784E-0002 -1.41655677655678E+0000
 957 -2.00000000000000E-0002 -1.36417582417582E+0000
 958 -3.36996336996337E-0002 -1.35611721611722E+0000
 959 -2.23076923076923E-0001 -1.36175824175824E+0000
 960 -8.71794871794872E-0003 -1.39076923076923E+0000
 961 -8.20512820512821E-0002 -1.40366300366300E+0000
 962 -2.16117216117216E-0002 -1.39399267399267E+0000
 963 -1.27472527472527E-0002 -1.41736263736264E+0000
 964  1.75824175824176E-0003 -1.40285714285714E+0000
 965 -2.48351648351648E-0002 -1.39802197802198E+0000
 966 -3.43150183150183E-0001 -1.39479853479853E+0000
 967 -3.50402930402930E-0001 -1.34967032967033E+0000
 968  4.17582417582418E-0003 -1.36498168498168E+0000
 969 -4.09523809523810E-0002 -1.38593406593407E+0000
 970 -2.07765567765568E-0001 -1.39721611721612E+0000
 971  1.46520146520146E-0002 -1.40043956043956E+0000
 972 -2.81904761904762E-0001 -1.38835164835165E+0000
 973 -3.29450549450549E-0001 -1.38915750915751E+0000
 974  1.62637362637363E-0002 -1.35772893772894E+0000
 975 -8.93040293040293E-0002 -1.39882783882784E+0000
 976  4.93040293040293E-0002 -1.37626373626374E+0000
 977 -6.59340659340659E-0002 -1.39802197802198E+0000
 978 -1.01391941391941E-0001 -1.41172161172161E+0000
 979  4.93040293040293E-0002 -1.39318681318681E+0000
 980 -6.75457875457875E-0002 -1.36014652014652E+0000
 981  1.54578754578754E-0002 -1.39157509157509E+0000
 982 -1.51648351648351E-0002 -1.39238095238095E+0000
 983 -1.43589743589743E-0002 -1.38673992673993E+0000
 984 -2.75457875457875E-0001 -1.35208791208791E+0000
 985 -1.40073260073260E-0001 -1.40930402930403E+0000
 986  1.12161172161172E-0001 -1.38593406593407E+0000
 987 -1.27985347985348E-0001 -1.39882783882784E+0000
 988  1.02490842490842E-0001 -1.37545787545788E+0000
 989 -1.07032967032967E-0001 -1.36901098901099E+0000
 990 -3.07692307692308E-0003 -1.39802197802198E+0000
 991  8.39560439560440E-0002 -1.39076923076923E+0000
 992 -9.09157509157509E-0002 -1.36417582417582E+0000
 993 -1.61025641025641E-0001 -1.36498168498168E+0000
 994 -1.58608058608059E-0001 -1.40366300366300E+0000
 995  1.73406593406593E-0001 -1.41091575091575E+0000
 996  1.83076923076923E-0001 -1.38835164835165E+0000
 997 -1.63443223443223E-0001 -1.38915750915751E+0000
 998  2.35164835164835E-0002 -1.38673992673993E+0000
 999  7.26739926739927E-0002 -1.35772893772894E+0000
 1000  1.95970695970696E-0001 -1.37948717948718E+0000
 1001 -1.69084249084249E-0001 -1.41655677655678E+0000
 1002  3.15750915750916E-0002 -1.38754578754579E+0000
 1003  2.99633699633700E-0002 -1.36336996336996E+0000
 1004  1.90329670329670E-0001 -1.42461538461538E+0000
 1005 -1.23150183150183E-0001 -1.39641025641026E+0000
 1006  1.74212454212454E-0001 -1.41172161172161E+0000
 1007 -1.50549450549451E-0001 -1.42380952380952E+0000
 1008 -1.16703296703296E-0001 -1.41413919413919E+0000
 1009  1.90329670329670E-0001 -1.37465201465201E+0000
 1010  1.63736263736264E-0001 -1.39882783882784E+0000
 1011  8.95970695970696E-0002 -1.38754578754579E+0000
 1012  1.95970695970696E-0001 -1.38432234432234E+0000
 1013  2.10476190476190E-0001 -1.41736263736264E+0000
 1014 -1.35238095238095E-0001 -1.38915750915751E+0000
 1015 -1.11062271062271E-0001 -1.37626373626374E+0000
 1016  1.04908424908424E-0001 -1.36981684981685E+0000
 1017  3.56043956043956E-0002 -1.38190476190476E+0000
 1018 -9.65567765567766E-0002 -1.37062271062271E+0000
 1019  1.94358974358974E-0001 -1.38109890109890E+0000
 1020 -5.54578754578755E-0002 -1.39882783882784E+0000
 1021 -1.11868131868131E-0001 -1.37706959706960E+0000
 1022  1.25860805860806E-0001 -1.38109890109890E+0000
 1023 -1.91648351648352E-0001 -1.43347985347985E+0000
 1024 -1.40073260073260E-0001 -1.38432234432234E+0000
 1025  1.71794871794872E-0001 -1.42139194139194E+0000
 1026 -1.94871794871795E-0001 -1.39641025641026E+0000
 1027 -2.25494505494505E-0001 -1.36256410256410E+0000
 1028 -5.54578754578755E-0002 -1.41333333333333E+0000
 1029  8.39560439560440E-0002 -1.38109890109890E+0000
 1030  8.15384615384615E-0002 -1.42380952380952E+0000
 1031  1.01684981684981E-0001 -1.37062271062271E+0000
 1032 -1.07032967032967E-0001 -1.38512820512821E+0000
 1033  1.29890109890110E-0001 -1.34805860805861E+0000
 1034 -8.76923076923077E-0002 -1.35369963369963E+0000
 1035 -2.24688644688645E-0001 -1.36175824175824E+0000
 1036  7.50915750915751E-0002 -1.36659340659341E+0000
 1037 -2.76263736263736E-0001 -1.40688644688645E+0000
 1038 -1.31208791208791E-0001 -1.37787545787546E+0000
 1039  2.19047619047619E-0002 -1.38109890109890E+0000
 1040 -5.70695970695971E-0002 -1.38190476190476E+0000
 1041 -3.02857142857143E-0001 -1.35289377289377E+0000
 1042 -2.34358974358974E-0001 -1.38029304029304E+0000
 1043 -2.28717948717949E-0001 -1.41252747252747E+0000
 1044  9.52380952380952E-0004 -1.36981684981685E+0000
 1045 -3.17362637362637E-0001 -1.39238095238095E+0000
 1046 -3.20586080586081E-0001 -1.37304029304029E+0000
 1047 -3.31062271062271E-0001 -1.40043956043956E+0000
 1048  3.39926739926740E-0002 -1.42542124542125E+0000
 1049 -1.11868131868131E-0001 -1.40043956043956E+0000
 1050 -3.35091575091575E-0001 -1.39399267399267E+0000
 1051 -7.07692307692308E-0002 -1.38996336996337E+0000
 1052 -1.56190476190476E-0001 -1.40688644688645E+0000
 1053 -1.11355311355311E-0002 -1.38190476190476E+0000
 1054 -2.27106227106227E-0001 -1.38754578754579E+0000
 1055 -2.62564102564103E-0001 -1.37948717948718E+0000
 1056 -1.08644688644688E-0001 -1.39157509157509E+0000
 1057 -1.38461538461538E-0001 -1.39560439560440E+0000
 1058 -5.38461538461538E-0002 -1.38673992673993E+0000
 1059 -3.54432234432234E-0001 -1.40285714285714E+0000
 1060 -1.91648351648352E-0001 -1.37545787545788E+0000
 1061 -2.77875457875458E-0001 -1.39560439560440E+0000
 1062 -1.00586080586080E-0001 -1.41172161172161E+0000
 1063 -1.46520146520147E-0001 -1.40124542124542E+0000
 1064 -3.31062271062271E-0001 -1.36417582417582E+0000
 1065 -2.27912087912088E-0001 -1.38673992673993E+0000
 1066 -1.30402930402930E-0001 -1.38673992673993E+0000
 1067 -9.52380952380952E-0003 -1.41252747252747E+0000
 1068 -1.74725274725275E-0001 -1.38512820512821E+0000
 1069 -3.24615384615385E-0001 -1.38109890109890E+0000
 1070 -2.21465201465201E-0001 -1.37787545787546E+0000
 1071 -3.39120879120879E-0001 -1.40124542124542E+0000
 1072 -2.99633699633700E-0001 -1.38432234432234E+0000
 1073 -3.60073260073260E-0001 -1.41655677655678E+0000
 1074 -2.66593406593407E-0001 -1.39882783882784E+0000
 1075 -2.35970695970696E-0001 -1.35853479853480E+0000
 1076 -2.76263736263736E-0001 -1.38512820512821E+0000
 1077 -3.45054945054945E-0002 -1.40043956043956E+0000
 1078 -8.36630036630037E-0002 -1.37868131868132E+0000
 1079 -1.19413919413919E-0002 -1.37948717948718E+0000
 1080  4.04395604395604E-0002 -1.37706959706960E+0000
 1081 -1.51648351648351E-0002 -1.38996336996337E+0000
 1082  4.04395604395604E-0002 -1.39721611721612E+0000
 1083  5.41391941391941E-0002 -1.38271062271062E+0000
 1084 -2.60146520146520E-0001 -1.39238095238095E+0000
 1085  2.51282051282051E-0002 -1.37304029304029E+0000
 1086 -7.72161172161172E-0002 -1.40366300366300E+0000
 1087 -2.35164835164835E-0001 -1.36095238095238E+0000
 1088 -2.16117216117216E-0002 -1.37545787545788E+0000
 1089 -2.05347985347985E-0001 -1.38109890109890E+0000
 1090 -2.19853479853480E-0001 -1.43347985347985E+0000
 1091 -2.43223443223443E-0001 -1.39076923076923E+0000
 1092 -1.59706959706960E-0002 -1.37948717948718E+0000
 1093  9.28205128205128E-0002 -1.37787545787546E+0000
 1094 -4.09523809523810E-0002 -1.39238095238095E+0000
 1095 -1.71501831501832E-0001 -1.38996336996337E+0000
 1096 -2.08571428571429E-0001 -1.40124542124542E+0000
 1097 -1.73113553113553E-0001 -1.39479853479853E+0000
 1098 -1.96483516483516E-0001 -1.37787545787546E+0000
 1099 -8.20512820512821E-0002 -1.39238095238095E+0000
 1100 -1.15897435897435E-0001 -1.37787545787546E+0000
 1101  1.58095238095238E-0001 -1.39560439560440E+0000
 1102 -1.40879120879121E-0001 -1.39560439560440E+0000
 1103 -2.12600732600733E-0001 -1.36336996336996E+0000
 1104 -1.87619047619048E-0001 -1.36014652014652E+0000
 1105 -9.17216117216117E-0002 -1.39479853479853E+0000
 1106 -1.12673992673992E-0001 -1.35692307692308E+0000
 1107 -3.53113553113553E-0002 -1.36981684981685E+0000
 1108  1.79853479853480E-0001 -1.39802197802198E+0000
 1109 -1.77948717948718E-0001 -1.37868131868132E+0000
 1110  3.56043956043956E-0002 -1.40043956043956E+0000
 1111 -1.73919413919414E-0001 -1.41252747252747E+0000
 1112  2.20146520146520E-0001 -1.43267399267399E+0000
 1113  2.19047619047619E-0002 -1.39318681318681E+0000
 1114 -1.40073260073260E-0001 -1.39882783882784E+0000
 1115  1.09743589743589E-0001 -1.40285714285714E+0000
 1116  1.52454212454212E-0001 -1.37948717948718E+0000
 1117  8.20512820512821E-0003 -1.39560439560440E+0000
 1118 -1.75531135531136E-0001 -1.34322344322344E+0000
 1119  8.63736263736264E-0002 -1.37545787545788E+0000
 1120 -1.50549450549451E-0001 -1.40527472527473E+0000
 1121  1.95164835164835E-0001 -1.36739926739927E+0000
 1122  1.65347985347985E-0001 -1.41575091575092E+0000
 1123 -1.65054945054945E-0001 -1.36981684981685E+0000
 1124 -1.18315018315018E-0001 -1.41010989010989E+0000
 1125  1.94358974358974E-0001 -1.41897435897436E+0000
 1126  2.02417582417582E-0001 -1.40285714285714E+0000
 1127 -3.20879120879121E-0002 -1.38915750915751E+0000
 1128 -1.90842490842491E-0001 -1.39238095238095E+0000
 1129  1.65347985347985E-0001 -1.38190476190476E+0000
 1130  1.58901098901099E-0001 -1.39157509157509E+0000
 1131  8.23443223443223E-0002 -1.40769230769231E+0000
 1132  1.41978021978022E-0001 -1.36336996336996E+0000
 1133 -1.84395604395604E-0001 -1.36095238095238E+0000
 1134 -2.34358974358974E-0001 -1.40366300366300E+0000
 1135  6.59340659340659E-0003 -1.36095238095238E+0000
 1136 -3.88278388278388E-0003 -1.38593406593407E+0000
 1137 -2.45641025641026E-0001 -1.38190476190476E+0000
 1138 -2.40805860805861E-0001 -1.36820512820513E+0000
 1139 -1.88424908424908E-0001 -1.39318681318681E+0000
 1140  6.38095238095238E-0002 -1.38190476190476E+0000
 1141  3.64102564102564E-0002 -1.40608058608059E+0000
 1142 -2.73040293040293E-0001 -1.40124542124542E+0000
 1143  4.93040293040293E-0002 -1.42058608058608E+0000
 1144 -2.81904761904762E-0001 -1.38432234432234E+0000
 1145 -2.64981684981685E-0001 -1.36095238095238E+0000
 1146 -9.52380952380952E-0003 -1.39479853479853E+0000
 1147 -2.99633699633700E-0001 -1.37868131868132E+0000
 1148 -2.36776556776557E-0001 -1.39479853479853E+0000
 1149 -8.68864468864469E-0002 -1.37304029304029E+0000
 1150 -4.17582417582418E-0002 -1.41655677655678E+0000
 1151  1.38461538461538E-0002 -1.38029304029304E+0000
 1152 -2.60146520146520E-0001 -1.39238095238095E+0000
 1153 -1.90036630036630E-0001 -1.36981684981685E+0000
 1154 -3.47985347985348E-0001 -1.40366300366300E+0000
 1155 -3.31062271062271E-0001 -1.36820512820513E+0000
 1156 -2.98827838827839E-0001 -1.38835164835165E+0000
 1157 -9.52380952380952E-0003 -1.41252747252747E+0000
 1158  3.36996336996337E-0003 -1.35450549450549E+0000
 1159 -3.11721611721612E-0001 -1.39157509157509E+0000
 1160 -9.33333333333333E-0002 -1.38190476190476E+0000
 1161 -2.54505494505495E-0001 -1.37948717948718E+0000
 1162 -3.44761904761905E-0001 -1.42300366300366E+0000
 1163 -9.01098901098901E-0002 -1.37223443223443E+0000
 1164 -2.00000000000000E-0002 -1.37868131868132E+0000
 1165 -2.82710622710623E-0001 -1.41736263736264E+0000
 1166 -3.12820512820513E-0002 -1.35531135531136E+0000
 1167 -3.45054945054945E-0002 -1.40205128205128E+0000
 1168 -3.65714285714286E-0001 -1.38351648351648E+0000
 1169 -3.23003663003663E-0001 -1.39963369963370E+0000
 1170 -1.82783882783883E-0001 -1.38351648351648E+0000
 1171 -2.63369963369963E-0001 -1.38029304029304E+0000
 1172 -4.65934065934066E-0002 -1.36498168498168E+0000
 1173 -2.28717948717949E-0001 -1.40769230769231E+0000
 1174 -1.19413919413919E-0002 -1.41252747252747E+0000
 1175 -3.11721611721612E-0001 -1.38673992673993E+0000
 1176 -2.23882783882784E-0001 -1.35611721611722E+0000
 1177 -2.47252747252747E-0001 -1.38673992673993E+0000
 1178 -9.01098901098901E-0002 -1.38432234432234E+0000
 1179  1.30402930402930E-0002 -1.39560439560440E+0000
 1180 -3.35091575091575E-0001 -1.37384615384615E+0000
 1181 -3.33479853479853E-0001 -1.42058608058608E+0000
 1182 -3.06886446886447E-0001 -1.40124542124542E+0000
 1183  3.88278388278388E-0002 -1.37384615384615E+0000
 1184  4.93040293040293E-0002 -1.41172161172161E+0000
 1185 -1.51648351648351E-0002 -1.34805860805861E+0000
 1186 -7.56043956043956E-0002 -1.36014652014652E+0000
 1187 -2.40805860805861E-0001 -1.37304029304029E+0000
 1188 -1.04615384615384E-0001 -1.38593406593407E+0000
 1189 -2.51282051282051E-0001 -1.38915750915751E+0000
 1190 -2.56923076923077E-0001 -1.38190476190476E+0000
 1191 -2.11794871794872E-0001 -1.35128205128205E+0000
 1192  4.04395604395604E-0002 -1.38432234432234E+0000
 1193 -3.04761904761905E-0002 -1.40446886446886E+0000
 1194 -2.03736263736264E-0001 -1.37062271062271E+0000
 1195  2.35164835164835E-0002 -1.39802197802198E+0000
 1196 -2.24175824175824E-0002 -1.38512820512821E+0000
 1197 -1.61025641025641E-0001 -1.40043956043956E+0000
 1198  7.50915750915751E-0002 -1.41333333333333E+0000
 1199 -6.30036630036630E-0003 -1.36659340659341E+0000
 1200  1.41172161172161E-0001 -1.39963369963370E+0000
 1201 -1.40879120879121E-0001 -1.41413919413919E+0000
 1202  7.50915750915751E-0002 -1.39479853479853E+0000
 1203  1.37948717948718E-0001 -1.41413919413919E+0000
 1204  1.76630036630037E-0001 -1.38512820512821E+0000
 1205 -1.89230769230769E-0001 -1.38512820512821E+0000
 1206  1.88717948717949E-0001 -1.38754578754579E+0000
 1207 -1.86007326007326E-0001 -1.37626373626374E+0000
 1208 -7.64102564102564E-0002 -1.36981684981685E+0000
 1209  1.00879120879120E-0001 -1.36901098901099E+0000
 1210  1.50036630036630E-0001 -1.39076923076923E+0000
 1211  1.10549450549450E-0001 -1.38754578754579E+0000
 1212 -2.96703296703297E-0002 -1.41091575091575E+0000
 1213 -7.96336996336996E-0002 -1.39721611721612E+0000
 1214  1.43589743589744E-0001 -1.40527472527473E+0000
 1215 -4.73992673992674E-0002 -1.38351648351648E+0000
 1216 -1.76336996336996E-0001 -1.38190476190476E+0000
 1217 -1.41684981684982E-0001 -1.36739926739927E+0000
 1218 -9.81684981684982E-0002 -1.38996336996337E+0000
 1219 -1.15897435897435E-0001 -1.34564102564103E+0000
 1220 -1.76336996336996E-0001 -1.39560439560440E+0000
 1221 -5.54578754578755E-0002 -1.41655677655678E+0000
 1222  1.82271062271062E-0001 -1.36498168498168E+0000
 1223 -5.14285714285714E-0002 -1.37948717948718E+0000
 1224  1.36336996336996E-0001 -1.39963369963370E+0000
 1225  1.75824175824176E-0003 -1.40849816849817E+0000
 1226  1.17802197802197E-0001 -1.38754578754579E+0000
 1227 -1.48937728937729E-0001 -1.40769230769231E+0000
 1228  1.54578754578754E-0002 -1.40043956043956E+0000
 1229  4.93040293040293E-0002 -1.40688644688645E+0000
 1230 -5.94871794871795E-0002 -1.40124542124542E+0000
 1231  1.22637362637362E-0001 -1.40527472527473E+0000
 1232 -1.56996336996337E-0001 -1.37062271062271E+0000
 1233 -2.10989010989011E-0001 -1.40769230769231E+0000
 1234 -2.15824175824176E-0001 -1.35208791208791E+0000
 1235 -5.78754578754579E-0002 -1.36256410256410E+0000
 1236  3.07692307692308E-0002 -1.37384615384615E+0000
 1237  1.41978021978022E-0001 -1.36256410256410E+0000
 1238 -2.27912087912088E-0001 -1.38673992673993E+0000
 1239  1.37948717948718E-0001 -1.38996336996337E+0000
 1240 -1.88424908424908E-0001 -1.41413919413919E+0000
 1241 -2.54505494505495E-0001 -1.41413919413919E+0000
 1242 -1.95677655677656E-0001 -1.35853479853480E+0000
 1243  9.76556776556777E-0002 -1.42703296703297E+0000
 1244 -9.25274725274725E-0002 -1.38109890109890E+0000
 1245  8.87912087912088E-0002 -1.39479853479853E+0000
 1246  8.07326007326007E-0002 -1.40527472527473E+0000
 1247  5.01098901098901E-0002 -1.38351648351648E+0000
 1248 -3.20879120879121E-0002 -1.38593406593407E+0000
 1249 -2.77875457875458E-0001 -1.37465201465201E+0000
 1250  3.64102564102564E-0002 -1.42058608058608E+0000
 1251  4.44688644688645E-0002 -1.38754578754579E+0000
 1252  6.05860805860806E-0002 -1.35531135531136E+0000
 1253 -6.75457875457875E-0002 -1.38109890109890E+0000
 1254  3.31868131868132E-0002 -1.40446886446886E+0000
 1255 -3.11721611721612E-0001 -1.36256410256410E+0000
 1256  2.27106227106227E-0002 -1.40205128205128E+0000
 1257 -2.48058608058608E-0001 -1.40769230769231E+0000
 1258 -8.76923076923077E-0002 -1.39721611721612E+0000
 1259  1.38461538461538E-0002 -1.41252747252747E+0000
 1260 -2.48351648351648E-0002 -1.38835164835165E+0000
 1261 -9.73626373626374E-0002 -1.37465201465201E+0000
 1262 -2.66593406593407E-0001 -1.40527472527473E+0000
 1263 -3.47985347985348E-0001 -1.39076923076923E+0000
 1264 -2.99633699633700E-0001 -1.39318681318681E+0000
 1265 -6.02930402930403E-0002 -1.39157509157509E+0000
 1266 -7.10622710622711E-0003 -1.38271062271062E+0000
 1267 -2.79487179487179E-0001 -1.40205128205128E+0000
 1268 -1.06227106227106E-0001 -1.36739926739927E+0000
 1269 -3.36703296703297E-0001 -1.40205128205128E+0000
 1270 -1.19413919413919E-0002 -1.41978021978022E+0000
 1271 -1.25567765567766E-0001 -1.38029304029304E+0000
 1272 -3.14945054945055E-0001 -1.39076923076923E+0000
 1273 -1.61025641025641E-0001 -1.38754578754579E+0000
 1274 -2.81904761904762E-0001 -1.36578754578755E+0000
 1275 -1.19926739926739E-0001 -1.34805860805861E+0000
 1276 -6.35164835164835E-0002 -1.39560439560440E+0000
 1277 -1.75824175824176E-0002 -1.38593406593407E+0000
 1278 -2.18241758241758E-0001 -1.39157509157509E+0000
 1279 -2.48351648351648E-0002 -1.38835164835165E+0000
 1280 -3.53626373626374E-0001 -1.35128205128205E+0000
 1281 -6.67399267399267E-0002 -1.38835164835165E+0000
 1282 -2.35164835164835E-0001 -1.38512820512821E+0000
 1283 -2.97216117216117E-0001 -1.35934065934066E+0000
 1284 -2.94798534798535E-0001 -1.37142857142857E+0000
 1285  2.56410256410256E-0003 -1.38271062271062E+0000
 1286  1.06227106227106E-0002 -1.36901098901099E+0000
 1287 -2.99633699633700E-0001 -1.36659340659341E+0000
 1288 -1.70695970695971E-0001 -1.39641025641026E+0000
 1289 -3.16556776556777E-0001 -1.37062271062271E+0000
 1290 -7.56043956043956E-0002 -1.40043956043956E+0000
 1291 -1.05421245421245E-0001 -1.38271062271062E+0000
 1292 -1.41684981684982E-0001 -1.36739926739927E+0000
 1293 -8.12454212454212E-0002 -1.39721611721612E+0000
 1294  7.91208791208791E-0002 -1.39641025641026E+0000
 1295 -2.89157509157509E-0001 -1.38351648351648E+0000
 1296 -2.27106227106227E-0003 -1.38271062271062E+0000
 1297  8.23443223443223E-0002 -1.33274725274725E+0000
 1298 -1.82783882783883E-0001 -1.38835164835165E+0000
 1299 -2.14212454212454E-0001 -1.42139194139194E+0000
 1300 -2.26300366300366E-0001 -1.40446886446886E+0000
 1301  3.39926739926740E-0002 -1.41413919413919E+0000
 1302  1.06520146520146E-0001 -1.40205128205128E+0000
 1303 -1.74725274725275E-0001 -1.40205128205128E+0000
 1304 -2.10183150183150E-0001 -1.38835164835165E+0000
 1305 -2.56410256410256E-0002 -1.35531135531136E+0000
 1306 -2.22271062271062E-0001 -1.39157509157509E+0000
 1307  1.29890109890110E-0001 -1.35692307692308E+0000
 1308  4.04395604395604E-0002 -1.39157509157509E+0000
 1309  1.77435897435897E-0001 -1.38351648351648E+0000
 1310 -2.09377289377289E-0001 -1.37384615384615E+0000
 1311  7.50915750915751E-0002 -1.42219780219780E+0000
 1312  1.05714285714285E-0001 -1.40446886446886E+0000
 1313  2.35164835164835E-0002 -1.38351648351648E+0000
 1314 -3.45054945054945E-0002 -1.39963369963370E+0000
 1315 -1.24761904761904E-0001 -1.37545787545788E+0000
 1316  2.03223443223443E-0001 -1.39076923076923E+0000
 1317 -2.00000000000000E-0002 -1.37787545787546E+0000
 1318  2.67399267399267E-0002 -1.38754578754579E+0000
 1319  1.54065934065934E-0001 -1.41333333333333E+0000
 1320  1.12967032967033E-0001 -1.37626373626374E+0000
 1321 -1.03809523809523E-0001 -1.37626373626374E+0000
 1322 -3.28937728937729E-0002 -1.39641025641026E+0000
 1323 -1.28791208791209E-0001 -1.38432234432234E+0000
 1324  4.60805860805861E-0002 -1.40849816849817E+0000
 1325 -9.57509157509158E-0002 -1.35531135531136E+0000
 1326 -1.12673992673992E-0001 -1.39479853479853E+0000
 1327 -1.74725274725275E-0001 -1.36498168498168E+0000
 1328 -1.20732600732600E-0001 -1.36417582417582E+0000
 1329  8.31501831501832E-0002 -1.40366300366300E+0000
 1330 -5.62637362637363E-0002 -1.36336996336996E+0000
 1331 -1.65054945054945E-0001 -1.37626373626374E+0000
 1332 -1.08644688644688E-0001 -1.37223443223443E+0000
 1333 -1.89230769230769E-0001 -1.39641025641026E+0000
 1334  1.25860805860806E-0001 -1.42380952380952E+0000
 1335  1.96776556776557E-0001 -1.38835164835165E+0000
 1336 -1.71501831501832E-0001 -1.37384615384615E+0000
 1337 -1.91648351648352E-0001 -1.39318681318681E+0000
 1338  1.81465201465201E-0001 -1.40446886446886E+0000
 1339  1.08937728937728E-0001 -1.42945054945055E+0000
 1340  7.99267399267399E-0002 -1.38432234432234E+0000
 1341 -3.77289377289377E-0002 -1.40124542124542E+0000
 1342  1.43589743589744E-0001 -1.41091575091575E+0000
 1343  7.10622710622711E-0002 -1.38432234432234E+0000
 1344  5.41391941391941E-0002 -1.40366300366300E+0000
 1345  9.36263736263736E-0002 -1.36981684981685E+0000
 1346 -2.50476190476190E-0001 -1.41091575091575E+0000
 1347 -2.80586080586081E-0002 -1.35289377289377E+0000
 1348  1.12161172161172E-0001 -1.40849816849817E+0000
 1349  6.59340659340659E-0003 -1.36417582417582E+0000
 1350 -1.52161172161172E-0001 -1.37304029304029E+0000
 1351 -7.96336996336996E-0002 -1.39076923076923E+0000
 1352  6.86446886446886E-0002 -1.42461538461538E+0000
 1353 -2.51282051282051E-0001 -1.39641025641026E+0000
 1354 -2.63369963369963E-0001 -1.39802197802198E+0000
 1355 -5.49450549450549E-0003 -1.39157509157509E+0000
 1356  6.59340659340659E-0003 -1.37706959706960E+0000
 1357  5.57509157509158E-0002 -1.36498168498168E+0000
 1358 -1.08644688644688E-0001 -1.36739926739927E+0000
 1359 -6.27106227106227E-0002 -1.37626373626374E+0000
 1360 -2.25494505494505E-0001 -1.40124542124542E+0000
 1361 -3.23809523809524E-0001 -1.37868131868132E+0000
 1362 -3.41538461538462E-0001 -1.41494505494505E+0000
 1363 -9.97802197802198E-0002 -1.37304029304029E+0000
 1364  1.62637362637363E-0002 -1.38593406593407E+0000
 1365 -2.24175824175824E-0002 -1.41978021978022E+0000
 1366 -2.32234432234432E-0002 -1.38432234432234E+0000
 1367 -1.69890109890110E-0001 -1.40285714285714E+0000
 1368 -3.53113553113553E-0002 -1.39641025641026E+0000
 1369 -2.32234432234432E-0002 -1.42542124542125E+0000
 1370 -1.37655677655678E-0001 -1.38109890109890E+0000
 1371 -2.16117216117216E-0002 -1.39882783882784E+0000
 1372 -2.89157509157509E-0001 -1.39157509157509E+0000
 1373 -1.27472527472527E-0002 -1.41172161172161E+0000
 1374 -2.13406593406593E-0001 -1.39157509157509E+0000
 1375 -2.48351648351648E-0002 -1.39641025641026E+0000
 1376 -3.64102564102564E-0001 -1.35692307692308E+0000
 1377 -1.15091575091575E-0001 -1.38593406593407E+0000
 1378 -2.19047619047619E-0001 -1.38996336996337E+0000
 1379 -2.94798534798535E-0001 -1.41413919413919E+0000
 1380 -2.32234432234432E-0002 -1.40205128205128E+0000
 1381 -6.19047619047619E-0002 -1.39238095238095E+0000
 1382 -1.24761904761904E-0001 -1.36578754578755E+0000
 1383 -8.76923076923077E-0002 -1.37142857142857E+0000
 1384 -2.56117216117216E-0001 -1.42058608058608E+0000
 1385 -3.12820512820513E-0002 -1.41252747252747E+0000
 1386 -7.96336996336996E-0002 -1.38915750915751E+0000
 1387 -3.26227106227106E-0001 -1.40205128205128E+0000
 1388 -6.99633699633700E-0002 -1.35047619047619E+0000
 1389 -6.30036630036630E-0003 -1.37062271062271E+0000
 1390 -1.94871794871795E-0001 -1.37948717948718E+0000
 1391 -1.69890109890110E-0001 -1.38754578754579E+0000
 1392 -1.17509157509157E-0001 -1.40043956043956E+0000
 1393 -2.80586080586081E-0002 -1.39560439560440E+0000
 1394 -1.25567765567766E-0001 -1.37868131868132E+0000
 1395  9.81684981684982E-0003 -1.37626373626374E+0000
 1396 -1.29597069597070E-0001 -1.37062271062271E+0000
 1397 -1.94871794871795E-0001 -1.36901098901099E+0000
 1398 -2.98827838827839E-0001 -1.38109890109890E+0000
 1399 -5.70695970695971E-0002 -1.38915750915751E+0000
 1400 -2.64175824175824E-0001 -1.42864468864469E+0000
 1401 -1.98901098901099E-0001 -1.39238095238095E+0000
 1402 -2.67399267399267E-0001 -1.39802197802198E+0000
 1403 -1.43296703296703E-0001 -1.37545787545788E+0000
 1404 -1.23150183150183E-0001 -1.36820512820513E+0000
 1405  1.22637362637362E-0001 -1.38754578754579E+0000
 1406 -2.41611721611722E-0001 -1.33838827838828E+0000
 1407 -5.38461538461538E-0002 -1.39076923076923E+0000
 1408 -2.01318681318681E-0001 -1.34805860805861E+0000
 1409  4.20512820512821E-0002 -1.37706959706960E+0000
 1410  1.01684981684981E-0001 -1.38351648351648E+0000
 1411 -2.23076923076923E-0001 -1.43267399267399E+0000
 1412 -1.05421245421245E-0001 -1.37948717948718E+0000
 1413  9.20146520146520E-0002 -1.39560439560440E+0000
 1414  1.25054945054945E-0001 -1.40527472527473E+0000
 1415 -2.96703296703297E-0002 -1.36659340659341E+0000
