 0  5.57509157509158E-0002 -1.41897435897436E+0000
 1 -4.98168498168498E-0002 -1.40285714285714E+0000
 2  1.39560439560440E-0001 -1.38029304029304E+0000
 3  5.81684981684982E-0002 -1.43347985347985E+0000
 4 -1.25567765567766E-0001 -1.42864468864469E+0000
 5 -4.57875457875458E-0002 -1.40205128205128E+0000
 6  1.13772893772893E-0001 -1.38673992673993E+0000
 7  6.21978021978022E-0002 -1.39318681318681E+0000
 8 -1.10256410256410E-0001 -1.38915750915751E+0000
 9 -2.40293040293040E-0002 -1.36014652014652E+0000
 10  1.37142857142857E-0001 -1.38915750915751E+0000
 11  4.84981684981685E-0002 -1.38835164835165E+0000
 12 -1.23150183150183E-0001 -1.37465201465201E+0000
 13 -4.49816849816850E-0002 -1.40124542124542E+0000
 14  1.30695970695971E-0001 -1.38109890109890E+0000
 15  4.04395604395604E-0002 -1.43186813186813E+0000
 16 -1.23956043956044E-0001 -1.43267399267399E+0000
 17 -4.98168498168498E-0002 -1.41655677655678E+0000
 18  1.30695970695971E-0001 -1.40527472527473E+0000
 19  4.93040293040293E-0002 -1.41333333333333E+0000
 20 -1.24761904761904E-0001 -1.41333333333333E+0000
 21 -4.09523809523810E-0002 -1.39721611721612E+0000
 22  1.26666666666667E-0001 -1.38754578754579E+0000
 23  4.28571428571429E-0002 -1.39318681318681E+0000
 24 -1.19926739926739E-0001 -1.38835164835165E+0000
 25 -3.69230769230769E-0002 -1.35853479853480E+0000
 26  1.26666666666667E-0001 -1.38673992673993E+0000
 27  6.70329670329670E-0002 -1.39157509157509E+0000
 28 -1.16703296703296E-0001 -1.38432234432234E+0000
 29 -4.33699633699634E-0002 -1.36417582417582E+0000
 30  1.37142857142857E-0001 -1.38432234432234E+0000
 31  4.52747252747253E-0002 -1.38915750915751E+0000
 32 -1.24761904761904E-0001 -1.37706959706960E+0000
 33 -4.82051282051282E-0002 -1.39399267399267E+0000
 34  1.33113553113553E-0001 -1.38351648351648E+0000
 35  3.96336996336996E-0002 -1.38673992673993E+0000
 36 -1.11868131868131E-0001 -1.37304029304029E+0000
 37 -3.69230769230769E-0002 -1.39641025641026E+0000
 38  1.35531135531136E-0001 -1.37545787545788E+0000
 39  2.27106227106227E-0002 -1.41897435897436E+0000
 40 -1.20732600732600E-0001 -1.41413919413919E+0000
 41 -3.36996336996337E-0002 -1.38996336996337E+0000
 42  1.32307692307692E-0001 -1.37304029304029E+0000
 43  2.91575091575092E-0002 -1.42622710622711E+0000
 44 -1.25567765567766E-0001 -1.42622710622711E+0000
 45 -2.80586080586081E-0002 -1.40849816849817E+0000
 46  1.26666666666667E-0001 -1.39479853479853E+0000
 47  3.80219780219780E-0002 -1.39479853479853E+0000
 48 -1.24761904761904E-0001 -1.37948717948718E+0000
 49 -3.85347985347985E-0002 -1.40205128205128E+0000
 50  1.33919413919414E-0001 -1.38351648351648E+0000
 51  1.86813186813187E-0002 -1.38915750915751E+0000
 52 -1.21538461538461E-0001 -1.37142857142857E+0000
 53 -1.11355311355311E-0002 -1.38835164835165E+0000
 54  1.34725274725275E-0001 -1.37223443223443E+0000
 55  1.54578754578754E-0002 -1.41897435897436E+0000
 56 -1.21538461538461E-0001 -1.41413919413919E+0000
 57 -2.40293040293040E-0002 -1.38915750915751E+0000
 58  1.36336996336996E-0001 -1.36981684981685E+0000
 59  3.80219780219780E-0002 -1.41091575091575E+0000
 60 -1.26373626373626E-0001 -1.40527472527473E+0000
 61 -2.80586080586081E-0002 -1.38593406593407E+0000
 62  1.37948717948718E-0001 -1.37384615384615E+0000
 63  3.39926739926740E-0002 -1.41736263736264E+0000
 64 -1.21538461538461E-0001 -1.41252747252747E+0000
 65 -1.03296703296703E-0002 -1.39641025641026E+0000
 66  1.35531135531136E-0001 -1.38271062271062E+0000
 67  3.56043956043956E-0002 -1.38432234432234E+0000
 68 -1.31208791208791E-0001 -1.37787545787546E+0000
 69 -8.71794871794872E-0003 -1.39318681318681E+0000
 70  1.36336996336996E-0001 -1.38512820512821E+0000
 71  2.91575091575092E-0002 -1.38996336996337E+0000
 72 -1.27179487179487E-0001 -1.37706959706960E+0000
 73  4.98168498168498E-0003 -1.38915750915751E+0000
 74  1.33113553113553E-0001 -1.37706959706960E+0000
 75  1.54578754578754E-0002 -1.41736263736264E+0000
 76 -1.25567765567766E-0001 -1.41172161172161E+0000
 77 -4.68864468864469E-0003 -1.39238095238095E+0000
 78  1.39560439560440E-0001 -1.38271062271062E+0000
 79  2.27106227106227E-0002 -1.38190476190476E+0000
 80 -1.22344322344322E-0001 -1.36498168498168E+0000
 81 -1.83882783882784E-0002 -1.38271062271062E+0000
 82  1.37948717948718E-0001 -1.36659340659341E+0000
 83  1.54578754578754E-0002 -1.41333333333333E+0000
 84 -1.23956043956044E-0001 -1.40930402930403E+0000
 85  1.06227106227106E-0002 -1.37545787545788E+0000
 86  1.37142857142857E-0001 -1.40366300366300E+0000
 87  1.70695970695971E-0002 -1.41010989010989E+0000
 88 -1.19926739926739E-0001 -1.40043956043956E+0000
 89  1.46520146520147E-0004 -1.38351648351648E+0000
 90  1.35531135531136E-0001 -1.36901098901099E+0000
 91  9.81684981684982E-0003 -1.40769230769231E+0000
 92 -1.22344322344322E-0001 -1.39076923076923E+0000
 93  2.56410256410256E-0003 -1.36820512820513E+0000
 94  1.36336996336996E-0001 -1.40043956043956E+0000
 95 -3.88278388278388E-0003 -1.41413919413919E+0000
 96 -1.31208791208791E-0001 -1.39882783882784E+0000
 97  1.75824175824176E-0003 -1.37787545787546E+0000
 98  1.37142857142857E-0001 -1.40849816849817E+0000
 99 -1.03296703296703E-0002 -1.40930402930403E+0000
 100 -1.24761904761904E-0001 -1.39882783882784E+0000
 101 -3.07692307692308E-0003 -1.38109890109890E+0000
 102  1.41172161172161E-0001 -1.41333333333333E+0000
 103  7.39926739926740E-0003 -1.42461538461538E+0000
 104 -1.25567765567766E-0001 -1.41897435897436E+0000
 105  6.59340659340659E-0003 -1.40446886446886E+0000
 106  1.30695970695971E-0001 -1.39641025641026E+0000
 107  9.01098901098901E-0003 -1.39963369963370E+0000
 108 -1.25567765567766E-0001 -1.39157509157509E+0000
 109  9.81684981684982E-0003 -1.37142857142857E+0000
 110  1.32307692307692E-0001 -1.40366300366300E+0000
 111  2.56410256410256E-0003 -1.40446886446886E+0000
 112 -1.24761904761904E-0001 -1.39479853479853E+0000
 113  9.01098901098901E-0003 -1.36901098901099E+0000
 114  1.35531135531136E-0001 -1.39318681318681E+0000
 115  8.20512820512821E-0003 -1.40205128205128E+0000
 116 -1.25567765567766E-0001 -1.38271062271062E+0000
 117  1.06227106227106E-0002 -1.35772893772894E+0000
 118  1.41978021978022E-0001 -1.38271062271062E+0000
 119 -5.49450549450549E-0003 -1.38351648351648E+0000
 120 -1.25567765567766E-0001 -1.36739926739927E+0000
 121  1.38461538461538E-0002 -1.38915750915751E+0000
 122  1.35531135531136E-0001 -1.37223443223443E+0000
 123 -5.49450549450549E-0003 -1.41736263736264E+0000
 124 -1.26373626373626E-0001 -1.41010989010989E+0000
 125  1.06227106227106E-0002 -1.38996336996337E+0000
 126  1.42783882783883E-0001 -1.37626373626374E+0000
 127 -7.10622710622711E-0003 -1.41575091575092E+0000
 128 -1.31208791208791E-0001 -1.41010989010989E+0000
 129  1.62637362637363E-0002 -1.38432234432234E+0000
 130  1.37142857142857E-0001 -1.37465201465201E+0000
 131 -1.19413919413919E-0002 -1.42622710622711E+0000
 132 -1.23150183150183E-0001 -1.41816849816850E+0000
 133  2.35164835164835E-0002 -1.39802197802198E+0000
 134  1.37142857142857E-0001 -1.39318681318681E+0000
 135 -1.67765567765568E-0002 -1.40688644688645E+0000
 136 -1.23956043956044E-0001 -1.39560439560440E+0000
 137  2.27106227106227E-0002 -1.36659340659341E+0000
 138  1.32307692307692E-0001 -1.40124542124542E+0000
 139 -1.11355311355311E-0002 -1.39963369963370E+0000
 140 -1.23956043956044E-0001 -1.38835164835165E+0000
 141  2.10989010989011E-0002 -1.36175824175824E+0000
 142  1.49230769230769E-0001 -1.39479853479853E+0000
 143 -1.67765567765568E-0002 -1.39479853479853E+0000
 144 -1.19926739926739E-0001 -1.37545787545788E+0000
 145  2.51282051282051E-0002 -1.39076923076923E+0000
 146  1.30695970695971E-0001 -1.38029304029304E+0000
 147 -1.83882783882784E-0002 -1.42945054945055E+0000
 148 -1.19120879120879E-0001 -1.41575091575092E+0000
 149  2.35164835164835E-0002 -1.39641025641026E+0000
 150  1.40366300366300E-0001 -1.38512820512821E+0000
 151 -1.51648351648351E-0002 -1.38915750915751E+0000
 152 -1.26373626373626E-0001 -1.37142857142857E+0000
 153  2.99633699633700E-0002 -1.39076923076923E+0000
 154  1.35531135531136E-0001 -1.38190476190476E+0000
 155 -1.83882783882784E-0002 -1.37626373626374E+0000
 156 -1.16703296703296E-0001 -1.39963369963370E+0000
 157  2.91575091575092E-0002 -1.38512820512821E+0000
 158  1.31501831501832E-0001 -1.38190476190476E+0000
 159 -1.75824175824176E-0002 -1.37223443223443E+0000
 160 -1.27985347985348E-0001 -1.39882783882784E+0000
 161  3.56043956043956E-0002 -1.38432234432234E+0000
 162  1.33113553113553E-0001 -1.37384615384615E+0000
 163 -2.72527472527473E-0002 -1.42139194139194E+0000
 164 -1.27179487179487E-0001 -1.40608058608059E+0000
 165  2.99633699633700E-0002 -1.39157509157509E+0000
 166  1.35531135531136E-0001 -1.38593406593407E+0000
 167 -2.80586080586081E-0002 -1.38996336996337E+0000
 168 -1.24761904761904E-0001 -1.37706959706960E+0000
 169  3.64102564102564E-0002 -1.39399267399267E+0000
 170  1.40366300366300E-0001 -1.38996336996337E+0000
 171 -2.48351648351648E-0002 -1.39157509157509E+0000
 172 -1.22344322344322E-0001 -1.37545787545788E+0000
 173  3.23809523809524E-0002 -1.39560439560440E+0000
 174  1.30695970695971E-0001 -1.38271062271062E+0000
 175 -3.45054945054945E-0002 -1.37948717948718E+0000
 176 -1.22344322344322E-0001 -1.40608058608059E+0000
 177  3.23809523809524E-0002 -1.39399267399267E+0000
 178  1.30695970695971E-0001 -1.39399267399267E+0000
 179 -3.85347985347985E-0002 -1.39882783882784E+0000
 180 -1.22344322344322E-0001 -1.38673992673993E+0000
 181  4.68864468864469E-0002 -1.37062271062271E+0000
 182  1.30695970695971E-0001 -1.40043956043956E+0000
 183 -3.69230769230769E-0002 -1.40688644688645E+0000
 184 -1.21538461538461E-0001 -1.39721611721612E+0000
 185  4.44688644688645E-0002 -1.37948717948718E+0000
 186  1.26666666666667E-0001 -1.41575091575092E+0000
 187 -3.69230769230769E-0002 -1.41736263736264E+0000
 188 -1.18315018315018E-0001 -1.40527472527473E+0000
 189  4.76923076923077E-0002 -1.38915750915751E+0000
 190  1.23443223443223E-0001 -1.37868131868132E+0000
 191 -3.85347985347985E-0002 -1.42219780219780E+0000
 192 -1.16703296703296E-0001 -1.40527472527473E+0000
 193  4.76923076923077E-0002 -1.39076923076923E+0000
 194  1.26666666666667E-0001 -1.38512820512821E+0000
 195 -3.36996336996337E-0002 -1.38593406593407E+0000
 196 -1.12673992673992E-0001 -1.37223443223443E+0000
 197  5.57509157509158E-0002 -1.39399267399267E+0000
 198  1.36336996336996E-0001 -1.39318681318681E+0000
 199 -5.38461538461538E-0002 -1.39963369963370E+0000
 200 -1.17509157509157E-0001 -1.38432234432234E+0000
 201  6.62271062271062E-0002 -1.36578754578755E+0000
 202  1.25860805860806E-0001 -1.40285714285714E+0000
 203 -5.06227106227106E-0002 -1.40205128205128E+0000
 204 -1.15091575091575E-0001 -1.37948717948718E+0000
 205  6.13919413919414E-0002 -1.40527472527473E+0000
 206  1.34725274725275E-0001 -1.40366300366300E+0000
 207 -4.98168498168498E-0002 -1.40688644688645E+0000
 208 -1.14285714285714E-0001 -1.39560439560440E+0000
 209  5.57509157509158E-0002 -1.37304029304029E+0000
 210  1.26666666666667E-0001 -1.40930402930403E+0000
 211 -3.85347985347985E-0002 -1.41010989010989E+0000
 212 -1.19926739926739E-0001 -1.39560439560440E+0000
 213  6.86446886446886E-0002 -1.37384615384615E+0000
 214  1.31501831501832E-0001 -1.41333333333333E+0000
 215 -5.86813186813187E-0002 -1.42139194139194E+0000
 216 -1.09450549450549E-0001 -1.39882783882784E+0000
 217  6.70329670329670E-0002 -1.38512820512821E+0000
 218  1.18608058608058E-0001 -1.38271062271062E+0000
 219 -4.73992673992674E-0002 -1.37626373626374E+0000
 220 -1.12673992673992E-0001 -1.39479853479853E+0000
 221  5.97802197802198E-0002 -1.37223443223443E+0000
 222  1.25860805860806E-0001 -1.40849816849817E+0000
 223 -5.30402930402930E-0002 -1.40608058608059E+0000
 224 -1.07032967032967E-0001 -1.39076923076923E+0000
 225  6.21978021978022E-0002 -1.37465201465201E+0000
 226  1.21025641025641E-0001 -1.41575091575092E+0000
 227 -5.14285714285714E-0002 -1.41494505494505E+0000
 228 -1.13479853479853E-0001 -1.39479853479853E+0000
 229  6.21978021978022E-0002 -1.37223443223443E+0000
 230  1.26666666666667E-0001 -1.40769230769231E+0000
 231 -5.54578754578755E-0002 -1.40285714285714E+0000
 232 -1.10256410256410E-0001 -1.38432234432234E+0000
 233  5.65567765567766E-0002 -1.36659340659341E+0000
 234  1.16190476190476E-0001 -1.40446886446886E+0000
 235 -5.78754578754579E-0002 -1.40608058608059E+0000
 236 -1.10256410256410E-0001 -1.39238095238095E+0000
 237  7.50915750915751E-0002 -1.37948717948718E+0000
 238  1.26666666666667E-0001 -1.41736263736264E+0000
 239 -6.99633699633700E-0002 -1.42380952380952E+0000
 240 -1.11868131868131E-0001 -1.40769230769231E+0000
 241  7.91208791208791E-0002 -1.38754578754579E+0000
 242  1.21025641025641E-0001 -1.38593406593407E+0000
 243 -6.10989010989011E-0002 -1.38673992673993E+0000
 244 -1.17509157509157E-0001 -1.37304029304029E+0000
 245  5.65567765567766E-0002 -1.40124542124542E+0000
 246  1.18608058608058E-0001 -1.39318681318681E+0000
 247 -6.83516483516484E-0002 -1.39641025641026E+0000
 248 -1.10256410256410E-0001 -1.37223443223443E+0000
 249  7.18681318681319E-0002 -1.39802197802198E+0000
 250  1.25860805860806E-0001 -1.39560439560440E+0000
 251 -6.43223443223443E-0002 -1.38996336996337E+0000
 252 -1.07032967032967E-0001 -1.36981684981685E+0000
 253  7.67032967032967E-0002 -1.38835164835165E+0000
 254  1.18608058608058E-0001 -1.37787545787546E+0000
 255 -6.99633699633700E-0002 -1.42219780219780E+0000
 256 -1.07032967032967E-0001 -1.40043956043956E+0000
 257  7.91208791208791E-0002 -1.38915750915751E+0000
 258  1.18608058608058E-0001 -1.38190476190476E+0000
 259 -7.31868131868132E-0002 -1.37465201465201E+0000
 260 -1.11868131868131E-0001 -1.40688644688645E+0000
 261  1.00879120879120E-0001 -1.38754578754579E+0000
 262  1.13772893772893E-0001 -1.39157509157509E+0000
 263 -7.39926739926740E-0002 -1.39157509157509E+0000
 264 -1.08644688644688E-0001 -1.37304029304029E+0000
 265  7.83150183150183E-0002 -1.39963369963370E+0000
 266  1.18608058608058E-0001 -1.40124542124542E+0000
 267 -6.67399267399267E-0002 -1.39479853479853E+0000
 268 -1.11062271062271E-0001 -1.37142857142857E+0000
 269  7.10622710622711E-0002 -1.39641025641026E+0000
 270  1.14578754578754E-0001 -1.39157509157509E+0000
 271 -6.99633699633700E-0002 -1.39157509157509E+0000
 272 -1.05421245421245E-0001 -1.37062271062271E+0000
 273  8.63736263736264E-0002 -1.39157509157509E+0000
 274  1.12161172161172E-0001 -1.39157509157509E+0000
 275 -7.56043956043956E-0002 -1.39238095238095E+0000
 276 -1.05421245421245E-0001 -1.37626373626374E+0000
 277  8.23443223443223E-0002 -1.39560439560440E+0000
 278  1.14578754578754E-0001 -1.38915750915751E+0000
 279 -8.20512820512821E-0002 -1.38512820512821E+0000
 280 -1.01391941391941E-0001 -1.39560439560440E+0000
 281  1.16190476190476E-0001 -1.38835164835165E+0000
 282 -7.64102564102564E-0002 -1.37948717948718E+0000
 283 -9.97802197802198E-0002 -1.40285714285714E+0000
 284  8.47619047619048E-0002 -1.38512820512821E+0000
 285  1.17802197802197E-0001 -1.38351648351648E+0000
 286 -7.56043956043956E-0002 -1.37787545787546E+0000
 287 -1.00586080586080E-0001 -1.39802197802198E+0000
 288  7.83150183150183E-0002 -1.38593406593407E+0000
 289  1.18608058608058E-0001 -1.38190476190476E+0000
 290 -8.60805860805861E-0002 -1.37545787545788E+0000
 291 -1.05421245421245E-0001 -1.39479853479853E+0000
 292  9.36263736263736E-0002 -1.36981684981685E+0000
 293  1.12967032967033E-0001 -1.40285714285714E+0000
 294 -7.96336996336996E-0002 -1.40043956043956E+0000
 295 -1.01391941391941E-0001 -1.38432234432234E+0000
 296  8.31501831501832E-0002 -1.36901098901099E+0000
 297  1.07326007326007E-0001 -1.40124542124542E+0000
 298 -8.04395604395604E-0002 -1.39560439560440E+0000
 299 -9.17216117216117E-0002 -1.38996336996337E+0000
 300  1.13772893772893E-0001 -1.38432234432234E+0000
 301 -7.23809523809524E-0002 -1.37948717948718E+0000
 302 -9.17216117216117E-0002 -1.40366300366300E+0000
 303  8.39560439560440E-0002 -1.39318681318681E+0000
 304  1.00073260073260E-0001 -1.39560439560440E+0000
 305 -9.09157509157509E-0002 -1.37062271062271E+0000
 306  9.44322344322344E-0002 -1.39318681318681E+0000
 307  1.08131868131868E-0001 -1.39238095238095E+0000
 308 -8.44688644688645E-0002 -1.39238095238095E+0000
 309 -8.68864468864469E-0002 -1.40688644688645E+0000
 310  1.06520146520146E-0001 -1.41010989010989E+0000
 311 -8.76923076923077E-0002 -1.40930402930403E+0000
 312 -8.60805860805861E-0002 -1.38915750915751E+0000
 313  9.92673992673993E-0002 -1.40930402930403E+0000
 314 -7.31868131868132E-0002 -1.40205128205128E+0000
 315 -9.09157509157509E-0002 -1.37948717948718E+0000
 316  9.36263736263736E-0002 -1.40930402930403E+0000
 317  1.10549450549450E-0001 -1.40769230769231E+0000
 318 -8.52747252747253E-0002 -1.37384615384615E+0000
 319  1.00073260073260E-0001 -1.40769230769231E+0000
 320  9.52380952380952E-0002 -1.39882783882784E+0000
 321 -1.00586080586080E-0001 -1.40043956043956E+0000
 322 -9.25274725274725E-0002 -1.38432234432234E+0000
 323  1.12161172161172E-0001 -1.36901098901099E+0000
 324  1.06520146520146E-0001 -1.39963369963370E+0000
 325 -9.41391941391941E-0002 -1.37868131868132E+0000
 326  1.04908424908424E-0001 -1.40527472527473E+0000
 327  9.36263736263736E-0002 -1.40608058608059E+0000
 328 -8.36630036630037E-0002 -1.39882783882784E+0000
 329 -8.04395604395604E-0002 -1.38593406593407E+0000
 330  9.60439560439560E-0002 -1.37545787545788E+0000
 331  9.84615384615385E-0002 -1.41252747252747E+0000
 332 -9.33333333333333E-0002 -1.41252747252747E+0000
 333 -8.60805860805861E-0002 -1.38996336996337E+0000
 334  8.79853479853480E-0002 -1.38835164835165E+0000
 335 -9.25274725274725E-0002 -1.37787545787546E+0000
 336 -8.52747252747253E-0002 -1.38351648351648E+0000
 337  1.07326007326007E-0001 -1.37706959706960E+0000
 338 -9.73626373626374E-0002 -1.41252747252747E+0000
 339 -8.12454212454212E-0002 -1.38754578754579E+0000
 340  9.60439560439560E-0002 -1.38673992673993E+0000
 341 -9.89743589743590E-0002 -1.38673992673993E+0000
 342 -7.96336996336996E-0002 -1.39721611721612E+0000
 343  9.36263736263736E-0002 -1.39479853479853E+0000
 344 -8.36630036630037E-0002 -1.38190476190476E+0000
 345 -7.96336996336996E-0002 -1.38754578754579E+0000
 346  7.99267399267399E-0002 -1.38835164835165E+0000
 347 -1.01391941391941E-0001 -1.37787545787546E+0000
 348 -8.84981684981685E-0002 -1.38593406593407E+0000
 349  6.30036630036630E-0002 -1.38915750915751E+0000
 350 -9.25274725274725E-0002 -1.37706959706960E+0000
 351 -8.52747252747253E-0002 -1.39479853479853E+0000
 352  1.11355311355311E-0001 -1.37706959706960E+0000
 353  9.36263736263736E-0002 -1.41172161172161E+0000
 354 -1.00586080586080E-0001 -1.39479853479853E+0000
 355  1.12161172161172E-0001 -1.37545787545788E+0000
 356  7.42857142857143E-0002 -1.41172161172161E+0000
 357 -9.25274725274725E-0002 -1.41010989010989E+0000
 358 -7.31868131868132E-0002 -1.39479853479853E+0000
 359  1.11355311355311E-0001 -1.37465201465201E+0000
 360  8.95970695970696E-0002 -1.42219780219780E+0000
 361 -6.67399267399267E-0002 -1.40043956043956E+0000
 362  1.16996336996337E-0001 -1.39479853479853E+0000
 363  9.36263736263736E-0002 -1.38754578754579E+0000
 364 -1.03809523809523E-0001 -1.38754578754579E+0000
 365 -7.31868131868132E-0002 -1.37626373626374E+0000
 366  1.10549450549450E-0001 -1.38996336996337E+0000
 367 -1.08644688644688E-0001 -1.38432234432234E+0000
 368 -7.56043956043956E-0002 -1.39399267399267E+0000
 369  7.99267399267399E-0002 -1.39479853479853E+0000
 370 -1.06227106227106E-0001 -1.38673992673993E+0000
 371 -6.59340659340659E-0002 -1.36901098901099E+0000
 372  1.13772893772893E-0001 -1.38996336996337E+0000
 373  8.15384615384615E-0002 -1.38432234432234E+0000
 374 -1.06227106227106E-0001 -1.39882783882784E+0000
 375  1.12161172161172E-0001 -1.38996336996337E+0000
 376  7.18681318681319E-0002 -1.38109890109890E+0000
 377 -6.99633699633700E-0002 -1.40769230769231E+0000
 378  1.18608058608058E-0001 -1.38673992673993E+0000
 379 -1.06227106227106E-0001 -1.38271062271062E+0000
 380 -5.38461538461538E-0002 -1.35692307692308E+0000
 381  1.19413919413919E-0001 -1.37948717948718E+0000
 382  8.79853479853480E-0002 -1.41897435897436E+0000
 383 -1.09450549450549E-0001 -1.42219780219780E+0000
 384 -6.83516483516484E-0002 -1.40608058608059E+0000
 385  1.24249084249084E-0001 -1.39399267399267E+0000
 386  7.34798534798535E-0002 -1.39882783882784E+0000
 387 -1.14285714285714E-0001 -1.40205128205128E+0000
 388 -6.19047619047619E-0002 -1.37465201465201E+0000
 389  1.30695970695971E-0001 -1.41494505494505E+0000
 390 -1.13479853479853E-0001 -1.40527472527473E+0000
 391 -5.46520146520147E-0002 -1.37384615384615E+0000
 392  7.26739926739927E-0002 -1.41172161172161E+0000
 393 -1.07838827838827E-0001 -1.41252747252747E+0000
 394 -5.94871794871795E-0002 -1.39882783882784E+0000
 395  1.21025641025641E-0001 -1.38915750915751E+0000
 396  6.30036630036630E-0002 -1.37948717948718E+0000
 397 -6.67399267399267E-0002 -1.40205128205128E+0000
 398  1.23443223443223E-0001 -1.38835164835165E+0000
 399 -1.11062271062271E-0001 -1.37868131868132E+0000
 400 -5.78754578754579E-0002 -1.40205128205128E+0000
 401  1.21025641025641E-0001 -1.38673992673993E+0000
 402  6.62271062271062E-0002 -1.38754578754579E+0000
 403 -1.14285714285714E-0001 -1.36901098901099E+0000
 404  1.24249084249084E-0001 -1.38996336996337E+0000
 405  5.65567765567766E-0002 -1.37223443223443E+0000
 406 -4.98168498168498E-0002 -1.39802197802198E+0000
 407  1.22637362637362E-0001 -1.37223443223443E+0000
 408 -1.14285714285714E-0001 -1.41333333333333E+0000
 409 -5.38461538461538E-0002 -1.39076923076923E+0000
 410  6.86446886446886E-0002 -1.38673992673993E+0000
 411 -1.23150183150183E-0001 -1.38673992673993E+0000
 412 -4.73992673992674E-0002 -1.36739926739927E+0000
 413  1.34725274725275E-0001 -1.39963369963370E+0000
 414 -1.11062271062271E-0001 -1.39560439560440E+0000
 415 -4.57875457875458E-0002 -1.40043956043956E+0000
 416  7.34798534798535E-0002 -1.40285714285714E+0000
 417 -1.11062271062271E-0001 -1.37384615384615E+0000
 418  1.26666666666667E-0001 -1.40849816849817E+0000
 419  5.49450549450549E-0002 -1.39399267399267E+0000
 420 -1.35531135531135E-0002 -1.39802197802198E+0000
 421  4.52747252747253E-0002 -1.40043956043956E+0000
 422 -1.19926739926739E-0001 -1.38190476190476E+0000
 423  1.18608058608058E-0001 -1.36498168498168E+0000
 424  4.93040293040293E-0002 -1.39721611721612E+0000
 425 -4.09523809523810E-0002 -1.37787545787546E+0000
 426  1.36336996336996E-0001 -1.40769230769231E+0000
 427  5.57509157509158E-0002 -1.40124542124542E+0000
 428 -1.22344322344322E-0001 -1.36659340659341E+0000
 429  1.28278388278388E-0001 -1.40043956043956E+0000
 430  5.33333333333333E-0002 -1.39157509157509E+0000
 431 -2.88644688644689E-0002 -1.40124542124542E+0000
 432  4.68864468864469E-0002 -1.39479853479853E+0000
 433 -1.24761904761904E-0001 -1.36014652014652E+0000
 434  1.29890109890110E-0001 -1.39157509157509E+0000
 435  4.93040293040293E-0002 -1.38109890109890E+0000
 436 -3.36996336996337E-0002 -1.39560439560440E+0000
 437  4.60805860805861E-0002 -1.38915750915751E+0000
 438 -1.17509157509157E-0001 -1.39479853479853E+0000
 439  1.33919413919414E-0001 -1.41655677655678E+0000
 440 -1.19926739926739E-0001 -1.41413919413919E+0000
 441 -3.28937728937729E-0002 -1.38190476190476E+0000
 442  3.96336996336996E-0002 -1.37223443223443E+0000
 443 -1.20732600732600E-0001 -1.40527472527473E+0000
 444 -2.80586080586081E-0002 -1.38915750915751E+0000
 445  1.32307692307692E-0001 -1.41333333333333E+0000
 446 -1.24761904761904E-0001 -1.39157509157509E+0000
 447  1.32307692307692E-0001 -1.38190476190476E+0000
 448  3.72161172161172E-0002 -1.40205128205128E+0000
 449 -2.40293040293040E-0002 -1.36901098901099E+0000
 450  4.20512820512821E-0002 -1.39802197802198E+0000
 451 -1.19120879120879E-0001 -1.37304029304029E+0000
 452  1.25054945054945E-0001 -1.41010989010989E+0000
 453 -1.24761904761904E-0001 -1.40366300366300E+0000
 454 -2.24175824175824E-0002 -1.37787545787546E+0000
 455  3.23809523809524E-0002 -1.41333333333333E+0000
 456 -2.40293040293040E-0002 -1.39963369963370E+0000
 457  1.30695970695971E-0001 -1.39641025641026E+0000
 458 -1.20732600732600E-0001 -1.36901098901099E+0000
 459  1.33113553113553E-0001 -1.39238095238095E+0000
 460  2.99633699633700E-0002 -1.39076923076923E+0000
 461 -2.16117216117216E-0002 -1.39802197802198E+0000
 462  3.47985347985348E-0002 -1.39641025641026E+0000
 463 -1.27179487179487E-0001 -1.38754578754579E+0000
 464 -1.43589743589743E-0002 -1.37223443223443E+0000
 465  1.35531135531136E-0001 -1.39882783882784E+0000
 466 -1.28791208791209E-0001 -1.37545787545788E+0000
 467  1.34725274725275E-0001 -1.40205128205128E+0000
 468  3.80219780219780E-0002 -1.38190476190476E+0000
 469 -1.83882783882784E-0002 -1.38432234432234E+0000
 470  2.75457875457875E-0002 -1.37142857142857E+0000
 471 -1.28791208791209E-0001 -1.40769230769231E+0000
 472 -1.51648351648351E-0002 -1.38512820512821E+0000
 473  1.32307692307692E-0001 -1.41333333333333E+0000
 474 -1.22344322344322E-0001 -1.39157509157509E+0000
 475  1.33113553113553E-0001 -1.38512820512821E+0000
 476  2.35164835164835E-0002 -1.38029304029304E+0000
 477 -1.33626373626374E-0001 -1.41816849816850E+0000
 478 -1.59706959706960E-0002 -1.40285714285714E+0000
 479  1.78754578754579E-0002 -1.38915750915751E+0000
 480 -1.43589743589743E-0002 -1.39157509157509E+0000
 481  2.27106227106227E-0002 -1.38915750915751E+0000
 482 -1.26373626373626E-0001 -1.40366300366300E+0000
 483  1.32307692307692E-0001 -1.38593406593407E+0000
 484 -1.25567765567766E-0001 -1.40366300366300E+0000
 485  1.37142857142857E-0001 -1.40043956043956E+0000
 486  3.39926739926740E-0002 -1.40043956043956E+0000
 487 -1.33626373626374E-0001 -1.39641025641026E+0000
 488 -1.03296703296703E-0002 -1.40527472527473E+0000
 489  1.78754578754579E-0002 -1.40043956043956E+0000
 490 -1.35531135531135E-0002 -1.38351648351648E+0000
 491  1.62637362637363E-0002 -1.40285714285714E+0000
 492 -2.27106227106227E-0003 -1.38029304029304E+0000
 493  1.40366300366300E-0001 -1.41575091575092E+0000
 494 -1.25567765567766E-0001 -1.38271062271062E+0000
 495  1.36336996336996E-0001 -1.40366300366300E+0000
 496 -1.27985347985348E-0001 -1.38190476190476E+0000
 497  1.35531135531136E-0001 -1.36981684981685E+0000
 498  1.70695970695971E-0002 -1.39479853479853E+0000
 499  2.56410256410256E-0003 -1.39721611721612E+0000
 500  1.86813186813187E-0002 -1.37465201465201E+0000
 501  4.17582417582418E-0003 -1.38029304029304E+0000
 502  1.06227106227106E-0002 -1.42461538461538E+0000
 503 -1.26373626373626E-0001 -1.41736263736264E+0000
 504 -4.68864468864469E-0003 -1.40688644688645E+0000
 505  1.39560439560440E-0001 -1.40285714285714E+0000
 506 -2.27106227106227E-0003 -1.40043956043956E+0000
 507 -1.31208791208791E-0001 -1.37304029304029E+0000
 508  1.41978021978022E-0001 -1.40688644688645E+0000
 509 -1.18315018315018E-0001 -1.38996336996337E+0000
 510  1.39560439560440E-0001 -1.41736263736264E+0000
 511 -1.36849816849817E-0001 -1.39238095238095E+0000
 512  1.37948717948718E-0001 -1.38835164835165E+0000
 513  9.81684981684982E-0003 -1.40124542124542E+0000
 514  1.86813186813187E-0002 -1.40043956043956E+0000
 515  9.52380952380952E-0004 -1.39479853479853E+0000
 516  6.59340659340659E-0003 -1.40285714285714E+0000
 517  1.06227106227106E-0002 -1.38109890109890E+0000
 518  9.01098901098901E-0003 -1.41252747252747E+0000
 519  8.20512820512821E-0003 -1.41252747252747E+0000
 520 -1.29597069597070E-0001 -1.39238095238095E+0000
 521  1.37948717948718E-0001 -1.38593406593407E+0000
 522 -1.27179487179487E-0001 -1.40446886446886E+0000
 523  1.42783882783883E-0001 -1.39721611721612E+0000
 524 -1.27985347985348E-0001 -1.36578754578755E+0000
 525  1.29890109890110E-0001 -1.39963369963370E+0000
 526 -1.19926739926739E-0001 -1.37626373626374E+0000
 527  1.37142857142857E-0001 -1.40446886446886E+0000
 528 -2.27106227106227E-0003 -1.40366300366300E+0000
 529 -1.25567765567766E-0001 -1.39318681318681E+0000
 530  1.06227106227106E-0002 -1.37948717948718E+0000
 531  1.30695970695971E-0001 -1.41736263736264E+0000
 532 -1.67765567765568E-0002 -1.41575091575092E+0000
 533 -1.27179487179487E-0001 -1.40527472527473E+0000
 534  7.39926739926740E-0003 -1.39802197802198E+0000
 535  1.29084249084249E-0001 -1.39076923076923E+0000
 536 -6.30036630036630E-0003 -1.38271062271062E+0000
 537 -1.32014652014652E-0001 -1.36820512820513E+0000
 538  2.35164835164835E-0002 -1.39479853479853E+0000
 539  1.42783882783883E-0001 -1.38190476190476E+0000
 540 -6.30036630036630E-0003 -1.36901098901099E+0000
 541 -1.28791208791209E-0001 -1.39318681318681E+0000
 542  1.86813186813187E-0002 -1.37948717948718E+0000
 543  1.36336996336996E-0001 -1.41494505494505E+0000
 544 -1.27179487179487E-0001 -1.40285714285714E+0000
 545  3.64102564102564E-0002 -1.37948717948718E+0000
 546  1.26666666666667E-0001 -1.42300366300366E+0000
 547 -1.35531135531135E-0002 -1.41816849816850E+0000
 548 -1.14285714285714E-0001 -1.41252747252747E+0000
 549  3.72161172161172E-0002 -1.39802197802198E+0000
 550  1.38754578754579E-0001 -1.38915750915751E+0000
 551 -1.27179487179487E-0001 -1.39076923076923E+0000
 552  1.36336996336996E-0001 -1.38271062271062E+0000
 553 -1.24761904761904E-0001 -1.39238095238095E+0000
 554  1.26666666666667E-0001 -1.39076923076923E+0000
 555 -1.75824175824176E-0002 -1.38190476190476E+0000
 556 -1.27179487179487E-0001 -1.38754578754579E+0000
 557  1.37142857142857E-0001 -1.38432234432234E+0000
 558 -1.24761904761904E-0001 -1.38754578754579E+0000
 559  1.34725274725275E-0001 -1.38029304029304E+0000
 560 -1.24761904761904E-0001 -1.40366300366300E+0000
 561  1.34725274725275E-0001 -1.38673992673993E+0000
 562 -1.33626373626374E-0001 -1.41172161172161E+0000
 563  1.32307692307692E-0001 -1.41252747252747E+0000
 564 -1.27985347985348E-0001 -1.38351648351648E+0000
 565  1.39560439560440E-0001 -1.40849816849817E+0000
 566 -1.15897435897435E-0001 -1.38190476190476E+0000
 567  1.39560439560440E-0001 -1.40446886446886E+0000
 568 -1.21538461538461E-0001 -1.37545787545788E+0000
 569  1.36336996336996E-0001 -1.40124542124542E+0000
 570 -1.24761904761904E-0001 -1.36901098901099E+0000
 571  1.29084249084249E-0001 -1.39399267399267E+0000
 572 -1.23956043956044E-0001 -1.36578754578755E+0000
 573  1.28278388278388E-0001 -1.39076923076923E+0000
 574 -1.22344322344322E-0001 -1.39963369963370E+0000
 575  1.27472527472527E-0001 -1.39560439560440E+0000
 576 -1.25567765567766E-0001 -1.40688644688645E+0000
 577  1.23443223443223E-0001 -1.41010989010989E+0000
 578 -1.14285714285714E-0001 -1.38673992673993E+0000
 579  1.26666666666667E-0001 -1.37223443223443E+0000
 580 -1.23956043956044E-0001 -1.39479853479853E+0000
 581  1.33919413919414E-0001 -1.37384615384615E+0000
 582 -1.17509157509157E-0001 -1.39318681318681E+0000
 583  1.26666666666667E-0001 -1.38109890109890E+0000
 584 -1.12673992673992E-0001 -1.41494505494505E+0000
 585  3.47985347985348E-0002 -1.39560439560440E+0000
 586 -2.80586080586081E-0002 -1.37062271062271E+0000
 587  4.44688644688645E-0002 -1.39076923076923E+0000
 588 -4.82051282051282E-0002 -1.37545787545788E+0000
 589  5.57509157509158E-0002 -1.38593406593407E+0000
 590 -4.09523809523810E-0002 -1.41172161172161E+0000
 591  4.44688644688645E-0002 -1.39641025641026E+0000
 592 -4.09523809523810E-0002 -1.37062271062271E+0000
 593  4.93040293040293E-0002 -1.38190476190476E+0000
 594 -4.09523809523810E-0002 -1.39157509157509E+0000
 595  4.93040293040293E-0002 -1.41172161172161E+0000
 596 -4.09523809523810E-0002 -1.41091575091575E+0000
 597 -1.21538461538461E-0001 -1.38029304029304E+0000
 598  1.21025641025641E-0001 -1.41897435897436E+0000
 599 -1.19120879120879E-0001 -1.39963369963370E+0000
 600  1.25054945054945E-0001 -1.38271062271062E+0000
 601 -1.26373626373626E-0001 -1.39076923076923E+0000
 602  1.30695970695971E-0001 -1.37626373626374E+0000
 603 -1.23956043956044E-0001 -1.37465201465201E+0000
 604  1.19413919413919E-0001 -1.42139194139194E+0000
 605 -4.09523809523810E-0002 -1.40608058608059E+0000
 606  4.28571428571429E-0002 -1.38915750915751E+0000
 607 -5.46520146520147E-0002 -1.40849816849817E+0000
 608  6.30036630036630E-0002 -1.38835164835165E+0000
 609 -4.82051282051282E-0002 -1.40769230769231E+0000
 610  5.33333333333333E-0002 -1.38271062271062E+0000
 611 -4.82051282051282E-0002 -1.36981684981685E+0000
 612 -1.22344322344322E-0001 -1.37384615384615E+0000
 613  1.13772893772893E-0001 -1.40527472527473E+0000
 614 -1.29597069597070E-0001 -1.38593406593407E+0000
 615  1.24249084249084E-0001 -1.37465201465201E+0000
 616 -1.02197802197802E-0001 -1.39238095238095E+0000
 617  1.17802197802197E-0001 -1.38029304029304E+0000
 618 -1.21538461538461E-0001 -1.40043956043956E+0000
 619  1.13772893772893E-0001 -1.39963369963370E+0000
 620 -5.46520146520147E-0002 -1.37868131868132E+0000
 621  6.62271062271062E-0002 -1.40527472527473E+0000
 622 -5.46520146520147E-0002 -1.38673992673993E+0000
 623  6.21978021978022E-0002 -1.41413919413919E+0000
 624 -5.94871794871795E-0002 -1.39802197802198E+0000
 625  6.62271062271062E-0002 -1.36739926739927E+0000
 626 -5.38461538461538E-0002 -1.39399267399267E+0000
 627  5.97802197802198E-0002 -1.37787545787546E+0000
 628 -5.70695970695971E-0002 -1.41252747252747E+0000
 629 -1.17509157509157E-0001 -1.38835164835165E+0000
 630  1.21831501831501E-0001 -1.40849816849817E+0000
 631 -1.28791208791209E-0001 -1.37787545787546E+0000
 632  1.20219780219780E-0001 -1.40930402930403E+0000
 633 -1.15091575091575E-0001 -1.38673992673993E+0000
 634  1.29890109890110E-0001 -1.37465201465201E+0000
 635 -1.04615384615384E-0001 -1.38835164835165E+0000
 636  1.08131868131868E-0001 -1.38109890109890E+0000
 637 -6.10989010989011E-0002 -1.40285714285714E+0000
 638  7.18681318681319E-0002 -1.38512820512821E+0000
 639 -5.70695970695971E-0002 -1.40285714285714E+0000
 640  7.02564102564103E-0002 -1.38190476190476E+0000
 641 -5.38461538461538E-0002 -1.39721611721612E+0000
 642  6.94505494505495E-0002 -1.37062271062271E+0000
 643 -6.35164835164835E-0002 -1.38593406593407E+0000
 644  7.26739926739927E-0002 -1.37304029304029E+0000
 645  1.16190476190476E-0001 -1.40285714285714E+0000
 646 -1.07838827838827E-0001 -1.37062271062271E+0000
 647  1.18608058608058E-0001 -1.39157509157509E+0000
 648 -1.12673992673992E-0001 -1.41252747252747E+0000
 649  1.23443223443223E-0001 -1.40285714285714E+0000
 650 -1.27985347985348E-0001 -1.36739926739927E+0000
 651  1.37948717948718E-0001 -1.39721611721612E+0000
 652 -1.19926739926739E-0001 -1.37626373626374E+0000
 653  1.04102564102564E-0001 -1.40769230769231E+0000
 654 -6.67399267399267E-0002 -1.37706959706960E+0000
 655  7.50915750915751E-0002 -1.40124542124542E+0000
 656 -6.59340659340659E-0002 -1.38029304029304E+0000
 657  7.50915750915751E-0002 -1.40608058608059E+0000
 658 -6.99633699633700E-0002 -1.39076923076923E+0000
 659  8.15384615384615E-0002 -1.40446886446886E+0000
 660 -6.59340659340659E-0002 -1.39882783882784E+0000
 661 -1.06227106227106E-0001 -1.37787545787546E+0000
 662  1.24249084249084E-0001 -1.40527472527473E+0000
 663 -1.07838827838827E-0001 -1.38996336996337E+0000
 664  1.12161172161172E-0001 -1.41897435897436E+0000
 665 -1.09450549450549E-0001 -1.40366300366300E+0000
 666  1.12967032967033E-0001 -1.39560439560440E+0000
 667 -1.02197802197802E-0001 -1.41010989010989E+0000
 668  1.04102564102564E-0001 -1.40608058608059E+0000
 669 -7.15750915750916E-0002 -1.39882783882784E+0000
 670  7.99267399267399E-0002 -1.38351648351648E+0000
 671 -7.07692307692308E-0002 -1.40366300366300E+0000
 672  8.55677655677656E-0002 -1.37545787545788E+0000
 673 -7.96336996336996E-0002 -1.39479853479853E+0000
 674  8.95970695970696E-0002 -1.41091575091575E+0000
 675 -7.31868131868132E-0002 -1.39318681318681E+0000
 676  8.47619047619048E-0002 -1.40446886446886E+0000
 677 -1.12673992673992E-0001 -1.37787545787546E+0000
 678  1.05714285714285E-0001 -1.40205128205128E+0000
 679 -1.09450549450549E-0001 -1.37545787545788E+0000
 680  1.12161172161172E-0001 -1.40446886446886E+0000
 681 -9.81684981684982E-0002 -1.37948717948718E+0000
 682  1.09743589743589E-0001 -1.41252747252747E+0000
 683 -9.41391941391941E-0002 -1.39963369963370E+0000
 684  1.11355311355311E-0001 -1.39560439560440E+0000
 685 -9.65567765567766E-0002 -1.38029304029304E+0000
 686  9.60439560439560E-0002 -1.40849816849817E+0000
 687 -8.12454212454212E-0002 -1.38835164835165E+0000
 688  9.52380952380952E-0002 -1.40043956043956E+0000
 689 -7.47985347985348E-0002 -1.38915750915751E+0000
 690  8.71794871794872E-0002 -1.40608058608059E+0000
 691 -7.56043956043956E-0002 -1.38673992673993E+0000
 692  9.44322344322344E-0002 -1.41010989010989E+0000
 693 -7.96336996336996E-0002 -1.39318681318681E+0000
 694  8.95970695970696E-0002 -1.38351648351648E+0000
 695  1.17802197802197E-0001 -1.40527472527473E+0000
 696 -9.73626373626374E-0002 -1.38754578754579E+0000
 697  1.01684981684981E-0001 -1.38029304029304E+0000
 698 -8.68864468864469E-0002 -1.40446886446886E+0000
 699  8.39560439560440E-0002 -1.39318681318681E+0000
 700 -9.81684981684982E-0002 -1.37465201465201E+0000
 701  1.00073260073260E-0001 -1.40205128205128E+0000
 702 -9.33333333333333E-0002 -1.38915750915751E+0000
 703  9.92673992673993E-0002 -1.39802197802198E+0000
 704 -8.68864468864469E-0002 -1.38029304029304E+0000
 705  1.00879120879120E-0001 -1.39802197802198E+0000
 706 -7.96336996336996E-0002 -1.37948717948718E+0000
 707  1.00073260073260E-0001 -1.39399267399267E+0000
 708 -8.68864468864469E-0002 -1.38109890109890E+0000
 709  1.00879120879120E-0001 -1.41010989010989E+0000
 710 -9.09157509157509E-0002 -1.38190476190476E+0000
 711  9.52380952380952E-0002 -1.40124542124542E+0000
 712 -9.25274725274725E-0002 -1.37465201465201E+0000
 713  9.84615384615385E-0002 -1.40608058608059E+0000
 714 -8.28571428571429E-0002 -1.38512820512821E+0000
 715  9.52380952380952E-0002 -1.40527472527473E+0000
 716 -8.28571428571429E-0002 -1.39076923076923E+0000
 717  9.68498168498168E-0002 -1.37142857142857E+0000
 718 -7.96336996336996E-0002 -1.37626373626374E+0000
 719  8.63736263736264E-0002 -1.41413919413919E+0000
 720 -9.57509157509158E-0002 -1.38673992673993E+0000
 721  1.07326007326007E-0001 -1.40205128205128E+0000
 722 -1.02197802197802E-0001 -1.37626373626374E+0000
 723  1.09743589743589E-0001 -1.39802197802198E+0000
 724 -1.01391941391941E-0001 -1.37868131868132E+0000
 725  1.04102564102564E-0001 -1.39479853479853E+0000
 726 -1.01391941391941E-0001 -1.37223443223443E+0000
 727  1.12967032967033E-0001 -1.39802197802198E+0000
 728  8.23443223443223E-0002 -1.38190476190476E+0000
 729 -7.96336996336996E-0002 -1.39641025641026E+0000
 730  8.55677655677656E-0002 -1.38029304029304E+0000
 731 -7.64102564102564E-0002 -1.40124542124542E+0000
 732  7.99267399267399E-0002 -1.38109890109890E+0000
 733 -7.47985347985348E-0002 -1.41091575091575E+0000
 734  8.79853479853480E-0002 -1.40043956043956E+0000
 735 -7.07692307692308E-0002 -1.39641025641026E+0000
 736  1.22637362637362E-0001 -1.41413919413919E+0000
 737 -1.05421245421245E-0001 -1.40205128205128E+0000
 738  1.13772893772893E-0001 -1.41494505494505E+0000
 739 -1.06227106227106E-0001 -1.39641025641026E+0000
 740  1.13772893772893E-0001 -1.41091575091575E+0000
 741 -1.00586080586080E-0001 -1.39721611721612E+0000
 742  1.17802197802197E-0001 -1.36901098901099E+0000
 743 -1.05421245421245E-0001 -1.37948717948718E+0000
 744  1.15384615384615E-0001 -1.40930402930403E+0000
 745  7.83150183150183E-0002 -1.39318681318681E+0000
 746 -6.91575091575092E-0002 -1.37465201465201E+0000
 747  9.60439560439560E-0002 -1.39802197802198E+0000
 748 -7.39926739926740E-0002 -1.38351648351648E+0000
 749  7.50915750915751E-0002 -1.40285714285714E+0000
 750 -6.51282051282051E-0002 -1.37465201465201E+0000
 751  7.02564102564103E-0002 -1.40769230769231E+0000
 752 -6.19047619047619E-0002 -1.39238095238095E+0000
 753  1.22637362637362E-0001 -1.41816849816850E+0000
 754 -1.00586080586080E-0001 -1.40930402930403E+0000
 755  1.20219780219780E-0001 -1.38512820512821E+0000
 756 -1.06227106227106E-0001 -1.40688644688645E+0000
 757  1.21025641025641E-0001 -1.38915750915751E+0000
 758 -1.10256410256410E-0001 -1.40527472527473E+0000
 759  1.16996336996337E-0001 -1.38029304029304E+0000
 760 -1.09450549450549E-0001 -1.41575091575092E+0000
 761 -5.30402930402930E-0002 -1.39641025641026E+0000
 762  6.05860805860806E-0002 -1.38109890109890E+0000
 763 -6.19047619047619E-0002 -1.41333333333333E+0000
 764  6.94505494505495E-0002 -1.39963369963370E+0000
 765 -5.70695970695971E-0002 -1.38593406593407E+0000
 766  6.70329670329670E-0002 -1.41413919413919E+0000
 767 -4.65934065934066E-0002 -1.37868131868132E+0000
 768  6.70329670329670E-0002 -1.41897435897436E+0000
 769 -1.10256410256410E-0001 -1.40124542124542E+0000
 770  1.19413919413919E-0001 -1.37384615384615E+0000
 771 -1.12673992673992E-0001 -1.38593406593407E+0000
 772  1.19413919413919E-0001 -1.41494505494505E+0000
 773 -1.11868131868131E-0001 -1.39882783882784E+0000
 774  1.26666666666667E-0001 -1.38351648351648E+0000
 775 -1.26373626373626E-0001 -1.39721611721612E+0000
 776  1.29890109890110E-0001 -1.38351648351648E+0000
 777  5.97802197802198E-0002 -1.39479853479853E+0000
 778 -4.73992673992674E-0002 -1.41333333333333E+0000
 779  5.89743589743590E-0002 -1.40446886446886E+0000
 780 -5.30402930402930E-0002 -1.39318681318681E+0000
 781  5.01098901098901E-0002 -1.37948717948718E+0000
 782 -5.14285714285714E-0002 -1.40527472527473E+0000
 783  5.49450549450549E-0002 -1.39560439560440E+0000
 784 -4.98168498168498E-0002 -1.38512820512821E+0000
 785  1.22637362637362E-0001 -1.40849816849817E+0000
 786 -1.17509157509157E-0001 -1.38754578754579E+0000
 787  1.34725274725275E-0001 -1.40769230769231E+0000
 788 -1.17509157509157E-0001 -1.38351648351648E+0000
 789  1.23443223443223E-0001 -1.39721611721612E+0000
 790 -1.21538461538461E-0001 -1.37384615384615E+0000
 791  1.35531135531136E-0001 -1.39882783882784E+0000
 792 -1.18315018315018E-0001 -1.38593406593407E+0000
 793  1.26666666666667E-0001 -1.38029304029304E+0000
 794  4.36630036630037E-0002 -1.41494505494505E+0000
 795 -4.82051282051282E-0002 -1.39479853479853E+0000
 796  4.93040293040293E-0002 -1.41333333333333E+0000
 797 -3.61172161172161E-0002 -1.40366300366300E+0000
 798  4.76923076923077E-0002 -1.39479853479853E+0000
 799 -2.96703296703297E-0002 -1.41091575091575E+0000
 800  4.76923076923077E-0002 -1.39802197802198E+0000
 801 -4.09523809523810E-0002 -1.38190476190476E+0000
 802  4.28571428571429E-0002 -1.36659340659341E+0000
 803 -1.18315018315018E-0001 -1.39560439560440E+0000
 804  1.33919413919414E-0001 -1.40769230769231E+0000
 805 -1.23956043956044E-0001 -1.38915750915751E+0000
 806  1.32307692307692E-0001 -1.39802197802198E+0000
 807 -1.09450549450549E-0001 -1.38512820512821E+0000
 808  1.26666666666667E-0001 -1.40608058608059E+0000
 809 -1.22344322344322E-0001 -1.39641025641026E+0000
 810  1.37948717948718E-0001 -1.38109890109890E+0000
 811  3.96336996336996E-0002 -1.41413919413919E+0000
 812 -2.64468864468864E-0002 -1.39238095238095E+0000
 813  2.35164835164835E-0002 -1.37868131868132E+0000
 814 -3.77289377289377E-0002 -1.40285714285714E+0000
 815  3.72161172161172E-0002 -1.38915750915751E+0000
 816 -3.20879120879121E-0002 -1.40205128205128E+0000
 817  2.59340659340659E-0002 -1.39076923076923E+0000
 818 -1.23150183150183E-0001 -1.41816849816850E+0000
 819  1.39560439560440E-0001 -1.39560439560440E+0000
 820 -1.19120879120879E-0001 -1.37142857142857E+0000
 821  1.41172161172161E-0001 -1.37868131868132E+0000
 822 -1.23150183150183E-0001 -1.40769230769231E+0000
 823  1.35531135531136E-0001 -1.37626373626374E+0000
 824 -1.23956043956044E-0001 -1.38512820512821E+0000
 825  1.50842490842491E-0001 -1.38835164835165E+0000
 826 -1.11355311355311E-0002 -1.39802197802198E+0000
 827  1.78754578754579E-0002 -1.37465201465201E+0000
 828 -2.00000000000000E-0002 -1.39721611721612E+0000
 829  1.78754578754579E-0002 -1.38351648351648E+0000
 830 -2.72527472527473E-0002 -1.40688644688645E+0000
 831  1.70695970695971E-0002 -1.38996336996337E+0000
 832 -1.75824175824176E-0002 -1.40366300366300E+0000
 833  1.70695970695971E-0002 -1.39479853479853E+0000
 834 -1.41684981684982E-0001 -1.36981684981685E+0000
 835  1.37948717948718E-0001 -1.38190476190476E+0000
 836 -1.24761904761904E-0001 -1.40366300366300E+0000
 837  1.42783882783883E-0001 -1.38109890109890E+0000
 838 -1.26373626373626E-0001 -1.40930402930403E+0000
 839  1.25054945054945E-0001 -1.37868131868132E+0000
 840 -1.22344322344322E-0001 -1.40849816849817E+0000
 841  1.26666666666667E-0001 -1.39318681318681E+0000
 842  8.20512820512821E-0003 -1.37304029304029E+0000
 843 -7.91208791208791E-0003 -1.39479853479853E+0000
 844  2.19047619047619E-0002 -1.40043956043956E+0000
 845 -1.46520146520146E-0003 -1.38996336996337E+0000
 846  1.46520146520146E-0002 -1.40205128205128E+0000
 847 -6.59340659340659E-0004 -1.36901098901099E+0000
 848  2.02930402930403E-0002 -1.38915750915751E+0000
 849 -3.88278388278388E-0003 -1.37545787545788E+0000
 850  1.33113553113553E-0001 -1.38351648351648E+0000
 851 -1.23956043956044E-0001 -1.40849816849817E+0000
 852  1.41978021978022E-0001 -1.37545787545788E+0000
 853 -1.47326007326007E-0001 -1.40205128205128E+0000
 854  1.39560439560440E-0001 -1.37465201465201E+0000
 855 -1.24761904761904E-0001 -1.40769230769231E+0000
 856  1.41978021978022E-0001 -1.38271062271062E+0000
 857 -1.24761904761904E-0001 -1.36901098901099E+0000
 858  4.98168498168498E-0003 -1.37545787545788E+0000
 859  3.36996336996337E-0003 -1.39721611721612E+0000
 860  7.39926739926740E-0003 -1.37868131868132E+0000
 861  6.59340659340659E-0003 -1.40930402930403E+0000
 862  4.17582417582418E-0003 -1.38109890109890E+0000
 863  9.81684981684982E-0003 -1.41172161172161E+0000
 864  7.39926739926740E-0003 -1.38109890109890E+0000
 865 -2.27106227106227E-0003 -1.42139194139194E+0000
 866 -1.25567765567766E-0001 -1.41091575091575E+0000
 867  1.47619047619048E-0001 -1.39238095238095E+0000
 868 -1.21538461538461E-0001 -1.37948717948718E+0000
 869  1.32307692307692E-0001 -1.40608058608059E+0000
 870 -1.25567765567766E-0001 -1.39479853479853E+0000
 871  1.46007326007326E-0001 -1.40849816849817E+0000
 872 -1.38461538461538E-0001 -1.39560439560440E+0000
 873  1.38754578754579E-0001 -1.37384615384615E+0000
 874 -7.10622710622711E-0003 -1.40849816849817E+0000
 875  2.10989010989011E-0002 -1.38109890109890E+0000
 876 -6.30036630036630E-0003 -1.41816849816850E+0000
 877  1.06227106227106E-0002 -1.39479853479853E+0000
 878 -4.68864468864469E-0003 -1.36739926739927E+0000
 879  2.02930402930403E-0002 -1.39157509157509E+0000
 880 -1.03296703296703E-0002 -1.37706959706960E+0000
 881  2.59340659340659E-0002 -1.38915750915751E+0000
 882 -1.59706959706960E-0002 -1.37787545787546E+0000
 883 -1.22344322344322E-0001 -1.40527472527473E+0000
 884  1.26666666666667E-0001 -1.38190476190476E+0000
 885 -1.60219780219780E-0001 -1.39721611721612E+0000
 886  1.31501831501832E-0001 -1.37304029304029E+0000
 887 -1.31208791208791E-0001 -1.39641025641026E+0000
 888  1.31501831501832E-0001 -1.37304029304029E+0000
 889 -1.19926739926739E-0001 -1.40769230769231E+0000
 890  3.72161172161172E-0002 -1.37948717948718E+0000
 891 -1.67765567765568E-0002 -1.41655677655678E+0000
 892  2.67399267399267E-0002 -1.39076923076923E+0000
 893 -2.16117216117216E-0002 -1.38432234432234E+0000
 894  2.35164835164835E-0002 -1.39882783882784E+0000
 895 -1.11355311355311E-0002 -1.39157509157509E+0000
 896  2.59340659340659E-0002 -1.38190476190476E+0000
 897  1.41978021978022E-0001 -1.39882783882784E+0000
 898 -1.32820512820513E-0001 -1.39157509157509E+0000
 899  1.38754578754579E-0001 -1.40769230769231E+0000
 900 -1.31208791208791E-0001 -1.38673992673993E+0000
 901  1.33919413919414E-0001 -1.40124542124542E+0000
 902 -1.26373626373626E-0001 -1.38190476190476E+0000
 903  1.52454212454212E-0001 -1.38351648351648E+0000
 904 -1.28791208791209E-0001 -1.37142857142857E+0000
 905  3.47985347985348E-0002 -1.38109890109890E+0000
 906 -3.45054945054945E-0002 -1.42300366300366E+0000
 907  3.15750915750916E-0002 -1.40366300366300E+0000
 908 -2.88644688644689E-0002 -1.39560439560440E+0000
 909  3.88278388278388E-0002 -1.40930402930403E+0000
 910 -2.32234432234432E-0002 -1.40043956043956E+0000
 911  3.15750915750916E-0002 -1.38190476190476E+0000
 912 -3.12820512820513E-0002 -1.36820512820513E+0000
 913 -1.21538461538461E-0001 -1.40366300366300E+0000
 914  1.33919413919414E-0001 -1.38271062271062E+0000
 915 -1.27179487179487E-0001 -1.39963369963370E+0000
 916  1.26666666666667E-0001 -1.37304029304029E+0000
 917 -1.32014652014652E-0001 -1.39963369963370E+0000
 918  1.33113553113553E-0001 -1.38512820512821E+0000
 919 -1.16703296703296E-0001 -1.40366300366300E+0000
 920  1.38754578754579E-0001 -1.39479853479853E+0000
 921 -3.69230769230769E-0002 -1.42058608058608E+0000
 922  4.60805860805861E-0002 -1.38835164835165E+0000
 923 -3.53113553113553E-0002 -1.41010989010989E+0000
 924  5.33333333333333E-0002 -1.37787545787546E+0000
 925 -4.01465201465201E-0002 -1.40446886446886E+0000
 926  4.84981684981685E-0002 -1.38190476190476E+0000
 927 -3.45054945054945E-0002 -1.40285714285714E+0000
 928  4.36630036630037E-0002 -1.39157509157509E+0000
 929  1.60512820512821E-0001 -1.40527472527473E+0000
 930 -1.19120879120879E-0001 -1.39076923076923E+0000
 931  1.29890109890110E-0001 -1.41172161172161E+0000
 932 -1.18315018315018E-0001 -1.40285714285714E+0000
 933  1.35531135531136E-0001 -1.41816849816850E+0000
 934 -1.27985347985348E-0001 -1.40688644688645E+0000
 935  1.26666666666667E-0001 -1.38351648351648E+0000
 936 -1.13479853479853E-0001 -1.37304029304029E+0000
 937  4.12454212454212E-0002 -1.39963369963370E+0000
 938 -5.06227106227106E-0002 -1.39318681318681E+0000
 939  6.05860805860806E-0002 -1.36901098901099E+0000
 940 -4.73992673992674E-0002 -1.38996336996337E+0000
 941  4.93040293040293E-0002 -1.39318681318681E+0000
 942 -3.45054945054945E-0002 -1.37142857142857E+0000
 943  5.57509157509158E-0002 -1.38109890109890E+0000
 944 -4.98168498168498E-0002 -1.42139194139194E+0000
 945 -1.12673992673992E-0001 -1.40930402930403E+0000
 946  1.26666666666667E-0001 -1.38673992673993E+0000
 947 -1.13479853479853E-0001 -1.41736263736264E+0000
 948  1.25860805860806E-0001 -1.38593406593407E+0000
 949 -1.14285714285714E-0001 -1.36739926739927E+0000
 950  1.33113553113553E-0001 -1.39157509157509E+0000
 951 -1.13479853479853E-0001 -1.38593406593407E+0000
 952  1.23443223443223E-0001 -1.40205128205128E+0000
 953 -1.15897435897435E-0001 -1.39479853479853E+0000
 954  5.81684981684982E-0002 -1.39882783882784E+0000
 955 -5.14285714285714E-0002 -1.38754578754579E+0000
 956  4.93040293040293E-0002 -1.35772893772894E+0000
 957 -5.78754578754579E-0002 -1.37787545787546E+0000
 958  6.21978021978022E-0002 -1.38754578754579E+0000
 959 -5.38461538461538E-0002 -1.38512820512821E+0000
 960 -1.09450549450549E-0001 -1.36417582417582E+0000
 961  1.20219780219780E-0001 -1.38109890109890E+0000
 962 -1.10256410256410E-0001 -1.41010989010989E+0000
 963  1.21025641025641E-0001 -1.39399267399267E+0000
 964 -1.08644688644688E-0001 -1.38673992673993E+0000
 965  1.18608058608058E-0001 -1.40688644688645E+0000
 966 -1.10256410256410E-0001 -1.40608058608059E+0000
 967  7.34798534798535E-0002 -1.38673992673993E+0000
 968 -6.27106227106227E-0002 -1.37787545787546E+0000
 969  7.18681318681319E-0002 -1.39318681318681E+0000
 970 -6.27106227106227E-0002 -1.37223443223443E+0000
 971  7.34798534798535E-0002 -1.39399267399267E+0000
 972 -7.15750915750916E-0002 -1.38512820512821E+0000
 973  7.58974358974359E-0002 -1.39721611721612E+0000
 974 -6.27106227106227E-0002 -1.39238095238095E+0000
 975 -1.11062271062271E-0001 -1.38190476190476E+0000
 976  1.16996336996337E-0001 -1.38754578754579E+0000
 977 -1.15091575091575E-0001 -1.38432234432234E+0000
 978  1.25860805860806E-0001 -1.39721611721612E+0000
 979 -1.09450549450549E-0001 -1.38109890109890E+0000
 980  1.20219780219780E-0001 -1.40930402930403E+0000
 981  7.26739926739927E-0002 -1.36981684981685E+0000
 982 -6.75457875457875E-0002 -1.39882783882784E+0000
 983  9.52380952380952E-0002 -1.36659340659341E+0000
 984 -6.99633699633700E-0002 -1.40608058608059E+0000
 985  8.23443223443223E-0002 -1.37545787545788E+0000
 986 -7.07692307692308E-0002 -1.40527472527473E+0000
 987  7.83150183150183E-0002 -1.40446886446886E+0000
 988 -9.89743589743590E-0002 -1.39238095238095E+0000
 989  1.16190476190476E-0001 -1.40849816849817E+0000
 990 -9.01098901098901E-0002 -1.38673992673993E+0000
 991  1.09743589743589E-0001 -1.40930402930403E+0000
 992 -9.41391941391941E-0002 -1.39802197802198E+0000
 993  9.76556776556777E-0002 -1.41575091575092E+0000
 994 -9.73626373626374E-0002 -1.40688644688645E+0000
 995  1.12967032967033E-0001 -1.39479853479853E+0000
 996 -7.39926739926740E-0002 -1.37142857142857E+0000
