 0  7.10622710622711E-0002 -1.38190476190476E+0000
 1  1.23443223443223E-0001 -1.35208791208791E+0000
 2 -6.75457875457875E-0002 -1.38996336996337E+0000
 3 -1.07032967032967E-0001 -1.38835164835165E+0000
 4  7.10622710622711E-0002 -1.36901098901099E+0000
 5  1.15384615384615E-0001 -1.37706959706960E+0000
 6 -7.15750915750916E-0002 -1.41333333333333E+0000
 7 -1.11062271062271E-0001 -1.42219780219780E+0000
 8  8.55677655677656E-0002 -1.40849816849817E+0000
 9  1.22637362637362E-0001 -1.37787545787546E+0000
 10 -7.39926739926740E-0002 -1.41736263736264E+0000
 11 -1.02197802197802E-0001 -1.42380952380952E+0000
 12  1.09743589743589E-0001 -1.40205128205128E+0000
 13  1.13772893772893E-0001 -1.38190476190476E+0000
 14 -7.39926739926740E-0002 -1.37384615384615E+0000
 15 -1.06227106227106E-0001 -1.42622710622711E+0000
 16  7.83150183150183E-0002 -1.41736263736264E+0000
 17  1.25054945054945E-0001 -1.39641025641026E+0000
 18 -7.64102564102564E-0002 -1.39479853479853E+0000
 19 -8.84981684981685E-0002 -1.38996336996337E+0000
 20  7.50915750915751E-0002 -1.37304029304029E+0000
 21  1.10549450549450E-0001 -1.38996336996337E+0000
 22 -5.46520146520147E-0002 -1.38512820512821E+0000
 23 -1.07838827838827E-0001 -1.39721611721612E+0000
 24  6.94505494505495E-0002 -1.38029304029304E+0000
 25  1.17802197802197E-0001 -1.39963369963370E+0000
 26 -7.39926739926740E-0002 -1.40285714285714E+0000
 27 -1.02197802197802E-0001 -1.40366300366300E+0000
 28  7.99267399267399E-0002 -1.39479853479853E+0000
 29  1.02490842490842E-0001 -1.36095238095238E+0000
 30 -6.67399267399267E-0002 -1.40446886446886E+0000
 31 -9.73626373626374E-0002 -1.40608058608059E+0000
 32  8.23443223443223E-0002 -1.39802197802198E+0000
 33  1.12967032967033E-0001 -1.37545787545788E+0000
 34 -7.39926739926740E-0002 -1.41010989010989E+0000
 35 -1.05421245421245E-0001 -1.41816849816850E+0000
 36  8.23443223443223E-0002 -1.40446886446886E+0000
 37  1.16996336996337E-0001 -1.38271062271062E+0000
 38 -7.23809523809524E-0002 -1.37787545787546E+0000
 39 -9.89743589743590E-0002 -1.42058608058608E+0000
 40  8.55677655677656E-0002 -1.39882783882784E+0000
 41  1.00879120879120E-0001 -1.37948717948718E+0000
 42 -8.04395604395604E-0002 -1.42219780219780E+0000
 43 -9.65567765567766E-0002 -1.42380952380952E+0000
 44  8.87912087912088E-0002 -1.41494505494505E+0000
 45  1.05714285714285E-0001 -1.38835164835165E+0000
 46 -8.76923076923077E-0002 -1.38351648351648E+0000
 47 -9.49450549450549E-0002 -1.38271062271062E+0000
 48  9.52380952380952E-0002 -1.35934065934066E+0000
 49  1.08131868131868E-0001 -1.37545787545788E+0000
 50 -9.17216117216117E-0002 -1.41655677655678E+0000
 51 -9.97802197802198E-0002 -1.42219780219780E+0000
 52  1.04102564102564E-0001 -1.40124542124542E+0000
 53  1.03296703296703E-0001 -1.37545787545788E+0000
 54 -7.96336996336996E-0002 -1.41010989010989E+0000
 55 -9.57509157509158E-0002 -1.41333333333333E+0000
 56  9.20146520146520E-0002 -1.40446886446886E+0000
 57  1.04102564102564E-0001 -1.38351648351648E+0000
 58 -8.04395604395604E-0002 -1.38190476190476E+0000
 59 -9.41391941391941E-0002 -1.37626373626374E+0000
 60  9.68498168498168E-0002 -1.39560439560440E+0000
 61  1.08937728937728E-0001 -1.36578754578755E+0000
 62 -7.47985347985348E-0002 -1.40688644688645E+0000
 63 -1.00586080586080E-0001 -1.41978021978022E+0000
 64  8.87912087912088E-0002 -1.40930402930403E+0000
 65  1.08131868131868E-0001 -1.38754578754579E+0000
 66 -8.12454212454212E-0002 -1.39238095238095E+0000
 67 -9.17216117216117E-0002 -1.39479853479853E+0000
 68  9.76556776556777E-0002 -1.37223443223443E+0000
 69  1.00879120879120E-0001 -1.39238095238095E+0000
 70 -8.52747252747253E-0002 -1.39802197802198E+0000
 71 -9.01098901098901E-0002 -1.40043956043956E+0000
 72  1.00879120879120E-0001 -1.38835164835165E+0000
 73  1.00073260073260E-0001 -1.36336996336996E+0000
 74 -8.12454212454212E-0002 -1.39560439560440E+0000
 75 -8.60805860805861E-0002 -1.39399267399267E+0000
 76  1.03296703296703E-0001 -1.38271062271062E+0000
 77  1.05714285714285E-0001 -1.35450549450549E+0000
 78 -9.01098901098901E-0002 -1.40124542124542E+0000
 79 -9.17216117216117E-0002 -1.39560439560440E+0000
 80  1.06520146520146E-0001 -1.37384615384615E+0000
 81  1.00879120879120E-0001 -1.39560439560440E+0000
 82 -9.73626373626374E-0002 -1.39560439560440E+0000
 83 -9.01098901098901E-0002 -1.39479853479853E+0000
 84  8.39560439560440E-0002 -1.36981684981685E+0000
 85  9.92673992673993E-0002 -1.38109890109890E+0000
 86 -9.49450549450549E-0002 -1.42783882783883E+0000
 87 -8.93040293040293E-0002 -1.42542124542125E+0000
 88  9.68498168498168E-0002 -1.41494505494505E+0000
 89  1.00879120879120E-0001 -1.38996336996337E+0000
 90 -9.89743589743590E-0002 -1.39238095238095E+0000
 91 -9.65567765567766E-0002 -1.39963369963370E+0000
 92  9.92673992673993E-0002 -1.38271062271062E+0000
 93  9.60439560439560E-0002 -1.35611721611722E+0000
 94 -9.17216117216117E-0002 -1.38915750915751E+0000
 95 -8.93040293040293E-0002 -1.38915750915751E+0000
 96  1.00879120879120E-0001 -1.36175824175824E+0000
 97  9.60439560439560E-0002 -1.38512820512821E+0000
 98 -9.25274725274725E-0002 -1.38915750915751E+0000
 99 -9.25274725274725E-0002 -1.38432234432234E+0000
 100  1.08131868131868E-0001 -1.36336996336996E+0000
 101  9.84615384615385E-0002 -1.37787545787546E+0000
 102 -9.25274725274725E-0002 -1.42058608058608E+0000
 103 -8.20512820512821E-0002 -1.41575091575092E+0000
 104  1.06520146520146E-0001 -1.39963369963370E+0000
 105  9.92673992673993E-0002 -1.37948717948718E+0000
 106 -9.09157509157509E-0002 -1.42622710622711E+0000
 107 -8.36630036630037E-0002 -1.43589743589744E+0000
 108  8.95970695970696E-0002 -1.42300366300366E+0000
 109  1.04102564102564E-0001 -1.39479853479853E+0000
 110 -8.76923076923077E-0002 -1.39641025641026E+0000
 111 -7.80219780219780E-0002 -1.39399267399267E+0000
 112  1.08937728937728E-0001 -1.38109890109890E+0000
 113  9.52380952380952E-0002 -1.40527472527473E+0000
 114 -9.57509157509158E-0002 -1.41010989010989E+0000
 115 -8.20512820512821E-0002 -1.41494505494505E+0000
 116  1.04102564102564E-0001 -1.39479853479853E+0000
 117  9.20146520146520E-0002 -1.36578754578755E+0000
 118 -1.11868131868131E-0001 -1.41091575091575E+0000
 119 -7.88278388278388E-0002 -1.41413919413919E+0000
 120  9.68498168498168E-0002 -1.39157509157509E+0000
 121  9.12087912087912E-0002 -1.37223443223443E+0000
 122 -1.07838827838827E-0001 -1.41816849816850E+0000
 123 -7.72161172161172E-0002 -1.42058608058608E+0000
 124  1.09743589743589E-0001 -1.39882783882784E+0000
 125  8.79853479853480E-0002 -1.38109890109890E+0000
 126 -1.05421245421245E-0001 -1.42945054945055E+0000
 127 -7.96336996336996E-0002 -1.43186813186813E+0000
 128  1.08937728937728E-0001 -1.42139194139194E+0000
 129  9.20146520146520E-0002 -1.39963369963370E+0000
 130 -9.09157509157509E-0002 -1.40446886446886E+0000
 131 -8.44688644688645E-0002 -1.41252747252747E+0000
 132  1.12161172161172E-0001 -1.39076923076923E+0000
 133  8.79853479853480E-0002 -1.37304029304029E+0000
 134 -1.11868131868131E-0001 -1.41897435897436E+0000
 135 -7.64102564102564E-0002 -1.42380952380952E+0000
 136  1.11355311355311E-0001 -1.40769230769231E+0000
 137  8.79853479853480E-0002 -1.38109890109890E+0000
 138 -9.25274725274725E-0002 -1.43025641025641E+0000
 139 -7.56043956043956E-0002 -1.43428571428571E+0000
 140  1.12967032967033E-0001 -1.41333333333333E+0000
 141  8.71794871794872E-0002 -1.40205128205128E+0000
 142 -1.01391941391941E-0001 -1.40124542124542E+0000
 143 -7.72161172161172E-0002 -1.39560439560440E+0000
 144  1.13772893772893E-0001 -1.37223443223443E+0000
 145  8.71794871794872E-0002 -1.39399267399267E+0000
 146 -1.09450549450549E-0001 -1.39963369963370E+0000
 147 -7.56043956043956E-0002 -1.40366300366300E+0000
 148  9.44322344322344E-0002 -1.38754578754579E+0000
 149  8.63736263736264E-0002 -1.36820512820513E+0000
 150 -1.20732600732600E-0001 -1.41816849816850E+0000
 151 -8.04395604395604E-0002 -1.42461538461538E+0000
 152  1.30695970695971E-0001 -1.40769230769231E+0000
 153  8.23443223443223E-0002 -1.38512820512821E+0000
 154 -9.65567765567766E-0002 -1.38835164835165E+0000
 155 -7.39926739926740E-0002 -1.38351648351648E+0000
 156  1.09743589743589E-0001 -1.35853479853480E+0000
 157  8.15384615384615E-0002 -1.38271062271062E+0000
 158 -9.57509157509158E-0002 -1.37948717948718E+0000
 159 -6.91575091575092E-0002 -1.42300366300366E+0000
 160  1.08131868131868E-0001 -1.40769230769231E+0000
 161  8.15384615384615E-0002 -1.38351648351648E+0000
 162 -1.05421245421245E-0001 -1.38351648351648E+0000
 163 -6.75457875457875E-0002 -1.37868131868132E+0000
 164  1.14578754578754E-0001 -1.40446886446886E+0000
 165  8.55677655677656E-0002 -1.38754578754579E+0000
 166 -8.52747252747253E-0002 -1.39479853479853E+0000
 167 -6.83516483516484E-0002 -1.38673992673993E+0000
 168  1.07326007326007E-0001 -1.37223443223443E+0000
 169  8.15384615384615E-0002 -1.39238095238095E+0000
 170 -1.09450549450549E-0001 -1.40124542124542E+0000
 171 -7.23809523809524E-0002 -1.39882783882784E+0000
 172  1.18608058608058E-0001 -1.37948717948718E+0000
 173  8.07326007326007E-0002 -1.40285714285714E+0000
 174 -1.07032967032967E-0001 -1.40527472527473E+0000
 175 -6.67399267399267E-0002 -1.40769230769231E+0000
 176  1.17802197802197E-0001 -1.38351648351648E+0000
 177  7.83150183150183E-0002 -1.36095238095238E+0000
 178 -1.00586080586080E-0001 -1.40608058608059E+0000
 179 -7.07692307692308E-0002 -1.41333333333333E+0000
 180  1.13772893772893E-0001 -1.39802197802198E+0000
 181  8.55677655677656E-0002 -1.37948717948718E+0000
 182 -1.05421245421245E-0001 -1.42703296703297E+0000
 183 -6.67399267399267E-0002 -1.42380952380952E+0000
 184  1.18608058608058E-0001 -1.40688644688645E+0000
 185  7.34798534798535E-0002 -1.39479853479853E+0000
 186 -1.11868131868131E-0001 -1.39318681318681E+0000
 187 -6.27106227106227E-0002 -1.39479853479853E+0000
 188  1.33113553113553E-0001 -1.36901098901099E+0000
 189  8.23443223443223E-0002 -1.37948717948718E+0000
 190 -1.10256410256410E-0001 -1.42945054945055E+0000
 191 -6.67399267399267E-0002 -1.42945054945055E+0000
 192  1.24249084249084E-0001 -1.41010989010989E+0000
 193  6.78388278388278E-0002 -1.39802197802198E+0000
 194 -1.14285714285714E-0001 -1.40205128205128E+0000
 195 -6.19047619047619E-0002 -1.39560439560440E+0000
 196  1.23443223443223E-0001 -1.36981684981685E+0000
 197  7.34798534798535E-0002 -1.38996336996337E+0000
 198 -1.11062271062271E-0001 -1.38915750915751E+0000
 199 -5.46520146520147E-0002 -1.38351648351648E+0000
 200  1.19413919413919E-0001 -1.35853479853480E+0000
 201  7.18681318681319E-0002 -1.37948717948718E+0000
 202 -1.15091575091575E-0001 -1.42622710622711E+0000
 203 -5.14285714285714E-0002 -1.43106227106227E+0000
 204  1.14578754578754E-0001 -1.42058608058608E+0000
 205  6.70329670329670E-0002 -1.40285714285714E+0000
 206 -1.13479853479853E-0001 -1.40366300366300E+0000
 207 -6.19047619047619E-0002 -1.40366300366300E+0000
 208  1.18608058608058E-0001 -1.38432234432234E+0000
 209  6.62271062271062E-0002 -1.36498168498168E+0000
 210 -1.15091575091575E-0001 -1.40930402930403E+0000
 211 -5.78754578754579E-0002 -1.40769230769231E+0000
 212  1.19413919413919E-0001 -1.38029304029304E+0000
 213  6.78388278388278E-0002 -1.40608058608059E+0000
 214 -1.13479853479853E-0001 -1.41736263736264E+0000
 215 -6.67399267399267E-0002 -1.41816849816850E+0000
 216  1.23443223443223E-0001 -1.40043956043956E+0000
 217  5.97802197802198E-0002 -1.38835164835165E+0000
 218 -1.14285714285714E-0001 -1.38915750915751E+0000
 219 -5.22344322344322E-0002 -1.38109890109890E+0000
 220  1.14578754578754E-0001 -1.40527472527473E+0000
 221  6.62271062271062E-0002 -1.38915750915751E+0000
 222 -1.14285714285714E-0001 -1.39157509157509E+0000
 223 -5.38461538461538E-0002 -1.38915750915751E+0000
 224  1.25860805860806E-0001 -1.36336996336996E+0000
 225  6.38095238095238E-0002 -1.38029304029304E+0000
 226 -1.13479853479853E-0001 -1.43025641025641E+0000
 227 -5.22344322344322E-0002 -1.43106227106227E+0000
 228  1.26666666666667E-0001 -1.41413919413919E+0000
 229  6.13919413919414E-0002 -1.39076923076923E+0000
 230 -1.18315018315018E-0001 -1.39721611721612E+0000
 231 -4.82051282051282E-0002 -1.39157509157509E+0000
 232  1.26666666666667E-0001 -1.37545787545788E+0000
 233  6.21978021978022E-0002 -1.39076923076923E+0000
 234 -1.16703296703296E-0001 -1.39882783882784E+0000
 235 -4.57875457875458E-0002 -1.39641025641026E+0000
 236  1.25860805860806E-0001 -1.37062271062271E+0000
 237  5.97802197802198E-0002 -1.39076923076923E+0000
 238 -1.15897435897435E-0001 -1.39882783882784E+0000
 239 -5.86813186813187E-0002 -1.39802197802198E+0000
 240  1.35531135531136E-0001 -1.37706959706960E+0000
 241  5.49450549450549E-0002 -1.39882783882784E+0000
 242 -1.17509157509157E-0001 -1.40930402930403E+0000
 243 -4.09523809523810E-0002 -1.40366300366300E+0000
 244  1.25054945054945E-0001 -1.38109890109890E+0000
 245  5.49450549450549E-0002 -1.41172161172161E+0000
 246 -1.19926739926739E-0001 -1.42300366300366E+0000
 247 -5.22344322344322E-0002 -1.42300366300366E+0000
 248  1.25860805860806E-0001 -1.40366300366300E+0000
 249  5.89743589743590E-0002 -1.38754578754579E+0000
 250 -1.21538461538461E-0001 -1.39802197802198E+0000
 251 -4.57875457875458E-0002 -1.39641025641026E+0000
 252  1.26666666666667E-0001 -1.37223443223443E+0000
 253  5.17216117216117E-0002 -1.39721611721612E+0000
 254 -1.22344322344322E-0001 -1.40446886446886E+0000
 255 -3.77289377289377E-0002 -1.39963369963370E+0000
 256  1.26666666666667E-0001 -1.38351648351648E+0000
 257  5.65567765567766E-0002 -1.36256410256410E+0000
 258 -1.18315018315018E-0001 -1.40527472527473E+0000
 259 -4.17582417582418E-0002 -1.40527472527473E+0000
 260  1.26666666666667E-0001 -1.38835164835165E+0000
 261  5.25274725274725E-0002 -1.36498168498168E+0000
 262 -1.18315018315018E-0001 -1.41091575091575E+0000
 263 -3.69230769230769E-0002 -1.40930402930403E+0000
 264  1.25860805860806E-0001 -1.38593406593407E+0000
 265  5.57509157509158E-0002 -1.36981684981685E+0000
 266 -1.15091575091575E-0001 -1.41010989010989E+0000
 267 -4.73992673992674E-0002 -1.40849816849817E+0000
 268  1.26666666666667E-0001 -1.38271062271062E+0000
 269  5.81684981684982E-0002 -1.35934065934066E+0000
 270 -1.17509157509157E-0001 -1.40688644688645E+0000
 271 -4.17582417582418E-0002 -1.40849816849817E+0000
 272  1.26666666666667E-0001 -1.38190476190476E+0000
 273  5.17216117216117E-0002 -1.35934065934066E+0000
 274 -1.23150183150183E-0001 -1.40205128205128E+0000
 275 -4.73992673992674E-0002 -1.39802197802198E+0000
 276  1.30695970695971E-0001 -1.37545787545788E+0000
 277  4.44688644688645E-0002 -1.39318681318681E+0000
 278 -1.15897435897435E-0001 -1.40527472527473E+0000
 279 -2.80586080586081E-0002 -1.39641025641026E+0000
 280  1.26666666666667E-0001 -1.37626373626374E+0000
 281  4.84981684981685E-0002 -1.40366300366300E+0000
 282 -3.93406593406593E-0002 -1.39963369963370E+0000
 283  1.18608058608058E-0001 -1.38271062271062E+0000
 284  5.49450549450549E-0002 -1.35934065934066E+0000
 285 -1.18315018315018E-0001 -1.40769230769231E+0000
 286 -3.20879120879121E-0002 -1.39802197802198E+0000
 287  1.31501831501832E-0001 -1.37626373626374E+0000
 288  3.64102564102564E-0002 -1.39802197802198E+0000
 289 -3.61172161172161E-0002 -1.39479853479853E+0000
 290  1.36336996336996E-0001 -1.36659340659341E+0000
 291  5.09157509157509E-0002 -1.39238095238095E+0000
 292 -1.11062271062271E-0001 -1.40124542124542E+0000
 293 -3.69230769230769E-0002 -1.39318681318681E+0000
 294  1.29890109890110E-0001 -1.37142857142857E+0000
 295  4.12454212454212E-0002 -1.39479853479853E+0000
 296 -1.27179487179487E-0001 -1.39963369963370E+0000
 297 -3.53113553113553E-0002 -1.39963369963370E+0000
 298  1.33919413919414E-0001 -1.38029304029304E+0000
 299  5.17216117216117E-0002 -1.40769230769231E+0000
 300 -1.22344322344322E-0001 -1.41091575091575E+0000
 301 -2.96703296703297E-0002 -1.40849816849817E+0000
 302  1.33919413919414E-0001 -1.38029304029304E+0000
 303  4.28571428571429E-0002 -1.41010989010989E+0000
 304 -1.27179487179487E-0001 -1.41252747252747E+0000
 305  1.26666666666667E-0001 -1.39560439560440E+0000
 306  4.28571428571429E-0002 -1.37706959706960E+0000
 307 -1.11868131868131E-0001 -1.42219780219780E+0000
 308 -3.36996336996337E-0002 -1.42300366300366E+0000
 309  1.20219780219780E-0001 -1.39882783882784E+0000
 310  3.64102564102564E-0002 -1.38835164835165E+0000
 311 -1.19120879120879E-0001 -1.38835164835165E+0000
 312 -3.61172161172161E-0002 -1.38190476190476E+0000
 313  1.37948717948718E-0001 -1.36095238095238E+0000
 314 -1.18315018315018E-0001 -1.40688644688645E+0000
 315 -3.69230769230769E-0002 -1.41252747252747E+0000
 316  1.33113553113553E-0001 -1.39157509157509E+0000
 317  4.04395604395604E-0002 -1.42622710622711E+0000
 318 -2.48351648351648E-0002 -1.43267399267399E+0000
 319  1.39560439560440E-0001 -1.41413919413919E+0000
 320  3.56043956043956E-0002 -1.39641025641026E+0000
 321 -1.32014652014652E-0001 -1.40124542124542E+0000
 322  1.35531135531136E-0001 -1.37223443223443E+0000
 323  3.39926739926740E-0002 -1.39882783882784E+0000
 324 -1.22344322344322E-0001 -1.41252747252747E+0000
 325 -2.40293040293040E-0002 -1.41010989010989E+0000
 326  1.26666666666667E-0001 -1.39318681318681E+0000
 327  3.15750915750916E-0002 -1.37868131868132E+0000
 328 -1.25567765567766E-0001 -1.43428571428571E+0000
 329 -1.83882783882784E-0002 -1.40205128205128E+0000
 330  3.64102564102564E-0002 -1.38512820512821E+0000
 331 -1.23956043956044E-0001 -1.39479853479853E+0000
 332 -1.51648351648351E-0002 -1.38190476190476E+0000
 333  1.46007326007326E-0001 -1.35047619047619E+0000
 334  3.07692307692308E-0002 -1.36981684981685E+0000
 335 -1.36043956043956E-0001 -1.41575091575092E+0000
 336 -2.08058608058608E-0002 -1.38109890109890E+0000
 337  3.07692307692308E-0002 -1.41172161172161E+0000
 338 -1.19926739926739E-0001 -1.42380952380952E+0000
 339 -2.80586080586081E-0002 -1.40366300366300E+0000
 340  2.75457875457875E-0002 -1.39238095238095E+0000
 341 -1.22344322344322E-0001 -1.40366300366300E+0000
 342 -1.91941391941392E-0002 -1.40205128205128E+0000
 343  1.37948717948718E-0001 -1.36981684981685E+0000
 344  2.27106227106227E-0002 -1.39076923076923E+0000
 345 -1.31208791208791E-0001 -1.40043956043956E+0000
 346 -1.59706959706960E-0002 -1.37545787545788E+0000
 347  2.99633699633700E-0002 -1.39641025641026E+0000
 348 -1.25567765567766E-0001 -1.40527472527473E+0000
 349 -1.51648351648351E-0002 -1.37868131868132E+0000
 350  2.02930402930403E-0002 -1.40769230769231E+0000
 351 -1.31208791208791E-0001 -1.41413919413919E+0000
 352 -8.71794871794872E-0003 -1.37384615384615E+0000
 353  2.35164835164835E-0002 -1.40205128205128E+0000
 354 -1.25567765567766E-0001 -1.40849816849817E+0000
 355 -8.71794871794872E-0003 -1.39721611721612E+0000
 356  1.32307692307692E-0001 -1.37142857142857E+0000
 357  2.02930402930403E-0002 -1.39882783882784E+0000
 358 -1.23150183150183E-0001 -1.40124542124542E+0000
 359  1.37142857142857E-0001 -1.37062271062271E+0000
 360  1.86813186813187E-0002 -1.39560439560440E+0000
 361 -1.27179487179487E-0001 -1.38673992673993E+0000
 362  1.32307692307692E-0001 -1.37062271062271E+0000
 363  2.35164835164835E-0002 -1.38996336996337E+0000
 364 -1.20732600732600E-0001 -1.39076923076923E+0000
 365 -2.24175824175824E-0002 -1.38673992673993E+0000
 366  1.30695970695971E-0001 -1.36336996336996E+0000
 367  2.02930402930403E-0002 -1.40043956043956E+0000
 368 -1.51648351648351E-0002 -1.39560439560440E+0000
 369  1.41978021978022E-0001 -1.38754578754579E+0000
 370 -1.30402930402930E-0001 -1.40285714285714E+0000
 371 -3.07692307692308E-0003 -1.38996336996337E+0000
 372  1.34725274725275E-0001 -1.38109890109890E+0000
 373 -1.15897435897435E-0001 -1.42945054945055E+0000
 374 -1.67765567765568E-0002 -1.41816849816850E+0000
 375  1.46520146520146E-0002 -1.41010989010989E+0000
 376 -1.21538461538461E-0001 -1.41897435897436E+0000
 377 -6.30036630036630E-0003 -1.41816849816850E+0000
 378  1.34725274725275E-0001 -1.39641025641026E+0000
 379  2.35164835164835E-0002 -1.38190476190476E+0000
 380 -1.32820512820513E-0001 -1.38996336996337E+0000
 381  6.59340659340659E-0003 -1.37626373626374E+0000
 382  1.36336996336996E-0001 -1.38915750915751E+0000
 383  1.38461538461538E-0002 -1.37062271062271E+0000
 384 -1.31208791208791E-0001 -1.41978021978022E+0000
 385  1.75824175824176E-0003 -1.41494505494505E+0000
 386  1.34725274725275E-0001 -1.39479853479853E+0000
 387  1.06227106227106E-0002 -1.37545787545788E+0000
 388 -1.35238095238095E-0001 -1.42058608058608E+0000
 389 -2.27106227106227E-0003 -1.41172161172161E+0000
 390  1.28278388278388E-0001 -1.38996336996337E+0000
 391  4.17582417582418E-0003 -1.41575091575092E+0000
 392  4.98168498168498E-0003 -1.40849816849817E+0000
 393  1.64542124542125E-0001 -1.40930402930403E+0000
 394 -1.31208791208791E-0001 -1.41816849816850E+0000
 395 -6.59340659340659E-0004 -1.41575091575092E+0000
 396  1.38754578754579E-0001 -1.38835164835165E+0000
 397  5.78754578754579E-0003 -1.37062271062271E+0000
 398 -1.31208791208791E-0001 -1.41010989010989E+0000
 399  1.37948717948718E-0001 -1.38673992673993E+0000
 400  4.17582417582418E-0003 -1.43347985347985E+0000
 401  4.17582417582418E-0003 -1.41978021978022E+0000
 402  1.32307692307692E-0001 -1.38673992673993E+0000
 403 -1.24761904761904E-0001 -1.40043956043956E+0000
 404  3.36996336996337E-0003 -1.37706959706960E+0000
 405  1.70695970695971E-0002 -1.40205128205128E+0000
 406 -1.26373626373626E-0001 -1.40043956043956E+0000
 407  1.42783882783883E-0001 -1.37706959706960E+0000
 408 -2.27106227106227E-0003 -1.41010989010989E+0000
 409 -1.25567765567766E-0001 -1.41816849816850E+0000
 410  1.06227106227106E-0002 -1.39479853479853E+0000
 411 -3.88278388278388E-0003 -1.38029304029304E+0000
 412 -1.22344322344322E-0001 -1.43106227106227E+0000
 413  1.39560439560440E-0001 -1.41333333333333E+0000
 414 -6.59340659340659E-0004 -1.41655677655678E+0000
 415  1.94871794871795E-0002 -1.40769230769231E+0000
 416  1.35531135531136E-0001 -1.39963369963370E+0000
 417 -1.36043956043956E-0001 -1.41655677655678E+0000
 418  1.06227106227106E-0002 -1.40769230769231E+0000
 419  1.41172161172161E-0001 -1.37706959706960E+0000
 420 -8.71794871794872E-0003 -1.42058608058608E+0000
 421  1.38461538461538E-0002 -1.40769230769231E+0000
 422  1.41978021978022E-0001 -1.40205128205128E+0000
 423 -1.31208791208791E-0001 -1.39721611721612E+0000
 424  1.30695970695971E-0001 -1.37223443223443E+0000
 425 -4.68864468864469E-0003 -1.41010989010989E+0000
 426  2.27106227106227E-0002 -1.40043956043956E+0000
 427  1.34725274725275E-0001 -1.41575091575092E+0000
 428 -1.27179487179487E-0001 -1.42300366300366E+0000
 429  1.50036630036630E-0001 -1.39882783882784E+0000
 430 -1.03296703296703E-0002 -1.40769230769231E+0000
 431  2.02930402930403E-0002 -1.39479853479853E+0000
 432  1.45201465201465E-0001 -1.38593406593407E+0000
 433 -1.24761904761904E-0001 -1.39479853479853E+0000
 434  2.02930402930403E-0002 -1.37868131868132E+0000
 435  1.39560439560440E-0001 -1.39318681318681E+0000
 436 -1.11355311355311E-0002 -1.40043956043956E+0000
 437  2.35164835164835E-0002 -1.39479853479853E+0000
 438  1.44395604395604E-0001 -1.36336996336996E+0000
 439 -1.19413919413919E-0002 -1.38835164835165E+0000
 440 -1.27179487179487E-0001 -1.38512820512821E+0000
 441  1.38754578754579E-0001 -1.36175824175824E+0000
 442 -1.67765567765568E-0002 -1.39641025641026E+0000
 443 -1.40073260073260E-0001 -1.40769230769231E+0000
 444  3.07692307692308E-0002 -1.35772893772894E+0000
 445 -1.51648351648351E-0002 -1.38673992673993E+0000
 446 -1.36849816849817E-0001 -1.39802197802198E+0000
 447  2.51282051282051E-0002 -1.38673992673993E+0000
 448  1.26666666666667E-0001 -1.39802197802198E+0000
 449 -1.30402930402930E-0001 -1.41172161172161E+0000
 450  3.15750915750916E-0002 -1.40124542124542E+0000
 451  1.33919413919414E-0001 -1.37142857142857E+0000
 452 -2.24175824175824E-0002 -1.41252747252747E+0000
 453  4.52747252747253E-0002 -1.40366300366300E+0000
 454  1.32307692307692E-0001 -1.38029304029304E+0000
 455 -2.56410256410256E-0002 -1.41575091575092E+0000
 456 -1.18315018315018E-0001 -1.41736263736264E+0000
 457  1.23443223443223E-0001 -1.38996336996337E+0000
 458 -1.20732600732600E-0001 -1.39318681318681E+0000
 459  3.64102564102564E-0002 -1.35369963369963E+0000
 460 -2.64468864468864E-0002 -1.39882783882784E+0000
 461  2.51282051282051E-0002 -1.39560439560440E+0000
 462  1.31501831501832E-0001 -1.39076923076923E+0000
 463 -1.31208791208791E-0001 -1.38996336996337E+0000
 464  1.26666666666667E-0001 -1.36417582417582E+0000
 465 -2.80586080586081E-0002 -1.39238095238095E+0000
 466 -1.28791208791209E-0001 -1.40446886446886E+0000
 467  3.64102564102564E-0002 -1.37062271062271E+0000
 468 -2.80586080586081E-0002 -1.40608058608059E+0000
 469  2.99633699633700E-0002 -1.39641025641026E+0000
 470  1.37948717948718E-0001 -1.40769230769231E+0000
 471 -1.25567765567766E-0001 -1.40285714285714E+0000
 472  1.41978021978022E-0001 -1.37626373626374E+0000
 473 -4.17582417582418E-0002 -1.40769230769231E+0000
 474 -1.25567765567766E-0001 -1.41091575091575E+0000
 475  4.36630036630037E-0002 -1.38109890109890E+0000
 476 -4.09523809523810E-0002 -1.43831501831502E+0000
 477  3.64102564102564E-0002 -1.43186813186813E+0000
 478  1.21831501831501E-0001 -1.41010989010989E+0000
 479 -1.28791208791209E-0001 -1.40769230769231E+0000
 480  1.37948717948718E-0001 -1.41655677655678E+0000
 481 -1.18315018315018E-0001 -1.42864468864469E+0000
 482  5.25274725274725E-0002 -1.41413919413919E+0000
 483  1.21831501831501E-0001 -1.38754578754579E+0000
 484 -4.09523809523810E-0002 -1.38835164835165E+0000
 485  5.33333333333333E-0002 -1.38432234432234E+0000
 486 -3.12820512820513E-0002 -1.42703296703297E+0000
 487  5.73626373626374E-0002 -1.40849816849817E+0000
 488  1.46007326007326E-0001 -1.41172161172161E+0000
 489 -1.09450549450549E-0001 -1.40769230769231E+0000
 490  1.31501831501832E-0001 -1.37787545787546E+0000
 491 -4.73992673992674E-0002 -1.41333333333333E+0000
 492 -1.17509157509157E-0001 -1.42864468864469E+0000
 493  3.96336996336996E-0002 -1.38673992673993E+0000
 494 -4.33699633699634E-0002 -1.38673992673993E+0000
 495  4.52747252747253E-0002 -1.39318681318681E+0000
 496 -4.73992673992674E-0002 -1.39238095238095E+0000
 497 -1.25567765567766E-0001 -1.40366300366300E+0000
 498  4.12454212454212E-0002 -1.38996336996337E+0000
 499  1.22637362637362E-0001 -1.38996336996337E+0000
 500 -1.07032967032967E-0001 -1.37706959706960E+0000
 501  1.40366300366300E-0001 -1.37948717948718E+0000
 502 -1.15897435897435E-0001 -1.42219780219780E+0000
 503  1.23443223443223E-0001 -1.39963369963370E+0000
 504 -4.33699633699634E-0002 -1.40930402930403E+0000
 505  6.21978021978022E-0002 -1.36095238095238E+0000
 506 -4.98168498168498E-0002 -1.41010989010989E+0000
 507  8.55677655677656E-0002 -1.37142857142857E+0000
 508 -5.78754578754579E-0002 -1.41897435897436E+0000
 509  6.46153846153846E-0002 -1.40608058608059E+0000
 510  1.25860805860806E-0001 -1.37787545787546E+0000
 511 -1.05421245421245E-0001 -1.40527472527473E+0000
 512  1.21025641025641E-0001 -1.38271062271062E+0000
 513 -1.11868131868131E-0001 -1.36659340659341E+0000
 514  1.18608058608058E-0001 -1.38673992673993E+0000
 515 -6.67399267399267E-0002 -1.39157509157509E+0000
 516 -1.12673992673992E-0001 -1.39560439560440E+0000
 517  7.67032967032967E-0002 -1.39479853479853E+0000
 518 -5.86813186813187E-0002 -1.38835164835165E+0000
 519  6.70329670329670E-0002 -1.37787545787546E+0000
 520 -5.54578754578755E-0002 -1.42380952380952E+0000
 521  7.42857142857143E-0002 -1.38432234432234E+0000
 522 -7.07692307692308E-0002 -1.38190476190476E+0000
 523  8.79853479853480E-0002 -1.35208791208791E+0000
 524  1.21831501831501E-0001 -1.36739926739927E+0000
 525 -6.67399267399267E-0002 -1.40849816849817E+0000
 526 -1.07838827838827E-0001 -1.41413919413919E+0000
 527  6.78388278388278E-0002 -1.39560439560440E+0000
 528  1.19413919413919E-0001 -1.36498168498168E+0000
 529 -5.78754578754579E-0002 -1.40446886446886E+0000
 530 -1.09450549450549E-0001 -1.39238095238095E+0000
 531  1.22637362637362E-0001 -1.41091575091575E+0000
 532 -1.02197802197802E-0001 -1.40930402930403E+0000
 533  1.23443223443223E-0001 -1.41413919413919E+0000
 534 -1.00586080586080E-0001 -1.39399267399267E+0000
 535  1.17802197802197E-0001 -1.42058608058608E+0000
 536 -1.05421245421245E-0001 -1.40769230769231E+0000
 537  1.13772893772893E-0001 -1.37304029304029E+0000
 538 -1.01391941391941E-0001 -1.40043956043956E+0000
 539  1.10549450549450E-0001 -1.38512820512821E+0000
 540 -6.67399267399267E-0002 -1.38109890109890E+0000
 541 -1.05421245421245E-0001 -1.41333333333333E+0000
 542  1.10549450549450E-0001 -1.39721611721612E+0000
 543 -6.10989010989011E-0002 -1.39560439560440E+0000
 544 -1.07838827838827E-0001 -1.39882783882784E+0000
 545  9.36263736263736E-0002 -1.37384615384615E+0000
 546  1.10549450549450E-0001 -1.39802197802198E+0000
 547 -9.89743589743590E-0002 -1.40205128205128E+0000
 548  9.12087912087912E-0002 -1.37948717948718E+0000
 549  1.10549450549450E-0001 -1.40205128205128E+0000
 550 -8.93040293040293E-0002 -1.39560439560440E+0000
 551 -1.06227106227106E-0001 -1.38271062271062E+0000
 552  1.11355311355311E-0001 -1.38754578754579E+0000
 553 -9.81684981684982E-0002 -1.39479853479853E+0000
 554  7.99267399267399E-0002 -1.36981684981685E+0000
 555  1.19413919413919E-0001 -1.37948717948718E+0000
 556 -9.81684981684982E-0002 -1.40769230769231E+0000
 557  1.12967032967033E-0001 -1.37304029304029E+0000
 558 -9.01098901098901E-0002 -1.41978021978022E+0000
 559 -9.65567765567766E-0002 -1.41252747252747E+0000
 560  1.05714285714285E-0001 -1.39963369963370E+0000
 561 -7.56043956043956E-0002 -1.40285714285714E+0000
 562 -9.49450549450549E-0002 -1.38915750915751E+0000
 563  1.06520146520146E-0001 -1.39963369963370E+0000
 564 -9.65567765567766E-0002 -1.38190476190476E+0000
 565  1.00879120879120E-0001 -1.39721611721612E+0000
 566 -9.57509157509158E-0002 -1.38432234432234E+0000
 567  1.04908424908424E-0001 -1.40124542124542E+0000
 568 -9.73626373626374E-0002 -1.37465201465201E+0000
 569  9.92673992673993E-0002 -1.40205128205128E+0000
 570 -9.33333333333333E-0002 -1.38754578754579E+0000
 571  1.00879120879120E-0001 -1.41172161172161E+0000
 572 -9.33333333333333E-0002 -1.39721611721612E+0000
 573  9.84615384615385E-0002 -1.41333333333333E+0000
 574 -9.09157509157509E-0002 -1.40205128205128E+0000
 575  1.00073260073260E-0001 -1.42139194139194E+0000
 576 -7.96336996336996E-0002 -1.39318681318681E+0000
 577  1.00879120879120E-0001 -1.41978021978022E+0000
 578 -9.09157509157509E-0002 -1.42139194139194E+0000
 579  9.76556776556777E-0002 -1.40205128205128E+0000
 580 -9.01098901098901E-0002 -1.37465201465201E+0000
 581  9.68498168498168E-0002 -1.41091575091575E+0000
 582 -8.84981684981685E-0002 -1.40043956043956E+0000
 583  9.68498168498168E-0002 -1.38835164835165E+0000
 584 -8.76923076923077E-0002 -1.38754578754579E+0000
 585  1.05714285714285E-0001 -1.38673992673993E+0000
 586 -9.97802197802198E-0002 -1.39076923076923E+0000
 587  9.20146520146520E-0002 -1.38512820512821E+0000
 588 -8.52747252747253E-0002 -1.42461538461538E+0000
 589  9.84615384615385E-0002 -1.39721611721612E+0000
 590 -9.81684981684982E-0002 -1.39238095238095E+0000
 591  1.00073260073260E-0001 -1.40849816849817E+0000
 592 -1.03003663003663E-0001 -1.41333333333333E+0000
 593  1.15384615384615E-0001 -1.37223443223443E+0000
 594 -1.03809523809523E-0001 -1.42783882783883E+0000
 595  1.01684981684981E-0001 -1.37948717948718E+0000
 596 -1.00586080586080E-0001 -1.43267399267399E+0000
 597  1.18608058608058E-0001 -1.40124542124542E+0000
 598 -9.73626373626374E-0002 -1.40205128205128E+0000
 599 -7.80219780219780E-0002 -1.37706959706960E+0000
 600  8.79853479853480E-0002 -1.40205128205128E+0000
 601 -7.96336996336996E-0002 -1.38512820512821E+0000
 602  7.58974358974359E-0002 -1.40285714285714E+0000
 603 -7.56043956043956E-0002 -1.37948717948718E+0000
 604  7.83150183150183E-0002 -1.40366300366300E+0000
 605 -7.23809523809524E-0002 -1.38835164835165E+0000
 606  8.87912087912088E-0002 -1.36578754578755E+0000
 607 -1.08644688644688E-0001 -1.41494505494505E+0000
 608  1.15384615384615E-0001 -1.37304029304029E+0000
 609 -1.03003663003663E-0001 -1.42300366300366E+0000
 610  1.46813186813187E-0001 -1.38915750915751E+0000
 611 -1.05421245421245E-0001 -1.39318681318681E+0000
 612  1.19413919413919E-0001 -1.39721611721612E+0000
 613 -1.08644688644688E-0001 -1.40849816849817E+0000
 614  1.16190476190476E-0001 -1.40849816849817E+0000
 615 -1.07032967032967E-0001 -1.40849816849817E+0000
 616 -6.83516483516484E-0002 -1.38915750915751E+0000
 617  7.99267399267399E-0002 -1.40930402930403E+0000
 618 -6.99633699633700E-0002 -1.38673992673993E+0000
 619  6.94505494505495E-0002 -1.41655677655678E+0000
 620 -6.19047619047619E-0002 -1.39802197802198E+0000
 621  7.42857142857143E-0002 -1.38029304029304E+0000
 622 -8.20512820512821E-0002 -1.40527472527473E+0000
 623  6.46153846153846E-0002 -1.39882783882784E+0000
 624 -6.51282051282051E-0002 -1.40366300366300E+0000
 625  1.22637362637362E-0001 -1.40608058608059E+0000
 626 -1.09450549450549E-0001 -1.41494505494505E+0000
 627  1.29890109890110E-0001 -1.41816849816850E+0000
 628 -1.09450549450549E-0001 -1.42542124542125E+0000
 629  1.20219780219780E-0001 -1.38512820512821E+0000
 630 -1.15091575091575E-0001 -1.39479853479853E+0000
 631  1.24249084249084E-0001 -1.38351648351648E+0000
 632 -1.11868131868131E-0001 -1.38432234432234E+0000
 633  1.29084249084249E-0001 -1.35611721611722E+0000
 634  6.46153846153846E-0002 -1.41736263736264E+0000
 635 -5.94871794871795E-0002 -1.40043956043956E+0000
 636  6.54212454212454E-0002 -1.39157509157509E+0000
 637 -5.38461538461538E-0002 -1.36901098901099E+0000
 638  5.57509157509158E-0002 -1.39802197802198E+0000
 639 -5.54578754578755E-0002 -1.37706959706960E+0000
 640  5.57509157509158E-0002 -1.40769230769231E+0000
 641 -5.70695970695971E-0002 -1.40608058608059E+0000
 642  1.30695970695971E-0001 -1.40688644688645E+0000
 643 -1.13479853479853E-0001 -1.42058608058608E+0000
 644  1.25860805860806E-0001 -1.37223443223443E+0000
 645 -1.18315018315018E-0001 -1.42380952380952E+0000
 646  1.23443223443223E-0001 -1.38593406593407E+0000
 647 -1.19120879120879E-0001 -1.38673992673993E+0000
 648  1.28278388278388E-0001 -1.39157509157509E+0000
 649 -1.23956043956044E-0001 -1.40124542124542E+0000
 650  1.26666666666667E-0001 -1.37062271062271E+0000
 651  5.41391941391941E-0002 -1.40285714285714E+0000
 652 -4.09523809523810E-0002 -1.37787545787546E+0000
 653  4.93040293040293E-0002 -1.41575091575092E+0000
 654 -4.41758241758242E-0002 -1.38432234432234E+0000
 655  5.89743589743590E-0002 -1.41494505494505E+0000
 656 -3.53113553113553E-0002 -1.37465201465201E+0000
 657  5.01098901098901E-0002 -1.41897435897436E+0000
 658 -4.41758241758242E-0002 -1.42380952380952E+0000
 659  1.30695970695971E-0001 -1.39157509157509E+0000
 660 -1.13479853479853E-0001 -1.39882783882784E+0000
 661  1.25054945054945E-0001 -1.39963369963370E+0000
 662 -1.18315018315018E-0001 -1.41172161172161E+0000
 663  1.44395604395604E-0001 -1.38190476190476E+0000
 664 -1.19120879120879E-0001 -1.37304029304029E+0000
 665  1.39560439560440E-0001 -1.37304029304029E+0000
 666 -1.19120879120879E-0001 -1.42300366300366E+0000
 667  1.31501831501832E-0001 -1.39802197802198E+0000
 668  4.36630036630037E-0002 -1.39318681318681E+0000
 669 -3.04761904761905E-0002 -1.35934065934066E+0000
 670  3.31868131868132E-0002 -1.39641025641026E+0000
 671 -2.88644688644689E-0002 -1.37062271062271E+0000
 672  4.28571428571429E-0002 -1.39721611721612E+0000
 673 -2.32234432234432E-0002 -1.36820512820513E+0000
 674  3.31868131868132E-0002 -1.40769230769231E+0000
 675 -2.96703296703297E-0002 -1.37545787545788E+0000
 676  2.10989010989011E-0002 -1.39963369963370E+0000
 677 -1.11062271062271E-0001 -1.40769230769231E+0000
 678  1.30695970695971E-0001 -1.40608058608059E+0000
 679 -1.30402930402930E-0001 -1.42058608058608E+0000
 680  1.34725274725275E-0001 -1.37948717948718E+0000
 681 -1.18315018315018E-0001 -1.43106227106227E+0000
 682  1.29890109890110E-0001 -1.39802197802198E+0000
 683 -1.19926739926739E-0001 -1.39641025641026E+0000
 684  1.37142857142857E-0001 -1.39479853479853E+0000
 685 -1.18315018315018E-0001 -1.39721611721612E+0000
 686 -1.51648351648351E-0002 -1.36739926739927E+0000
 687  2.35164835164835E-0002 -1.41010989010989E+0000
 688 -1.75824175824176E-0002 -1.38190476190476E+0000
 689  2.75457875457875E-0002 -1.40769230769231E+0000
 690 -2.08058608058608E-0002 -1.37062271062271E+0000
 691  2.10989010989011E-0002 -1.39721611721612E+0000
 692 -1.59706959706960E-0002 -1.37223443223443E+0000
 693  2.83516483516484E-0002 -1.41736263736264E+0000
 694 -1.27472527472527E-0002 -1.41897435897436E+0000
 695  1.35531135531136E-0001 -1.37868131868132E+0000
 696 -1.15091575091575E-0001 -1.42783882783883E+0000
 697  1.37948717948718E-0001 -1.38593406593407E+0000
 698 -1.19120879120879E-0001 -1.39479853479853E+0000
 699  1.30695970695971E-0001 -1.39157509157509E+0000
 700 -1.32014652014652E-0001 -1.38996336996337E+0000
 701  1.39560439560440E-0001 -1.38915750915751E+0000
 702 -1.18315018315018E-0001 -1.38673992673993E+0000
 703  1.32307692307692E-0001 -1.36014652014652E+0000
 704  1.54578754578754E-0002 -1.39479853479853E+0000
 705 -2.27106227106227E-0003 -1.35289377289377E+0000
 706  9.81684981684982E-0003 -1.38996336996337E+0000
 707  3.36996336996337E-0003 -1.38835164835165E+0000
 708  8.20512820512821E-0003 -1.42058608058608E+0000
 709 -6.59340659340659E-0004 -1.38593406593407E+0000
 710  1.06227106227106E-0002 -1.42783882783883E+0000
 711  9.01098901098901E-0003 -1.39560439560440E+0000
 712  4.98168498168498E-0003 -1.38190476190476E+0000
 713 -1.26373626373626E-0001 -1.37787545787546E+0000
 714  1.34725274725275E-0001 -1.38190476190476E+0000
 715 -1.32014652014652E-0001 -1.37626373626374E+0000
 716  1.43589743589744E-0001 -1.38109890109890E+0000
 717 -1.31208791208791E-0001 -1.43428571428571E+0000
 718  1.37142857142857E-0001 -1.39479853479853E+0000
 719 -1.21538461538461E-0001 -1.38512820512821E+0000
 720  1.39560439560440E-0001 -1.38029304029304E+0000
 721 -1.25567765567766E-0001 -1.43106227106227E+0000
 722  1.46520146520146E-0002 -1.40608058608059E+0000
 723  5.78754578754579E-0003 -1.41172161172161E+0000
 724  1.06227106227106E-0002 -1.37706959706960E+0000
 725 -3.88278388278388E-0003 -1.41252747252747E+0000
 726  1.62637362637363E-0002 -1.37545787545788E+0000
 727 -7.91208791208791E-0003 -1.41575091575092E+0000
 728  1.46520146520146E-0002 -1.38029304029304E+0000
 729 -1.27472527472527E-0002 -1.41736263736264E+0000
 730 -1.18315018315018E-0001 -1.41655677655678E+0000
 731  1.39560439560440E-0001 -1.38029304029304E+0000
 732 -1.18315018315018E-0001 -1.42380952380952E+0000
 733  1.38754578754579E-0001 -1.38915750915751E+0000
 734 -1.21538461538461E-0001 -1.37706959706960E+0000
 735  1.39560439560440E-0001 -1.37384615384615E+0000
 736 -1.28791208791209E-0001 -1.42300366300366E+0000
 737  1.39560439560440E-0001 -1.39882783882784E+0000
 738  1.46520146520146E-0002 -1.36981684981685E+0000
 739 -1.75824175824176E-0002 -1.41091575091575E+0000
 740  1.54578754578754E-0002 -1.37304029304029E+0000
 741 -1.83882783882784E-0002 -1.41978021978022E+0000
 742  2.35164835164835E-0002 -1.38271062271062E+0000
 743 -7.91208791208791E-0003 -1.41655677655678E+0000
 744  2.35164835164835E-0002 -1.37948717948718E+0000
 745 -2.24175824175824E-0002 -1.42783882783883E+0000
 746  2.67399267399267E-0002 -1.41897435897436E+0000
 747  1.29084249084249E-0001 -1.38432234432234E+0000
 748 -1.31208791208791E-0001 -1.37223443223443E+0000
 749  1.46813186813187E-0001 -1.37626373626374E+0000
 750 -1.19120879120879E-0001 -1.41655677655678E+0000
 751  1.36336996336996E-0001 -1.38432234432234E+0000
 752 -1.21538461538461E-0001 -1.37626373626374E+0000
 753  1.33919413919414E-0001 -1.37384615384615E+0000
 754 -1.20732600732600E-0001 -1.42058608058608E+0000
 755  1.32307692307692E-0001 -1.39318681318681E+0000
 756 -2.80586080586081E-0002 -1.38996336996337E+0000
 757  3.39926739926740E-0002 -1.38109890109890E+0000
 758 -4.09523809523810E-0002 -1.43912087912088E+0000
 759  4.20512820512821E-0002 -1.41575091575092E+0000
 760 -2.72527472527473E-0002 -1.41172161172161E+0000
 761 -1.24761904761904E-0001 -1.41091575091575E+0000
 762  1.26666666666667E-0001 -1.38512820512821E+0000
 763 -1.12673992673992E-0001 -1.38915750915751E+0000
 764  1.33113553113553E-0001 -1.39157509157509E+0000
 765 -1.14285714285714E-0001 -1.39238095238095E+0000
 766  1.33113553113553E-0001 -1.40366300366300E+0000
 767 -1.15897435897435E-0001 -1.40849816849817E+0000
 768  1.26666666666667E-0001 -1.37626373626374E+0000
 769 -1.12673992673992E-0001 -1.41736263736264E+0000
 770  5.89743589743590E-0002 -1.37787545787546E+0000
 771 -4.90109890109890E-0002 -1.42139194139194E+0000
 772  5.49450549450549E-0002 -1.37706959706960E+0000
 773 -4.57875457875458E-0002 -1.42380952380952E+0000
 774  4.12454212454212E-0002 -1.38996336996337E+0000
 775 -4.33699633699634E-0002 -1.43267399267399E+0000
 776  5.25274725274725E-0002 -1.39802197802198E+0000
 777 -5.38461538461538E-0002 -1.39721611721612E+0000
 778 -1.20732600732600E-0001 -1.39479853479853E+0000
 779  1.21025641025641E-0001 -1.40124542124542E+0000
 780 -1.13479853479853E-0001 -1.38754578754579E+0000
 781  1.30695970695971E-0001 -1.39560439560440E+0000
 782 -1.23150183150183E-0001 -1.38432234432234E+0000
 783  1.31501831501832E-0001 -1.39802197802198E+0000
 784 -1.20732600732600E-0001 -1.38915750915751E+0000
 785  1.33919413919414E-0001 -1.39882783882784E+0000
 786 -1.19120879120879E-0001 -1.39157509157509E+0000
 787  1.21025641025641E-0001 -1.36659340659341E+0000
 788 -4.82051282051282E-0002 -1.41816849816850E+0000
 789  5.97802197802198E-0002 -1.38109890109890E+0000
 790 -5.14285714285714E-0002 -1.43589743589744E+0000
 791  7.26739926739927E-0002 -1.39882783882784E+0000
 792 -5.38461538461538E-0002 -1.41172161172161E+0000
 793  5.57509157509158E-0002 -1.38271062271062E+0000
 794 -5.14285714285714E-0002 -1.41816849816850E+0000
 795  6.78388278388278E-0002 -1.38029304029304E+0000
 796 -6.27106227106227E-0002 -1.42380952380952E+0000
 797 -1.14285714285714E-0001 -1.41494505494505E+0000
 798  1.23443223443223E-0001 -1.38835164835165E+0000
 799 -1.07838827838827E-0001 -1.37142857142857E+0000
 800  1.20219780219780E-0001 -1.38673992673993E+0000
 801 -1.03003663003663E-0001 -1.37545787545788E+0000
 802  1.21025641025641E-0001 -1.38673992673993E+0000
 803 -1.03809523809523E-0001 -1.38029304029304E+0000
 804  1.20219780219780E-0001 -1.39882783882784E+0000
 805 -1.07838827838827E-0001 -1.40769230769231E+0000
 806  7.67032967032967E-0002 -1.36498168498168E+0000
 807 -6.51282051282051E-0002 -1.40769230769231E+0000
 808  8.23443223443223E-0002 -1.36336996336996E+0000
 809 -6.43223443223443E-0002 -1.40849816849817E+0000
 810  7.99267399267399E-0002 -1.35369963369963E+0000
 811 -7.64102564102564E-0002 -1.40285714285714E+0000
 812  6.94505494505495E-0002 -1.36175824175824E+0000
 813 -6.99633699633700E-0002 -1.40446886446886E+0000
 814 -1.03809523809523E-0001 -1.39721611721612E+0000
 815  1.12967032967033E-0001 -1.41494505494505E+0000
 816 -1.03003663003663E-0001 -1.40446886446886E+0000
 817  1.15384615384615E-0001 -1.37626373626374E+0000
 818 -1.05421245421245E-0001 -1.40366300366300E+0000
 819  1.13772893772893E-0001 -1.42703296703297E+0000
 820 -1.03003663003663E-0001 -1.41655677655678E+0000
 821  1.05714285714285E-0001 -1.39963369963370E+0000
 822 -7.56043956043956E-0002 -1.41252747252747E+0000
 823  7.50915750915751E-0002 -1.37626373626374E+0000
 824 -7.96336996336996E-0002 -1.41494505494505E+0000
 825  8.23443223443223E-0002 -1.36417582417582E+0000
 826 -8.44688644688645E-0002 -1.41172161172161E+0000
 827  9.12087912087912E-0002 -1.36739926739927E+0000
 828 -5.54578754578755E-0002 -1.41252747252747E+0000
 829  1.03296703296703E-0001 -1.37948717948718E+0000
 830 -8.36630036630037E-0002 -1.42380952380952E+0000
 831 -9.73626373626374E-0002 -1.41897435897436E+0000
 832  1.10549450549450E-0001 -1.40608058608059E+0000
 833 -9.41391941391941E-0002 -1.40205128205128E+0000
 834  1.03296703296703E-0001 -1.42139194139194E+0000
 835 -9.65567765567766E-0002 -1.40608058608059E+0000
 836  1.04908424908424E-0001 -1.39238095238095E+0000
 837 -9.57509157509158E-0002 -1.37787545787546E+0000
 838  1.04102564102564E-0001 -1.39479853479853E+0000
 839 -9.17216117216117E-0002 -1.38915750915751E+0000
 840  9.92673992673993E-0002 -1.38835164835165E+0000
 841 -7.96336996336996E-0002 -1.37948717948718E+0000
 842  1.00879120879120E-0001 -1.38271062271062E+0000
 843 -1.06227106227106E-0001 -1.42864468864469E+0000
 844  9.36263736263736E-0002 -1.39076923076923E+0000
 845 -8.60805860805861E-0002 -1.39882783882784E+0000
 846  9.52380952380952E-0002 -1.35531135531136E+0000
 847 -9.41391941391941E-0002 -1.40205128205128E+0000
 848 -8.76923076923077E-0002 -1.37706959706960E+0000
 849  1.00073260073260E-0001 -1.40285714285714E+0000
 850 -8.44688644688645E-0002 -1.37706959706960E+0000
 851  1.01684981684981E-0001 -1.39802197802198E+0000
 852 -9.17216117216117E-0002 -1.38432234432234E+0000
 853  9.84615384615385E-0002 -1.40769230769231E+0000
 854 -8.68864468864469E-0002 -1.38835164835165E+0000
 855  9.20146520146520E-0002 -1.39882783882784E+0000
 856 -8.20512820512821E-0002 -1.40285714285714E+0000
 857  1.04908424908424E-0001 -1.36095238095238E+0000
 858 -9.73626373626374E-0002 -1.41010989010989E+0000
 859  1.05714285714285E-0001 -1.37545787545788E+0000
 860 -9.89743589743590E-0002 -1.41333333333333E+0000
 861  1.19413919413919E-0001 -1.38512820512821E+0000
 862 -1.07838827838827E-0001 -1.38673992673993E+0000
 863  1.04102564102564E-0001 -1.38593406593407E+0000
 864 -9.89743589743590E-0002 -1.39076923076923E+0000
 865 -6.67399267399267E-0002 -1.36498168498168E+0000
 866  8.79853479853480E-0002 -1.39479853479853E+0000
 867 -7.64102564102564E-0002 -1.35208791208791E+0000
 868  8.63736263736264E-0002 -1.41736263736264E+0000
 869 -9.17216117216117E-0002 -1.40608058608059E+0000
 870  9.12087912087912E-0002 -1.38351648351648E+0000
 871 -6.67399267399267E-0002 -1.37948717948718E+0000
 872  1.07326007326007E-0001 -1.38512820512821E+0000
 873 -9.33333333333333E-0002 -1.38351648351648E+0000
 874  1.12161172161172E-0001 -1.38029304029304E+0000
 875 -9.57509157509158E-0002 -1.43347985347985E+0000
 876  1.16190476190476E-0001 -1.39479853479853E+0000
 877 -1.05421245421245E-0001 -1.38915750915751E+0000
 878  1.13772893772893E-0001 -1.39076923076923E+0000
 879 -1.01391941391941E-0001 -1.39238095238095E+0000
 880 -6.99633699633700E-0002 -1.37626373626374E+0000
 881  7.99267399267399E-0002 -1.40124542124542E+0000
 882 -6.75457875457875E-0002 -1.36901098901099E+0000
 883  7.34798534798535E-0002 -1.38512820512821E+0000
 884 -6.67399267399267E-0002 -1.36417582417582E+0000
 885  7.58974358974359E-0002 -1.39076923076923E+0000
 886 -6.19047619047619E-0002 -1.38835164835165E+0000
 887  1.19413919413919E-0001 -1.38351648351648E+0000
 888 -1.05421245421245E-0001 -1.37948717948718E+0000
 889  1.18608058608058E-0001 -1.39157509157509E+0000
 890 -1.09450549450549E-0001 -1.39076923076923E+0000
 891  1.18608058608058E-0001 -1.38673992673993E+0000
 892 -1.11062271062271E-0001 -1.39560439560440E+0000
 893  1.21025641025641E-0001 -1.38512820512821E+0000
 894 -1.07032967032967E-0001 -1.38996336996337E+0000
 895 -5.94871794871795E-0002 -1.36578754578755E+0000
 896  7.50915750915751E-0002 -1.39721611721612E+0000
 897 -5.94871794871795E-0002 -1.37062271062271E+0000
 898  7.10622710622711E-0002 -1.39076923076923E+0000
 899 -5.46520146520147E-0002 -1.36578754578755E+0000
