 0 -9.57509157509158E-0002 -1.40043956043956E+0000
 1 -7.96336996336996E-0002 -1.39641025641026E+0000
 2 -5.70695970695971E-0002 -1.37545787545788E+0000
 3 -5.06227106227106E-0002 -1.39560439560440E+0000
 4 -4.09523809523810E-0002 -1.38190476190476E+0000
 5 -2.48351648351648E-0002 -1.36336996336996E+0000
 6 -7.10622710622711E-0003 -1.37868131868132E+0000
 7 -2.27106227106227E-0003 -1.40608058608059E+0000
 8  1.46520146520146E-0002 -1.39802197802198E+0000
 9  2.27106227106227E-0002 -1.39479853479853E+0000
 10  3.80219780219780E-0002 -1.36901098901099E+0000
 11  3.96336996336996E-0002 -1.38996336996337E+0000
 12  4.36630036630037E-0002 -1.37626373626374E+0000
 13  4.28571428571429E-0002 -1.40285714285714E+0000
 14  4.68864468864469E-0002 -1.38593406593407E+0000
 15  4.28571428571429E-0002 -1.37223443223443E+0000
 16  4.12454212454212E-0002 -1.40366300366300E+0000
 17  2.83516483516484E-0002 -1.39721611721612E+0000
 18  2.83516483516484E-0002 -1.37787545787546E+0000
 19  1.78754578754579E-0002 -1.40527472527473E+0000
 20  4.17582417582418E-0003 -1.39963369963370E+0000
 21 -2.16117216117216E-0002 -1.39802197802198E+0000
 22 -1.83882783882784E-0002 -1.38109890109890E+0000
 23 -2.24175824175824E-0002 -1.40366300366300E+0000
 24 -4.09523809523810E-0002 -1.39479853479853E+0000
 25 -6.51282051282051E-0002 -1.38432234432234E+0000
 26 -7.64102564102564E-0002 -1.36498168498168E+0000
 27 -7.96336996336996E-0002 -1.39157509157509E+0000
 28 -1.03809523809523E-0001 -1.38432234432234E+0000
 29 -1.00586080586080E-0001 -1.37545787545788E+0000
 30 -1.15091575091575E-0001 -1.39238095238095E+0000
 31 -1.24761904761904E-0001 -1.38271062271062E+0000
 32 -1.29597069597070E-0001 -1.36820512820513E+0000
 33 -1.31208791208791E-0001 -1.39721611721612E+0000
 34 -1.32820512820513E-0001 -1.38432234432234E+0000
 35 -1.31208791208791E-0001 -1.37142857142857E+0000
 36 -1.33626373626374E-0001 -1.40930402930403E+0000
 37 -1.23956043956044E-0001 -1.39479853479853E+0000
 38 -1.15091575091575E-0001 -1.36901098901099E+0000
 39 -1.05421245421245E-0001 -1.39560439560440E+0000
 40 -9.33333333333333E-0002 -1.37706959706960E+0000
 41 -6.75457875457875E-0002 -1.39802197802198E+0000
 42 -6.83516483516484E-0002 -1.38271062271062E+0000
 43 -4.49816849816850E-0002 -1.36256410256410E+0000
 44 -3.77289377289377E-0002 -1.38593406593407E+0000
 45 -2.80586080586081E-0002 -1.37626373626374E+0000
 46 -7.10622710622711E-0003 -1.39399267399267E+0000
 47  2.56410256410256E-0003 -1.38512820512821E+0000
 48  2.02930402930403E-0002 -1.37384615384615E+0000
 49  1.70695970695971E-0002 -1.40849816849817E+0000
 50  3.31868131868132E-0002 -1.38512820512821E+0000
 51  3.88278388278388E-0002 -1.37142857142857E+0000
 52  4.93040293040293E-0002 -1.40043956043956E+0000
 53  4.93040293040293E-0002 -1.39641025641026E+0000
 54  3.64102564102564E-0002 -1.37706959706960E+0000
 55  4.52747252747253E-0002 -1.40205128205128E+0000
 56  3.96336996336996E-0002 -1.38996336996337E+0000
 57  3.39926739926740E-0002 -1.38029304029304E+0000
 58  3.23809523809524E-0002 -1.40285714285714E+0000
 59  1.06227106227106E-0002 -1.39157509157509E+0000
 60  1.46520146520147E-0004 -1.38512820512821E+0000
 61 -1.59706959706960E-0002 -1.38351648351648E+0000
 62 -2.16117216117216E-0002 -1.35611721611722E+0000
 63 -2.80586080586081E-0002 -1.37545787545788E+0000
 64 -4.98168498168498E-0002 -1.40205128205128E+0000
 65 -6.35164835164835E-0002 -1.39076923076923E+0000
 66 -8.76923076923077E-0002 -1.37223443223443E+0000
 67 -7.15750915750916E-0002 -1.40124542124542E+0000
 68 -1.00586080586080E-0001 -1.39076923076923E+0000
 69 -1.11868131868131E-0001 -1.38029304029304E+0000
 70 -1.17509157509157E-0001 -1.40124542124542E+0000
 71 -1.27985347985348E-0001 -1.38754578754579E+0000
 72 -1.27179487179487E-0001 -1.38190476190476E+0000
 73 -1.37655677655678E-0001 -1.36739926739927E+0000
 74 -1.30402930402930E-0001 -1.39318681318681E+0000
 75 -1.27179487179487E-0001 -1.38351648351648E+0000
 76 -1.15091575091575E-0001 -1.36820512820513E+0000
 77 -1.12673992673992E-0001 -1.40205128205128E+0000
 78 -1.03809523809523E-0001 -1.38190476190476E+0000
 79 -9.09157509157509E-0002 -1.36095238095238E+0000
 80 -9.57509157509158E-0002 -1.39479853479853E+0000
 81 -7.07692307692308E-0002 -1.37545787545788E+0000
 82 -5.70695970695971E-0002 -1.39238095238095E+0000
 83 -4.82051282051282E-0002 -1.38029304029304E+0000
 84 -3.12820512820513E-0002 -1.41172161172161E+0000
 85 -2.08058608058608E-0002 -1.40527472527473E+0000
 86 -4.68864468864469E-0003 -1.38835164835165E+0000
 87  1.38461538461538E-0002 -1.36901098901099E+0000
 88  2.51282051282051E-0002 -1.38512820512821E+0000
 89  2.10989010989011E-0002 -1.37868131868132E+0000
 90  2.91575091575092E-0002 -1.40124542124542E+0000
 91  4.04395604395604E-0002 -1.38271062271062E+0000
 92  3.96336996336996E-0002 -1.36739926739927E+0000
 93  4.68864468864469E-0002 -1.40043956043956E+0000
 94  4.60805860805861E-0002 -1.38673992673993E+0000
 95  3.96336996336996E-0002 -1.37948717948718E+0000
 96  4.04395604395604E-0002 -1.41172161172161E+0000
 97  3.15750915750916E-0002 -1.40446886446886E+0000
 98  2.35164835164835E-0002 -1.39076923076923E+0000
 99  7.39926739926740E-0003 -1.38109890109890E+0000
 100  1.75824175824176E-0003 -1.41655677655678E+0000
 101 -1.11355311355311E-0002 -1.40930402930403E+0000
 102 -2.16117216117216E-0002 -1.39157509157509E+0000
 103 -4.25641025641026E-0002 -1.38351648351648E+0000
 104 -4.49816849816850E-0002 -1.36498168498168E+0000
 105 -7.31868131868132E-0002 -1.39882783882784E+0000
 106 -7.72161172161172E-0002 -1.38271062271062E+0000
 107 -9.49450549450549E-0002 -1.36820512820513E+0000
 108 -1.03003663003663E-0001 -1.40285714285714E+0000
 109 -1.09450549450549E-0001 -1.39076923076923E+0000
 110 -1.17509157509157E-0001 -1.37304029304029E+0000
 111 -1.22344322344322E-0001 -1.40688644688645E+0000
 112 -1.35238095238095E-0001 -1.41091575091575E+0000
 113 -1.35238095238095E-0001 -1.39882783882784E+0000
 114 -1.27985347985348E-0001 -1.38351648351648E+0000
 115 -1.24761904761904E-0001 -1.36901098901099E+0000
 116 -1.16703296703296E-0001 -1.39238095238095E+0000
 117 -1.11062271062271E-0001 -1.38190476190476E+0000
 118 -1.05421245421245E-0001 -1.35772893772894E+0000
 119 -9.57509157509158E-0002 -1.37948717948718E+0000
 120 -8.04395604395604E-0002 -1.41252747252747E+0000
 121 -6.75457875457875E-0002 -1.40608058608059E+0000
 122 -5.70695970695971E-0002 -1.39157509157509E+0000
 123 -4.49816849816850E-0002 -1.37948717948718E+0000
 124 -2.80586080586081E-0002 -1.41413919413919E+0000
 125 -2.48351648351648E-0002 -1.39721611721612E+0000
 126  1.75824175824176E-0003 -1.37787545787546E+0000
 127 -2.27106227106227E-0003 -1.40769230769231E+0000
 128  2.91575091575092E-0002 -1.38432234432234E+0000
 129  2.67399267399267E-0002 -1.37465201465201E+0000
 130  3.47985347985348E-0002 -1.40205128205128E+0000
 131  4.28571428571429E-0002 -1.38915750915751E+0000
 132  3.72161172161172E-0002 -1.38029304029304E+0000
 133  4.52747252747253E-0002 -1.40688644688645E+0000
 134  4.93040293040293E-0002 -1.39641025641026E+0000
 135  4.20512820512821E-0002 -1.38432234432234E+0000
 136  3.96336996336996E-0002 -1.37384615384615E+0000
 137  2.35164835164835E-0002 -1.40688644688645E+0000
 138  1.62637362637363E-0002 -1.39721611721612E+0000
 139  9.52380952380952E-0004 -1.38996336996337E+0000
 140  4.17582417582418E-0003 -1.37545787545788E+0000
 141 -2.80586080586081E-0002 -1.40043956043956E+0000
 142 -2.32234432234432E-0002 -1.38754578754579E+0000
 143 -4.25641025641026E-0002 -1.38432234432234E+0000
 144 -5.22344322344322E-0002 -1.37465201465201E+0000
 145 -7.23809523809524E-0002 -1.40930402930403E+0000
 146 -7.88278388278388E-0002 -1.38915750915751E+0000
 147 -9.01098901098901E-0002 -1.37545787545788E+0000
 148 -1.05421245421245E-0001 -1.39963369963370E+0000
 149 -1.08644688644688E-0001 -1.38835164835165E+0000
 150 -1.21538461538461E-0001 -1.36820512820513E+0000
 151 -1.26373626373626E-0001 -1.40285714285714E+0000
 152 -1.25567765567766E-0001 -1.39076923076923E+0000
 153 -1.31208791208791E-0001 -1.37787545787546E+0000
 154 -1.23150183150183E-0001 -1.39963369963370E+0000
 155 -1.24761904761904E-0001 -1.39560439560440E+0000
 156 -1.21538461538461E-0001 -1.38109890109890E+0000
 157 -1.18315018315018E-0001 -1.41333333333333E+0000
 158 -1.05421245421245E-0001 -1.40124542124542E+0000
 159 -9.41391941391941E-0002 -1.38512820512821E+0000
 160 -8.28571428571429E-0002 -1.37465201465201E+0000
 161 -6.75457875457875E-0002 -1.40446886446886E+0000
 162 -4.98168498168498E-0002 -1.38835164835165E+0000
 163 -4.90109890109890E-0002 -1.37223443223443E+0000
 164 -3.04761904761905E-0002 -1.40285714285714E+0000
 165 -1.43589743589743E-0002 -1.38593406593407E+0000
 166 -7.91208791208791E-0003 -1.36901098901099E+0000
 167  9.01098901098901E-0003 -1.39157509157509E+0000
 168  1.94871794871795E-0002 -1.37868131868132E+0000
 169  2.91575091575092E-0002 -1.40849816849817E+0000
 170  3.47985347985348E-0002 -1.38754578754579E+0000
 171  4.28571428571429E-0002 -1.38271062271062E+0000
 172  4.28571428571429E-0002 -1.36578754578755E+0000
 173  4.60805860805861E-0002 -1.39318681318681E+0000
 174  4.60805860805861E-0002 -1.37868131868132E+0000
 175  4.36630036630037E-0002 -1.41252747252747E+0000
 176  3.23809523809524E-0002 -1.40849816849817E+0000
 177  2.10989010989011E-0002 -1.39318681318681E+0000
 178  2.43223443223443E-0002 -1.37868131868132E+0000
 179  9.01098901098901E-0003 -1.41172161172161E+0000
 180 -7.10622710622711E-0003 -1.40849816849817E+0000
 181 -1.51648351648351E-0002 -1.39157509157509E+0000
 182 -3.12820512820513E-0002 -1.37787545787546E+0000
 183 -4.25641025641026E-0002 -1.41333333333333E+0000
 184 -5.54578754578755E-0002 -1.40930402930403E+0000
 185 -6.51282051282051E-0002 -1.39560439560440E+0000
 186 -8.12454212454212E-0002 -1.37465201465201E+0000
 187 -9.57509157509158E-0002 -1.41333333333333E+0000
 188 -1.03809523809523E-0001 -1.40930402930403E+0000
 189 -1.15091575091575E-0001 -1.39560439560440E+0000
 190 -1.20732600732600E-0001 -1.37142857142857E+0000
 191 -1.31208791208791E-0001 -1.40527472527473E+0000
 192 -1.24761904761904E-0001 -1.39802197802198E+0000
 193 -1.31208791208791E-0001 -1.38351648351648E+0000
 194 -1.27985347985348E-0001 -1.36256410256410E+0000
 195 -1.33626373626374E-0001 -1.38996336996337E+0000
 196 -1.29597069597070E-0001 -1.37465201465201E+0000
 197 -1.19120879120879E-0001 -1.40527472527473E+0000
 198 -1.08644688644688E-0001 -1.38996336996337E+0000
 199 -9.49450549450549E-0002 -1.37868131868132E+0000
 200 -7.72161172161172E-0002 -1.40688644688645E+0000
 201 -6.19047619047619E-0002 -1.39802197802198E+0000
 202 -5.22344322344322E-0002 -1.38109890109890E+0000
 203 -4.90109890109890E-0002 -1.41897435897436E+0000
 204 -3.12820512820513E-0002 -1.41252747252747E+0000
 205 -1.11355311355311E-0002 -1.40124542124542E+0000
 206  3.36996336996337E-0003 -1.37626373626374E+0000
 207  9.01098901098901E-0003 -1.40608058608059E+0000
 208  1.78754578754579E-0002 -1.40043956043956E+0000
 209  1.14285714285714E-0002 -1.39802197802198E+0000
 210  3.31868131868132E-0002 -1.37868131868132E+0000
 211  3.72161172161172E-0002 -1.41252747252747E+0000
 212  4.68864468864469E-0002 -1.40608058608059E+0000
 213  3.96336996336996E-0002 -1.39641025641026E+0000
 214  4.84981684981685E-0002 -1.37626373626374E+0000
 215  3.39926739926740E-0002 -1.40769230769231E+0000
 216  3.64102564102564E-0002 -1.39076923076923E+0000
 217  2.35164835164835E-0002 -1.37626373626374E+0000
 218  1.62637362637363E-0002 -1.39560439560440E+0000
 219  8.20512820512821E-0003 -1.38593406593407E+0000
 220 -6.30036630036630E-0003 -1.37787545787546E+0000
 221 -7.91208791208791E-0003 -1.40366300366300E+0000
 222 -3.28937728937729E-0002 -1.38996336996337E+0000
 223 -4.65934065934066E-0002 -1.38109890109890E+0000
 224 -6.59340659340659E-0002 -1.41575091575092E+0000
 225 -8.44688644688645E-0002 -1.40205128205128E+0000
 226 -8.12454212454212E-0002 -1.38190476190476E+0000
 227 -9.97802197802198E-0002 -1.36981684981685E+0000
 228 -1.07838827838827E-0001 -1.39479853479853E+0000
 229 -1.12673992673992E-0001 -1.37384615384615E+0000
 230 -1.23956043956044E-0001 -1.40205128205128E+0000
 231 -1.20732600732600E-0001 -1.38432234432234E+0000
 232 -1.27179487179487E-0001 -1.37626373626374E+0000
 233 -1.31208791208791E-0001 -1.39721611721612E+0000
 234 -1.27985347985348E-0001 -1.38029304029304E+0000
 235 -1.18315018315018E-0001 -1.41655677655678E+0000
 236 -1.28791208791209E-0001 -1.41010989010989E+0000
 237 -1.09450549450549E-0001 -1.39479853479853E+0000
 238 -9.97802197802198E-0002 -1.36981684981685E+0000
 239 -9.81684981684982E-0002 -1.39882783882784E+0000
 240 -7.64102564102564E-0002 -1.38835164835165E+0000
 241 -6.75457875457875E-0002 -1.36659340659341E+0000
 242 -5.06227106227106E-0002 -1.38915750915751E+0000
 243 -4.09523809523810E-0002 -1.37706959706960E+0000
 244 -2.24175824175824E-0002 -1.40124542124542E+0000
 245 -7.10622710622711E-0003 -1.37868131868132E+0000
 246  4.17582417582418E-0003 -1.40124542124542E+0000
 247  2.27106227106227E-0002 -1.38190476190476E+0000
 248  2.27106227106227E-0002 -1.36417582417582E+0000
 249  3.31868131868132E-0002 -1.38512820512821E+0000
 250  3.31868131868132E-0002 -1.36901098901099E+0000
 251  3.23809523809524E-0002 -1.39641025641026E+0000
 252  4.12454212454212E-0002 -1.38593406593407E+0000
 253  4.76923076923077E-0002 -1.36901098901099E+0000
 254  4.28571428571429E-0002 -1.38754578754579E+0000
 255  3.80219780219780E-0002 -1.38432234432234E+0000
 256  3.88278388278388E-0002 -1.37062271062271E+0000
 257  1.70695970695971E-0002 -1.39882783882784E+0000
 258  1.70695970695971E-0002 -1.38271062271062E+0000
 259 -2.27106227106227E-0003 -1.37304029304029E+0000
 260  1.75824175824176E-0003 -1.40366300366300E+0000
 261 -1.27472527472527E-0002 -1.38915750915751E+0000
 262 -3.20879120879121E-0002 -1.36820512820513E+0000
 263 -5.62637362637363E-0002 -1.41655677655678E+0000
 264 -5.86813186813187E-0002 -1.40205128205128E+0000
 265 -7.23809523809524E-0002 -1.38432234432234E+0000
 266 -8.20512820512821E-0002 -1.36659340659341E+0000
 267 -1.00586080586080E-0001 -1.40366300366300E+0000
 268 -1.07838827838827E-0001 -1.39399267399267E+0000
 269 -1.19926739926739E-0001 -1.38351648351648E+0000
 270 -1.19926739926739E-0001 -1.36498168498168E+0000
 271 -1.19120879120879E-0001 -1.39963369963370E+0000
 272 -1.31208791208791E-0001 -1.39238095238095E+0000
 273 -1.36043956043956E-0001 -1.38029304029304E+0000
 274 -1.27985347985348E-0001 -1.40769230769231E+0000
 275 -1.25567765567766E-0001 -1.39802197802198E+0000
 276 -1.04615384615384E-0001 -1.38432234432234E+0000
 277 -1.06227106227106E-0001 -1.36901098901099E+0000
 278 -1.34432234432234E-0001 -1.38835164835165E+0000
 279 -8.76923076923077E-0002 -1.37223443223443E+0000
 280 -7.39926739926740E-0002 -1.39963369963370E+0000
 281 -6.43223443223443E-0002 -1.38915750915751E+0000
 282 -4.33699633699634E-0002 -1.36578754578755E+0000
 283 -2.40293040293040E-0002 -1.39882783882784E+0000
 284 -2.96703296703297E-0002 -1.38996336996337E+0000
 285 -8.71794871794872E-0003 -1.36901098901099E+0000
 286  7.39926739926740E-0003 -1.38512820512821E+0000
 287  5.78754578754579E-0003 -1.38673992673993E+0000
 288  2.51282051282051E-0002 -1.36981684981685E+0000
 289  2.99633699633700E-0002 -1.38835164835165E+0000
 290  4.76923076923077E-0002 -1.36498168498168E+0000
 291  4.12454212454212E-0002 -1.39802197802198E+0000
 292  3.64102564102564E-0002 -1.38915750915751E+0000
 293  4.20512820512821E-0002 -1.36901098901099E+0000
 294  5.57509157509158E-0002 -1.38271062271062E+0000
 295  3.88278388278388E-0002 -1.36417582417582E+0000
 296  2.35164835164835E-0002 -1.38512820512821E+0000
 297  2.67399267399267E-0002 -1.36820512820513E+0000
 298  6.59340659340659E-0003 -1.40930402930403E+0000
 299 -1.27472527472527E-0002 -1.39641025641026E+0000
 300 -1.51648351648351E-0002 -1.38029304029304E+0000
 301 -3.77289377289377E-0002 -1.41091575091575E+0000
 302 -4.90109890109890E-0002 -1.40930402930403E+0000
 303 -6.27106227106227E-0002 -1.39560439560440E+0000
 304 -8.20512820512821E-0002 -1.37787545787546E+0000
 305 -8.84981684981685E-0002 -1.40366300366300E+0000
 306 -9.81684981684982E-0002 -1.40043956043956E+0000
 307 -1.23150183150183E-0001 -1.37465201465201E+0000
 308 -1.28791208791209E-0001 -1.40527472527473E+0000
 309 -1.28791208791209E-0001 -1.40366300366300E+0000
 310 -1.43296703296703E-0001 -1.39318681318681E+0000
 311 -1.36849816849817E-0001 -1.38190476190476E+0000
 312 -1.15091575091575E-0001 -1.35934065934066E+0000
 313 -1.23150183150183E-0001 -1.39157509157509E+0000
 314 -1.18315018315018E-0001 -1.37706959706960E+0000
 315 -1.10256410256410E-0001 -1.40446886446886E+0000
 316 -9.81684981684982E-0002 -1.38754578754579E+0000
 317 -8.44688644688645E-0002 -1.38432234432234E+0000
 318 -9.33333333333333E-0002 -1.38915750915751E+0000
 319 -4.73992673992674E-0002 -1.36820512820513E+0000
 320 -3.04761904761905E-0002 -1.39882783882784E+0000
 321 -2.40293040293040E-0002 -1.39076923076923E+0000
 322 -8.71794871794872E-0003 -1.39157509157509E+0000
 323  1.06227106227106E-0002 -1.38754578754579E+0000
 324  2.83516483516484E-0002 -1.37545787545788E+0000
 325  3.31868131868132E-0002 -1.39479853479853E+0000
 326  4.04395604395604E-0002 -1.37384615384615E+0000
 327  3.96336996336996E-0002 -1.40930402930403E+0000
 328  5.33333333333333E-0002 -1.39238095238095E+0000
 329  4.84981684981685E-0002 -1.38029304029304E+0000
 330  3.15750915750916E-0002 -1.40930402930403E+0000
 331  3.88278388278388E-0002 -1.39238095238095E+0000
 332  1.94871794871795E-0002 -1.37948717948718E+0000
 333  1.06227106227106E-0002 -1.41010989010989E+0000
 334 -2.27106227106227E-0003 -1.40608058608059E+0000
 335 -7.10622710622711E-0003 -1.38673992673993E+0000
 336 -1.75824175824176E-0002 -1.37304029304029E+0000
 337 -5.38461538461538E-0002 -1.41091575091575E+0000
 338 -6.10989010989011E-0002 -1.40043956043956E+0000
 339 -7.96336996336996E-0002 -1.39318681318681E+0000
 340 -9.65567765567766E-0002 -1.39157509157509E+0000
 341 -1.05421245421245E-0001 -1.38271062271062E+0000
 342 -1.11868131868131E-0001 -1.36256410256410E+0000
 343 -1.15897435897435E-0001 -1.36578754578755E+0000
 344 -1.31208791208791E-0001 -1.40124542124542E+0000
 345 -1.33626373626374E-0001 -1.38190476190476E+0000
 346 -1.35238095238095E-0001 -1.38029304029304E+0000
 347 -1.23956043956044E-0001 -1.41655677655678E+0000
 348 -1.06227106227106E-0001 -1.40446886446886E+0000
 349 -1.05421245421245E-0001 -1.39076923076923E+0000
 350 -1.03809523809523E-0001 -1.37706959706960E+0000
 351 -8.68864468864469E-0002 -1.40608058608059E+0000
 352 -7.31868131868132E-0002 -1.39641025641026E+0000
 353 -6.27106227106227E-0002 -1.37787545787546E+0000
 354 -5.54578754578755E-0002 -1.40527472527473E+0000
 355 -3.12820512820513E-0002 -1.39882783882784E+0000
 356 -2.24175824175824E-0002 -1.38593406593407E+0000
 357 -7.10622710622711E-0003 -1.39641025641026E+0000
 358  1.70695970695971E-0002 -1.38593406593407E+0000
 359  3.88278388278388E-0002 -1.37304029304029E+0000
 360  3.31868131868132E-0002 -1.38915750915751E+0000
 361  4.60805860805861E-0002 -1.37626373626374E+0000
 362  4.04395604395604E-0002 -1.39641025641026E+0000
 363  3.80219780219780E-0002 -1.41091575091575E+0000
 364  3.88278388278388E-0002 -1.40608058608059E+0000
 365  2.43223443223443E-0002 -1.39882783882784E+0000
 366  3.23809523809524E-0002 -1.41655677655678E+0000
 367  9.52380952380952E-0004 -1.41172161172161E+0000
 368 -9.52380952380952E-0003 -1.40527472527473E+0000
 369 -3.12820512820513E-0002 -1.39560439560440E+0000
 370 -3.12820512820513E-0002 -1.37384615384615E+0000
 371 -5.54578754578755E-0002 -1.41494505494505E+0000
 372 -5.46520146520147E-0002 -1.38029304029304E+0000
 373 -8.84981684981685E-0002 -1.41252747252747E+0000
 374 -1.05421245421245E-0001 -1.40608058608059E+0000
 375 -1.20732600732600E-0001 -1.39560439560440E+0000
 376 -1.24761904761904E-0001 -1.38029304029304E+0000
 377 -1.34432234432234E-0001 -1.41816849816850E+0000
 378 -1.29597069597070E-0001 -1.40527472527473E+0000
 379 -1.34432234432234E-0001 -1.39641025641026E+0000
 380 -1.24761904761904E-0001 -1.38029304029304E+0000
 381 -1.31208791208791E-0001 -1.41897435897436E+0000
 382 -1.13479853479853E-0001 -1.40688644688645E+0000
 383 -1.10256410256410E-0001 -1.37545787545788E+0000
 384 -8.12454212454212E-0002 -1.40688644688645E+0000
 385 -7.15750915750916E-0002 -1.37545787545788E+0000
 386 -4.33699633699634E-0002 -1.39721611721612E+0000
 387 -2.96703296703297E-0002 -1.36820512820513E+0000
 388 -6.30036630036630E-0003 -1.39721611721612E+0000
 389  9.01098901098901E-0003 -1.38432234432234E+0000
 390  2.02930402930403E-0002 -1.37626373626374E+0000
 391  3.39926739926740E-0002 -1.39479853479853E+0000
 392  3.39926739926740E-0002 -1.40527472527473E+0000
 393  4.28571428571429E-0002 -1.40205128205128E+0000
 394  4.28571428571429E-0002 -1.38271062271062E+0000
 395  4.36630036630037E-0002 -1.39318681318681E+0000
 396  3.56043956043956E-0002 -1.38915750915751E+0000
 397  3.23809523809524E-0002 -1.39721611721612E+0000
 398  1.22344322344322E-0002 -1.38673992673993E+0000
 399 -2.27106227106227E-0003 -1.35934065934066E+0000
 400 -2.80586080586081E-0002 -1.38593406593407E+0000
 401 -4.17582417582418E-0002 -1.40688644688645E+0000
 402 -6.83516483516484E-0002 -1.39882783882784E+0000
 403 -7.96336996336996E-0002 -1.38109890109890E+0000
 404 -1.06227106227106E-0001 -1.41978021978022E+0000
 405 -1.15897435897435E-0001 -1.41172161172161E+0000
 406 -1.24761904761904E-0001 -1.40527472527473E+0000
 407 -1.27179487179487E-0001 -1.39721611721612E+0000
 408 -1.31208791208791E-0001 -1.36820512820513E+0000
 409 -1.31208791208791E-0001 -1.39721611721612E+0000
 410 -1.29597069597070E-0001 -1.37223443223443E+0000
 411 -1.12673992673992E-0001 -1.39641025641026E+0000
 412 -1.07838827838827E-0001 -1.41172161172161E+0000
 413 -8.12454212454212E-0002 -1.40849816849817E+0000
 414 -6.75457875457875E-0002 -1.37706959706960E+0000
 415 -3.04761904761905E-0002 -1.40124542124542E+0000
 416 -2.96703296703297E-0002 -1.36256410256410E+0000
 417 -1.03296703296703E-0002 -1.38029304029304E+0000
 418  1.38461538461538E-0002 -1.40849816849817E+0000
 419  3.72161172161172E-0002 -1.38754578754579E+0000
 420  4.12454212454212E-0002 -1.40769230769231E+0000
 421  4.68864468864469E-0002 -1.39560439560440E+0000
 422  5.57509157509158E-0002 -1.40366300366300E+0000
 423  3.64102564102564E-0002 -1.39560439560440E+0000
 424  3.56043956043956E-0002 -1.36095238095238E+0000
 425  1.78754578754579E-0002 -1.39076923076923E+0000
 426  1.46520146520146E-0002 -1.36739926739927E+0000
 427 -1.75824175824176E-0002 -1.40285714285714E+0000
 428 -3.20879120879121E-0002 -1.38593406593407E+0000
 429 -4.33699633699634E-0002 -1.37706959706960E+0000
 430 -6.02930402930403E-0002 -1.38996336996337E+0000
 431 -8.76923076923077E-0002 -1.37626373626374E+0000
 432 -9.81684981684982E-0002 -1.38996336996337E+0000
 433 -1.12673992673992E-0001 -1.36981684981685E+0000
 434 -1.21538461538461E-0001 -1.38593406593407E+0000
 435 -1.27179487179487E-0001 -1.38029304029304E+0000
 436 -1.29597069597070E-0001 -1.39238095238095E+0000
 437 -1.25567765567766E-0001 -1.37626373626374E+0000
 438 -1.07838827838827E-0001 -1.39641025641026E+0000
 439 -1.05421245421245E-0001 -1.40769230769231E+0000
 440 -7.64102564102564E-0002 -1.39560439560440E+0000
 441 -7.31868131868132E-0002 -1.39802197802198E+0000
 442 -4.41758241758242E-0002 -1.38754578754579E+0000
 443 -2.24175824175824E-0002 -1.38271062271062E+0000
 444 -1.51648351648351E-0002 -1.35772893772894E+0000
 445  4.17582417582418E-0003 -1.40043956043956E+0000
 446  9.81684981684982E-0003 -1.39721611721612E+0000
 447  3.64102564102564E-0002 -1.40285714285714E+0000
 448  3.64102564102564E-0002 -1.37304029304029E+0000
 449  5.09157509157509E-0002 -1.39641025641026E+0000
 450  4.68864468864469E-0002 -1.36659340659341E+0000
 451  2.99633699633700E-0002 -1.40285714285714E+0000
 452  2.27106227106227E-0002 -1.36336996336996E+0000
 453 -1.46520146520146E-0003 -1.38432234432234E+0000
 454 -1.43589743589743E-0002 -1.36578754578755E+0000
 455 -2.88644688644689E-0002 -1.38271062271062E+0000
 456 -8.44688644688645E-0002 -1.39076923076923E+0000
 457 -8.52747252747253E-0002 -1.37626373626374E+0000
 458 -9.49450549450549E-0002 -1.39560439560440E+0000
 459 -1.11868131868131E-0001 -1.37626373626374E+0000
 460 -1.23150183150183E-0001 -1.39641025641026E+0000
 461 -1.27985347985348E-0001 -1.38835164835165E+0000
 462 -1.44102564102564E-0001 -1.39560439560440E+0000
 463 -1.32014652014652E-0001 -1.37948717948718E+0000
 464 -1.25567765567766E-0001 -1.40769230769231E+0000
 465 -1.15897435897435E-0001 -1.39641025641026E+0000
 466 -1.11062271062271E-0001 -1.39882783882784E+0000
 467 -8.60805860805861E-0002 -1.39238095238095E+0000
 468 -7.56043956043956E-0002 -1.38432234432234E+0000
 469 -5.62637362637363E-0002 -1.36256410256410E+0000
 470 -6.02930402930403E-0002 -1.36659340659341E+0000
 471 -1.83882783882784E-0002 -1.39560439560440E+0000
 472 -7.91208791208791E-0003 -1.37142857142857E+0000
 473 -3.88278388278388E-0003 -1.39963369963370E+0000
 474  6.59340659340659E-0003 -1.38512820512821E+0000
 475  2.59340659340659E-0002 -1.39238095238095E+0000
 476  4.93040293040293E-0002 -1.38432234432234E+0000
 477  3.64102564102564E-0002 -1.39238095238095E+0000
 478  2.75457875457875E-0002 -1.38351648351648E+0000
 479  4.28571428571429E-0002 -1.37062271062271E+0000
 480  3.39926739926740E-0002 -1.39721611721612E+0000
 481  2.67399267399267E-0002 -1.36336996336996E+0000
 482 -3.88278388278388E-0003 -1.37384615384615E+0000
 483 -2.16117216117216E-0002 -1.40124542124542E+0000
 484 -3.12820512820513E-0002 -1.38512820512821E+0000
 485 -4.41758241758242E-0002 -1.37787545787546E+0000
 486 -7.15750915750916E-0002 -1.39721611721612E+0000
 487 -8.76923076923077E-0002 -1.37626373626374E+0000
 488 -1.13479853479853E-0001 -1.40366300366300E+0000
 489 -1.17509157509157E-0001 -1.37062271062271E+0000
 490 -1.36043956043956E-0001 -1.39157509157509E+0000
 491 -1.27985347985348E-0001 -1.37304029304029E+0000
 492 -1.31208791208791E-0001 -1.40446886446886E+0000
 493 -1.30402930402930E-0001 -1.39641025641026E+0000
 494 -1.26373626373626E-0001 -1.36417582417582E+0000
 495 -1.05421245421245E-0001 -1.37142857142857E+0000
 496 -9.73626373626374E-0002 -1.40930402930403E+0000
 497 -7.72161172161172E-0002 -1.38512820512821E+0000
 498 -4.73992673992674E-0002 -1.36981684981685E+0000
 499 -1.59706959706960E-0002 -1.38754578754579E+0000
 500 -3.07692307692308E-0003 -1.40043956043956E+0000
 501  3.31868131868132E-0002 -1.38593406593407E+0000
 502  3.39926739926740E-0002 -1.36739926739927E+0000
 503  2.99633699633700E-0002 -1.38512820512821E+0000
 504  4.60805860805861E-0002 -1.39882783882784E+0000
 505  5.25274725274725E-0002 -1.38996336996337E+0000
 506  2.67399267399267E-0002 -1.37868131868132E+0000
 507  4.12454212454212E-0002 -1.41010989010989E+0000
 508  2.91575091575092E-0002 -1.38835164835165E+0000
 509  1.06227106227106E-0002 -1.40043956043956E+0000
 510 -2.40293040293040E-0002 -1.37142857142857E+0000
 511 -4.90109890109890E-0002 -1.40124542124542E+0000
 512 -6.35164835164835E-0002 -1.38835164835165E+0000
 513 -6.91575091575092E-0002 -1.36095238095238E+0000
 514 -8.93040293040293E-0002 -1.39157509157509E+0000
 515 -1.27179487179487E-0001 -1.36014652014652E+0000
 516 -1.24761904761904E-0001 -1.38029304029304E+0000
 517 -1.02197802197802E-0001 -1.39802197802198E+0000
 518 -1.25567765567766E-0001 -1.38673992673993E+0000
 519 -1.22344322344322E-0001 -1.36256410256410E+0000
 520 -1.07838827838827E-0001 -1.40205128205128E+0000
 521 -8.68864468864469E-0002 -1.37142857142857E+0000
 522 -6.19047619047619E-0002 -1.37223443223443E+0000
 523 -3.28937728937729E-0002 -1.40205128205128E+0000
 524 -2.16117216117216E-0002 -1.38673992673993E+0000
 525  1.46520146520147E-0004 -1.36578754578755E+0000
 526  4.17582417582418E-0003 -1.38512820512821E+0000
 527  2.35164835164835E-0002 -1.38835164835165E+0000
 528  4.36630036630037E-0002 -1.39560439560440E+0000
 529  4.36630036630037E-0002 -1.39963369963370E+0000
 530  3.39926739926740E-0002 -1.40124542124542E+0000
 531  4.52747252747253E-0002 -1.37545787545788E+0000
 532  3.64102564102564E-0002 -1.40124542124542E+0000
 533  2.75457875457875E-0002 -1.37706959706960E+0000
 534  2.35164835164835E-0002 -1.40527472527473E+0000
 535  5.78754578754579E-0003 -1.39479853479853E+0000
 536 -2.48351648351648E-0002 -1.40608058608059E+0000
 537 -5.22344322344322E-0002 -1.38996336996337E+0000
 538 -7.88278388278388E-0002 -1.39882783882784E+0000
 539 -9.57509157509158E-0002 -1.38593406593407E+0000
 540 -1.15091575091575E-0001 -1.39479853479853E+0000
 541 -1.22344322344322E-0001 -1.37948717948718E+0000
 542 -1.23956043956044E-0001 -1.41010989010989E+0000
 543 -1.18315018315018E-0001 -1.39479853479853E+0000
 544 -1.24761904761904E-0001 -1.37868131868132E+0000
 545 -1.22344322344322E-0001 -1.40849816849817E+0000
 546 -1.18315018315018E-0001 -1.39318681318681E+0000
 547 -1.09450549450549E-0001 -1.37868131868132E+0000
 548 -1.15091575091575E-0001 -1.40849816849817E+0000
 549 -1.01391941391941E-0001 -1.37304029304029E+0000
 550 -1.05421245421245E-0001 -1.39479853479853E+0000
 551 -9.25274725274725E-0002 -1.39479853479853E+0000
 552 -8.84981684981685E-0002 -1.41333333333333E+0000
 553 -7.96336996336996E-0002 -1.39399267399267E+0000
 554 -8.60805860805861E-0002 -1.37626373626374E+0000
 555 -8.20512820512821E-0002 -1.38512820512821E+0000
 556 -7.07692307692308E-0002 -1.40930402930403E+0000
 557 -6.67399267399267E-0002 -1.39318681318681E+0000
 558 -6.19047619047619E-0002 -1.38109890109890E+0000
 559 -6.27106227106227E-0002 -1.41655677655678E+0000
 560 -6.27106227106227E-0002 -1.40930402930403E+0000
 561 -5.38461538461538E-0002 -1.39560439560440E+0000
 562 -5.06227106227106E-0002 -1.37223443223443E+0000
 563 -4.09523809523810E-0002 -1.40205128205128E+0000
 564 -4.41758241758242E-0002 -1.39076923076923E+0000
 565 -4.41758241758242E-0002 -1.37706959706960E+0000
 566 -2.40293040293040E-0002 -1.39479853479853E+0000
 567 -3.61172161172161E-0002 -1.41655677655678E+0000
 568 -2.40293040293040E-0002 -1.40285714285714E+0000
 569 -2.88644688644689E-0002 -1.38673992673993E+0000
 570 -2.80586080586081E-0002 -1.41816849816850E+0000
 571 -2.08058608058608E-0002 -1.39076923076923E+0000
 572 -1.83882783882784E-0002 -1.36336996336996E+0000
 573 -1.67765567765568E-0002 -1.36659340659341E+0000
 574 -3.88278388278388E-0003 -1.38351648351648E+0000
 575  2.56410256410256E-0003 -1.36498168498168E+0000
 576  2.56410256410256E-0003 -1.38512820512821E+0000
 577  4.17582417582418E-0003 -1.40043956043956E+0000
 578  5.78754578754579E-0003 -1.39238095238095E+0000
 579  1.06227106227106E-0002 -1.37706959706960E+0000
 580  2.35164835164835E-0002 -1.40205128205128E+0000
 581 -2.27106227106227E-0003 -1.36820512820513E+0000
 582  2.19047619047619E-0002 -1.39318681318681E+0000
 583  3.07692307692308E-0002 -1.35934065934066E+0000
 584  2.35164835164835E-0002 -1.37948717948718E+0000
 585  3.15750915750916E-0002 -1.38915750915751E+0000
 586  3.80219780219780E-0002 -1.40043956043956E+0000
 587  3.64102564102564E-0002 -1.36820512820513E+0000
 588  3.47985347985348E-0002 -1.39238095238095E+0000
 589  3.96336996336996E-0002 -1.35853479853480E+0000
 590  4.28571428571429E-0002 -1.37626373626374E+0000
 591  3.56043956043956E-0002 -1.38512820512821E+0000
 592  4.44688644688645E-0002 -1.40849816849817E+0000
 593  4.60805860805861E-0002 -1.37384615384615E+0000
 594  4.68864468864469E-0002 -1.40205128205128E+0000
 595  4.12454212454212E-0002 -1.36256410256410E+0000
 596  3.39926739926740E-0002 -1.37465201465201E+0000
 597  4.28571428571429E-0002 -1.38835164835165E+0000
 598  5.97802197802198E-0002 -1.39802197802198E+0000
 599  5.33333333333333E-0002 -1.36417582417582E+0000
 600  3.39926739926740E-0002 -1.36981684981685E+0000
 601  4.28571428571429E-0002 -1.37304029304029E+0000
 602  3.47985347985348E-0002 -1.39238095238095E+0000
 603  2.99633699633700E-0002 -1.36417582417582E+0000
 604  2.35164835164835E-0002 -1.37545787545788E+0000
 605  2.75457875457875E-0002 -1.37545787545788E+0000
 606  2.10989010989011E-0002 -1.39399267399267E+0000
 607  1.46520146520146E-0002 -1.36739926739927E+0000
 608  1.78754578754579E-0002 -1.38915750915751E+0000
 609  8.20512820512821E-0003 -1.39318681318681E+0000
 610  4.98168498168498E-0003 -1.39076923076923E+0000
 611 -6.59340659340659E-0004 -1.35772893772894E+0000
 612  2.56410256410256E-0003 -1.40930402930403E+0000
 613 -1.03296703296703E-0002 -1.38029304029304E+0000
 614 -3.07692307692308E-0003 -1.40043956043956E+0000
 615 -6.30036630036630E-0003 -1.37465201465201E+0000
 616 -2.64468864468864E-0002 -1.39238095238095E+0000
 617 -2.80586080586081E-0002 -1.36659340659341E+0000
 618 -3.28937728937729E-0002 -1.38835164835165E+0000
 619 -2.00000000000000E-0002 -1.39238095238095E+0000
 620 -3.45054945054945E-0002 -1.40849816849817E+0000
 621 -5.30402930402930E-0002 -1.37626373626374E+0000
 622 -5.86813186813187E-0002 -1.38754578754579E+0000
 623 -6.51282051282051E-0002 -1.35692307692308E+0000
 624 -6.75457875457875E-0002 -1.37626373626374E+0000
 625 -7.23809523809524E-0002 -1.40043956043956E+0000
 626 -7.47985347985348E-0002 -1.37062271062271E+0000
 627 -7.96336996336996E-0002 -1.39076923076923E+0000
 628 -7.96336996336996E-0002 -1.39802197802198E+0000
 629 -8.68864468864469E-0002 -1.38271062271062E+0000
 630 -9.49450549450549E-0002 -1.38915750915751E+0000
 631 -1.00586080586080E-0001 -1.37868131868132E+0000
 632 -1.11062271062271E-0001 -1.39479853479853E+0000
 633 -1.04615384615384E-0001 -1.40124542124542E+0000
 634 -1.03809523809523E-0001 -1.36578754578755E+0000
 635 -1.07838827838827E-0001 -1.37868131868132E+0000
 636 -1.24761904761904E-0001 -1.39802197802198E+0000
 637 -1.19926739926739E-0001 -1.37304029304029E+0000
 638 -1.28791208791209E-0001 -1.36820512820513E+0000
 639 -1.37655677655678E-0001 -1.39641025641026E+0000
 640 -1.26373626373626E-0001 -1.40285714285714E+0000
 641 -1.27985347985348E-0001 -1.38512820512821E+0000
 642 -1.31208791208791E-0001 -1.38190476190476E+0000
 643 -1.23956043956044E-0001 -1.38754578754579E+0000
 644 -1.25567765567766E-0001 -1.40688644688645E+0000
 645 -1.40073260073260E-0001 -1.38029304029304E+0000
 646 -1.37655677655678E-0001 -1.40043956043956E+0000
 647 -1.28791208791209E-0001 -1.37706959706960E+0000
 648 -1.34432234432234E-0001 -1.39318681318681E+0000
 649 -1.04615384615384E-0001 -1.40930402930403E+0000
 650 -1.21538461538461E-0001 -1.39157509157509E+0000
 651 -1.27179487179487E-0001 -1.37787545787546E+0000
 652 -1.23956043956044E-0001 -1.39076923076923E+0000
 653 -1.22344322344322E-0001 -1.37223443223443E+0000
 654 -1.14285714285714E-0001 -1.38109890109890E+0000
 655 -1.07838827838827E-0001 -1.40608058608059E+0000
 656 -1.15897435897435E-0001 -1.38190476190476E+0000
 657 -1.07032967032967E-0001 -1.38673992673993E+0000
 658 -9.81684981684982E-0002 -1.40205128205128E+0000
 659 -1.02197802197802E-0001 -1.39076923076923E+0000
 660 -8.60805860805861E-0002 -1.39560439560440E+0000
 661 -9.25274725274725E-0002 -1.40608058608059E+0000
 662 -8.60805860805861E-0002 -1.37948717948718E+0000
 663 -7.56043956043956E-0002 -1.39963369963370E+0000
 664 -7.31868131868132E-0002 -1.37384615384615E+0000
 665 -6.19047619047619E-0002 -1.39318681318681E+0000
 666 -6.91575091575092E-0002 -1.38109890109890E+0000
 667 -6.19047619047619E-0002 -1.39479853479853E+0000
 668 -6.02930402930403E-0002 -1.41091575091575E+0000
 669 -4.73992673992674E-0002 -1.38593406593407E+0000
 670 -4.82051282051282E-0002 -1.41091575091575E+0000
 671 -4.25641025641026E-0002 -1.38835164835165E+0000
 672 -4.17582417582418E-0002 -1.39882783882784E+0000
 673 -3.45054945054945E-0002 -1.40608058608059E+0000
 674 -2.16117216117216E-0002 -1.37868131868132E+0000
 675 -1.51648351648351E-0002 -1.40124542124542E+0000
 676 -1.59706959706960E-0002 -1.41010989010989E+0000
 677 -5.49450549450549E-0003 -1.39157509157509E+0000
 678  1.94871794871795E-0002 -1.37465201465201E+0000
 679 -2.27106227106227E-0003 -1.39157509157509E+0000
 680  4.17582417582418E-0003 -1.36659340659341E+0000
 681  1.30402930402930E-0002 -1.37304029304029E+0000
 682  1.22344322344322E-0002 -1.39479853479853E+0000
 683  1.70695970695971E-0002 -1.40205128205128E+0000
 684  1.22344322344322E-0002 -1.37304029304029E+0000
 685  2.19047619047619E-0002 -1.40043956043956E+0000
 686  3.31868131868132E-0002 -1.38432234432234E+0000
 687  2.27106227106227E-0002 -1.39157509157509E+0000
 688  4.20512820512821E-0002 -1.41333333333333E+0000
 689  2.35164835164835E-0002 -1.39238095238095E+0000
 690  4.28571428571429E-0002 -1.41816849816850E+0000
 691  4.28571428571429E-0002 -1.39641025641026E+0000
 692  4.68864468864469E-0002 -1.37948717948718E+0000
 693  4.76923076923077E-0002 -1.40124542124542E+0000
 694  4.36630036630037E-0002 -1.41252747252747E+0000
 695  4.84981684981685E-0002 -1.38512820512821E+0000
 696  4.52747252747253E-0002 -1.39641025641026E+0000
 697  4.36630036630037E-0002 -1.38029304029304E+0000
 698  4.36630036630037E-0002 -1.39882783882784E+0000
 699  2.99633699633700E-0002 -1.37948717948718E+0000
 700  4.60805860805861E-0002 -1.40769230769231E+0000
 701  4.68864468864469E-0002 -1.38512820512821E+0000
 702  4.28571428571429E-0002 -1.39157509157509E+0000
 703  4.44688644688645E-0002 -1.41575091575092E+0000
 704  3.64102564102564E-0002 -1.39238095238095E+0000
 705  3.56043956043956E-0002 -1.36901098901099E+0000
 706  3.80219780219780E-0002 -1.37465201465201E+0000
 707  3.15750915750916E-0002 -1.40769230769231E+0000
 708  1.70695970695971E-0002 -1.37465201465201E+0000
 709  2.83516483516484E-0002 -1.39641025641026E+0000
 710  1.70695970695971E-0002 -1.36578754578755E+0000
 711  1.70695970695971E-0002 -1.37948717948718E+0000
 712  8.20512820512821E-0003 -1.39963369963370E+0000
 713  8.20512820512821E-0003 -1.37626373626374E+0000
 714  9.52380952380952E-0004 -1.39238095238095E+0000
 715  1.75824175824176E-0003 -1.38432234432234E+0000
 716 -2.27106227106227E-0003 -1.40849816849817E+0000
 717 -3.88278388278388E-0003 -1.37626373626374E+0000
 718 -1.75824175824176E-0002 -1.39157509157509E+0000
 719 -2.16117216117216E-0002 -1.40366300366300E+0000
 720 -2.56410256410256E-0002 -1.38351648351648E+0000
 721 -2.64468864468864E-0002 -1.38432234432234E+0000
 722 -3.36996336996337E-0002 -1.40527472527473E+0000
 723 -4.09523809523810E-0002 -1.39479853479853E+0000
 724 -4.01465201465201E-0002 -1.40446886446886E+0000
 725 -4.90109890109890E-0002 -1.38351648351648E+0000
 726 -4.90109890109890E-0002 -1.38835164835165E+0000
 727 -6.02930402930403E-0002 -1.39560439560440E+0000
 728 -6.99633699633700E-0002 -1.40930402930403E+0000
 729 -7.31868131868132E-0002 -1.40043956043956E+0000
 730 -7.23809523809524E-0002 -1.37868131868132E+0000
 731 -7.72161172161172E-0002 -1.39721611721612E+0000
 732 -9.09157509157509E-0002 -1.36095238095238E+0000
 733 -8.93040293040293E-0002 -1.38996336996337E+0000
 734 -9.17216117216117E-0002 -1.38996336996337E+0000
 735 -1.00586080586080E-0001 -1.41172161172161E+0000
 736 -9.81684981684982E-0002 -1.38915750915751E+0000
 737 -1.14285714285714E-0001 -1.41010989010989E+0000
 738 -1.03809523809523E-0001 -1.38673992673993E+0000
 739 -1.15897435897435E-0001 -1.37706959706960E+0000
 740 -1.19120879120879E-0001 -1.38593406593407E+0000
 741 -1.16703296703296E-0001 -1.40849816849817E+0000
 742 -1.21538461538461E-0001 -1.38109890109890E+0000
 743 -1.23956043956044E-0001 -1.40769230769231E+0000
 744 -1.31208791208791E-0001 -1.37223443223443E+0000
 745 -1.23956043956044E-0001 -1.39238095238095E+0000
 746 -1.24761904761904E-0001 -1.37223443223443E+0000
 747 -1.31208791208791E-0001 -1.38835164835165E+0000
 748 -1.31208791208791E-0001 -1.40366300366300E+0000
 749 -1.34432234432234E-0001 -1.38190476190476E+0000
 750 -1.31208791208791E-0001 -1.39157509157509E+0000
 751 -1.33626373626374E-0001 -1.37787545787546E+0000
 752 -1.33626373626374E-0001 -1.39963369963370E+0000
 753 -1.44102564102564E-0001 -1.37545787545788E+0000
 754 -1.16703296703296E-0001 -1.38754578754579E+0000
 755 -1.29597069597070E-0001 -1.40285714285714E+0000
 756 -1.20732600732600E-0001 -1.37706959706960E+0000
 757 -1.27985347985348E-0001 -1.38835164835165E+0000
 758 -1.19926739926739E-0001 -1.40205128205128E+0000
 759 -1.06227106227106E-0001 -1.41252747252747E+0000
 760 -1.15897435897435E-0001 -1.40446886446886E+0000
 761 -1.06227106227106E-0001 -1.36901098901099E+0000
 762 -1.13479853479853E-0001 -1.38754578754579E+0000
 763 -9.97802197802198E-0002 -1.39802197802198E+0000
 764 -9.73626373626374E-0002 -1.37384615384615E+0000
 765 -8.60805860805861E-0002 -1.40930402930403E+0000
 766 -9.41391941391941E-0002 -1.37465201465201E+0000
 767 -8.84981684981685E-0002 -1.39318681318681E+0000
 768 -7.96336996336996E-0002 -1.36901098901099E+0000
 769 -8.20512820512821E-0002 -1.37062271062271E+0000
 770 -7.31868131868132E-0002 -1.38673992673993E+0000
 771 -7.07692307692308E-0002 -1.40849816849817E+0000
 772 -6.35164835164835E-0002 -1.38432234432234E+0000
 773 -4.82051282051282E-0002 -1.39721611721612E+0000
 774 -4.57875457875458E-0002 -1.41333333333333E+0000
 775 -3.93406593406593E-0002 -1.39318681318681E+0000
 776 -3.61172161172161E-0002 -1.38351648351648E+0000
 777 -2.56410256410256E-0002 -1.40446886446886E+0000
 778 -4.09523809523810E-0002 -1.37304029304029E+0000
 779 -2.16117216117216E-0002 -1.39721611721612E+0000
 780 -2.56410256410256E-0002 -1.40769230769231E+0000
 781 -1.83882783882784E-0002 -1.38593406593407E+0000
 782 -8.71794871794872E-0003 -1.39238095238095E+0000
 783  4.17582417582418E-0003 -1.37787545787546E+0000
 784 -6.59340659340659E-0004 -1.40124542124542E+0000
 785  1.38461538461538E-0002 -1.37062271062271E+0000
 786  2.35164835164835E-0002 -1.38190476190476E+0000
 787  1.22344322344322E-0002 -1.39479853479853E+0000
 788  9.01098901098901E-0003 -1.40285714285714E+0000
 789  2.35164835164835E-0002 -1.38109890109890E+0000
 790  2.99633699633700E-0002 -1.40124542124542E+0000
 791  3.23809523809524E-0002 -1.36659340659341E+0000
 792  2.83516483516484E-0002 -1.38512820512821E+0000
 793  3.31868131868132E-0002 -1.40608058608059E+0000
 794  4.12454212454212E-0002 -1.37706959706960E+0000
 795  4.28571428571429E-0002 -1.39399267399267E+0000
 796  3.56043956043956E-0002 -1.36336996336996E+0000
 797  6.21978021978022E-0002 -1.38351648351648E+0000
 798  5.01098901098901E-0002 -1.39721611721612E+0000
 799  4.93040293040293E-0002 -1.40930402930403E+0000
 800  4.93040293040293E-0002 -1.38996336996337E+0000
 801  5.33333333333333E-0002 -1.40205128205128E+0000
 802  5.09157509157509E-0002 -1.38190476190476E+0000
 803  4.60805860805861E-0002 -1.38029304029304E+0000
 804  5.09157509157509E-0002 -1.40849816849817E+0000
 805  4.20512820512821E-0002 -1.36981684981685E+0000
 806  4.60805860805861E-0002 -1.37948717948718E+0000
 807  4.44688644688645E-0002 -1.39479853479853E+0000
 808  2.99633699633700E-0002 -1.37868131868132E+0000
 809  4.04395604395604E-0002 -1.39560439560440E+0000
 810  3.80219780219780E-0002 -1.41494505494505E+0000
 811  3.80219780219780E-0002 -1.37223443223443E+0000
 812  2.83516483516484E-0002 -1.39721611721612E+0000
 813  1.78754578754579E-0002 -1.37465201465201E+0000
 814  2.99633699633700E-0002 -1.41010989010989E+0000
 815  1.78754578754579E-0002 -1.38996336996337E+0000
 816  2.19047619047619E-0002 -1.40366300366300E+0000
 817  1.14285714285714E-0002 -1.37948717948718E+0000
 818  1.30402930402930E-0002 -1.40285714285714E+0000
 819  1.75824175824176E-0003 -1.37223443223443E+0000
 820  1.75824175824176E-0003 -1.38996336996337E+0000
 821 -1.43589743589743E-0002 -1.39963369963370E+0000
 822 -1.27472527472527E-0002 -1.37706959706960E+0000
 823 -2.16117216117216E-0002 -1.39560439560440E+0000
 824 -1.83882783882784E-0002 -1.41010989010989E+0000
 825 -3.45054945054945E-0002 -1.38029304029304E+0000
 826 -3.45054945054945E-0002 -1.40205128205128E+0000
 827 -4.41758241758242E-0002 -1.37626373626374E+0000
 828 -2.96703296703297E-0002 -1.38754578754579E+0000
 829 -5.38461538461538E-0002 -1.37868131868132E+0000
 830 -5.06227106227106E-0002 -1.39157509157509E+0000
 831 -5.14285714285714E-0002 -1.42058608058608E+0000
 832 -6.51282051282051E-0002 -1.39157509157509E+0000
 833 -7.31868131868132E-0002 -1.36578754578755E+0000
 834 -7.23809523809524E-0002 -1.37062271062271E+0000
 835 -7.47985347985348E-0002 -1.38190476190476E+0000
 836 -8.68864468864469E-0002 -1.38432234432234E+0000
 837 -8.76923076923077E-0002 -1.40608058608059E+0000
 838 -9.97802197802198E-0002 -1.38835164835165E+0000
 839 -9.73626373626374E-0002 -1.39560439560440E+0000
 840 -1.00586080586080E-0001 -1.40688644688645E+0000
 841 -1.07032967032967E-0001 -1.39318681318681E+0000
 842 -1.09450549450549E-0001 -1.41333333333333E+0000
 843 -1.07032967032967E-0001 -1.40124542124542E+0000
 844 -1.14285714285714E-0001 -1.40930402930403E+0000
 845 -1.20732600732600E-0001 -1.38029304029304E+0000
 846 -1.15897435897435E-0001 -1.40366300366300E+0000
 847 -1.24761904761904E-0001 -1.38432234432234E+0000
 848 -1.29597069597070E-0001 -1.40124542124542E+0000
 849 -1.32014652014652E-0001 -1.36901098901099E+0000
 850 -1.27179487179487E-0001 -1.38593406593407E+0000
 851 -1.37655677655678E-0001 -1.36336996336996E+0000
 852 -1.32820512820513E-0001 -1.37223443223443E+0000
 853 -1.32820512820513E-0001 -1.39157509157509E+0000
 854 -1.31208791208791E-0001 -1.39721611721612E+0000
 855 -1.33626373626374E-0001 -1.37142857142857E+0000
 856 -1.27985347985348E-0001 -1.38593406593407E+0000
 857 -1.31208791208791E-0001 -1.41333333333333E+0000
 858 -1.37655677655678E-0001 -1.38512820512821E+0000
 859 -1.20732600732600E-0001 -1.39802197802198E+0000
 860 -1.23150183150183E-0001 -1.37706959706960E+0000
 861 -1.22344322344322E-0001 -1.39076923076923E+0000
 862 -1.10256410256410E-0001 -1.37787545787546E+0000
 863 -1.15897435897435E-0001 -1.40608058608059E+0000
 864 -1.12673992673992E-0001 -1.38351648351648E+0000
 865 -1.11868131868131E-0001 -1.38996336996337E+0000
 866 -1.05421245421245E-0001 -1.39560439560440E+0000
 867 -9.57509157509158E-0002 -1.40769230769231E+0000
 868 -9.65567765567766E-0002 -1.38190476190476E+0000
 869 -8.93040293040293E-0002 -1.37948717948718E+0000
 870 -9.09157509157509E-0002 -1.40446886446886E+0000
 871 -8.60805860805861E-0002 -1.37787545787546E+0000
 872 -7.72161172161172E-0002 -1.39238095238095E+0000
 873 -7.39926739926740E-0002 -1.40688644688645E+0000
 874 -6.99633699633700E-0002 -1.38996336996337E+0000
 875 -6.19047619047619E-0002 -1.40446886446886E+0000
 876 -5.46520146520147E-0002 -1.37787545787546E+0000
 877 -4.73992673992674E-0002 -1.38593406593407E+0000
 878 -4.41758241758242E-0002 -1.40527472527473E+0000
 879 -3.45054945054945E-0002 -1.39076923076923E+0000
 880 -3.36996336996337E-0002 -1.36739926739927E+0000
 881 -3.69230769230769E-0002 -1.37142857142857E+0000
 882 -2.80586080586081E-0002 -1.39641025641026E+0000
 883 -2.00000000000000E-0002 -1.40608058608059E+0000
 884 -2.40293040293040E-0002 -1.38593406593407E+0000
 885 -1.43589743589743E-0002 -1.40043956043956E+0000
 886 -5.49450549450549E-0003 -1.38915750915751E+0000
 887 -7.10622710622711E-0003 -1.38996336996337E+0000
 888  1.62637362637363E-0002 -1.40769230769231E+0000
 889  2.56410256410256E-0003 -1.36820512820513E+0000
 890  1.38461538461538E-0002 -1.39318681318681E+0000
 891  4.98168498168498E-0003 -1.34967032967033E+0000
 892  2.83516483516484E-0002 -1.40527472527473E+0000
 893  2.67399267399267E-0002 -1.38029304029304E+0000
 894  2.75457875457875E-0002 -1.40769230769231E+0000
 895  3.15750915750916E-0002 -1.36578754578755E+0000
 896  2.35164835164835E-0002 -1.39238095238095E+0000
 897  3.72161172161172E-0002 -1.35934065934066E+0000
 898  4.28571428571429E-0002 -1.39157509157509E+0000
 899  2.67399267399267E-0002 -1.36901098901099E+0000
 900  4.12454212454212E-0002 -1.37948717948718E+0000
 901  4.52747252747253E-0002 -1.39721611721612E+0000
 902  4.68864468864469E-0002 -1.41816849816850E+0000
 903  4.76923076923077E-0002 -1.40608058608059E+0000
 904  4.36630036630037E-0002 -1.39076923076923E+0000
 905  4.76923076923077E-0002 -1.40688644688645E+0000
 906  4.60805860805861E-0002 -1.39238095238095E+0000
 907  4.36630036630037E-0002 -1.36336996336996E+0000
 908  4.28571428571429E-0002 -1.37223443223443E+0000
 909  5.09157509157509E-0002 -1.38996336996337E+0000
 910  4.60805860805861E-0002 -1.40446886446886E+0000
 911  3.47985347985348E-0002 -1.37787545787546E+0000
 912  3.39926739926740E-0002 -1.39479853479853E+0000
 913  3.15750915750916E-0002 -1.40366300366300E+0000
 914  2.83516483516484E-0002 -1.37545787545788E+0000
 915  2.59340659340659E-0002 -1.38915750915751E+0000
 916  2.67399267399267E-0002 -1.39963369963370E+0000
 917  2.19047619047619E-0002 -1.37626373626374E+0000
 918  2.02930402930403E-0002 -1.38673992673993E+0000
 919  1.14285714285714E-0002 -1.39963369963370E+0000
 920  1.06227106227106E-0002 -1.38754578754579E+0000
 921  1.06227106227106E-0002 -1.36901098901099E+0000
 922  8.20512820512821E-0003 -1.35934065934066E+0000
 923 -9.52380952380952E-0003 -1.38432234432234E+0000
 924 -7.10622710622711E-0003 -1.38673992673993E+0000
 925 -1.59706959706960E-0002 -1.36739926739927E+0000
 926 -1.27472527472527E-0002 -1.37545787545788E+0000
 927 -1.19413919413919E-0002 -1.38109890109890E+0000
 928 -3.61172161172161E-0002 -1.40285714285714E+0000
 929 -4.09523809523810E-0002 -1.37948717948718E+0000
 930 -4.65934065934066E-0002 -1.38835164835165E+0000
 931 -4.33699633699634E-0002 -1.40688644688645E+0000
 932 -5.54578754578755E-0002 -1.38029304029304E+0000
 933 -6.02930402930403E-0002 -1.40608058608059E+0000
 934 -6.43223443223443E-0002 -1.38029304029304E+0000
 935 -6.91575091575092E-0002 -1.40446886446886E+0000
 936 -7.47985347985348E-0002 -1.37626373626374E+0000
 937 -8.68864468864469E-0002 -1.40043956043956E+0000
 938 -9.01098901098901E-0002 -1.37787545787546E+0000
 939 -8.44688644688645E-0002 -1.39882783882784E+0000
 940 -1.05421245421245E-0001 -1.37545787545788E+0000
 941 -1.02197802197802E-0001 -1.38835164835165E+0000
 942 -9.33333333333333E-0002 -1.39157509157509E+0000
 943 -1.15091575091575E-0001 -1.37787545787546E+0000
 944 -1.19926739926739E-0001 -1.38351648351648E+0000
 945 -1.14285714285714E-0001 -1.40527472527473E+0000
 946 -1.15897435897435E-0001 -1.37626373626374E+0000
 947 -1.19120879120879E-0001 -1.38915750915751E+0000
 948 -1.31208791208791E-0001 -1.39076923076923E+0000
 949 -1.15091575091575E-0001 -1.40285714285714E+0000
 950 -1.28791208791209E-0001 -1.38593406593407E+0000
 951 -1.29597069597070E-0001 -1.40608058608059E+0000
 952 -1.23150183150183E-0001 -1.37868131868132E+0000
 953 -1.28791208791209E-0001 -1.40608058608059E+0000
 954 -1.28791208791209E-0001 -1.38271062271062E+0000
 955 -1.32820512820513E-0001 -1.39882783882784E+0000
 956 -1.34432234432234E-0001 -1.36981684981685E+0000
 957 -1.27985347985348E-0001 -1.37626373626374E+0000
 958 -1.27985347985348E-0001 -1.38351648351648E+0000
 959 -1.24761904761904E-0001 -1.38996336996337E+0000
 960 -1.25567765567766E-0001 -1.40285714285714E+0000
 961 -1.19926739926739E-0001 -1.38029304029304E+0000
 962 -1.20732600732600E-0001 -1.38996336996337E+0000
 963 -1.23150183150183E-0001 -1.41252747252747E+0000
 964 -1.11868131868131E-0001 -1.38593406593407E+0000
 965 -1.11062271062271E-0001 -1.41172161172161E+0000
 966 -1.09450549450549E-0001 -1.38996336996337E+0000
 967 -1.09450549450549E-0001 -1.40930402930403E+0000
 968 -9.57509157509158E-0002 -1.37868131868132E+0000
 969 -1.03809523809523E-0001 -1.39721611721612E+0000
 970 -9.81684981684982E-0002 -1.36336996336996E+0000
 971 -8.44688644688645E-0002 -1.37384615384615E+0000
 972 -8.36630036630037E-0002 -1.38512820512821E+0000
 973 -7.39926739926740E-0002 -1.39802197802198E+0000
 974 -7.23809523809524E-0002 -1.36981684981685E+0000
 975 -7.31868131868132E-0002 -1.37626373626374E+0000
 976 -6.51282051282051E-0002 -1.38593406593407E+0000
 977 -5.46520146520147E-0002 -1.40688644688645E+0000
 978 -7.56043956043956E-0002 -1.38673992673993E+0000
 979 -5.30402930402930E-0002 -1.37465201465201E+0000
 980 -3.77289377289377E-0002 -1.41091575091575E+0000
 981 -4.73992673992674E-0002 -1.39802197802198E+0000
 982 -4.49816849816850E-0002 -1.37142857142857E+0000
 983 -3.53113553113553E-0002 -1.38271062271062E+0000
 984 -2.40293040293040E-0002 -1.37787545787546E+0000
 985 -2.80586080586081E-0002 -1.40124542124542E+0000
 986 -2.48351648351648E-0002 -1.41172161172161E+0000
 987 -1.59706959706960E-0002 -1.39721611721612E+0000
 988 -8.71794871794872E-0003 -1.36336996336996E+0000
 989 -3.88278388278388E-0003 -1.38109890109890E+0000
 990 -4.68864468864469E-0003 -1.40124542124542E+0000
 991 -2.27106227106227E-0003 -1.36659340659341E+0000
 992  8.20512820512821E-0003 -1.37545787545788E+0000
 993  1.22344322344322E-0002 -1.38351648351648E+0000
 994  1.70695970695971E-0002 -1.39076923076923E+0000
 995  2.02930402930403E-0002 -1.36256410256410E+0000
 996  2.75457875457875E-0002 -1.36256410256410E+0000
 997  2.99633699633700E-0002 -1.37062271062271E+0000
 998  2.91575091575092E-0002 -1.37304029304029E+0000
 999  3.23809523809524E-0002 -1.39641025641026E+0000
 1000  2.99633699633700E-0002 -1.36175824175824E+0000
 1001  2.27106227106227E-0002 -1.39882783882784E+0000
 1002  3.80219780219780E-0002 -1.37142857142857E+0000
 1003  4.28571428571429E-0002 -1.39479853479853E+0000
 1004  3.96336996336996E-0002 -1.39721611721612E+0000
 1005  4.44688644688645E-0002 -1.38190476190476E+0000
 1006  5.25274725274725E-0002 -1.38512820512821E+0000
 1007  4.60805860805861E-0002 -1.40930402930403E+0000
 1008  4.60805860805861E-0002 -1.38593406593407E+0000
 1009  5.09157509157509E-0002 -1.39479853479853E+0000
 1010  4.68864468864469E-0002 -1.39802197802198E+0000
 1011  4.84981684981685E-0002 -1.37465201465201E+0000
 1012  3.96336996336996E-0002 -1.38593406593407E+0000
 1013  3.72161172161172E-0002 -1.40124542124542E+0000
 1014  4.04395604395604E-0002 -1.35934065934066E+0000
 1015  3.72161172161172E-0002 -1.37545787545788E+0000
 1016  2.99633699633700E-0002 -1.38593406593407E+0000
 1017  2.75457875457875E-0002 -1.40366300366300E+0000
 1018  2.51282051282051E-0002 -1.37787545787546E+0000
 1019  2.75457875457875E-0002 -1.40608058608059E+0000
 1020  2.51282051282051E-0002 -1.37626373626374E+0000
 1021  2.99633699633700E-0002 -1.38996336996337E+0000
 1022  8.20512820512821E-0003 -1.40608058608059E+0000
 1023  1.06227106227106E-0002 -1.39157509157509E+0000
 1024 -9.52380952380952E-0003 -1.40446886446886E+0000
 1025 -5.49450549450549E-0003 -1.38996336996337E+0000
 1026 -8.71794871794872E-0003 -1.40769230769231E+0000
 1027 -3.04761904761905E-0002 -1.39076923076923E+0000
 1028 -3.88278388278388E-0003 -1.37384615384615E+0000
 1029 -1.59706959706960E-0002 -1.39560439560440E+0000
 1030 -2.08058608058608E-0002 -1.41010989010989E+0000
 1031 -3.45054945054945E-0002 -1.38835164835165E+0000
 1032 -3.12820512820513E-0002 -1.39802197802198E+0000
 1033 -3.69230769230769E-0002 -1.37948717948718E+0000
 1034 -4.57875457875458E-0002 -1.39802197802198E+0000
 1035 -5.38461538461538E-0002 -1.37223443223443E+0000
 1036 -5.38461538461538E-0002 -1.38512820512821E+0000
 1037 -5.70695970695971E-0002 -1.38351648351648E+0000
 1038 -7.07692307692308E-0002 -1.39882783882784E+0000
 1039 -6.67399267399267E-0002 -1.37384615384615E+0000
 1040 -8.28571428571429E-0002 -1.39802197802198E+0000
 1041 -8.20512820512821E-0002 -1.36820512820513E+0000
 1042 -9.33333333333333E-0002 -1.38754578754579E+0000
 1043 -9.17216117216117E-0002 -1.35772893772894E+0000
 1044 -9.33333333333333E-0002 -1.41413919413919E+0000
 1045 -9.73626373626374E-0002 -1.37706959706960E+0000
 1046 -9.97802197802198E-0002 -1.39318681318681E+0000
 1047 -1.10256410256410E-0001 -1.36659340659341E+0000
 1048 -1.15091575091575E-0001 -1.37948717948718E+0000
 1049 -1.19120879120879E-0001 -1.39802197802198E+0000
 1050 -1.15091575091575E-0001 -1.37948717948718E+0000
 1051 -1.17509157509157E-0001 -1.39560439560440E+0000
 1052 -1.15897435897435E-0001 -1.40285714285714E+0000
 1053 -1.27985347985348E-0001 -1.37384615384615E+0000
 1054 -1.31208791208791E-0001 -1.39882783882784E+0000
 1055 -1.27179487179487E-0001 -1.37304029304029E+0000
 1056 -1.27179487179487E-0001 -1.39318681318681E+0000
 1057 -1.33626373626374E-0001 -1.36256410256410E+0000
 1058 -1.27179487179487E-0001 -1.36578754578755E+0000
 1059 -1.31208791208791E-0001 -1.38754578754579E+0000
 1060 -1.36043956043956E-0001 -1.41333333333333E+0000
 1061 -1.26373626373626E-0001 -1.38754578754579E+0000
 1062 -1.32820512820513E-0001 -1.37626373626374E+0000
 1063 -1.31208791208791E-0001 -1.37545787545788E+0000
 1064 -1.31208791208791E-0001 -1.38754578754579E+0000
 1065 -1.27179487179487E-0001 -1.35853479853480E+0000
 1066 -1.24761904761904E-0001 -1.37304029304029E+0000
 1067 -1.20732600732600E-0001 -1.39399267399267E+0000
 1068 -1.15091575091575E-0001 -1.37545787545788E+0000
 1069 -1.19120879120879E-0001 -1.37706959706960E+0000
 1070 -1.12673992673992E-0001 -1.38754578754579E+0000
 1071 -1.06227106227106E-0001 -1.35853479853480E+0000
 1072 -1.01391941391941E-0001 -1.38432234432234E+0000
 1073 -9.33333333333333E-0002 -1.40849816849817E+0000
 1074 -8.60805860805861E-0002 -1.40688644688645E+0000
 1075 -9.25274725274725E-0002 -1.39641025641026E+0000
 1076 -8.12454212454212E-0002 -1.40769230769231E+0000
 1077 -7.72161172161172E-0002 -1.38593406593407E+0000
 1078 -7.15750915750916E-0002 -1.40124542124542E+0000
 1079 -8.20512820512821E-0002 -1.37948717948718E+0000
 1080 -5.06227106227106E-0002 -1.38190476190476E+0000
 1081 -5.62637362637363E-0002 -1.39479853479853E+0000
 1082 -5.86813186813187E-0002 -1.40205128205128E+0000
 1083 -4.90109890109890E-0002 -1.37868131868132E+0000
 1084 -4.09523809523810E-0002 -1.39318681318681E+0000
 1085 -2.64468864468864E-0002 -1.41575091575092E+0000
