 0  2.04688644688645E+0000  2.36923076923077E-0001
 1  2.04285714285714E+0000  4.26300366300366E-0001
 2  2.04688644688645E+0000  9.37216117216117E-0001
 3  2.04769230769231E+0000  7.41391941391941E-0001
 4  2.05575091575092E+0000  2.06300366300366E-0001
 5  2.05575091575092E+0000  3.94065934065934E-0001
 6  2.06219780219780E+0000  9.45274725274725E-0001
 7  2.06139194139194E+0000  7.46227106227106E-0001
 8  2.06219780219780E+0000  2.22417582417582E-0001
 9  2.07025641025641E+0000  4.19047619047619E-0001
 10  2.06864468864469E+0000  9.26739926739927E-0001
 11  2.06219780219780E+0000  7.66373626373626E-0001
 12  2.07267399267399E+0000  2.46593406593407E-0001
 13  2.07347985347985E+0000  4.45641025641026E-0001
 14  2.07106227106227E+0000  9.51721611721612E-0001
 15  2.07186813186813E+0000  7.47032967032967E-0001
 16  2.08637362637363E+0000  2.28058608058608E-0001
 17  2.08234432234432E+0000  4.36776556776557E-0001
 18  2.08315018315018E+0000  9.52527472527473E-0001
 19  2.08637362637363E+0000  7.50256410256410E-0001
 20  2.08637362637363E+0000  2.19194139194139E-0001
 21  2.08959706959707E+0000  4.28717948717949E-0001
 22  2.09040293040293E+0000  9.35604395604396E-0001
 23  2.08879120879121E+0000  7.08351648351648E-0001
 24  2.09362637362637E+0000  2.28058608058608E-0001
 25  2.09282051282051E+0000  4.45641025641026E-0001
 26  2.09120879120879E+0000  9.50109890109890E-0001
 27  2.09362637362637E+0000  7.24468864468864E-0001
 28  2.09604395604396E+0000  1.99047619047619E-0001
 29  2.09523809523810E+0000  4.66593406593407E-0001
 30  2.09684981684982E+0000  9.72673992673993E-0001
 31  2.10087912087912E+0000  7.59926739926740E-0001
 32  2.09120879120879E+0000  2.41758241758242E-0001
 33  2.09765567765568E+0000  4.69010989010989E-0001
 34  2.09604395604396E+0000  9.80732600732601E-0001
 35  2.09523809523810E+0000  7.45421245421245E-0001
 36  2.09846153846154E+0000  2.28864468864469E-0001
 37  2.10007326007326E+0000  4.62564102564103E-0001
 38  2.09926739926740E+0000  9.71868131868132E-0001
 39  2.09201465201465E+0000  7.36556776556777E-0001
 40  2.09765567765568E+0000  2.17582417582418E-0001
 41  2.09362637362637E+0000  4.61758241758242E-0001
 42  2.09765567765568E+0000  9.72673992673993E-0001
 43  2.08637362637363E+0000  7.28498168498168E-0001
 44  2.09604395604396E+0000  2.09523809523810E-0001
 45  2.09040293040293E+0000  4.56117216117216E-0001
 46  2.09201465201465E+0000  9.61391941391941E-0001
 47  2.09040293040293E+0000  7.06739926739927E-0001
 48  2.08959706959707E+0000  2.31282051282051E-0001
 49  2.08315018315018E+0000  4.88351648351648E-0001
 50  2.08879120879121E+0000  9.92014652014652E-0001
 51  2.08315018315018E+0000  7.45421245421245E-0001
 52  2.08234432234432E+0000  2.36117216117216E-0001
 53  2.08073260073260E+0000  4.94798534798535E-0001
 54  2.08395604395604E+0000  1.00007326007326E+0000
 55  2.07347985347985E+0000  7.32527472527473E-0001
 56  2.07912087912088E+0000  2.27252747252747E-0001
 57  2.07025641025641E+0000  4.89157509157509E-0001
 58  2.06945054945055E+0000  9.89597069597070E-0001
 59  2.06703296703297E+0000  7.22857142857143E-0001
 60  2.06622710622711E+0000  2.10329670329670E-0001
 61  2.06058608058608E+0000  4.83516483516484E-0001
 62  2.06219780219780E+0000  9.68644688644689E-0001
 63  2.05816849816850E+0000  6.92234432234432E-0001
 64  2.05575091575092E+0000  2.23223443223443E-0001
 65  2.05333333333333E+0000  5.01245421245421E-0001
 66  2.05010989010989E+0000  9.97655677655678E-0001
 67  2.04608058608059E+0000  7.27692307692308E-0001
 68  2.04769230769231E+0000  2.29670329670330E-0001
 69  2.04285714285714E+0000  5.14945054945055E-0001
 70  2.03721611721612E+0000  1.00974358974359E+0000
 71  2.03318681318681E+0000  7.34139194139194E-0001
 72  2.03318681318681E+0000  2.40146520146520E-0001
 73  2.02835164835165E+0000  5.24615384615385E-0001
 74  2.02996336996337E+0000  9.71868131868132E-0001
 75  2.02351648351648E+0000  6.86593406593407E-0001
 76  2.02190476190476E+0000  2.23223443223443E-0001
 77  2.01706959706960E+0000  5.17362637362637E-0001
 78  2.01062271062271E+0000  9.58168498168498E-0001
 79  2.01062271062271E+0000  6.63223443223443E-0001
 80  2.00820512820513E+0000  2.08717948717949E-0001
 81  2.00659340659341E+0000  5.02051282051282E-0001
 82  2.00095238095238E+0000  9.92014652014652E-0001
 83  1.99611721611722E+0000  7.00293040293040E-0001
 84  1.99289377289377E+0000  2.47399267399267E-0001
 85  1.99369963369963E+0000  5.46373626373626E-0001
 86  1.98725274725275E+0000  9.93626373626374E-0001
 87  1.99047619047619E+0000  6.89816849816850E-0001
 88  1.97919413919414E+0000  2.27252747252747E-0001
 89  1.97597069597070E+0000  5.31868131868132E-0001
 90  1.97355311355311E+0000  9.69450549450549E-0001
 91  1.96791208791209E+0000  6.56776556776557E-0001
 92  1.96952380952381E+0000  2.07912087912088E-0001
 93  1.97032967032967E+0000  5.18168498168498E-0001
 94  1.96388278388278E+0000  9.52527472527473E-0001
 95  1.95340659340659E+0000  6.35018315018315E-0001
 96  1.95824175824176E+0000  1.82124542124542E-0001
 97  1.95340659340659E+0000  5.35091575091575E-0001
 98  1.95340659340659E+0000  9.63003663003663E-0001
 99  1.94615384615385E+0000  6.39853479853480E-0001
 100  1.94615384615385E+0000  1.86153846153846E-0001
 101  1.94615384615385E+0000  5.58461538461538E-0001
 102  1.93970695970696E+0000  9.91208791208791E-0001
 103  1.93809523809524E+0000  6.72087912087912E-0001
 104  1.93003663003663E+0000  2.24029304029304E-0001
 105  1.93164835164835E+0000  5.56043956043956E-0001
 106  1.92761904761905E+0000  9.83956043956044E-0001
 107  1.93326007326007E+0000  6.63223443223443E-0001
 108  1.92439560439560E+0000  2.22417582417582E-0001
 109  1.92681318681319E+0000  5.56849816849817E-0001
 110  1.91875457875458E+0000  9.83956043956044E-0001
 111  1.91794871794872E+0000  6.49523809523810E-0001
 112  1.91714285714286E+0000  2.11135531135531E-0001
 113  1.91230769230769E+0000  5.52820512820513E-0001
 114  1.90263736263736E+0000  9.79926739926740E-0001
 115  1.91150183150183E+0000  6.34212454212454E-0001
 116  1.90827838827839E+0000  1.89377289377289E-0001
 117  1.90586080586081E+0000  5.71355311355311E-0001
 118  1.90747252747253E+0000  9.98461538461538E-0001
 119  1.90102564102564E+0000  6.61611721611722E-0001
 120  1.90424908424908E+0000  2.28058608058608E-0001
 121  1.89457875457875E+0000  5.72967032967033E-0001
 122  1.89699633699634E+0000  1.00168498168498E+0000
 123  1.89860805860806E+0000  6.51135531135531E-0001
 124  1.89538461538462E+0000  2.12747252747253E-0001
 125  1.89457875457875E+0000  5.64102564102564E-0001
 126  1.89538461538462E+0000  9.79120879120879E-0001
 127  1.89296703296703E+0000  6.27765567765568E-0001
 128  1.89377289377289E+0000  1.92600732600733E-0001
 129  1.89457875457875E+0000  6.05201465201465E-0001
 130  1.89054945054945E+0000  1.02344322344322E+0000
 131  1.88893772893773E+0000  6.69670329670330E-0001
 132  1.89377289377289E+0000  2.50622710622711E-0001
 133  1.88974358974359E+0000  6.22930402930403E-0001
 134  1.89054945054945E+0000  9.98461538461538E-0001
 135  1.88652014652015E+0000  6.35018315018315E-0001
 136  1.89296703296703E+0000  2.12747252747253E-0001
 137  1.89054945054945E+0000  5.81831501831502E-0001
 138  1.89377289377289E+0000  9.87179487179487E-0001
 139  1.89377289377289E+0000  6.06007326007326E-0001
 140  1.89377289377289E+0000  2.20805860805861E-0001
 141  1.89377289377289E+0000  5.98754578754579E-0001
 142  1.89457875457875E+0000  1.01054945054945E+0000
 143  1.89457875457875E+0000  6.39047619047619E-0001
 144  1.89538461538462E+0000  2.19194139194139E-0001
 145  1.89457875457875E+0000  5.97948717948718E-0001
 146  1.89135531135531E+0000  1.00329670329670E+0000
 147  1.89860805860806E+0000  6.24542124542125E-0001
 148  1.90424908424908E+0000  2.15970695970696E-0001
 149  1.90263736263736E+0000  6.05201465201465E-0001
 150  1.90021978021978E+0000  1.00813186813187E+0000
 151  1.90586080586081E+0000  6.22124542124542E-0001
 152  1.90827838827839E+0000  2.10329670329670E-0001
 153  1.90747252747253E+0000  6.07619047619048E-0001
 154  1.90747252747253E+0000  1.00087912087912E+0000
 155  1.90989010989011E+0000  6.04395604395604E-0001
 156  1.91714285714286E+0000  2.39340659340659E-0001
 157  1.91875457875458E+0000  6.36630036630037E-0001
 158  1.91875457875458E+0000  9.95238095238095E-0001
 159  1.92358974358974E+0000  5.95531135531136E-0001
 160  1.92358974358974E+0000  2.28864468864469E-0001
 161  1.92036630036630E+0000  6.32600732600733E-0001
 162  1.92923076923077E+0000  9.79120879120879E-0001
 163  1.92036630036630E+0000  5.75384615384615E-0001
 164  1.93245421245421E+0000  2.09523809523810E-0001
 165  1.93648351648352E+0000  6.19706959706960E-0001
 166  1.93648351648352E+0000  9.59780219780220E-0001
 167  1.93970695970696E+0000  5.49597069597070E-0001
 168  1.94615384615385E+0000  1.85347985347985E-0001
 169  1.94615384615385E+0000  6.41465201465201E-0001
 170  1.94373626373626E+0000  9.86373626373626E-0001
 171  1.95260073260073E+0000  5.67326007326007E-0001
 172  1.95582417582418E+0000  2.06300366300366E-0001
 173  1.95985347985348E+0000  6.19706959706960E-0001
 174  1.95904761904762E+0000  9.54139194139194E-0001
 175  1.96710622710623E+0000  5.29450549450549E-0001
 176  1.96871794871795E+0000  1.68424908424908E-0001
 177  1.97194139194139E+0000  6.26153846153846E-0001
 178  1.97597069597070E+0000  9.57362637362637E-0001
 179  1.98000000000000E+0000  5.30256410256410E-0001
 180  1.98322344322344E+0000  1.76483516483516E-0001
 181  1.98080586080586E+0000  6.39853479853480E-0001
 182  1.98725274725275E+0000  9.68644688644689E-0001
 183  1.99450549450549E+0000  5.38315018315018E-0001
 184  1.99531135531136E+0000  1.87765567765568E-0001
 185  1.99611721611722E+0000  6.53553113553114E-0001
 186  1.99611721611722E+0000  9.83956043956044E-0001
 187  2.00417582417582E+0000  5.53626373626374E-0001
 188  2.00578754578755E+0000  2.15164835164835E-0001
 189  2.01304029304029E+0000  6.54358974358974E-0001
 190  2.01545787545788E+0000  9.77509157509158E-0001
 191  2.01706959706960E+0000  5.41538461538462E-0001
 192  2.02029304029304E+0000  1.99047619047619E-0001
 193  2.02029304029304E+0000  6.85787545787546E-0001
 194  2.02593406593407E+0000  1.00893772893773E+0000
 195  2.02835164835165E+0000  5.71355311355311E-0001
 196  2.03076923076923E+0000  2.40146520146520E-0001
 197  2.03318681318681E+0000  6.80146520146520E-0001
 198  2.03721611721612E+0000  9.99267399267399E-0001
 199  2.04285714285714E+0000  5.50402930402930E-0001
 200  2.04688644688645E+0000  2.21611721611722E-0001
 201  2.04285714285714E+0000  6.69670329670330E-0001
 202  2.04608058608059E+0000  9.87179487179487E-0001
 203  2.04769230769231E+0000  5.27032967032967E-0001
 204  2.05333333333333E+0000  2.10329670329670E-0001
 205  2.05575091575092E+0000  6.67252747252747E-0001
 206  2.05333333333333E+0000  9.72673992673993E-0001
 207  2.06219780219780E+0000  5.22197802197802E-0001
 208  2.06622710622711E+0000  1.94212454212454E-0001
 209  2.06219780219780E+0000  6.89010989010989E-0001
 210  2.06542124542125E+0000  9.98461538461538E-0001
 211  2.06864468864469E+0000  5.45567765567766E-0001
 212  2.07750915750916E+0000  2.35311355311355E-0001
 213  2.07509157509158E+0000  6.97875457875458E-0001
 214  2.06864468864469E+0000  9.94432234432234E-0001
 215  2.08153846153846E+0000  5.33479853479853E-0001
 216  2.08153846153846E+0000  2.24835164835165E-0001
 217  2.07992673992674E+0000  6.98681318681319E-0001
 218  2.08153846153846E+0000  9.94432234432234E-0001
 219  2.09040293040293E+0000  5.24615384615385E-0001
 220  2.09120879120879E+0000  2.17582417582418E-0001
 221  2.08153846153846E+0000  6.86593406593407E-0001
 222  2.09040293040293E+0000  9.79120879120879E-0001
 223  2.08959706959707E+0000  5.12527472527473E-0001
 224  2.09201465201465E+0000  2.49010989010989E-0001
 225  2.09201465201465E+0000  7.26886446886447E-0001
 226  2.09443223443223E+0000  9.79120879120879E-0001
 227  2.09846153846154E+0000  5.13333333333333E-0001
 228  2.10732600732601E+0000  2.56263736263736E-0001
 229  2.09282051282051E+0000  7.38168498168498E-0001
 230  2.06703296703297E+0000  9.80732600732601E-0001
 231  2.10087912087912E+0000  5.00439560439560E-0001
 232  2.10007326007326E+0000  2.46593406593407E-0001
 233  2.09443223443223E+0000  7.26886446886447E-0001
 234  2.08717948717949E+0000  9.60586080586081E-0001
 235  2.09846153846154E+0000  4.73846153846154E-0001
 236  2.09604395604396E+0000  2.24029304029304E-0001
 237  2.09443223443223E+0000  7.12380952380952E-0001
 238  2.09523809523810E+0000  9.87179487179487E-0001
 239  2.09846153846154E+0000  4.95604395604396E-0001
 240  2.09765567765568E+0000  2.59487179487179E-0001
 241  2.08959706959707E+0000  7.43003663003663E-0001
 242  2.08959706959707E+0000  9.72673992673993E-0001
 243  2.09362637362637E+0000  4.83516483516484E-0001
 244  2.09523809523810E+0000  2.41758241758242E-0001
 245  2.09362637362637E+0000  7.34139194139194E-0001
 246  2.08798534798535E+0000  9.61391941391941E-0001
 247  2.08637362637363E+0000  4.58534798534799E-0001
 248  2.09120879120879E+0000  2.24029304029304E-0001
 249  2.08556776556777E+0000  7.24468864468864E-0001
 250  2.08637362637363E+0000  9.40439560439560E-0001
 251  2.08153846153846E+0000  4.41611721611722E-0001
 252  2.08395604395604E+0000  2.10329670329670E-0001
 253  2.07509157509158E+0000  7.11575091575092E-0001
 254  2.07428571428571E+0000  9.60586080586081E-0001
 255  2.07831501831502E+0000  4.50476190476190E-0001
 256  2.07509157509158E+0000  2.32087912087912E-0001
 257  2.06864468864469E+0000  7.30915750915751E-0001
 258  2.06622710622711E+0000  9.34798534798535E-0001
 259  2.06622710622711E+0000  4.16630036630037E-0001
 260  2.06783882783883E+0000  1.99853479853480E-0001
 261  2.06139194139194E+0000  7.40586080586081E-0001
 262  2.05736263736264E+0000  9.46080586080586E-0001
 263  2.05816849816850E+0000  2.28058608058608E-0001
 264  2.04930402930403E+0000  7.34139194139194E-0001
 265  2.05091575091575E+0000  9.38021978021978E-0001
 266  2.04608058608059E+0000  4.19853479853480E-0001
 267  2.04608058608059E+0000  2.07106227106227E-0001
 268  2.04043956043956E+0000  7.17216117216117E-0001
 269  2.03641025641026E+0000  4.25494505494505E-0001
 270  2.03479853479853E+0000  2.21611721611722E-0001
 271  2.02351648351648E+0000  7.34139194139194E-0001
 272  2.02673992673993E+0000  4.35970695970696E-0001
 273  2.02190476190476E+0000  7.61538461538462E-0001
 274  2.01062271062271E+0000  9.38827838827839E-0001
 275  2.01062271062271E+0000  2.24029304029304E-0001
 276  2.00095238095238E+0000  7.48644688644689E-0001
 277  2.00095238095238E+0000  9.17875457875458E-0001
 278  1.99772893772894E+0000  4.24688644688645E-0001
 279  1.99772893772894E+0000  2.45787545787546E-0001
 280  1.99128205128205E+0000  7.65567765567766E-0001
 281  1.98000000000000E+0000  9.37216117216117E-0001
 282  1.98725274725275E+0000  4.05347985347985E-0001
 283  1.98564102564103E+0000  2.68351648351648E-0001
 284  1.97758241758242E+0000  7.97802197802198E-0001
 285  1.97435897435897E+0000  4.43223443223443E-0001
 286  1.97435897435897E+0000  2.78021978021978E-0001
 287  1.96791208791209E+0000  8.05860805860806E-0001
 288  1.95904761904762E+0000  9.68644688644689E-0001
 289  1.95904761904762E+0000  4.32747252747253E-0001
 290  1.95904761904762E+0000  7.84102564102564E-0001
 291  1.94695970695971E+0000  9.41245421245421E-0001
 292  1.95340659340659E+0000  3.98095238095238E-0001
 293  1.94857142857143E+0000  2.78021978021978E-0001
 294  1.93970695970696E+0000  8.07472527472527E-0001
 295  1.93728937728938E+0000  9.59780219780220E-0001
 296  1.93648351648352E+0000  4.26300366300366E-0001
 297  1.91472527472527E+0000  2.60293040293040E-0001
 298  1.92681318681319E+0000  7.92967032967033E-0001
 299  1.92681318681319E+0000  3.90842490842491E-0001
 300  1.92358974358974E+0000  2.78021978021978E-0001
 301  1.91956043956044E+0000  8.14725274725275E-0001
 302  1.91794871794872E+0000  9.56556776556777E-0001
 303  1.91633699633700E+0000  3.03003663003663E-0001
 304  1.91069597069597E+0000  8.42930402930403E-0001
 305  1.91311355311355E+0000  9.47692307692308E-0001
 306  1.90505494505495E+0000  2.84468864468864E-0001
 307  1.90505494505495E+0000  8.26813186813187E-0001
 308  1.89941391941392E+0000  4.04542124542125E-0001
 309  1.91069597069597E+0000  3.18315018315018E-0001
 310  1.89457875457875E+0000  8.24395604395604E-0001
 311  1.89457875457875E+0000  4.03736263736264E-0001
 312  1.89699633699634E+0000  3.15091575091575E-0001
 313  1.89457875457875E+0000  8.32454212454212E-0001
 314  1.89457875457875E+0000  3.97289377289377E-0001
 315  1.89780219780220E+0000  3.11868131868132E-0001
 316  1.88652014652015E+0000  8.26007326007326E-0001
 317  1.88893772893773E+0000  8.94505494505495E-0001
 318  1.89296703296703E+0000  3.77142857142857E-0001
 319  1.89296703296703E+0000  2.95750915750916E-0001
 320  1.88813186813187E+0000  8.57435897435897E-0001
 321  1.88813186813187E+0000  9.23516483516484E-0001
 322  1.88813186813187E+0000  3.98095238095238E-0001
 323  1.89216117216117E+0000  8.43736263736264E-0001
 324  1.89054945054945E+0000  9.13040293040293E-0001
 325  1.89457875457875E+0000  3.23150183150183E-0001
 326  1.88732600732601E+0000  8.36483516483516E-0001
 327  1.89296703296703E+0000  9.00952380952381E-0001
 328  1.89377289377289E+0000  3.11868131868132E-0001
 329  1.89216117216117E+0000  8.30842490842491E-0001
 330  1.89619047619048E+0000  8.88058608058608E-0001
 331  1.89216117216117E+0000  3.03003663003663E-0001
 332  1.90424908424908E+0000  8.63076923076923E-0001
 333  1.90505494505495E+0000  9.16263736263736E-0001
 334  1.90424908424908E+0000  3.26373626373626E-0001
 335  1.90827838827839E+0000  8.55018315018315E-0001
 336  1.91311355311355E+0000  8.96117216117216E-0001
 337  1.91230769230769E+0000  3.16703296703297E-0001
 338  1.92036630036630E+0000  8.43736263736264E-0001
 339  1.91794871794872E+0000  8.78388278388278E-0001
 340  1.92036630036630E+0000  3.35238095238095E-0001
 341  1.92439560439560E+0000  2.95750915750916E-0001
 342  1.92600732600733E+0000  8.92087912087912E-0001
 343  1.93164835164835E+0000  3.52967032967033E-0001
 344  1.93487179487179E+0000  3.28791208791209E-0001
 345  1.93406593406593E+0000  8.59047619047619E-0001
 346  1.93648351648352E+0000  3.30402930402930E-0001
 347  1.95179487179487E+0000  8.88058608058608E-0001
 348  1.94937728937729E+0000  3.65860805860806E-0001
 349  1.95582417582418E+0000  8.99340659340659E-0001
 350  1.95904761904762E+0000  9.12234432234432E-0001
 351  1.97113553113553E+0000  3.77142857142857E-0001
 352  1.96952380952381E+0000  9.14652014652015E-0001
 353  1.97516483516484E+0000  9.25934065934066E-0001
 354  1.98080586080586E+0000  3.86007326007326E-0001
 355  1.98161172161172E+0000  9.37216117216117E-0001
 356  1.98886446886447E+0000  8.97728937728938E-0001
 357  1.99611721611722E+0000  3.53772893772894E-0001
 358  1.99450549450549E+0000  9.03369963369963E-0001
 359  1.99853479853480E+0000  8.91282051282051E-0001
 360  2.00256410256410E+0000  3.45714285714286E-0001
 361  2.00739926739927E+0000  8.94505494505495E-0001
 362  2.01384615384615E+0000  8.82417582417582E-0001
 363  2.01787545787546E+0000  3.48937728937729E-0001
 364  2.01545787545788E+0000  8.92893772893773E-0001
 365  2.02673992673993E+0000  8.71135531135531E-0001
 366  2.02915750915751E+0000  3.11868131868132E-0001
 367  2.03238095238095E+0000  3.33626373626374E-0001
 368  2.03479853479853E+0000  8.84835164835165E-0001
 369  2.03963369963370E+0000  2.87692307692308E-0001
 370  2.04527472527473E+0000  3.57802197802198E-0001
 371  2.04930402930403E+0000  9.11428571428571E-0001
 372  2.04608058608059E+0000  8.75164835164835E-0001
 373  2.05333333333333E+0000  3.22344322344322E-0001
 374  2.05816849816850E+0000  3.52161172161172E-0001
 375  2.05333333333333E+0000  9.03369963369963E-0001
 376  2.05897435897436E+0000  8.61465201465201E-0001
 377  2.06219780219780E+0000  3.79560439560440E-0001
 378  2.06783882783883E+0000  9.36410256410256E-0001
 379  2.06703296703297E+0000  8.53406593406593E-0001
 380  2.07025641025641E+0000  2.90109890109890E-0001
 381  2.07428571428571E+0000  9.17875457875458E-0001
 382  2.07509157509158E+0000  3.11062271062271E-0001
 383  2.08153846153846E+0000  3.61025641025641E-0001
 384  2.07992673992674E+0000  8.51794871794872E-0001
 385  2.08879120879121E+0000  2.86080586080586E-0001
 386  2.08717948717949E+0000  3.79560439560440E-0001
 387  2.09201465201465E+0000  9.38021978021978E-0001
 388  2.09040293040293E+0000  8.38095238095238E-0001
 389  2.08879120879121E+0000  2.67545787545788E-0001
 390  2.09523809523810E+0000  3.69890109890110E-0001
 391  2.08959706959707E+0000  9.20293040293040E-0001
 392  2.09443223443223E+0000  8.60659340659341E-0001
 393  2.09362637362637E+0000  2.97362637362637E-0001
 394  2.09443223443223E+0000  3.99706959706960E-0001
 395  2.09684981684982E+0000  9.50915750915751E-0001
 396  2.09443223443223E+0000  8.43736263736264E-0001
 397  2.09684981684982E+0000  2.82857142857143E-0001
 398  2.09684981684982E+0000  3.98901098901099E-0001
 399  2.08798534798535E+0000  8.40512820512821E-0001
 400  2.09523809523810E+0000  2.73992673992674E-0001
 401  2.09846153846154E+0000  9.50915750915751E-0001
 402  2.09684981684982E+0000  8.34871794871795E-0001
 403  2.09523809523810E+0000  3.86007326007326E-0001
 404  2.09684981684982E+0000  9.46080586080586E-0001
 405  2.09282051282051E+0000  2.53846153846154E-0001
 406  2.09443223443223E+0000  3.79560439560440E-0001
 407  2.09120879120879E+0000  8.13113553113553E-0001
 408  2.08879120879121E+0000  2.78827838827839E-0001
 409  2.08476190476190E+0000  9.59780219780220E-0001
 410  2.08476190476190E+0000  8.34065934065934E-0001
 411  2.08395604395604E+0000  4.03736263736264E-0001
 412  2.07509157509158E+0000  8.26813186813187E-0001
 413  2.07509157509158E+0000  2.52234432234432E-0001
 414  2.07912087912088E+0000  9.46080586080586E-0001
 415  2.06864468864469E+0000  8.03443223443223E-0001
 416  2.06219780219780E+0000  4.32747252747253E-0001
 417  2.05333333333333E+0000  7.92161172161172E-0001
 418  2.05736263736264E+0000  2.65934065934066E-0001
 419  2.05494505494505E+0000  9.33992673992674E-0001
 420  2.04769230769231E+0000  7.76849816849817E-0001
 421  2.04849816849817E+0000  2.45787545787546E-0001
 422  2.05333333333333E+0000  4.06959706959707E-0001
 423  2.03641025641026E+0000  7.93772893772894E-0001
 424  2.03882783882784E+0000  2.61098901098901E-0001
 425  2.03318681318681E+0000  9.51721611721612E-0001
 426  2.02512820512821E+0000  7.81684981684982E-0001
 427  2.02109890109890E+0000  2.49010989010989E-0001
 428  2.01948717948718E+0000  4.26300366300366E-0001
 429  2.01626373626374E+0000  7.64761904761905E-0001
 430  2.00659340659341E+0000  2.29670329670330E-0001
 431  2.00820512820513E+0000  9.24322344322344E-0001
 432  1.99692307692308E+0000  7.75238095238095E-0001
 433  1.99611721611722E+0000  2.44981684981685E-0001
 434  1.99047619047619E+0000  4.28717948717949E-0001
 435  1.98725274725275E+0000  7.41391941391941E-0001
 436  1.98080586080586E+0000  2.07106227106227E-0001
 437  1.98241758241758E+0000  9.51721611721612E-0001
 438  1.97838827838828E+0000  7.55897435897436E-0001
 439  1.97113553113553E+0000  4.25494505494505E-0001
 440  1.95904761904762E+0000  9.27545787545788E-0001
 441  1.95904761904762E+0000  7.68791208791209E-0001
 442  1.95824175824176E+0000  4.44835164835165E-0001
 443  1.94615384615385E+0000  9.45274725274725E-0001
 444  1.94776556776557E+0000  7.35750915750916E-0001
 445  1.94373626373626E+0000  2.06300366300366E-0001
 446  1.94776556776557E+0000  4.16630036630037E-0001
 447  1.93809523809524E+0000  9.19487179487179E-0001
 448  1.93890109890110E+0000  2.17582417582418E-0001
 449  1.93164835164835E+0000  9.48498168498168E-0001
 450  1.93406593406593E+0000  1.99047619047619E-0001
 451  1.93003663003663E+0000  4.80293040293040E-0001
 452  1.91875457875458E+0000  9.78315018315018E-0001
 453  1.91714285714286E+0000  7.56703296703297E-0001
 454  1.92036630036630E+0000  2.35311355311355E-0001
 455  1.91472527472527E+0000  9.66227106227106E-0001
 456  1.90989010989011E+0000  2.26446886446886E-0001
 457  1.90747252747253E+0000  4.60952380952381E-0001
 458  1.91875457875458E+0000  7.14798534798535E-0001
 459  1.90989010989011E+0000  4.96410256410256E-0001
 460  1.89457875457875E+0000  9.87985347985348E-0001
 461  1.89780219780220E+0000  2.30476190476190E-0001
 462  1.89216117216117E+0000  4.81098901098901E-0001
 463  1.89216117216117E+0000  9.78315018315018E-0001
 464  1.88974358974359E+0000  7.33333333333333E-0001
 465  1.89457875457875E+0000  4.76263736263736E-0001
 466  1.89135531135531E+0000  9.77509157509158E-0001
 467  1.88813186813187E+0000  2.56263736263736E-0001
 468  1.88974358974359E+0000  9.77509157509158E-0001
 469  1.89538461538462E+0000  7.18827838827839E-0001
 470  1.89054945054945E+0000  5.16556776556777E-0001
 471  1.89054945054945E+0000  6.94652014652015E-0001
 472  1.89216117216117E+0000  5.02857142857143E-0001
 473  1.89457875457875E+0000  9.85567765567766E-0001
 474  1.89860805860806E+0000  5.30256410256410E-0001
 475  1.89860805860806E+0000  2.32893772893773E-0001
 476  1.89941391941392E+0000  5.16556776556777E-0001
 477  1.90102564102564E+0000  6.61611721611722E-0001
 478  1.90424908424908E+0000  5.37509157509158E-0001
 479  1.90586080586081E+0000  9.73479853479853E-0001
 480  1.90989010989011E+0000  6.76117216117216E-0001
 481  1.91553113553114E+0000  5.24615384615385E-0001
 482  1.92358974358974E+0000  6.51941391941392E-0001
 483  1.92358974358974E+0000  1.90989010989011E-0001
 484  1.92520146520147E+0000  9.71868131868132E-0001
 485  1.93164835164835E+0000  2.14358974358974E-0001
 486  1.93809523809524E+0000  5.27838827838828E-0001
 487  1.92842490842491E+0000  6.37435897435897E-0001
 488  1.94534798534799E+0000  5.47179487179487E-0001
 489  1.95098901098901E+0000  9.80732600732601E-0001
 490  1.95018315018315E+0000  6.56776556776557E-0001
 491  1.95340659340659E+0000  2.15970695970696E-0001
 492  1.95904761904762E+0000  9.68644688644689E-0001
 493  1.95904761904762E+0000  1.92600732600733E-0001
 494  1.97113553113553E+0000  5.71355311355311E-0001
 495  1.97032967032967E+0000  6.72893772893773E-0001
 496  1.97838827838828E+0000  5.68937728937729E-0001
 497  1.98564102564103E+0000  9.87985347985348E-0001
 498  1.98725274725275E+0000  2.17582417582418E-0001
 499  1.99611721611722E+0000  9.92014652014652E-0001
 500  2.00095238095238E+0000  2.11135531135531E-0001
 501  2.00901098901099E+0000  5.68131868131868E-0001
 502  2.00498168498168E+0000  9.79120879120879E-0001
 503  2.01062271062271E+0000  6.35824175824176E-0001
 504  2.01545787545788E+0000  2.02271062271062E-0001
 505  2.02190476190476E+0000  5.97142857142857E-0001
 506  2.01706959706960E+0000  2.37728937728938E-0001
 507  2.03238095238095E+0000  6.06813186813187E-0001
 508  2.03882783882784E+0000  1.01699633699634E+0000
 509  2.04285714285714E+0000  6.68058608058608E-0001
 510  2.04527472527473E+0000  6.08424908424908E-0001
 511  2.04527472527473E+0000  6.61611721611722E-0001
 512  2.04930402930403E+0000  6.19706959706960E-0001
 513  2.04930402930403E+0000  9.81538461538462E-0001
 514  2.05575091575092E+0000  2.20000000000000E-0001
 515  2.06219780219780E+0000  1.00652014652015E+0000
 516  2.06783882783883E+0000  2.11135531135531E-0001
 517  2.07509157509158E+0000  6.01172161172161E-0001
 518  2.07428571428571E+0000  6.13260073260073E-0001
 519  2.08234432234432E+0000  6.26959706959707E-0001
 520  2.08717948717949E+0000  9.83150183150183E-0001
 521  2.08476190476190E+0000  5.92307692307692E-0001
 522  2.07267399267399E+0000  2.23223443223443E-0001
 523  2.09120879120879E+0000  9.71062271062271E-0001
 524  2.08315018315018E+0000  1.95018315018315E-0001
 525  2.09120879120879E+0000  9.79926739926740E-0001
 526  2.09443223443223E+0000  5.75384615384615E-0001
 527  2.09604395604396E+0000  2.06300366300366E-0001
 528  2.09443223443223E+0000  6.10036630036630E-0001
 529  2.10087912087912E+0000  5.99560439560440E-0001
 530  2.09926739926740E+0000  6.53553113553114E-0001
 531  2.09201465201465E+0000  5.87472527472527E-0001
 532  2.09765567765568E+0000  9.84761904761905E-0001
 533  2.09765567765568E+0000  2.15164835164835E-0001
 534  2.09684981684982E+0000  6.39853479853480E-0001
 535  2.09523809523810E+0000  5.41538461538462E-0001
 536  2.09201465201465E+0000  6.53553113553114E-0001
 537  2.09201465201465E+0000  5.39926739926740E-0001
 538  2.09040293040293E+0000  6.75311355311355E-0001
 539  2.08153846153846E+0000  5.71355311355311E-0001
 540  2.08556776556777E+0000  6.76117216117216E-0001
 541  2.07509157509158E+0000  5.64102564102564E-0001
 542  2.07509157509158E+0000  2.32087912087912E-0001
 543  2.07347985347985E+0000  9.91208791208791E-0001
 544  2.06864468864469E+0000  2.21611721611722E-0001
 545  2.06542124542125E+0000  9.83150183150183E-0001
 546  2.05736263736264E+0000  2.11135531135531E-0001
 547  2.05575091575092E+0000  6.72893772893773E-0001
 548  2.04930402930403E+0000  9.73479853479853E-0001
 549  2.04688644688645E+0000  5.10109890109890E-0001
 550  2.04527472527473E+0000  2.26446886446886E-0001
 551  2.03802197802198E+0000  6.85787545787546E-0001
 552  2.03882783882784E+0000  5.27838827838828E-0001
 553  2.03318681318681E+0000  6.79340659340659E-0001
 554  2.02190476190476E+0000  4.93186813186813E-0001
 555  2.02109890109890E+0000  9.81538461538462E-0001
 556  2.01062271062271E+0000  2.44175824175824E-0001
 557  2.00417582417582E+0000  9.70256410256410E-0001
 558  2.00095238095238E+0000  2.40146520146520E-0001
 559  1.99289377289377E+0000  1.00007326007326E+0000
 560  1.98967032967033E+0000  2.26446886446886E-0001
 561  1.98080586080586E+0000  9.83956043956044E-0001
 562  1.97516483516484E+0000  5.04468864468864E-0001
 563  1.97113553113553E+0000  2.54652014652015E-0001
 564  1.95904761904762E+0000  7.43003663003663E-0001
 565  1.95904761904762E+0000  9.70256410256410E-0001
 566  1.95904761904762E+0000  4.83516483516484E-0001
 567  1.95582417582418E+0000  2.34505494505495E-0001
 568  1.95663003663004E+0000  7.22857142857143E-0001
 569  1.94615384615385E+0000  9.43663003663004E-0001
 570  1.94534798534799E+0000  2.06300366300366E-0001
 571  1.94212454212454E+0000  6.97069597069597E-0001
 572  1.93487179487179E+0000  4.54505494505495E-0001
 573  1.93487179487179E+0000  7.16410256410256E-0001
 574  1.92439560439560E+0000  4.65787545787546E-0001
 575  1.92520146520147E+0000  7.32527472527473E-0001
 576  1.92036630036630E+0000  4.33553113553114E-0001
 577  1.91794871794872E+0000  7.06739926739927E-0001
 578  1.91311355311355E+0000  4.37582417582418E-0001
 579  1.90586080586081E+0000  7.36556776556777E-0001
 580  1.90344322344322E+0000  4.10183150183150E-0001
 581  1.90344322344322E+0000  7.61538461538462E-0001
 582  1.89457875457875E+0000  4.34358974358974E-0001
 583  1.89457875457875E+0000  7.43809523809524E-0001
 584  1.89216117216117E+0000  4.06153846153846E-0001
 585  1.89377289377289E+0000  2.35311355311355E-0001
 586  1.89619047619048E+0000  9.40439560439560E-0001
 587  1.89377289377289E+0000  2.24029304029304E-0001
 588  1.89135531135531E+0000  9.18681318681319E-0001
 589  1.89296703296703E+0000  2.44175824175824E-0001
 590  1.88813186813187E+0000  9.40439560439560E-0001
 591  1.89699633699634E+0000  2.32893772893773E-0001
 592  1.89054945054945E+0000  7.55897435897436E-0001
 593  1.89054945054945E+0000  9.19487179487179E-0001
 594  1.89699633699634E+0000  4.31135531135531E-0001
 595  1.89457875457875E+0000  2.51428571428571E-0001
 596  1.86959706959707E+0000  7.76043956043956E-0001
 597  1.89457875457875E+0000  9.38827838827839E-0001
 598  1.90263736263736E+0000  2.73992673992674E-0001
 599  1.90021978021978E+0000  9.66227106227106E-0001
 600  1.90424908424908E+0000  2.65934065934066E-0001
 601  1.90747252747253E+0000  8.00219780219780E-0001
 602  1.90747252747253E+0000  9.57362637362637E-0001
 603  1.91553113553114E+0000  2.53040293040293E-0001
 604  1.91714285714286E+0000  9.36410256410256E-0001
 605  1.92117216117216E+0000  2.78021978021978E-0001
 606  1.93084249084249E+0000  8.21978021978022E-0001
 607  1.92036630036630E+0000  9.66227106227106E-0001
 608  1.93003663003663E+0000  2.77216117216117E-0001
 609  1.93648351648352E+0000  8.14725274725275E-0001
 610  1.93567765567766E+0000  9.57362637362637E-0001
 611  1.94373626373626E+0000  2.67545787545788E-0001
 612  1.94293040293040E+0000  9.53333333333333E-0001
 613  1.95098901098901E+0000  4.14212454212454E-0001
 614  1.98564102564103E+0000  2.69963369963370E-0001
 615  1.96388278388278E+0000  9.50109890109890E-0001
 616  1.96871794871795E+0000  2.97362637362637E-0001
 617  1.96871794871795E+0000  9.24322344322344E-0001
 618  1.97838827838828E+0000  2.73992673992674E-0001
 619  1.98402930402930E+0000  8.27619047619048E-0001
 620  1.98402930402930E+0000  3.85201465201465E-0001
 621  1.99289377289377E+0000  8.49377289377289E-0001
 622  1.99531135531136E+0000  2.80439560439560E-0001
 623  2.00739926739927E+0000  9.13040293040293E-0001
 624  2.01868131868132E+0000  3.96483516483516E-0001
 625  2.01868131868132E+0000  8.41318681318681E-0001
 626  2.02271062271062E+0000  3.89230769230769E-0001
 627  2.03238095238095E+0000  8.34065934065934E-0001
 628  2.03641025641026E+0000  3.67472527472527E-0001
 629  2.04285714285714E+0000  2.89304029304029E-0001
 630  2.04285714285714E+0000  8.58241758241758E-0001
 631  2.04930402930403E+0000  9.13846153846154E-0001
 632  2.05010989010989E+0000  3.22344322344322E-0001
 633  2.05897435897436E+0000  8.88864468864469E-0001
 634  2.06622710622711E+0000  3.01391941391941E-0001
 635  2.06703296703297E+0000  9.19487179487179E-0001
 636  2.07347985347985E+0000  3.43296703296703E-0001
 637  2.07267399267399E+0000  9.11428571428571E-0001
 638  2.08153846153846E+0000  3.30402930402930E-0001
 639  2.08315018315018E+0000  8.95311355311355E-0001
 640  2.08476190476190E+0000  3.17509157509158E-0001
 641  2.09040293040293E+0000  8.74358974358974E-0001
 642  2.09201465201465E+0000  3.03003663003663E-0001
 643  2.09282051282051E+0000  8.84835164835165E-0001
 644  2.09926739926740E+0000  3.39267399267399E-0001
 645  2.08556776556777E+0000  8.50989010989011E-0001
 646  2.09443223443223E+0000  8.47765567765568E-0001
 647  2.09523809523810E+0000  3.30402930402930E-0001
 648  2.09846153846154E+0000  8.17142857142857E-0001
 649  2.09443223443223E+0000  3.44908424908425E-0001
 650  2.09765567765568E+0000  3.36043956043956E-0001
 651  2.09846153846154E+0000  8.30842490842491E-0001
 652  2.09765567765568E+0000  8.28424908424908E-0001
 653  2.08637362637363E+0000  3.32820512820513E-0001
 654  2.08798534798535E+0000  8.45347985347985E-0001
 655  2.08234432234432E+0000  3.36043956043956E-0001
 656  2.08476190476190E+0000  8.49377289377289E-0001
 657  2.07509157509158E+0000  3.11062271062271E-0001
 658  2.07267399267399E+0000  3.19120879120879E-0001
 659  2.07106227106227E+0000  7.98608058608059E-0001
 660  2.07025641025641E+0000  3.35238095238095E-0001
 661  2.05897435897436E+0000  8.05054945054945E-0001
 662  2.05897435897436E+0000  3.20732600732601E-0001
 663  2.05494505494505E+0000  8.67912087912088E-0001
 664  2.04769230769231E+0000  3.07032967032967E-0001
 665  2.04527472527473E+0000  8.92087912087912E-0001
 666  2.03721611721612E+0000  3.21538461538462E-0001
 667  2.03318681318681E+0000  8.80805860805861E-0001
 668  2.02190476190476E+0000  3.05421245421245E-0001
 669  2.01706959706960E+0000  9.04175824175824E-0001
 670  2.00981684981685E+0000  3.61831501831502E-0001
 671  2.00256410256410E+0000  8.21172161172161E-0001
 672  1.99772893772894E+0000  3.76336996336996E-0001
 673  1.98886446886447E+0000  3.19120879120879E-0001
 674  1.98000000000000E+0000  8.87252747252747E-0001
 675  1.97194139194139E+0000  2.90109890109890E-0001
 676  1.96549450549451E+0000  9.02564102564103E-0001
 677  1.96549450549451E+0000  3.00586080586081E-0001
 678  1.95421245421245E+0000  9.34798534798535E-0001
 679  1.94615384615385E+0000  8.17948717948718E-0001
 680  1.94776556776557E+0000  3.98095238095238E-0001
 681  1.94373626373626E+0000  8.63076923076923E-0001
 682  1.93648351648352E+0000  4.09377289377289E-0001
 683  1.93164835164835E+0000  8.23589743589744E-0001
 684  1.92358974358974E+0000  4.15824175824176E-0001
 685  1.91714285714286E+0000  8.89670329670330E-0001
 686  1.91794871794872E+0000  3.14285714285714E-0001
 687  1.91230769230769E+0000  9.20293040293040E-0001
 688  1.87926739926740E+0000  3.07032967032967E-0001
 689  1.90827838827839E+0000  9.12234432234432E-0001
 690  1.90183150183150E+0000  4.03736263736264E-0001
 691  1.89780219780220E+0000  7.91355311355311E-0001
 692  1.89941391941392E+0000  2.98168498168498E-0001
 693  1.89457875457875E+0000  9.03369963369963E-0001
 694  1.89296703296703E+0000  7.97802197802198E-0001
 695  1.89296703296703E+0000  4.42417582417582E-0001
 696  1.89135531135531E+0000  3.01391941391941E-0001
 697  1.89054945054945E+0000  9.32380952380952E-0001
 698  1.88813186813187E+0000  7.84908424908425E-0001
 699  1.89538461538462E+0000  4.36776556776557E-0001
 700  1.88813186813187E+0000  3.27179487179487E-0001
 701  1.89296703296703E+0000  9.24322344322344E-0001
 702  1.89216117216117E+0000  3.11868131868132E-0001
 703  1.89780219780220E+0000  7.80879120879121E-0001
 704  1.90263736263736E+0000  4.43223443223443E-0001
 705  1.90102564102564E+0000  7.59926739926740E-0001
 706  1.90747252747253E+0000  4.39194139194139E-0001
 707  1.90344322344322E+0000  7.81684981684982E-0001
 708  1.91391941391941E+0000  2.86080586080586E-0001
 709  1.91150183150183E+0000  9.33992673992674E-0001
 710  1.92036630036630E+0000  2.65934065934066E-0001
 711  1.91794871794872E+0000  9.25934065934066E-0001
 712  1.92842490842491E+0000  4.66593406593407E-0001
 713  1.93487179487179E+0000  2.78021978021978E-0001
 714  1.94615384615385E+0000  4.55311355311355E-0001
 715  1.94776556776557E+0000  7.55091575091575E-0001
 716  1.95663003663004E+0000  4.41611721611722E-0001
 717  1.95904761904762E+0000  9.21098901098901E-0001
 718  1.96065934065934E+0000  2.79633699633700E-0001
 719  1.96388278388278E+0000  9.43663003663004E-0001
 720  1.97194139194139E+0000  4.52087912087912E-0001
 721  1.98644688644689E+0000  7.64761904761905E-0001
 722  1.98967032967033E+0000  4.73040293040293E-0001
 723  1.99772893772894E+0000  7.40586080586081E-0001
 724  2.00820512820513E+0000  2.60293040293040E-0001
 725  2.01142857142857E+0000  9.34798534798535E-0001
 726  2.01465201465201E+0000  2.65128205128205E-0001
 727  2.01706959706960E+0000  9.43663003663004E-0001
 728  2.02351648351648E+0000  7.28498168498168E-0001
 729  2.03238095238095E+0000  4.44029304029304E-0001
 730  2.03802197802198E+0000  7.55897435897436E-0001
 731  2.04205128205128E+0000  4.76263736263736E-0001
 732  2.04769230769231E+0000  9.55750915750916E-0001
 733  2.04608058608059E+0000  2.41758241758242E-0001
 734  2.05575091575092E+0000  9.30769230769231E-0001
 735  2.05816849816850E+0000  6.98681318681319E-0001
 736  2.06703296703297E+0000  4.78681318681319E-0001
 737  2.06542124542125E+0000  7.14798534798535E-0001
 738  2.07347985347985E+0000  2.77216117216117E-0001
 739  2.07428571428571E+0000  9.71868131868132E-0001
 740  2.07509157509158E+0000  2.61904761904762E-0001
 741  2.08153846153846E+0000  4.97216117216117E-0001
 742  2.08556776556777E+0000  7.29304029304029E-0001
 743  2.08959706959707E+0000  4.82710622710623E-0001
 744  2.09282051282051E+0000  2.69157509157509E-0001
 745  2.09523809523810E+0000  9.38827838827839E-0001
 746  2.09362637362637E+0000  2.57875457875458E-0001
 747  2.09120879120879E+0000  7.02710622710623E-0001
 748  2.09846153846154E+0000  5.23003663003663E-0001
 749  2.10249084249084E+0000  6.81758241758242E-0001
 750  2.10007326007326E+0000  5.10109890109890E-0001
 751  2.09604395604396E+0000  9.67032967032967E-0001
 752  2.09443223443223E+0000  2.65128205128205E-0001
 753  2.09362637362637E+0000  9.42857142857143E-0001
 754  2.09201465201465E+0000  2.38534798534799E-0001
 755  2.09120879120879E+0000  5.03663003663004E-0001
 756  2.09282051282051E+0000  6.76923076923077E-0001
 757  2.08717948717949E+0000  5.10109890109890E-0001
 758  2.08556776556777E+0000  9.59780219780220E-0001
 759  2.08153846153846E+0000  2.54652014652015E-0001
 760  2.07509157509158E+0000  9.48498168498168E-0001
 761  2.07186813186813E+0000  6.56776556776557E-0001
 762  2.07670329670330E+0000  5.15750915750916E-0001
 763  2.06864468864469E+0000  9.19487179487179E-0001
 764  2.06622710622711E+0000  5.31868131868132E-0001
 765  2.05897435897436E+0000  6.30989010989011E-0001
 766  2.04930402930403E+0000  5.45567765567766E-0001
 767  2.05010989010989E+0000  2.28864468864469E-0001
 768  2.04285714285714E+0000  9.24322344322344E-0001
 769  2.03641025641026E+0000  2.30476190476190E-0001
 770  2.02915750915751E+0000  5.39926739926740E-0001
 771  2.02673992673993E+0000  6.19706959706960E-0001
 772  2.02351648351648E+0000  5.52820512820513E-0001
 773  2.01062271062271E+0000  2.26446886446886E-0001
 774  2.01062271062271E+0000  9.21098901098901E-0001
 775  1.99772893772894E+0000  2.30476190476190E-0001
 776  1.99772893772894E+0000  5.53626373626374E-0001
 777  1.98805860805861E+0000  6.20512820512821E-0001
 778  1.98564102564103E+0000  5.29450549450549E-0001
 779  1.97677655677656E+0000  9.13040293040293E-0001
 780  1.97597069597070E+0000  2.62710622710623E-0001
 781  1.96952380952381E+0000  6.49523809523810E-0001
 782  1.95904761904762E+0000  9.72673992673993E-0001
 783  1.95098901098901E+0000  5.88278388278388E-0001
 784  1.93890109890110E+0000  2.20805860805861E-0001
 785  1.93406593406593E+0000  5.82637362637363E-0001
 786  1.92439560439560E+0000  9.47692307692308E-0001
 787  1.91714285714286E+0000  5.85860805860806E-0001
 788  1.91069597069597E+0000  6.14065934065934E-0001
 789  1.91230769230769E+0000  9.98461538461538E-0001
 790  1.90505494505495E+0000  2.53846153846154E-0001
 791  1.90021978021978E+0000  9.89597069597070E-0001
 792  1.89457875457875E+0000  6.25347985347985E-0001
 793  1.89780219780220E+0000  6.01172161172161E-0001
 794  1.89538461538462E+0000  5.99560439560440E-0001
 795  1.89538461538462E+0000  2.49010989010989E-0001
 796  1.88893772893773E+0000  9.46080586080586E-0001
 797  1.89135531135531E+0000  2.32087912087912E-0001
 798  1.89054945054945E+0000  6.03589743589744E-0001
 799  1.88813186813187E+0000  5.88278388278388E-0001
 800  1.89135531135531E+0000  6.23736263736264E-0001
 801  1.89296703296703E+0000  9.44468864468864E-0001
 802  1.89054945054945E+0000  2.16776556776557E-0001
 803  1.89135531135531E+0000  5.73772893772894E-0001
 804  1.89699633699634E+0000  6.19706959706960E-0001
 805  1.89619047619048E+0000  1.97435897435897E-0001
 806  1.89780219780220E+0000  5.41538461538462E-0001
 807  1.91069597069597E+0000  5.98754578754579E-0001
 808  1.90747252747253E+0000  9.50915750915751E-0001
 809  1.90989010989011E+0000  6.12454212454212E-0001
 810  1.92036630036630E+0000  2.21611721611722E-0001
 811  1.92358974358974E+0000  9.25128205128205E-0001
 812  1.93084249084249E+0000  6.43076923076923E-0001
 813  1.93648351648352E+0000  5.39926739926740E-0001
 814  1.94293040293040E+0000  9.35604395604396E-0001
 815  1.95098901098901E+0000  6.58388278388278E-0001
 816  1.96307692307692E+0000  5.25421245421245E-0001
 817  1.96791208791209E+0000  6.39047619047619E-0001
 818  1.97355311355311E+0000  9.21904761904762E-0001
 819  1.97516483516484E+0000  2.26446886446886E-0001
 820  1.98322344322344E+0000  5.41538461538462E-0001
 821  1.99692307692308E+0000  6.70476190476190E-0001
 822  2.00014652014652E+0000  2.20000000000000E-0001
 823  2.00820512820513E+0000  5.18168498168498E-0001
 824  2.02271062271062E+0000  6.65641025641026E-0001
 825  2.02512820512821E+0000  9.34798534798535E-0001
 826  2.02754578754579E+0000  2.35311355311355E-0001
 827  2.02996336996337E+0000  4.98021978021978E-0001
 828  2.04285714285714E+0000  6.92234432234432E-0001
 829  2.04930402930403E+0000  9.55750915750916E-0001
 830  2.05736263736264E+0000  7.08351648351648E-0001
 831  2.05575091575092E+0000  2.56263736263736E-0001
 832  2.06864468864469E+0000  9.73479853479853E-0001
 833  2.07186813186813E+0000  7.43809523809524E-0001
 834  2.07670329670330E+0000  2.65934065934066E-0001
 835  2.08153846153846E+0000  9.27545787545788E-0001
 836  2.08153846153846E+0000  7.55091575091575E-0001
 837  2.08556776556777E+0000  4.84322344322344E-0001
 838  2.09926739926740E+0000  9.26739926739927E-0001
 839  2.09443223443223E+0000  2.90915750915751E-0001
 840  2.09362637362637E+0000  4.83516483516484E-0001
 841  2.10087912087912E+0000  7.48644688644689E-0001
 842  2.09846153846154E+0000  9.33186813186813E-0001
 843  2.09846153846154E+0000  2.61098901098901E-0001
 844  2.09846153846154E+0000  4.76263736263736E-0001
 845  2.09926739926740E+0000  7.63956043956044E-0001
 846  2.09282051282051E+0000  9.43663003663004E-0001
 847  2.09443223443223E+0000  7.50256410256410E-0001
 848  2.09040293040293E+0000  2.81245421245421E-0001
 849  2.08476190476190E+0000  7.69597069597070E-0001
 850  2.08153846153846E+0000  4.54505494505495E-0001
 851  2.07992673992674E+0000  4.72234432234432E-0001
 852  2.07750915750916E+0000  7.72820512820513E-0001
 853  2.07186813186813E+0000  2.82051282051282E-0001
 854  2.06219780219780E+0000  4.36776556776557E-0001
 855  2.05978021978022E+0000  7.59120879120879E-0001
 856  2.04849816849817E+0000  9.18681318681319E-0001
 857  2.04769230769231E+0000  2.86080586080586E-0001
 858  2.03721611721612E+0000  4.39194139194139E-0001
 859  2.03479853479853E+0000  7.65567765567766E-0001
 860  2.02512820512821E+0000  2.90915750915751E-0001
 861  2.00739926739927E+0000  9.40439560439560E-0001
 862  2.01384615384615E+0000  4.42417582417582E-0001
 863  2.01062271062271E+0000  7.96190476190476E-0001
 864  2.00659340659341E+0000  2.73992673992674E-0001
 865  1.99128205128205E+0000  4.38388278388278E-0001
 866  1.98564102564103E+0000  9.30769230769231E-0001
 867  1.97597069597070E+0000  7.67985347985348E-0001
 868  1.96307692307692E+0000  2.77216117216117E-0001
 869  1.95179487179487E+0000  7.79267399267399E-0001
 870  1.95260073260073E+0000  4.38388278388278E-0001
 871  1.94776556776557E+0000  2.94139194139194E-0001
 872  1.94131868131868E+0000  4.25494505494505E-0001
 873  1.93648351648352E+0000  9.12234432234432E-0001
 874  1.92842490842491E+0000  3.00586080586081E-0001
 875  1.91875457875458E+0000  8.16336996336996E-0001
 876  1.91794871794872E+0000  4.18241758241758E-0001
 877  1.91633699633700E+0000  9.43663003663004E-0001
 878  1.90827838827839E+0000  2.98974358974359E-0001
 879  1.90666666666667E+0000  4.47252747252747E-0001
 880  1.90747252747253E+0000  9.11428571428571E-0001
 881  1.89860805860806E+0000  7.96996336996337E-0001
 882  1.89860805860806E+0000  4.20659340659341E-0001
 883  1.89377289377289E+0000  3.04615384615385E-0001
 884  1.89135531135531E+0000  4.42417582417582E-0001
 885  1.89377289377289E+0000  9.20293040293040E-0001
 886  1.89135531135531E+0000  8.16336996336996E-0001
 887  1.89135531135531E+0000  3.27179487179487E-0001
 888  1.88893772893773E+0000  9.15457875457875E-0001
 889  1.89457875457875E+0000  4.18241758241758E-0001
 890  1.89780219780220E+0000  8.11501831501832E-0001
 891  1.90424908424908E+0000  3.15091575091575E-0001
 892  1.90183150183150E+0000  3.94065934065934E-0001
 893  1.90666666666667E+0000  8.28424908424908E-0001
 894  1.91311355311355E+0000  3.12673992673993E-0001
 895  1.90989010989011E+0000  8.84029304029304E-0001
 896  1.92520146520147E+0000  3.77142857142857E-0001
 897  1.92600732600733E+0000  8.26813186813187E-0001
 898  1.92520146520147E+0000  2.90915750915751E-0001
 899  1.93648351648352E+0000  8.50989010989011E-0001
 900  1.93809523809524E+0000  3.36043956043956E-0001
 901  1.95018315018315E+0000  8.41318681318681E-0001
 902  1.95179487179487E+0000  8.63076923076923E-0001
 903  1.95501831501832E+0000  3.27179487179487E-0001
 904  1.95743589743590E+0000  8.27619047619048E-0001
 905  1.95582417582418E+0000  3.03809523809524E-0001
 906  1.96549450549451E+0000  3.24761904761905E-0001
 907  1.98402930402930E+0000  8.64688644688645E-0001
 908  1.99450549450549E+0000  8.39706959706960E-0001
 909  2.00336996336996E+0000  8.07472527472527E-0001
 910  2.00981684981685E+0000  8.47765567765568E-0001
 911  2.01868131868132E+0000  8.17142857142857E-0001
 912  2.02512820512821E+0000  3.36849816849817E-0001
 913  2.03318681318681E+0000  8.38095238095238E-0001
 914  2.03882783882784E+0000  8.28424908424908E-0001
 915  2.04930402930403E+0000  3.40879120879121E-0001
 916  2.05736263736264E+0000  3.44908424908425E-0001
 917  2.05816849816850E+0000  8.36483516483516E-0001
 918  2.06219780219780E+0000  8.17948717948718E-0001
 919  2.06864468864469E+0000  3.35238095238095E-0001
 920  2.07347985347985E+0000  3.35238095238095E-0001
 921  2.08476190476190E+0000  8.47765567765568E-0001
 922  2.08234432234432E+0000  3.52161172161172E-0001
 923  2.08637362637363E+0000  3.09450549450549E-0001
 924  2.09443223443223E+0000  8.03443223443223E-0001
 925  2.09926739926740E+0000  8.09084249084249E-0001
 926  2.10087912087912E+0000  8.52600732600733E-0001
 927  2.10087912087912E+0000  3.57802197802198E-0001
 928  2.09362637362637E+0000  8.35677655677656E-0001
 929  2.09120879120879E+0000  8.91282051282051E-0001
 930  2.09362637362637E+0000  3.65860805860806E-0001
 931  2.08798534798535E+0000  3.17509157509158E-0001
 932  2.08959706959707E+0000  8.66300366300366E-0001
 933  2.08315018315018E+0000  8.15531135531136E-0001
 934  2.08315018315018E+0000  3.63443223443223E-0001
 935  2.07509157509158E+0000  3.19926739926740E-0001
 936  2.07912087912088E+0000  3.03003663003663E-0001
 937  2.06945054945055E+0000  9.13040293040293E-0001
 938  2.06139194139194E+0000  3.85201465201465E-0001
 939  2.04930402930403E+0000  3.20732600732601E-0001
 940  2.04527472527473E+0000  2.99780219780220E-0001
 941  2.03479853479853E+0000  8.19560439560440E-0001
 942  2.02351648351648E+0000  8.16336996336996E-0001
 943  2.01626373626374E+0000  9.21904761904762E-0001
 944  1.99772893772894E+0000  4.28717948717949E-0001
 945  1.98967032967033E+0000  8.21978021978022E-0001
 946  1.98564102564103E+0000  3.27985347985348E-0001
 947  1.98402930402930E+0000  9.01758241758242E-0001
 948  1.97435897435897E+0000  8.21172161172161E-0001
 949  1.97597069597070E+0000  4.10183150183150E-0001
 950  1.95904761904762E+0000  3.04615384615385E-0001
 951  1.95904761904762E+0000  8.17948717948718E-0001
 952  1.94615384615385E+0000  8.95311355311355E-0001
 953  1.93648351648352E+0000  4.48864468864469E-0001
 954  1.93164835164835E+0000  7.92967032967033E-0001
 955  1.92681318681319E+0000  9.14652014652015E-0001
 956  1.91150183150183E+0000  8.12307692307692E-0001
 957  1.92036630036630E+0000  4.24688644688645E-0001
 958  1.91391941391941E+0000  9.08205128205128E-0001
 959  1.91069597069597E+0000  4.57728937728938E-0001
 960  1.90586080586081E+0000  4.35970695970696E-0001
 961  1.88974358974359E+0000  7.93772893772894E-0001
 962  1.89457875457875E+0000  2.91721611721612E-0001
 963  1.89538461538462E+0000  7.70402930402930E-0001
 964  1.89457875457875E+0000  4.35164835164835E-0001
 965  1.88974358974359E+0000  2.94945054945055E-0001
 966  1.89054945054945E+0000  7.72014652014652E-0001
 967  1.89216117216117E+0000  9.21098901098901E-0001
 968  1.89377289377289E+0000  4.73846153846154E-0001
 969  1.89780219780220E+0000  7.81684981684982E-0001
 970  1.89457875457875E+0000  2.84468864468864E-0001
 971  1.89941391941392E+0000  7.51868131868132E-0001
 972  1.89941391941392E+0000  4.34358974358974E-0001
 973  1.90505494505495E+0000  2.65934065934066E-0001
 974  1.90102564102564E+0000  7.72820512820513E-0001
 975  1.91150183150183E+0000  7.59120879120879E-0001
 976  1.91956043956044E+0000  2.62710622710623E-0001
 977  1.92358974358974E+0000  7.47032967032967E-0001
 978  1.93084249084249E+0000  4.48058608058608E-0001
 979  1.93567765567766E+0000  9.20293040293040E-0001
 980  1.93567765567766E+0000  4.69010989010989E-0001
 981  1.94615384615385E+0000  2.53040293040293E-0001
 982  1.95582417582418E+0000  7.56703296703297E-0001
 983  1.96630036630037E+0000  9.38021978021978E-0001
 984  1.97113553113553E+0000  4.55311355311355E-0001
 985  1.98241758241758E+0000  7.54285714285714E-0001
 986  1.98967032967033E+0000  2.61098901098901E-0001
 987  1.99692307692308E+0000  9.52527472527473E-0001
 988  2.00095238095238E+0000  7.38168498168498E-0001
 989  1.99772893772894E+0000  9.45274725274725E-0001
 990  2.01384615384615E+0000  2.80439560439560E-0001
 991  2.01787545787546E+0000  5.05274725274725E-0001
 992  2.02029304029304E+0000  7.47838827838828E-0001
 993  2.02835164835165E+0000  2.58681318681319E-0001
 994  2.02673992673993E+0000  9.55750915750916E-0001
 995  2.03641025641026E+0000  7.22051282051282E-0001
 996  2.03641025641026E+0000  9.31575091575092E-0001
 997  2.04769230769231E+0000  4.88351648351648E-0001
 998  2.05575091575092E+0000  2.65128205128205E-0001
 999  2.06542124542125E+0000  7.27692307692308E-0001
 1000  2.06864468864469E+0000  7.09963369963370E-0001
 1001  2.07509157509158E+0000  5.27032967032967E-0001
 1002  2.08153846153846E+0000  9.49304029304029E-0001
 1003  2.08395604395604E+0000  2.49010989010989E-0001
 1004  2.08879120879121E+0000  5.10915750915751E-0001
 1005  2.08959706959707E+0000  7.04322344322344E-0001
 1006  2.09443223443223E+0000  2.65934065934066E-0001
 1007  2.09201465201465E+0000  9.46886446886447E-0001
 1008  2.09282051282051E+0000  6.85787545787546E-0001
 1009  2.09443223443223E+0000  5.26227106227106E-0001
 1010  2.09765567765568E+0000  9.48498168498168E-0001
 1011  2.09604395604396E+0000  2.42564102564103E-0001
 1012  2.09846153846154E+0000  5.16556776556777E-0001
 1013  2.09443223443223E+0000  2.53846153846154E-0001
 1014  2.09765567765568E+0000  9.35604395604396E-0001
 1015  2.09846153846154E+0000  6.49523809523810E-0001
 1016  2.09443223443223E+0000  9.50109890109890E-0001
 1017  2.09120879120879E+0000  6.39853479853480E-0001
 1018  2.08798534798535E+0000  9.25934065934066E-0001
 1019  2.08476190476190E+0000  6.77728937728938E-0001
 1020  2.08556776556777E+0000  9.42857142857143E-0001
 1021  2.08073260073260E+0000  5.20586080586081E-0001
 1022  2.07186813186813E+0000  2.45787545787546E-0001
 1023  2.06783882783883E+0000  5.43956043956044E-0001
 1024  2.06139194139194E+0000  2.12747252747253E-0001
 1025  2.05494505494505E+0000  6.38241758241758E-0001
 1026  2.04527472527473E+0000  9.14652014652015E-0001
 1027  2.03802197802198E+0000  5.27032967032967E-0001
 1028  2.02190476190476E+0000  2.32087912087912E-0001
 1029  2.02271062271062E+0000  6.14871794871795E-0001
 1030  2.01223443223443E+0000  9.63003663003663E-0001
 1031  2.00175824175824E+0000  5.54432234432234E-0001
 1032  1.99369963369963E+0000  2.27252747252747E-0001
 1033  1.98241758241758E+0000  6.02783882783883E-0001
 1034  1.96871794871795E+0000  6.09230769230769E-0001
 1035  1.96065934065934E+0000  6.27765567765568E-0001
 1036  1.94615384615385E+0000  6.00366300366300E-0001
 1037  1.93648351648352E+0000  9.66227106227106E-0001
 1038  1.92923076923077E+0000  6.20512820512821E-0001
 1039  1.92681318681319E+0000  9.46080586080586E-0001
 1040  1.91956043956044E+0000  5.96336996336996E-0001
 1041  1.91472527472527E+0000  2.63516483516484E-0001
 1042  1.90908424908425E+0000  5.99560439560440E-0001
 1043  1.90505494505495E+0000  9.46886446886447E-0001
 1044  1.90102564102564E+0000  5.98754578754579E-0001
 1045  1.88974358974359E+0000  2.49010989010989E-0001
 1046  1.89457875457875E+0000  5.66520146520147E-0001
 1047  1.88893772893773E+0000  9.62197802197802E-0001
 1048  1.89296703296703E+0000  9.39633699633700E-0001
 1049  1.89296703296703E+0000  6.13260073260073E-0001
 1050  1.89377289377289E+0000  2.40952380952381E-0001
 1051  1.90102564102564E+0000  2.01465201465201E-0001
 1052  1.90021978021978E+0000  2.11135531135531E-0001
 1053  1.90827838827839E+0000  5.59267399267399E-0001
 1054  1.91633699633700E+0000  9.32380952380952E-0001
 1055  1.92036630036630E+0000  6.11648351648352E-0001
 1056  1.92520146520147E+0000  2.32087912087912E-0001
 1057  1.93245421245421E+0000  5.51208791208791E-0001
 1058  1.94293040293040E+0000  9.47692307692308E-0001
 1059  1.95260073260073E+0000  6.35018315018315E-0001
 1060  1.95824175824176E+0000  9.19487179487179E-0001
 1061  1.96549450549451E+0000  6.63223443223443E-0001
 1062  1.96871794871795E+0000  2.30476190476190E-0001
 1063  1.98161172161172E+0000  5.15750915750916E-0001
 1064  1.99128205128205E+0000  2.12747252747253E-0001
 1065  2.00820512820513E+0000  5.20586080586081E-0001
 1066  2.02351648351648E+0000  9.37216117216117E-0001
 1067  2.02593406593407E+0000  6.84175824175824E-0001
 1068  2.03399267399267E+0000  9.49304029304029E-0001
 1069  2.04446886446886E+0000  7.11575091575092E-0001
 1070  2.04527472527473E+0000  2.54652014652015E-0001
 1071  2.05010989010989E+0000  5.29450549450549E-0001
 1072  2.06058608058608E+0000  9.47692307692308E-0001
 1073  2.07186813186813E+0000  7.01904761904762E-0001
 1074  2.07347985347985E+0000  2.70769230769231E-0001
 1075  2.07912087912088E+0000  2.41758241758242E-0001
 1076  2.08637362637363E+0000  4.78681318681319E-0001
 1077  2.09282051282051E+0000  9.58168498168498E-0001
 1078  2.09604395604396E+0000  7.43003663003663E-0001
 1079  2.08959706959707E+0000  9.28351648351648E-0001
 1080  2.10410256410256E+0000  7.17216117216117E-0001
 1081  2.09684981684982E+0000  2.78021978021978E-0001
 1082  2.09846153846154E+0000  4.93186813186813E-0001
 1083  2.09604395604396E+0000  9.48498168498168E-0001
 1084  2.10007326007326E+0000  7.53479853479853E-0001
 1085  2.09362637362637E+0000  2.51428571428571E-0001
 1086  2.08637362637363E+0000  7.30915750915751E-0001
 1087  2.08395604395604E+0000  2.54652014652015E-0001
 1088  2.07750915750916E+0000  4.54505494505495E-0001
 1089  2.07509157509158E+0000  9.14652014652015E-0001
 1090  2.06945054945055E+0000  7.84908424908425E-0001
 1091  2.05816849816850E+0000  2.84468864468864E-0001
 1092  2.05575091575092E+0000  2.77216117216117E-0001
 1093  2.04366300366300E+0000  3.02197802197802E-0001
 1094  2.03318681318681E+0000  4.69010989010989E-0001
 1095  2.02351648351648E+0000  9.03369963369963E-0001
 1096  2.01626373626374E+0000  9.09010989010989E-0001
 1097  2.00417582417582E+0000  7.86520146520147E-0001
 1098  1.98967032967033E+0000  9.25128205128205E-0001
 1099  1.98967032967033E+0000  8.08278388278388E-0001
 1100  1.97194139194139E+0000  2.79633699633700E-0001
 1101  1.97032967032967E+0000  4.48058608058608E-0001
 1102  1.96388278388278E+0000  9.14652014652015E-0001
 1103  1.95663003663004E+0000  4.41611721611722E-0001
 1104  1.94615384615385E+0000  9.04175824175824E-0001
 1105  1.94051282051282E+0000  8.05860805860806E-0001
 1106  1.92600732600733E+0000  3.14285714285714E-0001
 1107  1.91230769230769E+0000  3.03809523809524E-0001
 1108  1.91069597069597E+0000  4.40000000000000E-0001
 1109  1.91069597069597E+0000  9.09816849816850E-0001
 1110  1.90344322344322E+0000  4.19047619047619E-0001
 1111  1.90344322344322E+0000  8.85641025641026E-0001
 1112  1.89780219780220E+0000  8.21172161172161E-0001
 1113  1.89377289377289E+0000  3.17509157509158E-0001
 1114  1.89054945054945E+0000  3.91648351648352E-0001
 1115  1.89135531135531E+0000  3.40073260073260E-0001
 1116  1.89377289377289E+0000  3.87619047619048E-0001
 1117  1.89135531135531E+0000  9.03369963369963E-0001
 1118  1.89457875457875E+0000  8.59853479853480E-0001
 1119  1.89296703296703E+0000  8.90476190476190E-0001
 1120  1.89860805860806E+0000  8.40512820512821E-0001
 1121  1.89377289377289E+0000  3.31208791208791E-0001
 1122  1.90021978021978E+0000  3.32014652014652E-0001
 1123  1.90747252747253E+0000  3.40879120879121E-0001
 1124  1.91069597069597E+0000  3.52967032967033E-0001
 1125  1.92036630036630E+0000  3.29597069597070E-0001
 1126  1.93326007326007E+0000  3.17509157509158E-0001
 1127  1.94534798534799E+0000  8.30842490842491E-0001
 1128  1.95421245421245E+0000  3.19926739926740E-0001
 1129  1.95260073260073E+0000  8.53406593406593E-0001
 1130  1.95904761904762E+0000  8.48571428571429E-0001
 1131  1.96952380952381E+0000  3.23956043956044E-0001
 1132  1.98241758241758E+0000  3.65054945054945E-0001
 1133  1.99531135531136E+0000  3.40073260073260E-0001
 1134  2.00901098901099E+0000  8.36483516483516E-0001
 1135  2.01706959706960E+0000  8.58241758241758E-0001
 1136  2.02109890109890E+0000  8.10695970695971E-0001
 1137  2.02673992673993E+0000  8.70329670329670E-0001
 1138  2.03399267399267E+0000  8.19560439560440E-0001
 1139  2.04205128205128E+0000  8.29230769230769E-0001
