 0  2.91575091575092E-0002 -1.39076923076923E+0000
 1  4.28571428571429E-0002 -1.37223443223443E+0000
 2  5.81684981684982E-0002 -1.39721611721612E+0000
 3  6.21978021978022E-0002 -1.39802197802198E+0000
 4  8.39560439560440E-0002 -1.37868131868132E+0000
 5  8.07326007326007E-0002 -1.40608058608059E+0000
 6  9.20146520146520E-0002 -1.39479853479853E+0000
 7  9.68498168498168E-0002 -1.38109890109890E+0000
 8  1.04908424908424E-0001 -1.41333333333333E+0000
 9  9.44322344322344E-0002 -1.40366300366300E+0000
 10  9.12087912087912E-0002 -1.39238095238095E+0000
 11  8.15384615384615E-0002 -1.38915750915751E+0000
 12  6.86446886446886E-0002 -1.37062271062271E+0000
 13  6.21978021978022E-0002 -1.39479853479853E+0000
 14  5.49450549450549E-0002 -1.37545787545788E+0000
 15  4.36630036630037E-0002 -1.40446886446886E+0000
 16  3.23809523809524E-0002 -1.39399267399267E+0000
 17  1.30402930402930E-0002 -1.38593406593407E+0000
 18  8.20512820512821E-0003 -1.37706959706960E+0000
 19 -1.75824175824176E-0002 -1.40930402930403E+0000
 20 -4.33699633699634E-0002 -1.39721611721612E+0000
 21 -4.09523809523810E-0002 -1.38109890109890E+0000
 22 -5.38461538461538E-0002 -1.41333333333333E+0000
 23 -6.67399267399267E-0002 -1.41413919413919E+0000
 24 -6.59340659340659E-0002 -1.39238095238095E+0000
 25 -8.52747252747253E-0002 -1.38512820512821E+0000
 26 -8.84981684981685E-0002 -1.37142857142857E+0000
 27 -8.76923076923077E-0002 -1.40608058608059E+0000
 28 -9.25274725274725E-0002 -1.39560439560440E+0000
 29 -9.65567765567766E-0002 -1.37706959706960E+0000
 30 -1.07032967032967E-0001 -1.40366300366300E+0000
 31 -8.52747252747253E-0002 -1.39560439560440E+0000
 32 -6.43223443223443E-0002 -1.37706959706960E+0000
 33 -6.51282051282051E-0002 -1.39882783882784E+0000
 34 -4.82051282051282E-0002 -1.38835164835165E+0000
 35 -4.09523809523810E-0002 -1.37384615384615E+0000
 36 -2.16117216117216E-0002 -1.40124542124542E+0000
 37 -1.43589743589743E-0002 -1.38109890109890E+0000
 38  1.75824175824176E-0003 -1.41172161172161E+0000
 39  1.70695970695971E-0002 -1.40688644688645E+0000
 40  1.38461538461538E-0002 -1.39802197802198E+0000
 41  4.12454212454212E-0002 -1.38190476190476E+0000
 42  6.38095238095238E-0002 -1.35934065934066E+0000
 43  6.94505494505495E-0002 -1.38996336996337E+0000
 44  6.54212454212454E-0002 -1.37545787545788E+0000
 45  8.31501831501832E-0002 -1.39479853479853E+0000
 46  8.63736263736264E-0002 -1.37626373626374E+0000
 47  9.36263736263736E-0002 -1.40446886446886E+0000
 48  9.12087912087912E-0002 -1.39399267399267E+0000
 49  9.76556776556777E-0002 -1.37465201465201E+0000
 50  8.39560439560440E-0002 -1.41655677655678E+0000
 51  8.31501831501832E-0002 -1.41172161172161E+0000
 52  8.15384615384615E-0002 -1.40124542124542E+0000
 53  6.21978021978022E-0002 -1.38271062271062E+0000
 54  5.25274725274725E-0002 -1.36578754578755E+0000
 55  4.20512820512821E-0002 -1.39963369963370E+0000
 56  3.47985347985348E-0002 -1.38996336996337E+0000
 57  1.38461538461538E-0002 -1.37223443223443E+0000
 58  3.36996336996337E-0003 -1.40124542124542E+0000
 59 -1.67765567765568E-0002 -1.39076923076923E+0000
 60 -3.45054945054945E-0002 -1.37706959706960E+0000
 61 -4.73992673992674E-0002 -1.40124542124542E+0000
 62 -5.46520146520147E-0002 -1.38271062271062E+0000
 63 -6.51282051282051E-0002 -1.37304029304029E+0000
 64 -7.80219780219780E-0002 -1.40285714285714E+0000
 65 -8.52747252747253E-0002 -1.38673992673993E+0000
 66 -8.28571428571429E-0002 -1.37626373626374E+0000
 67 -9.25274725274725E-0002 -1.40527472527473E+0000
 68 -7.96336996336996E-0002 -1.39238095238095E+0000
 69 -9.01098901098901E-0002 -1.38029304029304E+0000
 70 -8.20512820512821E-0002 -1.41091575091575E+0000
 71 -7.96336996336996E-0002 -1.40769230769231E+0000
 72 -1.06227106227106E-0001 -1.38996336996337E+0000
 73 -6.19047619047619E-0002 -1.36981684981685E+0000
 74 -4.17582417582418E-0002 -1.39076923076923E+0000
 75 -3.85347985347985E-0002 -1.38351648351648E+0000
 76 -1.91941391941392E-0002 -1.36175824175824E+0000
 77 -1.19413919413919E-0002 -1.39076923076923E+0000
 78  9.81684981684982E-0003 -1.37545787545788E+0000
 79  2.10989010989011E-0002 -1.40124542124542E+0000
 80  3.88278388278388E-0002 -1.38271062271062E+0000
 81  4.93040293040293E-0002 -1.36256410256410E+0000
 82  6.86446886446886E-0002 -1.38109890109890E+0000
 83  7.10622710622711E-0002 -1.41897435897436E+0000
 84  7.83150183150183E-0002 -1.41172161172161E+0000
 85  8.63736263736264E-0002 -1.39963369963370E+0000
 86  9.76556776556777E-0002 -1.38512820512821E+0000
 87  9.52380952380952E-0002 -1.38029304029304E+0000
 88  9.84615384615385E-0002 -1.40930402930403E+0000
 89  9.12087912087912E-0002 -1.39318681318681E+0000
 90  8.15384615384615E-0002 -1.38512820512821E+0000
 91  7.50915750915751E-0002 -1.38351648351648E+0000
 92  6.86446886446886E-0002 -1.36095238095238E+0000
 93  5.49450549450549E-0002 -1.39721611721612E+0000
 94  4.93040293040293E-0002 -1.38109890109890E+0000
 95  3.64102564102564E-0002 -1.42219780219780E+0000
 96  2.35164835164835E-0002 -1.40769230769231E+0000
 97  1.06227106227106E-0002 -1.38593406593407E+0000
 98  1.46520146520147E-0004 -1.37868131868132E+0000
 99 -1.91941391941392E-0002 -1.41172161172161E+0000
 100 -4.09523809523810E-0002 -1.40285714285714E+0000
 101 -3.93406593406593E-0002 -1.38271062271062E+0000
 102 -5.22344322344322E-0002 -1.36659340659341E+0000
 103 -6.59340659340659E-0002 -1.40285714285714E+0000
 104 -7.07692307692308E-0002 -1.38673992673993E+0000
 105 -8.36630036630037E-0002 -1.37465201465201E+0000
 106 -9.25274725274725E-0002 -1.40769230769231E+0000
 107 -8.93040293040293E-0002 -1.39641025641026E+0000
 108 -8.93040293040293E-0002 -1.37948717948718E+0000
 109 -1.01391941391941E-0001 -1.40124542124542E+0000
 110 -7.56043956043956E-0002 -1.38432234432234E+0000
 111 -7.56043956043956E-0002 -1.37626373626374E+0000
 112 -6.75457875457875E-0002 -1.39641025641026E+0000
 113 -6.19047619047619E-0002 -1.37868131868132E+0000
 114 -4.41758241758242E-0002 -1.40527472527473E+0000
 115 -4.09523809523810E-0002 -1.40205128205128E+0000
 116 -2.16117216117216E-0002 -1.38271062271062E+0000
 117 -8.71794871794872E-0003 -1.36256410256410E+0000
 118  1.06227106227106E-0002 -1.38029304029304E+0000
 119  1.94871794871795E-0002 -1.42139194139194E+0000
 120  4.04395604395604E-0002 -1.39802197802198E+0000
 121  4.93040293040293E-0002 -1.38432234432234E+0000
 122  6.30036630036630E-0002 -1.36981684981685E+0000
 123  7.50915750915751E-0002 -1.39641025641026E+0000
 124  8.71794871794872E-0002 -1.37626373626374E+0000
 125  8.63736263736264E-0002 -1.39721611721612E+0000
 126  9.04029304029304E-0002 -1.38835164835165E+0000
 127  9.12087912087912E-0002 -1.37384615384615E+0000
 128  9.44322344322344E-0002 -1.40205128205128E+0000
 129  8.95970695970696E-0002 -1.38673992673993E+0000
 130  8.79853479853480E-0002 -1.37545787545788E+0000
 131  7.91208791208791E-0002 -1.40285714285714E+0000
 132  7.26739926739927E-0002 -1.38673992673993E+0000
 133  6.21978021978022E-0002 -1.37626373626374E+0000
 134  5.09157509157509E-0002 -1.40043956043956E+0000
 135  2.75457875457875E-0002 -1.40124542124542E+0000
 136  2.51282051282051E-0002 -1.38190476190476E+0000
 137  5.78754578754579E-0003 -1.36175824175824E+0000
 138 -1.46520146520146E-0003 -1.39318681318681E+0000
 139 -2.80586080586081E-0002 -1.39076923076923E+0000
 140 -3.12820512820513E-0002 -1.37465201465201E+0000
 141 -4.82051282051282E-0002 -1.40608058608059E+0000
 142 -5.70695970695971E-0002 -1.39802197802198E+0000
 143 -6.10989010989011E-0002 -1.39238095238095E+0000
 144 -6.83516483516484E-0002 -1.37948717948718E+0000
 145 -8.28571428571429E-0002 -1.41091575091575E+0000
 146 -8.93040293040293E-0002 -1.40043956043956E+0000
 147 -9.41391941391941E-0002 -1.40124542124542E+0000
 148 -9.25274725274725E-0002 -1.38190476190476E+0000
 149 -9.01098901098901E-0002 -1.36014652014652E+0000
 150 -7.80219780219780E-0002 -1.38754578754579E+0000
 151 -7.31868131868132E-0002 -1.38593406593407E+0000
 152 -7.15750915750916E-0002 -1.37142857142857E+0000
 153 -5.86813186813187E-0002 -1.39560439560440E+0000
 154 -4.41758241758242E-0002 -1.37868131868132E+0000
 155 -3.20879120879121E-0002 -1.41172161172161E+0000
 156 -2.16117216117216E-0002 -1.40124542124542E+0000
 157 -7.10622710622711E-0003 -1.38029304029304E+0000
 158  1.06227106227106E-0002 -1.41252747252747E+0000
 159  2.67399267399267E-0002 -1.40930402930403E+0000
 160  3.88278388278388E-0002 -1.39157509157509E+0000
 161  4.93040293040293E-0002 -1.37706959706960E+0000
 162  6.13919413919414E-0002 -1.40124542124542E+0000
 163  7.50915750915751E-0002 -1.39076923076923E+0000
 164  8.23443223443223E-0002 -1.37304029304029E+0000
 165  8.63736263736264E-0002 -1.40043956043956E+0000
 166  9.04029304029304E-0002 -1.39479853479853E+0000
 167  1.00879120879120E-0001 -1.38029304029304E+0000
 168  9.44322344322344E-0002 -1.40769230769231E+0000
 169  9.76556776556777E-0002 -1.38835164835165E+0000
 170  8.15384615384615E-0002 -1.37304029304029E+0000
 171  7.26739926739927E-0002 -1.40849816849817E+0000
 172  8.15384615384615E-0002 -1.38835164835165E+0000
 173  5.25274725274725E-0002 -1.36901098901099E+0000
 174  4.93040293040293E-0002 -1.39157509157509E+0000
 175  3.39926739926740E-0002 -1.38754578754579E+0000
 176  2.02930402930403E-0002 -1.37545787545788E+0000
 177  4.98168498168498E-0003 -1.39882783882784E+0000
 178 -1.35531135531135E-0002 -1.39238095238095E+0000
 179 -1.67765567765568E-0002 -1.38351648351648E+0000
 180 -3.20879120879121E-0002 -1.36659340659341E+0000
 181 -4.98168498168498E-0002 -1.39560439560440E+0000
 182 -5.38461538461538E-0002 -1.38029304029304E+0000
 183 -6.99633699633700E-0002 -1.41816849816850E+0000
 184 -7.23809523809524E-0002 -1.40849816849817E+0000
 185 -8.68864468864469E-0002 -1.39157509157509E+0000
 186 -8.36630036630037E-0002 -1.38190476190476E+0000
 187 -9.01098901098901E-0002 -1.36659340659341E+0000
 188 -9.25274725274725E-0002 -1.39076923076923E+0000
 189 -8.93040293040293E-0002 -1.37706959706960E+0000
 190 -8.20512820512821E-0002 -1.40446886446886E+0000
 191 -7.64102564102564E-0002 -1.39802197802198E+0000
 192 -5.94871794871795E-0002 -1.38190476190476E+0000
 193 -5.38461538461538E-0002 -1.36014652014652E+0000
 194 -4.65934065934066E-0002 -1.38915750915751E+0000
 195 -2.80586080586081E-0002 -1.37545787545788E+0000
 196 -4.68864468864469E-0003 -1.39238095238095E+0000
 197 -4.68864468864469E-0003 -1.38673992673993E+0000
 198 -6.59340659340659E-0004 -1.37465201465201E+0000
 199  7.39926739926740E-0003 -1.41091575091575E+0000
 200  3.64102564102564E-0002 -1.39560439560440E+0000
 201  4.84981684981685E-0002 -1.37626373626374E+0000
 202  6.62271062271062E-0002 -1.39882783882784E+0000
 203  7.50915750915751E-0002 -1.39479853479853E+0000
 204  6.78388278388278E-0002 -1.37787545787546E+0000
 205  9.52380952380952E-0002 -1.39479853479853E+0000
 206  9.12087912087912E-0002 -1.37948717948718E+0000
 207  1.00073260073260E-0001 -1.41333333333333E+0000
 208  1.00879120879120E-0001 -1.40446886446886E+0000
 209  9.36263736263736E-0002 -1.39076923076923E+0000
 210  8.95970695970696E-0002 -1.38109890109890E+0000
 211  7.50915750915751E-0002 -1.41897435897436E+0000
 212  6.94505494505495E-0002 -1.41010989010989E+0000
 213  6.62271062271062E-0002 -1.39721611721612E+0000
 214  4.60805860805861E-0002 -1.38915750915751E+0000
 215  2.67399267399267E-0002 -1.37868131868132E+0000
 216  2.67399267399267E-0002 -1.40285714285714E+0000
 217  4.17582417582418E-0003 -1.38835164835165E+0000
 218 -1.27472527472527E-0002 -1.37384615384615E+0000
 219 -2.96703296703297E-0002 -1.41010989010989E+0000
 220 -3.61172161172161E-0002 -1.39641025641026E+0000
 221 -3.85347985347985E-0002 -1.37142857142857E+0000
 222 -5.38461538461538E-0002 -1.40446886446886E+0000
 223 -7.31868131868132E-0002 -1.40043956043956E+0000
 224 -6.75457875457875E-0002 -1.38835164835165E+0000
 225 -8.52747252747253E-0002 -1.36739926739927E+0000
 226 -8.52747252747253E-0002 -1.39802197802198E+0000
 227 -9.33333333333333E-0002 -1.39479853479853E+0000
 228 -8.28571428571429E-0002 -1.37062271062271E+0000
 229 -8.52747252747253E-0002 -1.39157509157509E+0000
 230 -8.12454212454212E-0002 -1.38351648351648E+0000
 231 -7.15750915750916E-0002 -1.37062271062271E+0000
 232 -6.99633699633700E-0002 -1.39157509157509E+0000
 233 -4.90109890109890E-0002 -1.37626373626374E+0000
 234 -4.09523809523810E-0002 -1.40043956043956E+0000
 235 -3.28937728937729E-0002 -1.39721611721612E+0000
 236 -9.52380952380952E-0003 -1.37868131868132E+0000
 237  7.39926739926740E-0003 -1.40688644688645E+0000
 238  1.06227106227106E-0002 -1.40205128205128E+0000
 239  3.23809523809524E-0002 -1.38915750915751E+0000
 240  4.44688644688645E-0002 -1.36498168498168E+0000
 241  4.93040293040293E-0002 -1.38996336996337E+0000
 242  8.07326007326007E-0002 -1.36659340659341E+0000
 243  7.50915750915751E-0002 -1.40527472527473E+0000
 244  8.55677655677656E-0002 -1.39076923076923E+0000
 245  8.71794871794872E-0002 -1.38351648351648E+0000
 246  8.95970695970696E-0002 -1.36498168498168E+0000
 247  9.44322344322344E-0002 -1.39721611721612E+0000
 248  9.60439560439560E-0002 -1.37948717948718E+0000
 249  9.12087912087912E-0002 -1.40769230769231E+0000
 250  7.58974358974359E-0002 -1.38835164835165E+0000
 251  7.18681318681319E-0002 -1.37868131868132E+0000
 252  6.62271062271062E-0002 -1.40366300366300E+0000
 253  5.41391941391941E-0002 -1.39157509157509E+0000
 254  4.44688644688645E-0002 -1.38512820512821E+0000
 255  3.23809523809524E-0002 -1.37626373626374E+0000
 256  1.78754578754579E-0002 -1.39641025641026E+0000
 257 -2.27106227106227E-0003 -1.38029304029304E+0000
 258 -1.19413919413919E-0002 -1.41736263736264E+0000
 259 -3.45054945054945E-0002 -1.42139194139194E+0000
 260 -4.41758241758242E-0002 -1.40043956043956E+0000
 261 -5.46520146520147E-0002 -1.39318681318681E+0000
 262 -7.64102564102564E-0002 -1.39157509157509E+0000
 263 -7.07692307692308E-0002 -1.38351648351648E+0000
 264 -7.56043956043956E-0002 -1.36256410256410E+0000
 265 -8.68864468864469E-0002 -1.38351648351648E+0000
 266 -9.33333333333333E-0002 -1.37062271062271E+0000
 267 -1.02197802197802E-0001 -1.40769230769231E+0000
 268 -8.76923076923077E-0002 -1.37868131868132E+0000
 269 -8.44688644688645E-0002 -1.40849816849817E+0000
 270 -7.31868131868132E-0002 -1.39318681318681E+0000
 271 -8.04395604395604E-0002 -1.38835164835165E+0000
 272 -5.14285714285714E-0002 -1.36175824175824E+0000
 273 -5.38461538461538E-0002 -1.39238095238095E+0000
 274 -4.41758241758242E-0002 -1.38512820512821E+0000
 275 -2.80586080586081E-0002 -1.37545787545788E+0000
 276 -2.27106227106227E-0003 -1.39157509157509E+0000
 277 -2.27106227106227E-0003 -1.37706959706960E+0000
 278  2.35164835164835E-0002 -1.40285714285714E+0000
 279  3.31868131868132E-0002 -1.39157509157509E+0000
 280  4.12454212454212E-0002 -1.37384615384615E+0000
 281  7.02564102564103E-0002 -1.39479853479853E+0000
 282  6.54212454212454E-0002 -1.38512820512821E+0000
 283  7.91208791208791E-0002 -1.37626373626374E+0000
 284  8.79853479853480E-0002 -1.38593406593407E+0000
 285  8.95970695970696E-0002 -1.37787545787546E+0000
 286  9.04029304029304E-0002 -1.40446886446886E+0000
 287  9.52380952380952E-0002 -1.40043956043956E+0000
 288  9.44322344322344E-0002 -1.38835164835165E+0000
 289  8.79853479853480E-0002 -1.36901098901099E+0000
 290  7.67032967032967E-0002 -1.39318681318681E+0000
 291  6.21978021978022E-0002 -1.38190476190476E+0000
 292  4.93040293040293E-0002 -1.36175824175824E+0000
 293  3.80219780219780E-0002 -1.39882783882784E+0000
 294  2.35164835164835E-0002 -1.39479853479853E+0000
 295  1.54578754578754E-0002 -1.37062271062271E+0000
 296 -2.27106227106227E-0003 -1.39802197802198E+0000
 297 -1.43589743589743E-0002 -1.39157509157509E+0000
 298 -3.69230769230769E-0002 -1.38593406593407E+0000
 299 -4.98168498168498E-0002 -1.37304029304029E+0000
 300 -5.38461538461538E-0002 -1.40366300366300E+0000
 301 -6.67399267399267E-0002 -1.39641025641026E+0000
 302 -7.56043956043956E-0002 -1.38512820512821E+0000
 303 -8.44688644688645E-0002 -1.39076923076923E+0000
 304 -9.17216117216117E-0002 -1.38109890109890E+0000
 305 -9.33333333333333E-0002 -1.41736263736264E+0000
 306 -8.12454212454212E-0002 -1.40124542124542E+0000
 307 -8.60805860805861E-0002 -1.38271062271062E+0000
 308 -7.72161172161172E-0002 -1.36820512820513E+0000
 309 -7.47985347985348E-0002 -1.40124542124542E+0000
 310 -6.19047619047619E-0002 -1.37626373626374E+0000
 311 -4.98168498168498E-0002 -1.39882783882784E+0000
 312 -4.17582417582418E-0002 -1.39318681318681E+0000
 313 -2.16117216117216E-0002 -1.38835164835165E+0000
 314 -1.35531135531135E-0002 -1.36417582417582E+0000
 315 -3.07692307692308E-0003 -1.38432234432234E+0000
 316  1.94871794871795E-0002 -1.37384615384615E+0000
 317  3.15750915750916E-0002 -1.40608058608059E+0000
 318  5.01098901098901E-0002 -1.38915750915751E+0000
 319  6.13919413919414E-0002 -1.37223443223443E+0000
 320  7.02564102564103E-0002 -1.38673992673993E+0000
 321  1.00073260073260E-0001 -1.36256410256410E+0000
 322  8.95970695970696E-0002 -1.38915750915751E+0000
 323  9.52380952380952E-0002 -1.37304029304029E+0000
 324  9.28205128205128E-0002 -1.39238095238095E+0000
 325  9.04029304029304E-0002 -1.38190476190476E+0000
 326  8.23443223443223E-0002 -1.36578754578755E+0000
 327  4.60805860805861E-0002 -1.40124542124542E+0000
 328  7.58974358974359E-0002 -1.40285714285714E+0000
 329  4.04395604395604E-0002 -1.39238095238095E+0000
 330  2.27106227106227E-0002 -1.38593406593407E+0000
 331  1.54578754578754E-0002 -1.37062271062271E+0000
 332  6.59340659340659E-0003 -1.38512820512821E+0000
 333 -2.80586080586081E-0002 -1.37868131868132E+0000
 334 -4.49816849816850E-0002 -1.40527472527473E+0000
 335 -5.78754578754579E-0002 -1.39641025641026E+0000
 336 -6.67399267399267E-0002 -1.38593406593407E+0000
 337 -7.56043956043956E-0002 -1.37787545787546E+0000
 338 -7.64102564102564E-0002 -1.39560439560440E+0000
 339 -8.93040293040293E-0002 -1.38351648351648E+0000
 340 -8.28571428571429E-0002 -1.40446886446886E+0000
 341 -8.84981684981685E-0002 -1.38835164835165E+0000
 342 -7.96336996336996E-0002 -1.36901098901099E+0000
 343 -6.59340659340659E-0002 -1.38673992673993E+0000
 344 -5.62637362637363E-0002 -1.36820512820513E+0000
 345 -4.49816849816850E-0002 -1.39882783882784E+0000
 346 -3.36996336996337E-0002 -1.39318681318681E+0000
 347 -2.00000000000000E-0002 -1.38593406593407E+0000
 348  2.56410256410256E-0003 -1.36659340659341E+0000
 349  1.06227106227106E-0002 -1.39560439560440E+0000
 350  2.51282051282051E-0002 -1.38271062271062E+0000
 351  3.39926739926740E-0002 -1.36739926739927E+0000
 352  5.41391941391941E-0002 -1.38915750915751E+0000
 353  6.21978021978022E-0002 -1.36981684981685E+0000
 354  7.42857142857143E-0002 -1.37868131868132E+0000
 355  8.87912087912088E-0002 -1.40527472527473E+0000
 356  8.71794871794872E-0002 -1.39479853479853E+0000
 357  8.87912087912088E-0002 -1.37787545787546E+0000
 358  9.68498168498168E-0002 -1.40930402930403E+0000
 359  9.36263736263736E-0002 -1.38996336996337E+0000
 360  8.87912087912088E-0002 -1.37626373626374E+0000
 361  8.31501831501832E-0002 -1.39399267399267E+0000
 362  6.38095238095238E-0002 -1.37948717948718E+0000
 363  6.05860805860806E-0002 -1.41010989010989E+0000
 364  3.72161172161172E-0002 -1.39802197802198E+0000
 365  1.22344322344322E-0002 -1.38190476190476E+0000
 366  4.17582417582418E-0003 -1.36336996336996E+0000
 367 -2.88644688644689E-0002 -1.39076923076923E+0000
 368 -2.80586080586081E-0002 -1.38109890109890E+0000
 369 -5.46520146520147E-0002 -1.40930402930403E+0000
 370 -5.86813186813187E-0002 -1.39076923076923E+0000
 371 -6.83516483516484E-0002 -1.38029304029304E+0000
 372 -8.93040293040293E-0002 -1.41091575091575E+0000
 373 -9.09157509157509E-0002 -1.38835164835165E+0000
 374 -8.68864468864469E-0002 -1.37142857142857E+0000
 375 -8.52747252747253E-0002 -1.39318681318681E+0000
 376 -5.62637362637363E-0002 -1.38351648351648E+0000
 377 -8.60805860805861E-0002 -1.37706959706960E+0000
 378 -5.94871794871795E-0002 -1.39882783882784E+0000
 379 -5.38461538461538E-0002 -1.37304029304029E+0000
 380 -3.53113553113553E-0002 -1.40688644688645E+0000
 381 -2.24175824175824E-0002 -1.37787545787546E+0000
 382  3.07692307692308E-0002 -1.40205128205128E+0000
 383  2.51282051282051E-0002 -1.38835164835165E+0000
 384  4.76923076923077E-0002 -1.37142857142857E+0000
 385  4.93040293040293E-0002 -1.39157509157509E+0000
 386  5.81684981684982E-0002 -1.37948717948718E+0000
 387  8.15384615384615E-0002 -1.41091575091575E+0000
 388  7.91208791208791E-0002 -1.40366300366300E+0000
 389  8.79853479853480E-0002 -1.38754578754579E+0000
 390  8.87912087912088E-0002 -1.38109890109890E+0000
 391  9.76556776556777E-0002 -1.41413919413919E+0000
 392  9.76556776556777E-0002 -1.40205128205128E+0000
 393  9.28205128205128E-0002 -1.41655677655678E+0000
 394  8.07326007326007E-0002 -1.40849816849817E+0000
 395  7.50915750915751E-0002 -1.37223443223443E+0000
 396  4.44688644688645E-0002 -1.40205128205128E+0000
 397  3.56043956043956E-0002 -1.38109890109890E+0000
 398  8.20512820512821E-0003 -1.41010989010989E+0000
 399  6.59340659340659E-0003 -1.40124542124542E+0000
 400 -2.24175824175824E-0002 -1.38915750915751E+0000
 401 -3.93406593406593E-0002 -1.37545787545788E+0000
 402 -5.06227106227106E-0002 -1.39318681318681E+0000
 403 -6.02930402930403E-0002 -1.38835164835165E+0000
 404 -7.31868131868132E-0002 -1.37626373626374E+0000
 405 -1.05421245421245E-0001 -1.40285714285714E+0000
 406 -8.60805860805861E-0002 -1.38351648351648E+0000
 407 -8.84981684981685E-0002 -1.36901098901099E+0000
 408 -8.60805860805861E-0002 -1.39318681318681E+0000
 409 -8.60805860805861E-0002 -1.37142857142857E+0000
 410 -7.64102564102564E-0002 -1.39882783882784E+0000
 411 -7.31868131868132E-0002 -1.39318681318681E+0000
 412 -6.67399267399267E-0002 -1.38673992673993E+0000
 413 -5.94871794871795E-0002 -1.40124542124542E+0000
 414 -3.45054945054945E-0002 -1.38915750915751E+0000
 415 -1.59706959706960E-0002 -1.39721611721612E+0000
 416  1.46520146520146E-0002 -1.38109890109890E+0000
 417  2.91575091575092E-0002 -1.39882783882784E+0000
 418  5.41391941391941E-0002 -1.38351648351648E+0000
 419  6.86446886446886E-0002 -1.39238095238095E+0000
 420  8.07326007326007E-0002 -1.38351648351648E+0000
 421  8.79853479853480E-0002 -1.38512820512821E+0000
 422  1.00879120879120E-0001 -1.37626373626374E+0000
 423  8.63736263736264E-0002 -1.38109890109890E+0000
 424  8.15384615384615E-0002 -1.41494505494505E+0000
 425  7.42857142857143E-0002 -1.39076923076923E+0000
 426  5.65567765567766E-0002 -1.37626373626374E+0000
 427  4.52747252747253E-0002 -1.39560439560440E+0000
 428  1.14285714285714E-0002 -1.38351648351648E+0000
 429  4.17582417582418E-0003 -1.38593406593407E+0000
 430 -2.40293040293040E-0002 -1.38029304029304E+0000
 431 -2.80586080586081E-0002 -1.41252747252747E+0000
 432 -5.14285714285714E-0002 -1.40205128205128E+0000
 433 -6.43223443223443E-0002 -1.37545787545788E+0000
 434 -7.47985347985348E-0002 -1.39479853479853E+0000
 435 -8.04395604395604E-0002 -1.40527472527473E+0000
 436 -7.47985347985348E-0002 -1.39802197802198E+0000
 437 -9.01098901098901E-0002 -1.36578754578755E+0000
 438 -8.60805860805861E-0002 -1.39802197802198E+0000
 439 -6.83516483516484E-0002 -1.38835164835165E+0000
 440 -6.10989010989011E-0002 -1.36901098901099E+0000
 441 -5.46520146520147E-0002 -1.37304029304029E+0000
 442 -2.00000000000000E-0002 -1.40285714285714E+0000
 443 -2.00000000000000E-0002 -1.36820512820513E+0000
 444  1.46520146520146E-0002 -1.40043956043956E+0000
 445  3.07692307692308E-0002 -1.39479853479853E+0000
 446  4.28571428571429E-0002 -1.37545787545788E+0000
 447  5.49450549450549E-0002 -1.38512820512821E+0000
 448  7.58974358974359E-0002 -1.37304029304029E+0000
 449  8.07326007326007E-0002 -1.38190476190476E+0000
 450  9.68498168498168E-0002 -1.36417582417582E+0000
 451  8.79853479853480E-0002 -1.39963369963370E+0000
 452  9.12087912087912E-0002 -1.38915750915751E+0000
 453  9.12087912087912E-0002 -1.39721611721612E+0000
 454  8.07326007326007E-0002 -1.38351648351648E+0000
 455  7.02564102564103E-0002 -1.36981684981685E+0000
 456  6.13919413919414E-0002 -1.38754578754579E+0000
 457  4.28571428571429E-0002 -1.37465201465201E+0000
 458  1.46520146520146E-0002 -1.40930402930403E+0000
 459  4.98168498168498E-0003 -1.39076923076923E+0000
 460 -1.27472527472527E-0002 -1.38351648351648E+0000
 461 -2.56410256410256E-0002 -1.39882783882784E+0000
 462 -5.06227106227106E-0002 -1.38109890109890E+0000
 463 -7.15750915750916E-0002 -1.41655677655678E+0000
 464 -8.28571428571429E-0002 -1.38754578754579E+0000
 465 -8.93040293040293E-0002 -1.38351648351648E+0000
 466 -9.17216117216117E-0002 -1.37062271062271E+0000
 467 -8.36630036630037E-0002 -1.39318681318681E+0000
 468 -9.25274725274725E-0002 -1.41575091575092E+0000
 469 -6.91575091575092E-0002 -1.39560439560440E+0000
 470 -5.62637362637363E-0002 -1.37384615384615E+0000
 471 -4.09523809523810E-0002 -1.39318681318681E+0000
 472 -1.59706959706960E-0002 -1.38190476190476E+0000
 473  1.75824175824176E-0003 -1.35772893772894E+0000
 474  1.70695970695971E-0002 -1.38190476190476E+0000
 475  3.47985347985348E-0002 -1.38835164835165E+0000
 476  5.49450549450549E-0002 -1.38593406593407E+0000
 477  6.86446886446886E-0002 -1.37706959706960E+0000
 478  8.15384615384615E-0002 -1.37868131868132E+0000
 479  9.04029304029304E-0002 -1.40285714285714E+0000
 480  9.52380952380952E-0002 -1.38915750915751E+0000
 481  8.47619047619048E-0002 -1.40043956043956E+0000
 482  6.70329670329670E-0002 -1.38432234432234E+0000
 483  5.41391941391941E-0002 -1.40366300366300E+0000
 484  2.75457875457875E-0002 -1.39560439560440E+0000
 485  1.38461538461538E-0002 -1.40849816849817E+0000
 486 -1.59706959706960E-0002 -1.39399267399267E+0000
 487 -4.25641025641026E-0002 -1.38673992673993E+0000
 488 -5.54578754578755E-0002 -1.37223443223443E+0000
 489 -7.15750915750916E-0002 -1.41413919413919E+0000
 490 -7.80219780219780E-0002 -1.38593406593407E+0000
 491 -7.96336996336996E-0002 -1.39479853479853E+0000
 492 -8.84981684981685E-0002 -1.40527472527473E+0000
 493 -8.44688644688645E-0002 -1.39238095238095E+0000
 494 -7.96336996336996E-0002 -1.41816849816850E+0000
 495 -6.91575091575092E-0002 -1.39076923076923E+0000
 496 -4.01465201465201E-0002 -1.36578754578755E+0000
 497 -4.68864468864469E-0003 -1.38835164835165E+0000
 498 -6.59340659340659E-0004 -1.39721611721612E+0000
 499  3.47985347985348E-0002 -1.37465201465201E+0000
 500  5.89743589743590E-0002 -1.38673992673993E+0000
 501  7.91208791208791E-0002 -1.37948717948718E+0000
 502  9.36263736263736E-0002 -1.38673992673993E+0000
 503  8.63736263736264E-0002 -1.36498168498168E+0000
 504  9.36263736263736E-0002 -1.36820512820513E+0000
 505  8.23443223443223E-0002 -1.40527472527473E+0000
 506  7.34798534798535E-0002 -1.39479853479853E+0000
 507  4.68864468864469E-0002 -1.40930402930403E+0000
 508  2.75457875457875E-0002 -1.38915750915751E+0000
 509 -4.68864468864469E-0003 -1.36739926739927E+0000
 510 -2.40293040293040E-0002 -1.40446886446886E+0000
 511 -3.45054945054945E-0002 -1.39157509157509E+0000
 512 -4.90109890109890E-0002 -1.41010989010989E+0000
 513 -6.99633699633700E-0002 -1.40205128205128E+0000
 514 -8.28571428571429E-0002 -1.36739926739927E+0000
 515 -7.96336996336996E-0002 -1.38754578754579E+0000
 516 -9.41391941391941E-0002 -1.37787545787546E+0000
 517 -8.44688644688645E-0002 -1.39157509157509E+0000
 518 -6.99633699633700E-0002 -1.40688644688645E+0000
 519 -5.38461538461538E-0002 -1.38351648351648E+0000
 520 -2.72527472527473E-0002 -1.38915750915751E+0000
 521  4.17582417582418E-0003 -1.36659340659341E+0000
 522  3.07692307692308E-0002 -1.39721611721612E+0000
 523  5.65567765567766E-0002 -1.38673992673993E+0000
 524  4.93040293040293E-0002 -1.40446886446886E+0000
 525  6.86446886446886E-0002 -1.38109890109890E+0000
 526  8.15384615384615E-0002 -1.40124542124542E+0000
 527  9.52380952380952E-0002 -1.38351648351648E+0000
 528  9.28205128205128E-0002 -1.38512820512821E+0000
 529  8.23443223443223E-0002 -1.37948717948718E+0000
 530  7.58974358974359E-0002 -1.41172161172161E+0000
 531  6.21978021978022E-0002 -1.40205128205128E+0000
 532  5.25274725274725E-0002 -1.37868131868132E+0000
 533  1.86813186813187E-0002 -1.39641025641026E+0000
 534 -7.10622710622711E-0003 -1.41494505494505E+0000
 535 -3.20879120879121E-0002 -1.38512820512821E+0000
 536 -5.94871794871795E-0002 -1.40608058608059E+0000
 537 -7.56043956043956E-0002 -1.40366300366300E+0000
 538 -8.36630036630037E-0002 -1.38915750915751E+0000
 539 -8.68864468864469E-0002 -1.36981684981685E+0000
 540 -8.04395604395604E-0002 -1.39641025641026E+0000
 541 -9.01098901098901E-0002 -1.38271062271062E+0000
 542 -1.15091575091575E-0001 -1.36417582417582E+0000
 543 -7.39926739926740E-0002 -1.37304029304029E+0000
 544 -8.20512820512821E-0002 -1.41413919413919E+0000
 545 -6.91575091575092E-0002 -1.39882783882784E+0000
 546 -5.70695970695971E-0002 -1.38673992673993E+0000
 547 -4.73992673992674E-0002 -1.37304029304029E+0000
 548 -3.53113553113553E-0002 -1.40849816849817E+0000
 549 -2.00000000000000E-0002 -1.39318681318681E+0000
 550 -2.27106227106227E-0003 -1.39560439560440E+0000
 551  3.23809523809524E-0002 -1.37706959706960E+0000
 552  4.28571428571429E-0002 -1.38512820512821E+0000
 553  6.78388278388278E-0002 -1.41172161172161E+0000
 554  9.04029304029304E-0002 -1.38835164835165E+0000
 555  9.92673992673993E-0002 -1.40849816849817E+0000
 556  8.55677655677656E-0002 -1.37062271062271E+0000
 557  7.18681318681319E-0002 -1.38754578754579E+0000
 558  6.21978021978022E-0002 -1.40446886446886E+0000
 559  4.44688644688645E-0002 -1.39479853479853E+0000
 560  6.59340659340659E-0003 -1.40205128205128E+0000
 561 -1.75824175824176E-0002 -1.38109890109890E+0000
 562 -4.25641025641026E-0002 -1.41252747252747E+0000
 563 -5.86813186813187E-0002 -1.40285714285714E+0000
 564 -6.43223443223443E-0002 -1.39479853479853E+0000
 565 -7.88278388278388E-0002 -1.37868131868132E+0000
 566 -8.84981684981685E-0002 -1.39560439560440E+0000
 567 -9.25274725274725E-0002 -1.38593406593407E+0000
 568 -9.01098901098901E-0002 -1.37465201465201E+0000
 569 -8.52747252747253E-0002 -1.40446886446886E+0000
 570 -8.44688644688645E-0002 -1.39157509157509E+0000
 571 -8.20512820512821E-0002 -1.37465201465201E+0000
 572 -5.86813186813187E-0002 -1.38915750915751E+0000
 573 -4.33699633699634E-0002 -1.40527472527473E+0000
 574 -2.27106227106227E-0003 -1.37787545787546E+0000
 575  2.27106227106227E-0002 -1.40527472527473E+0000
 576  4.60805860805861E-0002 -1.39318681318681E+0000
 577  6.21978021978022E-0002 -1.37787545787546E+0000
 578  7.42857142857143E-0002 -1.40205128205128E+0000
 579  9.12087912087912E-0002 -1.35934065934066E+0000
 580  1.00879120879120E-0001 -1.38271062271062E+0000
 581  9.04029304029304E-0002 -1.37948717948718E+0000
 582  7.50915750915751E-0002 -1.40527472527473E+0000
 583  6.21978021978022E-0002 -1.37384615384615E+0000
 584  3.23809523809524E-0002 -1.40124542124542E+0000
 585 -5.49450549450549E-0003 -1.37142857142857E+0000
 586 -3.45054945054945E-0002 -1.39963369963370E+0000
 587 -5.54578754578755E-0002 -1.37787545787546E+0000
 588 -6.43223443223443E-0002 -1.40608058608059E+0000
 589 -9.25274725274725E-0002 -1.38432234432234E+0000
 590 -9.49450549450549E-0002 -1.40608058608059E+0000
 591 -8.84981684981685E-0002 -1.37706959706960E+0000
 592 -7.47985347985348E-0002 -1.39963369963370E+0000
 593 -5.38461538461538E-0002 -1.36659340659341E+0000
 594 -2.80586080586081E-0002 -1.39157509157509E+0000
 595 -2.27106227106227E-0003 -1.39560439560440E+0000
 596  2.75457875457875E-0002 -1.37062271062271E+0000
 597  4.93040293040293E-0002 -1.37787545787546E+0000
