 0  1.67765567765568E-0001 -1.53018315018315E+0000
 1  1.51648351648352E-0001 -1.76710622710623E+0000
 2  1.30695970695971E-0001 -1.25377289377289E+0000
 3  1.02490842490842E-0001 -1.03457875457875E+0000
 4  6.86446886446886E-0002 -1.56322344322344E+0000
 5  3.80219780219780E-0002 -1.79611721611722E+0000
 6  7.39926739926740E-0003 -1.22959706959707E+0000
 7 -2.00000000000000E-0002 -1.02087912087912E+0000
 8 -3.93406593406593E-0002 -1.54468864468864E+0000
 9 -4.57875457875458E-0002 -1.76952380952381E+0000
 10 -5.78754578754579E-0002 -1.24893772893773E+0000
 11 -4.09523809523810E-0002 -1.03699633699634E+0000
 12 -1.83882783882784E-0002 -1.56967032967033E+0000
 13  1.38461538461538E-0002 -1.78644688644689E+0000
 14  3.64102564102564E-0002 -1.25860805860806E+0000
 15  7.34798534798535E-0002 -1.06036630036630E+0000
 16  1.10549450549450E-0001 -1.59626373626374E+0000
 17  1.35531135531136E-0001 -1.76791208791209E+0000
 18  1.52454212454212E-0001 -1.23201465201465E+0000
 19  1.64542124542125E-0001 -1.04102564102564E+0000
 20  1.58901098901099E-0001 -1.58095238095238E+0000
 21  1.51648351648352E-0001 -1.79369963369963E+0000
 22  1.26666666666667E-0001 -1.26263736263736E+0000
 23  9.76556776556777E-0002 -1.08212454212454E+0000
 24  6.21978021978022E-0002 -1.59706959706960E+0000
 25  3.88278388278388E-0002 -1.76388278388278E+0000
 26 -2.27106227106227E-0003 -1.22234432234432E+0000
 27 -2.64468864468864E-0002 -1.04183150183150E+0000
 28 -4.17582417582418E-0002 -1.59223443223443E+0000
 29 -4.90109890109890E-0002 -1.75179487179487E+0000
 30 -4.98168498168498E-0002 -1.20703296703297E+0000
 31 -4.25641025641026E-0002 -1.03296703296703E+0000
 32 -1.27472527472527E-0002 -1.59062271062271E+0000
 33  1.38461538461538E-0002 -1.73809523809524E+0000
 34  4.28571428571429E-0002 -1.18205128205128E+0000
 35  7.34798534798535E-0002 -1.00153846153846E+0000
 36  1.00879120879120E-0001 -1.55355311355311E+0000
 37  1.34725274725275E-0001 -1.72923076923077E+0000
 38  1.52454212454212E-0001 -1.17721611721612E+0000
 39  1.61318681318681E-0001 -1.00556776556777E+0000
 40  1.58901098901099E-0001 -1.56483516483516E+0000
 41  1.53260073260073E-0001 -1.73809523809524E+0000
 42  1.26666666666667E-0001 -1.18205128205128E+0000
 43  1.04102564102564E-0001 -1.02007326007326E+0000
 44  7.10622710622711E-0002 -1.59062271062271E+0000
 45  3.96336996336996E-0002 -1.71875457875458E+0000
 46 -2.27106227106227E-0003 -1.15787545787546E+0000
 47 -2.40293040293040E-0002 -1.04505494505495E+0000
 48 -3.77289377289377E-0002 -1.62043956043956E+0000
 49 -4.82051282051282E-0002 -1.73487179487179E+0000
 50 -5.06227106227106E-0002 -1.17560439560440E+0000
 51 -3.12820512820513E-0002 -1.01362637362637E+0000
 52 -1.35531135531135E-0002 -1.59062271062271E+0000
 53  1.06227106227106E-0002 -1.70021978021978E+0000
 54  4.20512820512821E-0002 -1.13128205128205E+0000
 55  7.58974358974359E-0002 -1.01926739926740E+0000
 56  1.07326007326007E-0001 -1.59142857142857E+0000
 57  1.36336996336996E-0001 -1.69780219780220E+0000
 58  1.50842490842491E-0001 -1.12080586080586E+0000
 59  1.62124542124542E-0001 -1.02087912087912E+0000
 60  1.50842490842491E-0001 -1.59062271062271E+0000
 61  1.52454212454212E-0001 -1.69135531135531E+0000
 62  1.23443223443223E-0001 -1.11597069597070E+0000
 63  9.84615384615385E-0002 -1.02329670329670E+0000
 64  6.78388278388278E-0002 -1.60432234432234E+0000
 65  2.91575091575092E-0002 -1.70747252747253E+0000
 66  1.75824175824176E-0003 -1.13369963369963E+0000
 67 -2.64468864468864E-0002 -1.05230769230769E+0000
 68 -4.41758241758242E-0002 -1.64300366300366E+0000
 69 -4.98168498168498E-0002 -1.73487179487179E+0000
 70 -5.38461538461538E-0002 -1.16271062271062E+0000
 71 -4.09523809523810E-0002 -1.08131868131868E+0000
 72 -1.19413919413919E-0002 -1.62930402930403E+0000
 73  1.38461538461538E-0002 -1.71069597069597E+0000
 74  4.20512820512821E-0002 -1.12402930402930E+0000
 75  7.58974358974359E-0002 -1.03860805860806E+0000
 76  1.11355311355311E-0001 -1.62769230769231E+0000
 77  1.36336996336996E-0001 -1.70102564102564E+0000
 78  1.50842490842491E-0001 -1.11758241758242E+0000
 79  1.58901098901099E-0001 -1.04183150183150E+0000
 80  1.62930402930403E-0001 -1.63010989010989E+0000
 81  1.53260073260073E-0001 -1.70344322344322E+0000
 82  1.38754578754579E-0001 -1.12564102564103E+0000
 83  9.76556776556777E-0002 -1.06439560439560E+0000
 84  7.18681318681319E-0002 -1.66637362637363E+0000
 85  3.47985347985348E-0002 -1.73084249084249E+0000
 86 -2.27106227106227E-0003 -1.14336996336996E+0000
 87 -2.00000000000000E-0002 -1.09018315018315E+0000
 88 -4.25641025641026E-0002 -1.65347985347985E+0000
 89 -4.98168498168498E-0002 -1.70989010989011E+0000
 90 -5.38461538461538E-0002 -1.12402930402930E+0000
 91 -3.53113553113553E-0002 -1.07245421245421E+0000
 92 -1.43589743589743E-0002 -1.62527472527473E+0000
 93  1.06227106227106E-0002 -1.67765567765568E+0000
 94  4.28571428571429E-0002 -1.12886446886447E+0000
 95  7.58974358974359E-0002 -1.09098901098901E+0000
 96  1.11355311355311E-0001 -1.66073260073260E+0000
 97  1.34725274725275E-0001 -1.70102564102564E+0000
 98  1.52454212454212E-0001 -1.10710622710623E+0000
 99  1.64542124542125E-0001 -1.07084249084249E+0000
 100  1.64542124542125E-0001 -1.67926739926740E+0000
 101  1.50842490842491E-0001 -1.71311355311355E+0000
 102  1.23443223443223E-0001 -1.12161172161172E+0000
 103  9.68498168498168E-0002 -1.10065934065934E+0000
 104  6.21978021978022E-0002 -1.67523809523810E+0000
 105  2.99633699633700E-0002 -1.70989010989011E+0000
 106 -3.88278388278388E-0003 -1.11838827838828E+0000
 107 -2.40293040293040E-0002 -1.10065934065934E+0000
 108 -4.01465201465201E-0002 -1.67523809523810E+0000
 109 -4.49816849816850E-0002 -1.69941391941392E+0000
 110 -5.70695970695971E-0002 -1.09582417582418E+0000
 111 -3.69230769230769E-0002 -1.08454212454212E+0000
 112 -1.59706959706960E-0002 -1.65831501831502E+0000
 113  1.46520146520146E-0002 -1.67684981684982E+0000
 114  4.44688644688645E-0002 -1.11516483516484E+0000
 115  8.47619047619048E-0002 -1.10307692307692E+0000
 116  1.11355311355311E-0001 -1.68410256410256E+0000
 117  1.40366300366300E-0001 -1.69054945054945E+0000
 118  1.52454212454212E-0001 -1.13047619047619E+0000
 119  1.66959706959707E-0001 -1.13047619047619E+0000
 120  1.66153846153846E-0001 -1.70666666666667E+0000
 121  1.46007326007326E-0001 -1.67040293040293E+0000
 122  1.24249084249084E-0001 -1.10791208791209E+0000
 123  9.76556776556777E-0002 -1.12080586080586E+0000
 124  6.86446886446886E-0002 -1.70666666666667E+0000
 125  3.56043956043956E-0002 -1.66315018315018E+0000
 126 -3.88278388278388E-0003 -1.10227106227106E+0000
 127 -2.48351648351648E-0002 -1.12080586080586E+0000
 128 -4.49816849816850E-0002 -1.70666666666667E+0000
 129 -4.98168498168498E-0002 -1.66073260073260E+0000
 130 -5.38461538461538E-0002 -1.08857142857143E+0000
 131 -3.77289377289377E-0002 -1.10468864468864E+0000
 132 -1.35531135531135E-0002 -1.67926739926740E+0000
 133  1.54578754578754E-0002 -1.65589743589744E+0000
 134  3.88278388278388E-0002 -1.09018315018315E+0000
 135  7.99267399267399E-0002 -1.10871794871795E+0000
 136  1.12967032967033E-0001 -1.69216117216117E+0000
 137  1.39560439560440E-0001 -1.62769230769231E+0000
 138  1.49230769230769E-0001 -1.04827838827839E+0000
 139  1.60512820512821E-0001 -1.11113553113553E+0000
 140  1.64542124542125E-0001 -1.68571428571429E+0000
 141  1.48424908424908E-0001 -1.65670329670330E+0000
 142  1.20219780219780E-0001 -1.08695970695971E+0000
 143  9.52380952380952E-0002 -1.12322344322344E+0000
 144  6.86446886446886E-0002 -1.71875457875458E+0000
 145  3.47985347985348E-0002 -1.64622710622711E+0000
 146 -2.27106227106227E-0003 -1.06842490842491E+0000
 147 -1.27472527472527E-0002 -1.14417582417582E+0000
 148 -4.41758241758242E-0002 -1.73890109890110E+0000
 149 -5.30402930402930E-0002 -1.65992673992674E+0000
 150 -5.38461538461538E-0002 -1.08293040293040E+0000
 151 -3.69230769230769E-0002 -1.13208791208791E+0000
 152 -1.11355311355311E-0002 -1.72036630036630E+0000
 153  1.78754578754579E-0002 -1.63172161172161E+0000
 154  4.28571428571429E-0002 -1.05714285714286E+0000
 155  8.47619047619048E-0002 -1.14739926739927E+0000
 156  1.20219780219780E-0001 -1.74695970695971E+0000
 157  1.40366300366300E-0001 -1.65186813186813E+0000
 158  1.52454212454212E-0001 -1.07970695970696E+0000
 159  1.62930402930403E-0001 -1.13531135531136E+0000
 160  1.58901098901099E-0001 -1.73245421245421E+0000
 161  1.54065934065934E-0001 -1.62769230769231E+0000
 162  1.26666666666667E-0001 -1.05069597069597E+0000
 163  9.76556776556777E-0002 -1.15787545787546E+0000
 164  6.21978021978022E-0002 -1.75582417582418E+0000
 165  3.64102564102564E-0002 -1.64622710622711E+0000
 166 -2.27106227106227E-0003 -1.06600732600733E+0000
 167 -2.40293040293040E-0002 -1.17882783882784E+0000
 168 -4.73992673992674E-0002 -1.73970695970696E+0000
 169 -4.98168498168498E-0002 -1.62688644688645E+0000
 170 -5.38461538461538E-0002 -1.03538461538462E+0000
 171 -3.61172161172161E-0002 -1.15465201465201E+0000
 172 -1.27472527472527E-0002 -1.75340659340659E+0000
 173  1.46520146520146E-0002 -1.63172161172161E+0000
 174  4.52747252747253E-0002 -1.05472527472527E+0000
 175  8.15384615384615E-0002 -1.17882783882784E+0000
 176  1.16996336996337E-0001 -1.74212454212454E+0000
 177  1.41172161172161E-0001 -1.61076923076923E+0000
 178  1.52454212454212E-0001 -1.02732600732601E+0000
 179  1.62124542124542E-0001 -1.15706959706960E+0000
 180  1.62124542124542E-0001 -1.75018315018315E+0000
 181  1.52454212454212E-0001 -1.60029304029304E+0000
 182  1.23443223443223E-0001 -1.03054945054945E+0000
 183  9.36263736263736E-0002 -1.17479853479853E+0000
 184  6.21978021978022E-0002 -1.78241758241758E+0000
 185  3.47985347985348E-0002 -1.62608058608059E+0000
 186 -7.91208791208791E-0003 -1.05956043956044E+0000
 187 -2.96703296703297E-0002 -1.20945054945055E+0000
 188 -4.33699633699634E-0002 -1.76791208791209E+0000
 189 -4.90109890109890E-0002 -1.61882783882784E+0000
 190 -5.38461538461538E-0002 -1.04424908424908E+0000
 191 -3.53113553113553E-0002 -1.20622710622711E+0000
 192 -1.19413919413919E-0002 -1.76710622710623E+0000
 193  1.94871794871795E-0002 -1.60835164835165E+0000
 194  4.76923076923077E-0002 -1.02168498168498E+0000
 195  8.39560439560440E-0002 -1.17882783882784E+0000
 196  1.09743589743589E-0001 -1.73245421245421E+0000
 197  1.16996336996337E-0001 -1.56402930402930E+0000
 198  1.52454212454212E-0001 -1.02007326007326E+0000
 199  1.65347985347985E-0001 -1.19816849816850E+0000
 200  1.60512820512821E-0001 -1.75501831501832E+0000
 201  1.46007326007326E-0001 -1.58256410256410E+0000
 202  1.20219780219780E-0001 -1.04424908424908E+0000
 203  9.44322344322344E-0002 -1.23201465201465E+0000
 204  6.21978021978022E-0002 -1.79692307692308E+0000
 205  2.99633699633700E-0002 -1.57450549450549E+0000
 206 -1.43589743589743E-0002 -1.04747252747253E+0000
 207 -2.88644688644689E-0002 -1.23604395604396E+0000
 208 -4.33699633699634E-0002 -1.79369963369963E+0000
 209 -4.90109890109890E-0002 -1.60351648351648E+0000
 210 -4.98168498168498E-0002 -1.02974358974359E+0000
 211 -3.20879120879121E-0002 -1.22717948717949E+0000
 212 -1.43589743589743E-0002 -1.77435897435897E+0000
 213  1.54578754578754E-0002 -1.57934065934066E+0000
 214  4.12454212454212E-0002 -1.04424908424908E+0000
 215  8.39560439560440E-0002 -1.25377289377289E+0000
 216  1.15384615384615E-0001 -1.80256410256410E+0000
 217  1.41172161172161E-0001 -1.55274725274725E+0000
 218  1.59706959706960E-0001 -1.02087912087912E+0000
 219  1.61318681318681E-0001 -1.22476190476190E+0000
 220  1.61318681318681E-0001 -1.77838827838828E+0000
 221  1.38754578754579E-0001 -1.56805860805861E+0000
 222  1.20219780219780E-0001 -1.04586080586081E+0000
 223  9.20146520146520E-0002 -1.27472527472527E+0000
 224  5.57509157509158E-0002 -1.83157509157509E+0000
 225  2.75457875457875E-0002 -1.57692307692308E+0000
 226 -7.10622710622711E-0003 -1.05069597069597E+0000
 227 -3.20879120879121E-0002 -1.28520146520147E+0000
 228 -3.93406593406593E-0002 -1.78402930402930E+0000
 229 -5.22344322344322E-0002 -1.55919413919414E+0000
 230 -5.38461538461538E-0002 -1.03619047619048E+0000
 231 -3.53113553113553E-0002 -1.27069597069597E+0000
 232 -1.27472527472527E-0002 -1.82190476190476E+0000
 233  1.86813186813187E-0002 -1.54065934065934E+0000
 234  4.93040293040293E-0002 -1.01846153846154E+0000
 235  8.31501831501832E-0002 -1.80498168498168E+0000
 236  1.40366300366300E-0001 -1.52131868131868E+0000
 237  1.63736263736264E-0001 -9.99926739926740E-0001
 238  1.61318681318681E-0001 -1.24732600732601E+0000
 239  1.58095238095238E-0001 -1.78483516483516E+0000
 240  1.44395604395604E-0001 -1.53421245421245E+0000
 241  1.22637362637362E-0001 -1.02410256410256E+0000
 242  9.20146520146520E-0002 -1.28358974358974E+0000
 243  5.97802197802198E-0002 -1.79128205128205E+0000
 244  2.43223443223443E-0002 -1.53340659340659E+0000
 245 -6.30036630036630E-0003 -1.02249084249084E+0000
 246 -2.88644688644689E-0002 -1.28681318681319E+0000
 247 -4.33699633699634E-0002 -1.78483516483516E+0000
 248 -4.82051282051282E-0002 -1.51809523809524E+0000
 249 -4.98168498168498E-0002 -1.00556776556777E+0000
 250 -3.69230769230769E-0002 -1.27391941391941E+0000
 251 -1.11355311355311E-0002 -1.80659340659341E+0000
 252  1.94871794871795E-0002 -9.73333333333333E-0001
 253  8.55677655677656E-0002 -1.24410256410256E+0000
 254  1.18608058608058E-0001 -1.77597069597070E+0000
 255  1.42783882783883E-0001 -1.48263736263736E+0000
 256  1.58095238095238E-0001 -1.01684981684982E+0000
 257  1.62930402930403E-0001 -1.30454212454212E+0000
 258  1.58901098901099E-0001 -1.78805860805861E+0000
 259  1.47619047619048E-0001 -1.49069597069597E+0000
 260  1.16996336996337E-0001 -9.92673992673993E-0001
 261  9.36263736263736E-0002 -1.28923076923077E+0000
 262  6.13919413919414E-0002 -1.78080586080586E+0000
 263  2.51282051282051E-0002 -1.48747252747253E+0000
 264 -4.68864468864469E-0003 -9.88644688644689E-0001
 265 -3.45054945054945E-0002 -1.28278388278388E+0000
 266 -4.57875457875458E-0002 -1.76952380952381E+0000
 267 -4.90109890109890E-0002 -1.45926739926740E+0000
 268 -4.73992673992674E-0002 -9.92673992673993E-0001
 269 -2.88644688644689E-0002 -1.30051282051282E+0000
 270 -9.52380952380952E-0003 -1.77919413919414E+0000
 271  2.75457875457875E-0002 -1.46410256410256E+0000
 272  5.57509157509158E-0002 -1.00798534798535E+0000
 273  8.87912087912088E-0002 -1.31824175824176E+0000
 274  1.23443223443223E-0001 -1.79047619047619E+0000
 275  1.46007326007326E-0001 -1.46732600732601E+0000
 276  1.52454212454212E-0001 -1.01201465201465E+0000
 277  1.63736263736264E-0001 -1.81062271062271E+0000
 278  1.46007326007326E-0001 -1.44315018315018E+0000
 279  1.20219780219780E-0001 -9.91868131868132E-0001
 280  9.28205128205128E-0002 -1.32791208791209E+0000
 281  5.57509157509158E-0002 -1.43267399267399E+0000
 282 -8.71794871794872E-0003 -1.33435897435897E+0000
 283 -4.98168498168498E-0002 -1.80901098901099E+0000
 284 -5.22344322344322E-0002 -9.77362637362637E-0001
 285 -2.96703296703297E-0002 -1.31582417582418E+0000
 286 -7.91208791208791E-0003 -1.43106227106227E+0000
 287  5.25274725274725E-0002 -9.91062271062271E-0001
 288  9.12087912087912E-0002 -1.79531135531136E+0000
 289  1.43589743589744E-0001 -1.39076923076923E+0000
 290  1.62930402930403E-0001 -1.34241758241758E+0000
 291  1.58095238095238E-0001 -1.80498168498168E+0000
 292  1.42783882783883E-0001 -1.40205128205128E+0000
 293  1.15384615384615E-0001 -9.62857142857143E-0001
 294  9.44322344322344E-0002 -1.81706959706960E+0000
 295  2.35164835164835E-0002 -1.40608058608059E+0000
 296 -4.68864468864469E-0003 -9.82197802197802E-0001
 297 -3.04761904761905E-0002 -1.34967032967033E+0000
 298 -4.49816849816850E-0002 -1.37142857142857E+0000
 299 -5.38461538461538E-0002 -9.85421245421245E-0001
 300 -2.72527472527473E-0002 -1.36498168498168E+0000
 301 -7.10622710622711E-0003 -1.80901098901099E+0000
 302  2.43223443223443E-0002 -9.90256410256410E-0001
 303  8.95970695970696E-0002 -1.37304029304029E+0000
 304  1.31501831501832E-0001 -1.80981684981685E+0000
 305  1.44395604395604E-0001 -1.00153846153846E+0000
 306  1.62124542124542E-0001 -1.39238095238095E+0000
 307  1.69377289377289E-0001 -1.78483516483516E+0000
 308  1.45201465201465E-0001 -1.38512820512821E+0000
 309  1.17802197802197E-0001 -9.74945054945055E-0001
 310  8.63736263736264E-0002 -1.38271062271062E+0000
 311  6.13919413919414E-0002 -1.76791208791209E+0000
 312  1.86813186813187E-0002 -1.00395604395604E+0000
 313 -2.88644688644689E-0002 -1.41816849816850E+0000
 314 -4.41758241758242E-0002 -1.34967032967033E+0000
 315 -4.98168498168498E-0002 -1.38996336996337E+0000
 316 -6.30036630036630E-0003 -1.76871794871795E+0000
 317  2.19047619047619E-0002 -9.78168498168498E-0001
 318  9.12087912087912E-0002 -1.76710622710623E+0000
 319  1.46007326007326E-0001 -1.33758241758242E+0000
 320  1.52454212454212E-0001 -1.40366300366300E+0000
 321  1.52454212454212E-0001 -1.77838827838828E+0000
 322  1.41172161172161E-0001 -1.00153846153846E+0000
 323  8.95970695970696E-0002 -1.43912087912088E+0000
 324  4.93040293040293E-0002 -1.81545787545788E+0000
 325  2.19047619047619E-0002 -1.32871794871795E+0000
 326 -1.11355311355311E-0002 -9.92673992673993E-0001
 327 -3.04761904761905E-0002 -1.44234432234432E+0000
 328 -4.57875457875458E-0002 -1.31098901098901E+0000
 329 -4.73992673992674E-0002 -9.66886446886447E-0001
 330 -2.64468864468864E-0002 -1.45846153846154E+0000
 331 -4.68864468864469E-0003 -1.32146520146520E+0000
 332  5.65567765567766E-0002 -9.89450549450549E-0001
 333  9.12087912087912E-0002 -1.44395604395604E+0000
 334  1.25860805860806E-0001 -1.79369963369963E+0000
 335  1.46813186813187E-0001 -1.32630036630037E+0000
 336  1.57289377289377E-0001 -1.00476190476190E+0000
 337  1.65347985347985E-0001 -1.81223443223443E+0000
 338  1.39560439560440E-0001 -1.30212454212454E+0000
 339  1.13772893772893E-0001 -1.46168498168498E+0000
 340  5.33333333333333E-0002 -1.80014652014652E+0000
 341  2.02930402930403E-0002 -1.28842490842491E+0000
 342 -1.19413919413919E-0002 -9.82197802197802E-0001
 343 -3.28937728937729E-0002 -1.45604395604396E+0000
 344 -4.65934065934066E-0002 -1.78644688644689E+0000
 345 -5.14285714285714E-0002 -1.00476190476190E+0000
 346 -3.20879120879121E-0002 -1.76952380952381E+0000
 347  2.83516483516484E-0002 -1.26989010989011E+0000
 348  5.73626373626374E-0002 -1.51245421245421E+0000
 349  1.22637362637362E-0001 -1.78161172161172E+0000
 350  1.40366300366300E-0001 -1.02329670329670E+0000
 351  1.65347985347985E-0001 -1.52534798534799E+0000
 352  1.52454212454212E-0001 -1.79853479853480E+0000
 353  1.41172161172161E-0001 -1.24893772893773E+0000
 354  1.33113553113553E-0001 -1.00879120879121E+0000
 355  8.63736263736264E-0002 -1.51567765567766E+0000
 356  5.25274725274725E-0002 -1.26666666666667E+0000
 357 -1.35531135531135E-0002 -1.03135531135531E+0000
 358 -3.28937728937729E-0002 -1.80739926739927E+0000
 359 -5.14285714285714E-0002 -1.24652014652015E+0000
 360 -4.73992673992674E-0002 -1.01443223443223E+0000
 361 -2.72527472527473E-0002 -1.77194139194139E+0000
 362  2.02930402930403E-0002 -1.25054945054945E+0000
 363  5.89743589743590E-0002 -1.54468864468864E+0000
 364  1.22637362637362E-0001 -1.78080586080586E+0000
 365  1.41978021978022E-0001 -1.26021978021978E+0000
 366  1.58095238095238E-0001 -1.56644688644689E+0000
 367  1.73406593406593E-0001 -1.80175824175824E+0000
 368  1.37948717948718E-0001 -1.02732600732601E+0000
 369  8.47619047619048E-0002 -1.56644688644689E+0000
 370  4.93040293040293E-0002 -1.79289377289377E+0000
 371  1.06227106227106E-0002 -1.26505494505495E+0000
 372 -1.67765567765568E-0002 -1.07648351648352E+0000
 373 -3.20879120879121E-0002 -1.58417582417582E+0000
 374 -4.82051282051282E-0002 -1.80498168498168E+0000
 375 -5.06227106227106E-0002 -1.22798534798535E+0000
 376 -4.65934065934066E-0002 -1.03054945054945E+0000
 377 -2.40293040293040E-0002 -1.78483516483516E+0000
 378  2.91575091575092E-0002 -1.24168498168498E+0000
 379  5.81684981684982E-0002 -1.58981684981685E+0000
 380  1.16996336996337E-0001 -1.75582417582418E+0000
 381  1.50036630036630E-0001 -1.19978021978022E+0000
 382  1.52454212454212E-0001 -1.02087912087912E+0000
 383  1.65347985347985E-0001 -1.76146520146520E+0000
 384  1.36336996336996E-0001 -1.04263736263736E+0000
 385  8.31501831501832E-0002 -1.75018315018315E+0000
 386  1.22344322344322E-0002 -1.02893772893773E+0000
 387 -3.53113553113553E-0002 -1.77032967032967E+0000
 388 -5.38461538461538E-0002 -1.20703296703297E+0000
 389 -4.73992673992674E-0002 -1.62285714285714E+0000
 390 -3.07692307692308E-0003 -1.75340659340659E+0000
 391  2.99633699633700E-0002 -1.18849816849817E+0000
 392  5.97802197802198E-0002 -1.03377289377289E+0000
 393  9.60439560439560E-0002 -1.59304029304029E+0000
 394  1.25054945054945E-0001 -1.71391941391941E+0000
 395  1.52454212454212E-0001 -1.13934065934066E+0000
 396  1.55677655677656E-0001 -1.61399267399267E+0000
 397  1.56483516483516E-0001 -1.71472527472527E+0000
 398  1.35531135531136E-0001 -1.14739926739927E+0000
 399  1.08937728937728E-0001 -1.05956043956044E+0000
 400  7.67032967032967E-0002 -1.64139194139194E+0000
 401  4.68864468864469E-0002 -1.16593406593407E+0000
 402 -1.59706959706960E-0002 -1.08615384615385E+0000
 403 -3.28937728937729E-0002 -1.73003663003663E+0000
 404 -4.98168498168498E-0002 -1.14498168498168E+0000
 405 -4.33699633699634E-0002 -1.65428571428571E+0000
 406 -2.27106227106227E-0003 -1.73728937728938E+0000
 407  2.83516483516484E-0002 -1.08051282051282E+0000
 408  9.52380952380952E-0002 -1.62688644688645E+0000
 409  1.25860805860806E-0001 -1.11274725274725E+0000
 410  1.61318681318681E-0001 -1.04424908424908E+0000
 411  1.64542124542125E-0001 -1.70505494505495E+0000
 412  1.33919413919414E-0001 -1.04344322344322E+0000
 413  8.31501831501832E-0002 -1.71069597069597E+0000
 414  1.54578754578754E-0002 -1.11677655677656E+0000
 415 -1.67765567765568E-0002 -1.62688644688645E+0000
 416 -4.41758241758242E-0002 -1.12725274725275E+0000
 417 -4.17582417582418E-0002 -1.65186813186813E+0000
 418 -2.27106227106227E-0003 -1.10146520146520E+0000
 419  6.21978021978022E-0002 -1.66959706959707E+0000
 420  1.26666666666667E-0001 -1.11194139194139E+0000
 421  1.62124542124542E-0001 -1.08131868131868E+0000
 422  1.62124542124542E-0001 -1.67926739926740E+0000
 423  1.33919413919414E-0001 -1.08937728937729E+0000
 424  8.07326007326007E-0002 -1.66476190476190E+0000
 425  4.28571428571429E-0002 -1.09179487179487E+0000
 426 -2.16117216117216E-0002 -1.07567765567766E+0000
 427 -3.69230769230769E-0002 -1.66234432234432E+0000
 428 -4.33699633699634E-0002 -1.08776556776557E+0000
 429 -4.82051282051282E-0002 -1.08534798534799E+0000
 430 -2.24175824175824E-0002 -1.65025641025641E+0000
 431 -4.68864468864469E-0003 -1.09582417582418E+0000
 432  6.62271062271062E-0002 -1.67120879120879E+0000
 433  1.26666666666667E-0001 -1.67362637362637E+0000
 434  1.49230769230769E-0001 -1.11355311355311E+0000
 435  1.62124542124542E-0001 -1.69619047619048E+0000
 436  1.50842490842491E-0001 -1.65267399267399E+0000
 437  1.35531135531136E-0001 -1.07326007326007E+0000
 438  1.09743589743589E-0001 -1.67604395604396E+0000
 439  4.28571428571429E-0002 -1.09340659340659E+0000
 440 -1.59706959706960E-0002 -1.71230769230769E+0000
 441 -4.65934065934066E-0002 -1.64945054945055E+0000
 442 -3.69230769230769E-0002 -1.73890109890110E+0000
 443  1.46520146520146E-0002 -1.66798534798535E+0000
 444  3.47985347985348E-0002 -1.08776556776557E+0000
 445  6.21978021978022E-0002 -1.13128205128205E+0000
 446  1.01684981684981E-0001 -1.71391941391941E+0000
 447  1.25054945054945E-0001 -1.04747252747253E+0000
 448  1.57289377289377E-0001 -1.13369963369963E+0000
 449  1.63736263736264E-0001 -1.63897435897436E+0000
 450  1.37142857142857E-0001 -1.16271062271062E+0000
 451  7.58974358974359E-0002 -1.75501831501832E+0000
 452  4.36630036630037E-0002 -1.09501831501832E+0000
 453 -2.16117216117216E-0002 -1.76307692307692E+0000
 454 -4.90109890109890E-0002 -1.65347985347985E+0000
 455 -5.22344322344322E-0002 -1.06681318681319E+0000
 456 -4.73992673992674E-0002 -1.18205128205128E+0000
 457 -2.00000000000000E-0002 -1.61802197802198E+0000
 458  4.04395604395604E-0002 -1.03457875457875E+0000
 459  6.86446886446886E-0002 -1.14820512820513E+0000
 460  1.01684981684981E-0001 -1.74373626373626E+0000
 461  1.26666666666667E-0001 -1.61721611721612E+0000
 462  1.54871794871795E-0001 -1.03377289377289E+0000
 463  1.58095238095238E-0001 -1.74615384615385E+0000
 464  1.51648351648352E-0001 -1.62043956043956E+0000
 465  1.37142857142857E-0001 -1.03216117216117E+0000
 466  1.04908424908424E-0001 -1.17560439560440E+0000
 467  7.83150183150183E-0002 -1.72761904761905E+0000
 468  4.36630036630037E-0002 -1.59868131868132E+0000
 469  7.39926739926740E-0003 -1.17157509157509E+0000
 470 -3.77289377289377E-0002 -1.63010989010989E+0000
 471 -5.54578754578755E-0002 -1.20380952380952E+0000
 472 -2.00000000000000E-0002 -1.60351648351648E+0000
 473  5.09157509157509E-0002 -1.17157509157509E+0000
 474  1.04102564102564E-0001 -1.60754578754579E+0000
 475  1.52454212454212E-0001 -1.17157509157509E+0000
 476  1.57289377289377E-0001 -1.60432234432234E+0000
 477  1.27472527472527E-0001 -1.02571428571429E+0000
 478  1.18608058608058E-0001 -1.76871794871795E+0000
 479  3.96336996336996E-0002 -1.01523809523810E+0000
 480 -2.24175824175824E-0002 -1.19575091575092E+0000
 481 -4.09523809523810E-0002 -1.74615384615385E+0000
 482 -5.62637362637363E-0002 -1.56967032967033E+0000
 483 -4.98168498168498E-0002 -1.21428571428571E+0000
 484 -2.00000000000000E-0002 -1.57289377289377E+0000
 485  3.96336996336996E-0002 -1.22798534798535E+0000
 486  1.04908424908424E-0001 -1.77516483516484E+0000
 487  1.26666666666667E-0001 -1.57208791208791E+0000
 488  1.52454212454212E-0001 -1.03457875457875E+0000
 489  1.58901098901099E-0001 -1.78805860805861E+0000
 490  1.52454212454212E-0001 -1.05150183150183E+0000
 491  1.00879120879120E-0001 -1.78967032967033E+0000
 492  3.80219780219780E-0002 -1.04021978021978E+0000
 493 -1.91941391941392E-0002 -1.26344322344322E+0000
 494 -4.90109890109890E-0002 -1.82190476190476E+0000
 495 -4.82051282051282E-0002 -1.56080586080586E+0000
 496 -5.06227106227106E-0002 -1.03457875457875E+0000
 497 -4.09523809523810E-0002 -1.81142857142857E+0000
 498  9.01098901098901E-0003 -1.01120879120879E+0000
 499  6.78388278388278E-0002 -1.54549450549451E+0000
 500  1.54871794871795E-0001 -1.01846153846154E+0000
 501  1.60512820512821E-0001 -1.26586080586081E+0000
 502  1.59706959706960E-0001 -1.80578754578755E+0000
 503  1.46007326007326E-0001 -1.00556776556777E+0000
 504  1.00879120879120E-0001 -1.51970695970696E+0000
 505  7.39926739926740E-0003 -1.26586080586081E+0000
 506 -3.77289377289377E-0002 -1.49553113553114E+0000
 507 -5.14285714285714E-0002 -1.23604395604396E+0000
 508 -1.91941391941392E-0002 -1.76630036630037E+0000
 509  1.06227106227106E-0002 -9.70109890109890E-0001
 510  6.94505494505495E-0002 -1.76146520146520E+0000
 511  1.33113553113553E-0001 -9.74139194139194E-0001
 512  1.58901098901099E-0001 -1.78080586080586E+0000
 513  1.50842490842491E-0001 -1.49956043956044E+0000
 514  1.29084249084249E-0001 -9.87838827838828E-0001
 515  1.00073260073260E-0001 -1.28117216117216E+0000
 516  7.18681318681319E-0002 -1.77194139194139E+0000
 517  3.72161172161172E-0002 -1.02007326007326E+0000
 518 -2.40293040293040E-0002 -1.82754578754579E+0000
 519 -4.98168498168498E-0002 -1.01362637362637E+0000
 520 -4.09523809523810E-0002 -1.32549450549451E+0000
 521 -1.59706959706960E-0002 -1.80498168498168E+0000
 522  8.20512820512821E-0003 -1.45765567765568E+0000
 523  4.20512820512821E-0002 -9.95897435897436E-0001
 524  7.50915750915751E-0002 -1.30051282051282E+0000
 525  1.09743589743589E-0001 -1.45684981684982E+0000
 526  1.53260073260073E-0001 -9.95091575091575E-0001
 527  1.63736263736264E-0001 -1.78000000000000E+0000
 528  1.51648351648352E-0001 -1.00234432234432E+0000
 529  1.00879120879120E-0001 -1.80981684981685E+0000
 530  3.72161172161172E-0002 -9.91868131868132E-0001
 531 -2.40293040293040E-0002 -1.81142857142857E+0000
 532 -4.90109890109890E-0002 -9.70109890109890E-0001
 533 -4.09523809523810E-0002 -1.41816849816850E+0000
 534  4.28571428571429E-0002 -1.30534798534799E+0000
 535  1.07326007326007E-0001 -1.40527472527473E+0000
 536  1.52454212454212E-0001 -9.61245421245421E-0001
 537  1.64542124542125E-0001 -1.35289377289377E+0000
 538  1.61318681318681E-0001 -1.42300366300366E+0000
 539  1.31501831501832E-0001 -9.84615384615385E-0001
 540  9.68498168498168E-0002 -1.35047619047619E+0000
 541  7.10622710622711E-0002 -1.80901098901099E+0000
 542  3.56043956043956E-0002 -1.40124542124542E+0000
 543  3.36996336996337E-0003 -9.62051282051282E-0001
 544 -3.20879120879121E-0002 -1.37626373626374E+0000
 545 -4.25641025641026E-0002 -1.41252747252747E+0000
 546 -5.14285714285714E-0002 -1.35208791208791E+0000
 547 -1.83882783882784E-0002 -1.37626373626374E+0000
 548  4.28571428571429E-0002 -9.79780219780220E-0001
 549  7.50915750915751E-0002 -1.36175824175824E+0000
 550  1.09743589743589E-0001 -1.80901098901099E+0000
 551  1.33113553113553E-0001 -1.37948717948718E+0000
 552  1.54065934065934E-0001 -9.91868131868132E-0001
 553  1.59706959706960E-0001 -1.38432234432234E+0000
 554  1.58901098901099E-0001 -1.39157509157509E+0000
 555  1.28278388278388E-0001 -1.40366300366300E+0000
 556  6.78388278388278E-0002 -9.95091575091575E-0001
 557 -2.24175824175824E-0002 -1.37787545787546E+0000
 558 -4.49816849816850E-0002 -1.40769230769231E+0000
 559 -1.75824175824176E-0002 -1.38190476190476E+0000
 560  4.28571428571429E-0002 -1.40930402930403E+0000
 561  1.11355311355311E-0001 -1.37868131868132E+0000
 562  1.52454212454212E-0001 -1.44315018315018E+0000
 563  1.59706959706960E-0001 -1.35934065934066E+0000
 564  1.30695970695971E-0001 -1.43589743589744E+0000
 565  6.30036630036630E-0002 -1.35289377289377E+0000
 566  1.46520146520147E-0004 -1.44234432234432E+0000
 567 -4.57875457875458E-0002 -1.34000000000000E+0000
 568 -5.22344322344322E-0002 -1.43267399267399E+0000
 569 -2.08058608058608E-0002 -1.80175824175824E+0000
 570  1.38461538461538E-0002 -9.56410256410256E-0001
 571  7.50915750915751E-0002 -1.80256410256410E+0000
 572  1.34725274725275E-0001 -9.53186813186813E-0001
 573  1.63736263736264E-0001 -1.80820512820513E+0000
 574  1.47619047619048E-0001 -1.30615384615385E+0000
 575  1.24249084249084E-0001 -9.70109890109890E-0001
 576  1.08937728937728E-0001 -1.78080586080586E+0000
 577  2.83516483516484E-0002 -9.97509157509158E-0001
 578 -2.80586080586081E-0002 -1.46813186813187E+0000
 579 -4.09523809523810E-0002 -1.30695970695971E+0000
 580 -4.98168498168498E-0002 -1.45846153846154E+0000
 581 -1.19413919413919E-0002 -9.91868131868132E-0001
 582  7.50915750915751E-0002 -1.80014652014652E+0000
 583  1.33919413919414E-0001 -9.63663003663004E-0001
 584  1.64542124542125E-0001 -1.28520146520147E+0000
 585  1.28278388278388E-0001 -1.46571428571429E+0000
 586  6.30036630036630E-0002 -1.28600732600733E+0000
 587 -6.59340659340659E-0004 -1.47941391941392E+0000
 588 -4.25641025641026E-0002 -1.78725274725275E+0000
 589 -5.38461538461538E-0002 -1.00556776556777E+0000
 590 -2.88644688644689E-0002 -1.77516483516484E+0000
 591  1.46520146520146E-0002 -1.01926739926740E+0000
 592  8.15384615384615E-0002 -1.78564102564103E+0000
 593  1.34725274725275E-0001 -9.94285714285714E-0001
 594  1.63736263736264E-0001 -1.76630036630037E+0000
 595  1.48424908424908E-0001 -1.03457875457875E+0000
 596  9.92673992673993E-0002 -1.80820512820513E+0000
 597  2.35164835164835E-0002 -1.03054945054945E+0000
 598 -2.80586080586081E-0002 -1.80256410256410E+0000
 599 -4.90109890109890E-0002 -1.01443223443223E+0000
 600 -3.28937728937729E-0002 -1.75904761904762E+0000
 601  8.20512820512821E-0003 -1.23523809523810E+0000
 602  4.44688644688645E-0002 -1.53824175824176E+0000
 603  1.13772893772893E-0001 -1.02571428571429E+0000
 604  1.64542124542125E-0001 -1.77597069597070E+0000
 605  1.44395604395604E-0001 -1.04827838827839E+0000
 606  9.68498168498168E-0002 -1.58820512820513E+0000
 607  6.86446886446886E-0002 -1.23362637362637E+0000
 608 -1.46520146520146E-0003 -1.58095238095238E+0000
 609 -4.25641025641026E-0002 -1.79934065934066E+0000
 610 -5.86813186813187E-0002 -1.03054945054945E+0000
 611 -3.53113553113553E-0002 -1.23765567765568E+0000
 612  5.25274725274725E-0002 -1.60432234432234E+0000
 613  1.16996336996337E-0001 -1.21428571428571E+0000
 614  1.55677655677656E-0001 -1.76791208791209E+0000
 615  1.48424908424908E-0001 -1.05150183150183E+0000
 616  9.60439560439560E-0002 -1.76952380952381E+0000
 617  2.91575091575092E-0002 -1.04263736263736E+0000
 618 -2.80586080586081E-0002 -1.74454212454212E+0000
 619 -5.38461538461538E-0002 -1.01523809523810E+0000
 620 -2.88644688644689E-0002 -1.56725274725275E+0000
 621 -7.10622710622711E-0003 -1.19010989010989E+0000
 622  4.68864468864469E-0002 -1.59062271062271E+0000
 623  1.22637362637362E-0001 -1.15142857142857E+0000
 624  1.55677655677656E-0001 -1.59948717948718E+0000
 625  1.62124542124542E-0001 -1.72600732600733E+0000
 626  1.39560439560440E-0001 -1.62124542124542E+0000
 627  6.38095238095238E-0002 -1.06842490842491E+0000
 628 -2.80586080586081E-0002 -1.76549450549451E+0000
 629 -5.46520146520147E-0002 -1.19575091575092E+0000
 630 -4.90109890109890E-0002 -1.64380952380952E+0000
 631 -3.07692307692308E-0003 -1.07487179487179E+0000
 632  8.47619047619048E-0002 -1.13128205128205E+0000
 633  1.58095238095238E-0001 -1.71633699633700E+0000
 634  1.41172161172161E-0001 -1.07245421245421E+0000
 635  9.44322344322344E-0002 -1.70908424908425E+0000
 636  2.35164835164835E-0002 -1.66073260073260E+0000
 637 -4.57875457875458E-0002 -1.14981684981685E+0000
 638 -5.06227106227106E-0002 -1.63172161172161E+0000
 639 -7.10622710622711E-0003 -1.12805860805861E+0000
 640  5.01098901098901E-0002 -1.66234432234432E+0000
 641  1.13772893772893E-0001 -1.72761904761905E+0000
 642  1.46007326007326E-0001 -1.08373626373626E+0000
 643  1.62124542124542E-0001 -1.71069597069597E+0000
 644  1.39560439560440E-0001 -1.06439560439560E+0000
 645  9.36263736263736E-0002 -1.13369963369963E+0000
 646 -3.88278388278388E-0003 -1.67120879120879E+0000
 647 -4.25641025641026E-0002 -1.12886446886447E+0000
 648 -4.98168498168498E-0002 -1.09582417582418E+0000
 649 -3.04761904761905E-0002 -1.70021978021978E+0000
 650  1.62637362637363E-0002 -1.67523809523810E+0000
 651  1.14578754578754E-0001 -1.10227106227106E+0000
 652  1.65347985347985E-0001 -1.67120879120879E+0000
 653  1.40366300366300E-0001 -1.10146520146520E+0000
 654  9.44322344322344E-0002 -1.70263736263736E+0000
 655  2.19047619047619E-0002 -1.09985347985348E+0000
 656 -3.45054945054945E-0002 -1.67926739926740E+0000
 657 -4.09523809523810E-0002 -1.11113553113553E+0000
 658 -4.82051282051282E-0002 -1.68974358974359E+0000
 659 -1.03296703296703E-0002 -1.68893772893773E+0000
 660  1.94871794871795E-0002 -1.13289377289377E+0000
 661  8.55677655677656E-0002 -1.66234432234432E+0000
 662  1.41978021978022E-0001 -1.09985347985348E+0000
 663  1.62124542124542E-0001 -1.66315018315018E+0000
 664  1.41172161172161E-0001 -1.09421245421245E+0000
 665  1.17802197802197E-0001 -1.70747252747253E+0000
 666  5.89743589743590E-0002 -1.08857142857143E+0000
 667 -3.88278388278388E-0003 -1.63655677655678E+0000
 668 -5.46520146520147E-0002 -1.14014652014652E+0000
 669 -2.96703296703297E-0002 -1.08534798534799E+0000
 670  5.73626373626374E-0002 -1.70102564102564E+0000
 671  1.21831501831501E-0001 -1.11677655677656E+0000
 672  1.62930402930403E-0001 -1.62608058608059E+0000
 673  1.42783882783883E-0001 -1.74534798534799E+0000
 674  5.73626373626374E-0002 -1.09179487179487E+0000
 675 -1.03296703296703E-0002 -1.65347985347985E+0000
 676 -5.38461538461538E-0002 -1.18446886446886E+0000
 677 -2.80586080586081E-0002 -1.74293040293040E+0000
 678 -5.49450549450549E-0003 -1.03941391941392E+0000
 679  5.25274725274725E-0002 -1.74776556776557E+0000
 680  1.13772893772893E-0001 -1.64380952380952E+0000
 681  1.37142857142857E-0001 -1.17963369963370E+0000
 682  1.62124542124542E-0001 -1.62930402930403E+0000
 683  1.38754578754579E-0001 -1.17802197802198E+0000
 684  8.87912087912088E-0002 -1.74131868131868E+0000
 685  5.01098901098901E-0002 -1.04586080586081E+0000
 686 -7.91208791208791E-0003 -1.74454212454212E+0000
 687 -4.09523809523810E-0002 -1.16432234432234E+0000
 688 -3.28937728937729E-0002 -1.61882783882784E+0000
 689  2.27106227106227E-0002 -1.73809523809524E+0000
 690  1.13772893772893E-0001 -1.04827838827839E+0000
 691  1.59706959706960E-0001 -1.19575091575092E+0000
 692  1.62124542124542E-0001 -1.00798534798535E+0000
 693  1.16190476190476E-0001 -1.75663003663004E+0000
 694  5.41391941391941E-0002 -1.59706959706960E+0000
 695  1.78754578754579E-0002 -1.18366300366300E+0000
 696 -3.61172161172161E-0002 -1.58014652014652E+0000
 697 -4.90109890109890E-0002 -1.78161172161172E+0000
 698 -6.30036630036630E-0003 -1.01282051282051E+0000
 699  5.81684981684982E-0002 -1.55113553113553E+0000
 700  1.41172161172161E-0001 -1.18043956043956E+0000
 701  1.63736263736264E-0001 -1.01604395604396E+0000
 702  1.16996336996337E-0001 -1.75340659340659E+0000
 703  5.17216117216117E-0002 -1.24410256410256E+0000
 704 -3.45054945054945E-0002 -1.57531135531136E+0000
 705 -5.38461538461538E-0002 -1.23846153846154E+0000
 706 -2.96703296703297E-0002 -1.79611721611722E+0000
 707 -1.46520146520146E-0003 -1.00879120879121E+0000
 708  5.49450549450549E-0002 -1.75582417582418E+0000
 709  1.24249084249084E-0001 -1.53824175824176E+0000
 710  1.42783882783883E-0001 -1.20300366300366E+0000
 711  1.65347985347985E-0001 -1.74857142857143E+0000
 712  1.60512820512821E-0001 -1.00798534798535E+0000
 713  1.15384615384615E-0001 -1.55355311355311E+0000
 714  2.02930402930403E-0002 -1.25457875457875E+0000
 715 -3.45054945054945E-0002 -1.01040293040293E+0000
 716 -4.09523809523810E-0002 -1.78725274725275E+0000
 717 -4.68864468864469E-0003 -1.26424908424908E+0000
 718  9.12087912087912E-0002 -1.53663003663004E+0000
 719  1.49230769230769E-0001 -1.78564102564103E+0000
 720  1.60512820512821E-0001 -1.02410256410256E+0000
 721  1.12967032967033E-0001 -1.53421245421245E+0000
 722  2.10989010989011E-0002 -1.28117216117216E+0000
 723 -3.69230769230769E-0002 -1.78483516483516E+0000
 724 -4.73992673992674E-0002 -1.01443223443223E+0000
 725 -4.41758241758242E-0002 -1.80820512820513E+0000
 726 -5.49450549450549E-0003 -1.49633699633700E+0000
 727  2.35164835164835E-0002 -1.23282051282051E+0000
 728  9.04029304029304E-0002 -9.82197802197802E-0001
 729  1.58901098901099E-0001 -1.49391941391941E+0000
 730  1.36336996336996E-0001 -1.78886446886447E+0000
 731  5.33333333333333E-0002 -1.28439560439560E+0000
 732 -4.09523809523810E-0002 -9.73333333333333E-0001
 733 -5.06227106227106E-0002 -1.78322344322344E+0000
 734  9.52380952380952E-0004 -1.31018315018315E+0000
 735  1.00073260073260E-0001 -9.93479853479853E-0001
 736  1.54871794871795E-0001 -1.29728937728938E+0000
 737  1.61318681318681E-0001 -1.47538461538462E+0000
 738  1.37948717948718E-0001 -1.01846153846154E+0000
 739  1.13772893772893E-0001 -1.82673992673993E+0000
 740  5.49450549450549E-0002 -1.33758241758242E+0000
 741 -3.45054945054945E-0002 -1.45765567765568E+0000
 742 -5.46520146520147E-0002 -1.79611721611722E+0000
 743  1.46520146520147E-0004 -1.29245421245421E+0000
 744  8.95970695970696E-0002 -1.42461538461538E+0000
 745  1.41172161172161E-0001 -1.77516483516484E+0000
 746  1.68571428571429E-0001 -1.32065934065934E+0000
 747  7.99267399267399E-0002 -1.45362637362637E+0000
 748  1.46520146520146E-0002 -1.44395604395604E+0000
 749 -5.38461538461538E-0002 -1.35369963369963E+0000
 750 -2.80586080586081E-0002 -1.81868131868132E+0000
 751  1.06227106227106E-0002 -9.82197802197802E-0001
 752  6.21978021978022E-0002 -1.42058608058608E+0000
 753  1.45201465201465E-0001 -1.78322344322344E+0000
 754  1.48424908424908E-0001 -9.79780219780220E-0001
 755  1.12967032967033E-0001 -1.35047619047619E+0000
 756  8.31501831501832E-0002 -1.38271062271062E+0000
 757  1.22344322344322E-0002 -1.80739926739927E+0000
 758 -5.06227106227106E-0002 -1.37545787545788E+0000
 759 -2.88644688644689E-0002 -1.38996336996337E+0000
 760  2.67399267399267E-0002 -9.58827838827839E-0001
 761  6.13919413919414E-0002 -1.81948717948718E+0000
 762  1.42783882783883E-0001 -1.34725274725275E+0000
 763  1.66153846153846E-0001 -1.39238095238095E+0000
 764  1.37142857142857E-0001 -1.82351648351648E+0000
 765  4.68864468864469E-0002 -9.68498168498168E-0001
 766 -1.11355311355311E-0002 -1.41575091575092E+0000
 767 -3.69230769230769E-0002 -1.37062271062271E+0000
 768 -5.38461538461538E-0002 -1.78725274725275E+0000
 769  1.75824175824176E-0003 -1.42864468864469E+0000
 770  9.60439560439560E-0002 -9.82197802197802E-0001
 771  1.58901098901099E-0001 -1.34000000000000E+0000
 772  1.34725274725275E-0001 -1.41413919413919E+0000
 773  7.50915750915751E-0002 -1.79128205128205E+0000
 774  4.76923076923077E-0002 -1.00879120879121E+0000
 775 -1.59706959706960E-0002 -1.34241758241758E+0000
 776 -5.46520146520147E-0002 -1.80981684981685E+0000
 777  1.75824175824176E-0003 -9.78168498168498E-0001
 778  6.21978021978022E-0002 -1.33274725274725E+0000
 779  1.46007326007326E-0001 -1.80739926739927E+0000
 780  1.53260073260073E-0001 -9.69304029304029E-0001
 781  1.11355311355311E-0001 -1.31824175824176E+0000
 782  1.38461538461538E-0002 -1.45282051282051E+0000
 783 -3.77289377289377E-0002 -1.80014652014652E+0000
 784 -5.14285714285714E-0002 -9.70915750915751E-0001
 785 -4.49816849816850E-0002 -1.42945054945055E+0000
 786 -2.80586080586081E-0002 -1.29003663003663E+0000
 787  1.62637362637363E-0002 -1.28761904761905E+0000
 788  1.39560439560440E-0001 -1.28761904761905E+0000
 789  1.34725274725275E-0001 -1.78805860805861E+0000
 790  4.28571428571429E-0002 -1.48989010989011E+0000
 791 -4.09523809523810E-0002 -1.28358974358974E+0000
 792 -5.38461538461538E-0002 -1.76630036630037E+0000
 793  6.59340659340659E-0003 -1.51728937728938E+0000
 794  9.84615384615385E-0002 -1.02329670329670E+0000
 795  1.65347985347985E-0001 -1.79531135531136E+0000
 796  1.54065934065934E-0001 -1.52051282051282E+0000
 797  7.50915750915751E-0002 -1.03780219780220E+0000
 798 -1.27472527472527E-0002 -1.81465201465201E+0000
 799 -4.98168498168498E-0002 -1.25699633699634E+0000
 800 -5.54578754578755E-0002 -1.55838827838828E+0000
 801 -1.91941391941392E-0002 -1.01846153846154E+0000
 802  6.94505494505495E-0002 -1.24329670329670E+0000
 803  1.49230769230769E-0001 -1.79289377289377E+0000
 804  1.53260073260073E-0001 -1.06600732600733E+0000
 805  1.10549450549450E-0001 -1.06681318681319E+0000
 806 -2.00000000000000E-0002 -1.26102564102564E+0000
 807 -5.54578754578755E-0002 -1.79369963369963E+0000
 808  3.36996336996337E-0003 -1.61882783882784E+0000
 809  1.00073260073260E-0001 -1.06923076923077E+0000
 810  1.55677655677656E-0001 -1.61882783882784E+0000
 811  1.62124542124542E-0001 -1.07326007326007E+0000
 812  1.10549450549450E-0001 -1.23846153846154E+0000
 813  7.39926739926740E-0003 -1.75501831501832E+0000
 814 -4.90109890109890E-0002 -1.03941391941392E+0000
 815 -3.28937728937729E-0002 -1.59142857142857E+0000
 816 -2.08058608058608E-0002 -1.17399267399267E+0000
 817  3.15750915750916E-0002 -1.74615384615385E+0000
 818  1.31501831501832E-0001 -1.59142857142857E+0000
 819  1.58901098901099E-0001 -1.05553113553114E+0000
 820  1.11355311355311E-0001 -1.18608058608059E+0000
 821  5.78754578754579E-0003 -1.63252747252747E+0000
 822 -4.09523809523810E-0002 -1.05311355311355E+0000
 823 -4.09523809523810E-0002 -1.06197802197802E+0000
 824  7.10622710622711E-0002 -1.16673992673993E+0000
 825  1.46813186813187E-0001 -1.72439560439560E+0000
 826  1.60512820512821E-0001 -1.63816849816850E+0000
 827  7.50915750915751E-0002 -1.08534798534799E+0000
 828 -1.91941391941392E-0002 -1.13692307692308E+0000
 829 -4.73992673992674E-0002 -1.72600732600733E+0000
 830  4.17582417582418E-0003 -1.62608058608059E+0000
 831  1.04908424908424E-0001 -1.10710622710623E+0000
 832  1.52454212454212E-0001 -1.04989010989011E+0000
 833  1.61318681318681E-0001 -1.70908424908425E+0000
 834  1.52454212454212E-0001 -1.64058608058608E+0000
 835  7.18681318681319E-0002 -1.69377289377289E+0000
 836  3.96336996336996E-0002 -1.06358974358974E+0000
 837 -2.00000000000000E-0002 -1.12161172161172E+0000
 838 -4.98168498168498E-0002 -1.70021978021978E+0000
 839  2.56410256410256E-0003 -1.67604395604396E+0000
 840  1.00879120879120E-0001 -1.09582417582418E+0000
 841  1.65347985347985E-0001 -1.11919413919414E+0000
 842  1.41172161172161E-0001 -1.08776556776557E+0000
 843  4.17582417582418E-0003 -1.10710622710623E+0000
 844 -5.38461538461538E-0002 -1.69054945054945E+0000
 845  9.01098901098901E-0003 -1.70263736263736E+0000
 846  1.04908424908424E-0001 -1.09501831501832E+0000
 847  1.60512820512821E-0001 -1.08937728937729E+0000
 848  1.30695970695971E-0001 -1.64945054945055E+0000
 849  3.64102564102564E-0002 -1.70505494505495E+0000
 850 -4.09523809523810E-0002 -1.13853479853480E+0000
 851 -3.61172161172161E-0002 -1.65347985347985E+0000
 852  1.70695970695971E-0002 -1.68007326007326E+0000
 853  1.00879120879120E-0001 -1.63816849816850E+0000
 854  1.29890109890110E-0001 -1.15223443223443E+0000
 855  1.65347985347985E-0001 -1.08857142857143E+0000
 856  1.31501831501832E-0001 -1.14901098901099E+0000
 857  1.02490842490842E-0001 -1.07326007326007E+0000
 858  2.56410256410256E-0003 -1.62285714285714E+0000
 859 -4.90109890109890E-0002 -1.73648351648352E+0000
 860 -1.91941391941392E-0002 -1.14336996336996E+0000
 861  7.83150183150183E-0002 -1.03780219780220E+0000
 862  1.47619047619048E-0001 -1.63252747252747E+0000
 863  1.48424908424908E-0001 -1.74212454212454E+0000
 864  7.02564102564103E-0002 -1.18688644688645E+0000
 865 -2.16117216117216E-0002 -1.62205128205128E+0000
 866 -4.09523809523810E-0002 -1.03780219780220E+0000
 867 -4.73992673992674E-0002 -1.63252747252747E+0000
 868  1.06227106227106E-0002 -1.18849816849817E+0000
 869  7.83150183150183E-0002 -1.73648351648352E+0000
 870  1.08131868131868E-0001 -1.00556776556777E+0000
 871  1.51648351648352E-0001 -1.14981684981685E+0000
 872  1.64542124542125E-0001 -1.59948717948718E+0000
 873  1.46813186813187E-0001 -1.02249084249084E+0000
 874  1.25860805860806E-0001 -1.04102564102564E+0000
 875 -2.27106227106227E-0003 -1.60029304029304E+0000
 876 -5.06227106227106E-0002 -1.57369963369963E+0000
 877  1.14285714285714E-0002 -1.75260073260073E+0000
 878  1.05714285714285E-0001 -1.21589743589744E+0000
 879  1.60512820512821E-0001 -1.59787545787546E+0000
 880  1.46007326007326E-0001 -1.02249084249084E+0000
 881  1.32307692307692E-0001 -1.75501831501832E+0000
 882  7.10622710622711E-0002 -1.58175824175824E+0000
 883  3.31868131868132E-0002 -1.23604395604396E+0000
 884 -2.32234432234432E-0002 -1.78805860805861E+0000
 885 -4.09523809523810E-0002 -1.21589743589744E+0000
 886 -4.09523809523810E-0002 -1.02490842490842E+0000
 887  3.88278388278388E-0002 -1.57369963369963E+0000
 888  1.33113553113553E-0001 -1.80981684981685E+0000
 889  1.59706959706960E-0001 -1.25216117216117E+0000
 890  9.44322344322344E-0002 -1.03216117216117E+0000
 891 -3.07692307692308E-0003 -1.55194139194139E+0000
 892 -5.14285714285714E-0002 -1.02410256410256E+0000
 893 -5.38461538461538E-0002 -1.03780219780220E+0000
 894  4.68864468864469E-0002 -1.53421245421245E+0000
 895  1.37142857142857E-0001 -1.78967032967033E+0000
 896  1.59706959706960E-0001 -1.28681318681319E+0000
 897  9.84615384615385E-0002 -1.02490842490842E+0000
 898 -2.27106227106227E-0003 -1.53340659340659E+0000
 899 -5.06227106227106E-0002 -1.77032967032967E+0000
 900 -1.67765567765568E-0002 -1.25054945054945E+0000
 901  8.15384615384615E-0002 -9.90256410256410E-0001
 902  1.51648351648352E-0001 -1.51003663003663E+0000
 903  1.47619047619048E-0001 -1.78000000000000E+0000
 904  6.62271062271062E-0002 -1.29164835164835E+0000
 905 -2.16117216117216E-0002 -1.31501831501832E+0000
 906 -3.45054945054945E-0002 -9.97509157509158E-0001
 907  4.68864468864469E-0002 -1.00315018315018E+0000
 908  1.58095238095238E-0001 -1.48183150183150E+0000
 909  1.46007326007326E-0001 -1.02571428571429E+0000
 910  1.22637362637362E-0001 -1.03135531135531E+0000
 911 -2.27106227106227E-0003 -1.47860805860806E+0000
 912 -5.30402930402930E-0002 -1.81304029304029E+0000
 913 -1.11355311355311E-0002 -1.32630036630037E+0000
 914  8.07326007326007E-0002 -1.01120879120879E+0000
 915  1.52454212454212E-0001 -1.43912087912088E+0000
 916  1.42783882783883E-0001 -1.81062271062271E+0000
 917  6.21978021978022E-0002 -1.33194139194139E+0000
 918 -2.32234432234432E-0002 -1.79208791208791E+0000
 919 -4.49816849816850E-0002 -1.35853479853480E+0000
 920 -4.09523809523810E-0002 -9.80586080586081E-0001
 921  4.76923076923077E-0002 -1.42300366300366E+0000
 922  1.33113553113553E-0001 -1.79692307692308E+0000
 923  1.52454212454212E-0001 -1.39076923076923E+0000
 924  1.42783882783883E-0001 -1.81545787545788E+0000
 925  5.89743589743590E-0002 -1.35369963369963E+0000
 926 -2.96703296703297E-0002 -9.62051282051282E-0001
 927 -4.98168498168498E-0002 -1.40366300366300E+0000
 928  1.70695970695971E-0002 -1.79369963369963E+0000
 929  1.09743589743589E-0001 -1.36901098901099E+0000
 930  1.70183150183150E-0001 -9.91062271062271E-0001
 931  1.22637362637362E-0001 -1.39560439560440E+0000
 932  2.75457875457875E-0002 -1.78080586080586E+0000
 933 -4.41758241758242E-0002 -1.40608058608059E+0000
 934 -3.53113553113553E-0002 -1.79692307692308E+0000
 935 -1.11355311355311E-0002 -1.38835164835165E+0000
 936  8.23443223443223E-0002 -1.37948717948718E+0000
 937  1.63736263736264E-0001 -1.40124542124542E+0000
 938  9.04029304029304E-0002 -1.00798534798535E+0000
 939 -2.32234432234432E-0002 -9.78974358974359E-0001
 940 -4.65934065934066E-0002 -1.33516483516484E+0000
 941  1.94871794871795E-0002 -1.78161172161172E+0000
 942  1.11355311355311E-0001 -1.43347985347985E+0000
 943  1.65347985347985E-0001 -9.97509157509158E-0001
 944  1.20219780219780E-0001 -1.32307692307692E+0000
 945  2.51282051282051E-0002 -1.79934065934066E+0000
 946 -4.41758241758242E-0002 -1.42703296703297E+0000
 947 -3.28937728937729E-0002 -9.77362637362637E-0001
 948  5.49450549450549E-0002 -1.31260073260073E+0000
 949  1.37142857142857E-0001 -1.32146520146520E+0000
 950  1.42783882783883E-0001 -1.82029304029304E+0000
 951  5.57509157509158E-0002 -1.79692307692308E+0000
 952 -4.73992673992674E-0002 -1.44073260073260E+0000
 953 -3.20879120879121E-0002 -1.76227106227106E+0000
 954 -1.35531135531135E-0002 -1.48747252747253E+0000
 955  8.63736263736264E-0002 -1.76710622710623E+0000
 956  1.09743589743589E-0001 -1.46652014652015E+0000
 957  1.65347985347985E-0001 -9.99926739926740E-0001
 958  1.21025641025641E-0001 -1.27311355311355E+0000
 959  2.75457875457875E-0002 -1.78080586080586E+0000
 960 -4.25641025641026E-0002 -1.51245421245421E+0000
 961 -2.96703296703297E-0002 -1.53824175824176E+0000
 962  8.47619047619048E-0002 -1.00879120879121E+0000
 963  1.57289377289377E-0001 -1.24732600732601E+0000
 964  1.42783882783883E-0001 -1.26666666666667E+0000
 965  2.27106227106227E-0002 -1.04344322344322E+0000
 966 -7.10622710622711E-0003 -1.27069597069597E+0000
 967 -5.30402930402930E-0002 -1.82109890109890E+0000
 968 -1.75824175824176E-0002 -1.80578754578755E+0000
 969  1.08131868131868E-0001 -1.79289377289377E+0000
 970  1.55677655677656E-0001 -1.58175824175824E+0000
 971  9.44322344322344E-0002 -1.08293040293040E+0000
 972 -6.30036630036630E-0003 -1.23362637362637E+0000
 973 -5.62637362637363E-0002 -1.04424908424908E+0000
 974 -4.09523809523810E-0002 -1.21106227106227E+0000
 975  1.86813186813187E-0002 -1.75340659340659E+0000
 976  1.12967032967033E-0001 -1.59062271062271E+0000
 977  1.58901098901099E-0001 -1.57531135531136E+0000
 978  9.20146520146520E-0002 -1.03296703296703E+0000
 979 -8.71794871794872E-0003 -1.01846153846154E+0000
 980 -4.57875457875458E-0002 -1.03780219780220E+0000
 981  5.49450549450549E-0002 -1.15384615384615E+0000
 982  1.41978021978022E-0001 -1.17399267399267E+0000
 983  1.41172161172161E-0001 -1.72923076923077E+0000
 984  4.93040293040293E-0002 -1.63010989010989E+0000
 985 -3.20879120879121E-0002 -1.73084249084249E+0000
 986 -5.38461538461538E-0002 -1.65912087912088E+0000
 987 -2.96703296703297E-0002 -1.09340659340659E+0000
 988  5.41391941391941E-0002 -1.14175824175824E+0000
 989  1.42783882783883E-0001 -1.14014652014652E+0000
 990  1.35531135531136E-0001 -1.70263736263736E+0000
 991  4.93040293040293E-0002 -1.62446886446886E+0000
 992 -3.04761904761905E-0002 -1.64864468864469E+0000
 993 -2.88644688644689E-0002 -1.06197802197802E+0000
 994  5.57509157509158E-0002 -1.06358974358974E+0000
 995  1.59706959706960E-0001 -1.12402930402930E+0000
 996  1.39560439560440E-0001 -1.69377289377289E+0000
 997  5.89743589743590E-0002 -1.71633699633700E+0000
 998 -5.38461538461538E-0002 -1.68168498168498E+0000
 999 -3.04761904761905E-0002 -1.07728937728938E+0000
 1000  5.89743589743590E-0002 -1.09501831501832E+0000
 1001  1.41978021978022E-0001 -1.09179487179487E+0000
 1002  1.40366300366300E-0001 -1.67120879120879E+0000
 1003  4.93040293040293E-0002 -1.71714285714286E+0000
 1004 -4.09523809523810E-0002 -1.70021978021978E+0000
 1005 -2.88644688644689E-0002 -1.66234432234432E+0000
 1006  9.44322344322344E-0002 -1.63897435897436E+0000
 1007  1.52454212454212E-0001 -1.68571428571429E+0000
 1008  8.87912087912088E-0002 -1.12644688644689E+0000
 1009 -1.11355311355311E-0002 -1.71553113553114E+0000
 1010 -3.45054945054945E-0002 -1.11677655677656E+0000
 1011 -4.41758241758242E-0002 -1.05956043956044E+0000
 1012  2.51282051282051E-0002 -1.06600732600733E+0000
 1013  1.44395604395604E-0001 -1.64864468864469E+0000
 1014  1.52454212454212E-0001 -1.72358974358974E+0000
 1015  8.23443223443223E-0002 -1.76307692307692E+0000
 1016 -3.45054945054945E-0002 -1.16190476190476E+0000
 1017 -3.93406593406593E-0002 -1.07728937728938E+0000
 1018  2.75457875457875E-0002 -1.15062271062271E+0000
 1019  6.70329670329670E-0002 -1.15787545787546E+0000
 1020  1.62930402930403E-0001 -1.04424908424908E+0000
 1021  1.37948717948718E-0001 -1.08131868131868E+0000
 1022  1.94871794871795E-0002 -1.17479853479853E+0000
 1023 -1.35531135531135E-0002 -1.06761904761905E+0000
 1024 -5.14285714285714E-0002 -1.03860805860806E+0000
 1025  2.02930402930403E-0002 -1.58659340659341E+0000
 1026  1.23443223443223E-0001 -1.61076923076923E+0000
 1027  1.52454212454212E-0001 -1.75340659340659E+0000
 1028  8.31501831501832E-0002 -1.19494505494505E+0000
 1029 -1.35531135531135E-0002 -1.22476190476190E+0000
 1030 -4.33699633699634E-0002 -1.02813186813187E+0000
 1031  3.15750915750916E-0002 -1.00798534798535E+0000
 1032  1.47619047619048E-0001 -1.54388278388278E+0000
 1033  1.52454212454212E-0001 -1.00556776556777E+0000
 1034  1.43589743589744E-0001 -1.04263736263736E+0000
 1035  1.06227106227106E-0002 -1.02490842490842E+0000
 1036 -5.14285714285714E-0002 -1.57208791208791E+0000
 1037 -4.68864468864469E-0003 -1.04183150183150E+0000
 1038  2.83516483516484E-0002 -1.55355311355311E+0000
 1039  1.20219780219780E-0001 -1.02732600732601E+0000
 1040  1.46813186813187E-0001 -1.56322344322344E+0000
 1041  1.49230769230769E-0001 -1.81384615384615E+0000
 1042  7.83150183150183E-0002 -1.80739926739927E+0000
 1043 -4.09523809523810E-0002 -1.23282051282051E+0000
 1044 -3.77289377289377E-0002 -1.03054945054945E+0000
 1045  4.52747252747253E-0002 -1.26505494505495E+0000
 1046  6.21978021978022E-0002 -1.02249084249084E+0000
 1047  1.46007326007326E-0001 -1.25699633699634E+0000
 1048  1.47619047619048E-0001 -9.90256410256410E-0001
 1049  1.36336996336996E-0001 -1.00959706959707E+0000
 1050  1.30402930402930E-0002 -1.00798534798535E+0000
 1051 -5.06227106227106E-0002 -1.01926739926740E+0000
 1052  3.31868131868132E-0002 -1.50761904761905E+0000
 1053  1.24249084249084E-0001 -9.95091575091575E-0001
 1054  1.44395604395604E-0001 -1.51003663003663E+0000
 1055  1.52454212454212E-0001 -1.50036630036630E+0000
 1056  4.44688644688645E-0002 -1.76307692307692E+0000
 1057 -4.09523809523810E-0002 -1.29084249084249E+0000
 1058 -4.33699633699634E-0002 -1.78000000000000E+0000
 1059 -2.48351648351648E-0002 -1.27391941391941E+0000
 1060  6.21978021978022E-0002 -9.93479853479853E-0001
 1061  1.46007326007326E-0001 -1.29487179487179E+0000
 1062  1.62124542124542E-0001 -1.00798534798535E+0000
 1063  1.33113553113553E-0001 -1.44476190476190E+0000
 1064  4.20512820512821E-0002 -1.00234432234432E+0000
 1065  1.30402930402930E-0002 -1.46652014652015E+0000
 1066 -5.06227106227106E-0002 -1.01201465201465E+0000
 1067 -4.98168498168498E-0002 -9.97509157509158E-0001
 1068  3.31868131868132E-0002 -9.98315018315018E-0001
 1069  1.46007326007326E-0001 -1.45846153846154E+0000
 1070  1.50036630036630E-0001 -1.01926739926740E+0000
 1071  1.34725274725275E-0001 -1.02410256410256E+0000
 1072  1.14285714285714E-0002 -1.46007326007326E+0000
 1073 -5.70695970695971E-0002 -1.01765567765568E+0000
 1074 -4.98168498168498E-0002 -1.43912087912088E+0000
 1075 -2.27106227106227E-0003 -1.80498168498168E+0000
 1076  1.00879120879120E-0001 -1.41091575091575E+0000
 1077  1.26666666666667E-0001 -1.76307692307692E+0000
 1078  1.63736263736264E-0001 -1.80659340659341E+0000
 1079  7.91208791208791E-0002 -1.35289377289377E+0000
 1080 -2.16117216117216E-0002 -1.80981684981685E+0000
 1081 -3.77289377289377E-0002 -1.37384615384615E+0000
 1082 -4.25641025641026E-0002 -1.40688644688645E+0000
 1083  1.26666666666667E-0001 -1.37142857142857E+0000
 1084  1.50842490842491E-0001 -1.39641025641026E+0000
 1085  3.47985347985348E-0002 -9.96703296703297E-0001
 1086 -5.38461538461538E-0002 -1.37706959706960E+0000
 1087  3.36996336996337E-0003 -1.35369963369963E+0000
 1088  1.26666666666667E-0001 -1.77435897435897E+0000
 1089  1.62124542124542E-0001 -1.80256410256410E+0000
