 0  1.13772893772893E-0001 -1.38271062271062E+0000
 1  9.68498168498168E-0002 -1.37948717948718E+0000
 2  5.97802197802198E-0002 -1.42058608058608E+0000
 3  2.02930402930403E-0002 -1.39479853479853E+0000
 4 -1.19413919413919E-0002 -1.38190476190476E+0000
 5 -5.86813186813187E-0002 -1.38512820512821E+0000
 6 -9.33333333333333E-0002 -1.38512820512821E+0000
 7 -1.18315018315018E-0001 -1.35934065934066E+0000
 8 -1.27985347985348E-0001 -1.39479853479853E+0000
 9 -1.26373626373626E-0001 -1.39318681318681E+0000
 10 -1.19120879120879E-0001 -1.39157509157509E+0000
 11 -8.44688644688645E-0002 -1.36336996336996E+0000
 12 -5.70695970695971E-0002 -1.38593406593407E+0000
 13 -1.51648351648351E-0002 -1.38915750915751E+0000
 14  3.64102564102564E-0002 -1.37304029304029E+0000
 15  7.34798534798535E-0002 -1.38754578754579E+0000
 16  9.44322344322344E-0002 -1.38029304029304E+0000
 17  1.25054945054945E-0001 -1.42622710622711E+0000
 18  1.41172161172161E-0001 -1.42542124542125E+0000
 19  1.39560439560440E-0001 -1.40849816849817E+0000
 20  1.16996336996337E-0001 -1.39721611721612E+0000
 21  9.60439560439560E-0002 -1.40366300366300E+0000
 22  7.91208791208791E-0002 -1.39963369963370E+0000
 23  2.27106227106227E-0002 -1.38432234432234E+0000
 24 -1.67765567765568E-0002 -1.37868131868132E+0000
 25 -6.27106227106227E-0002 -1.42864468864469E+0000
 26 -7.96336996336996E-0002 -1.42461538461538E+0000
 27 -1.18315018315018E-0001 -1.40849816849817E+0000
 28 -1.32820512820513E-0001 -1.40366300366300E+0000
 29 -1.24761904761904E-0001 -1.40769230769231E+0000
 30 -1.08644688644688E-0001 -1.39479853479853E+0000
 31 -8.68864468864469E-0002 -1.36095238095238E+0000
 32 -4.90109890109890E-0002 -1.39157509157509E+0000
 33 -6.30036630036630E-0003 -1.39399267399267E+0000
 34  4.20512820512821E-0002 -1.38109890109890E+0000
 35  6.94505494505495E-0002 -1.40124542124542E+0000
 36  9.44322344322344E-0002 -1.38432234432234E+0000
 37  1.27472527472527E-0001 -1.38593406593407E+0000
 38  1.33113553113553E-0001 -1.37948717948718E+0000
 39  1.38754578754579E-0001 -1.39721611721612E+0000
 40  1.21025641025641E-0001 -1.38915750915751E+0000
 41  9.20146520146520E-0002 -1.39479853479853E+0000
 42  5.89743589743590E-0002 -1.38109890109890E+0000
 43  2.75457875457875E-0002 -1.40285714285714E+0000
 44 -2.16117216117216E-0002 -1.39802197802198E+0000
 45 -6.19047619047619E-0002 -1.40608058608059E+0000
 46 -9.25274725274725E-0002 -1.40446886446886E+0000
 47 -1.12673992673992E-0001 -1.38512820512821E+0000
 48 -1.25567765567766E-0001 -1.38029304029304E+0000
 49 -1.25567765567766E-0001 -1.42945054945055E+0000
 50 -1.11062271062271E-0001 -1.42300366300366E+0000
 51 -8.20512820512821E-0002 -1.39802197802198E+0000
 52 -4.82051282051282E-0002 -1.38996336996337E+0000
 53 -1.51648351648351E-0002 -1.38915750915751E+0000
 54  2.35164835164835E-0002 -1.37787545787546E+0000
 55  7.75091575091575E-0002 -1.38190476190476E+0000
 56  1.00879120879120E-0001 -1.36739926739927E+0000
 57  1.21025641025641E-0001 -1.41252747252747E+0000
 58  1.32307692307692E-0001 -1.40769230769231E+0000
 59  1.66153846153846E-0001 -1.37384615384615E+0000
 60  1.16996336996337E-0001 -1.41413919413919E+0000
 61  8.79853479853480E-0002 -1.41736263736264E+0000
 62  5.89743589743590E-0002 -1.41333333333333E+0000
 63  1.86813186813187E-0002 -1.39963369963370E+0000
 64 -2.80586080586081E-0002 -1.40043956043956E+0000
 65 -5.94871794871795E-0002 -1.41333333333333E+0000
 66 -9.57509157509158E-0002 -1.41252747252747E+0000
 67 -1.14285714285714E-0001 -1.39479853479853E+0000
 68 -1.31208791208791E-0001 -1.38673992673993E+0000
 69 -1.23956043956044E-0001 -1.39157509157509E+0000
 70 -1.11062271062271E-0001 -1.38351648351648E+0000
 71 -8.04395604395604E-0002 -1.35047619047619E+0000
 72 -5.38461538461538E-0002 -1.37626373626374E+0000
 73 -1.03296703296703E-0002 -1.41413919413919E+0000
 74  3.72161172161172E-0002 -1.39157509157509E+0000
 75  7.42857142857143E-0002 -1.36820512820513E+0000
 76  9.60439560439560E-0002 -1.40446886446886E+0000
 77  1.29084249084249E-0001 -1.40124542124542E+0000
 78  1.38754578754579E-0001 -1.38754578754579E+0000
 79  1.38754578754579E-0001 -1.36739926739927E+0000
 80  1.19413919413919E-0001 -1.40608058608059E+0000
 81  8.71794871794872E-0002 -1.41978021978022E+0000
 82  4.93040293040293E-0002 -1.41816849816850E+0000
 83  1.78754578754579E-0002 -1.40043956043956E+0000
 84 -2.40293040293040E-0002 -1.40366300366300E+0000
 85 -6.02930402930403E-0002 -1.41252747252747E+0000
 86 -9.73626373626374E-0002 -1.41091575091575E+0000
 87 -1.11062271062271E-0001 -1.39157509157509E+0000
 88 -1.24761904761904E-0001 -1.38835164835165E+0000
 89 -1.27179487179487E-0001 -1.38835164835165E+0000
 90 -1.07838827838827E-0001 -1.36901098901099E+0000
 91 -7.72161172161172E-0002 -1.37465201465201E+0000
 92 -4.41758241758242E-0002 -1.41252747252747E+0000
 93 -1.19413919413919E-0002 -1.41978021978022E+0000
 94  3.64102564102564E-0002 -1.40930402930403E+0000
 95  7.26739926739927E-0002 -1.38109890109890E+0000
 96  1.08937728937728E-0001 -1.41816849816850E+0000
 97  1.19413919413919E-0001 -1.43106227106227E+0000
 98  1.42783882783883E-0001 -1.42058608058608E+0000
 99  1.33919413919414E-0001 -1.39318681318681E+0000
 100  1.16996336996337E-0001 -1.39560439560440E+0000
 101  9.92673992673993E-0002 -1.39479853479853E+0000
 102  5.65567765567766E-0002 -1.38109890109890E+0000
 103  1.70695970695971E-0002 -1.40527472527473E+0000
 104 -2.64468864468864E-0002 -1.40930402930403E+0000
 105 -6.67399267399267E-0002 -1.42219780219780E+0000
 106 -9.41391941391941E-0002 -1.41091575091575E+0000
 107 -1.22344322344322E-0001 -1.39479853479853E+0000
 108 -1.27179487179487E-0001 -1.38512820512821E+0000
 109 -1.22344322344322E-0001 -1.38915750915751E+0000
 110 -1.10256410256410E-0001 -1.37142857142857E+0000
 111 -9.89743589743590E-0002 -1.38432234432234E+0000
 112 -4.49816849816850E-0002 -1.37706959706960E+0000
 113 -2.27106227106227E-0003 -1.41494505494505E+0000
 114  3.39926739926740E-0002 -1.39721611721612E+0000
 115  7.91208791208791E-0002 -1.36901098901099E+0000
 116  1.05714285714285E-0001 -1.39802197802198E+0000
 117  1.29084249084249E-0001 -1.40124542124542E+0000
 118  1.41172161172161E-0001 -1.38190476190476E+0000
 119  1.33113553113553E-0001 -1.34967032967033E+0000
 120  1.14578754578754E-0001 -1.37948717948718E+0000
 121  9.12087912087912E-0002 -1.42945054945055E+0000
 122  5.57509157509158E-0002 -1.42300366300366E+0000
 123  1.46520146520146E-0002 -1.40366300366300E+0000
 124 -2.40293040293040E-0002 -1.40688644688645E+0000
 125 -6.99633699633700E-0002 -1.42542124542125E+0000
 126 -9.41391941391941E-0002 -1.41897435897436E+0000
 127 -1.24761904761904E-0001 -1.40849816849817E+0000
 128 -1.20732600732600E-0001 -1.39157509157509E+0000
 129 -1.25567765567766E-0001 -1.40285714285714E+0000
 130 -1.06227106227106E-0001 -1.39076923076923E+0000
 131 -8.28571428571429E-0002 -1.36095238095238E+0000
 132 -4.82051282051282E-0002 -1.39721611721612E+0000
 133 -4.68864468864469E-0003 -1.39882783882784E+0000
 134  3.56043956043956E-0002 -1.38673992673993E+0000
 135  7.75091575091575E-0002 -1.35934065934066E+0000
 136  1.04908424908424E-0001 -1.39479853479853E+0000
 137  1.22637362637362E-0001 -1.39479853479853E+0000
 138  1.26666666666667E-0001 -1.37868131868132E+0000
 139  1.28278388278388E-0001 -1.39238095238095E+0000
 140  1.13772893772893E-0001 -1.39479853479853E+0000
 141  9.36263736263736E-0002 -1.39479853479853E+0000
 142  4.93040293040293E-0002 -1.38190476190476E+0000
 143  1.30402930402930E-0002 -1.35128205128205E+0000
 144 -2.88644688644689E-0002 -1.38754578754579E+0000
 145 -7.31868131868132E-0002 -1.40124542124542E+0000
 146 -9.89743589743590E-0002 -1.38271062271062E+0000
 147 -1.15091575091575E-0001 -1.35289377289377E+0000
 148 -1.24761904761904E-0001 -1.39238095238095E+0000
 149 -1.13479853479853E-0001 -1.39802197802198E+0000
 150 -1.05421245421245E-0001 -1.38190476190476E+0000
 151 -7.56043956043956E-0002 -1.34967032967033E+0000
 152 -4.65934065934066E-0002 -1.37706959706960E+0000
 153 -1.11355311355311E-0002 -1.41575091575092E+0000
 154  4.36630036630037E-0002 -1.39479853479853E+0000
 155  7.42857142857143E-0002 -1.36417582417582E+0000
 156  1.15384615384615E-0001 -1.39641025641026E+0000
 157  1.30695970695971E-0001 -1.39802197802198E+0000
 158  1.43589743589744E-0001 -1.38351648351648E+0000
 159  1.37142857142857E-0001 -1.35611721611722E+0000
 160  1.17802197802197E-0001 -1.39318681318681E+0000
 161  9.12087912087912E-0002 -1.39560439560440E+0000
 162  5.57509157509158E-0002 -1.38271062271062E+0000
 163  1.30402930402930E-0002 -1.35289377289377E+0000
 164 -2.80586080586081E-0002 -1.39721611721612E+0000
 165 -6.83516483516484E-0002 -1.40446886446886E+0000
 166 -9.25274725274725E-0002 -1.39479853479853E+0000
 167 -1.18315018315018E-0001 -1.36578754578755E+0000
 168 -1.32014652014652E-0001 -1.40688644688645E+0000
 169 -1.32014652014652E-0001 -1.42058608058608E+0000
 170 -1.12673992673992E-0001 -1.39963369963370E+0000
 171 -6.99633699633700E-0002 -1.37545787545788E+0000
 172 -3.53113553113553E-0002 -1.40608058608059E+0000
 173 -1.11355311355311E-0002 -1.41816849816850E+0000
 174  3.56043956043956E-0002 -1.40205128205128E+0000
 175  8.47619047619048E-0002 -1.36981684981685E+0000
 176  1.09743589743589E-0001 -1.40205128205128E+0000
 177  1.36336996336996E-0001 -1.40043956043956E+0000
 178  1.33919413919414E-0001 -1.39076923076923E+0000
 179  1.33113553113553E-0001 -1.36739926739927E+0000
 180  1.05714285714285E-0001 -1.41413919413919E+0000
 181  8.31501831501832E-0002 -1.41816849816850E+0000
 182  4.20512820512821E-0002 -1.40688644688645E+0000
 183  1.46520146520146E-0002 -1.39157509157509E+0000
 184 -4.09523809523810E-0002 -1.39641025641026E+0000
 185 -6.75457875457875E-0002 -1.39882783882784E+0000
 186 -1.05421245421245E-0001 -1.39399267399267E+0000
 187 -1.18315018315018E-0001 -1.37304029304029E+0000
 188 -1.36043956043956E-0001 -1.42058608058608E+0000
 189 -1.32820512820513E-0001 -1.42058608058608E+0000
 190 -9.89743589743590E-0002 -1.39963369963370E+0000
 191 -6.91575091575092E-0002 -1.37626373626374E+0000
 192 -4.09523809523810E-0002 -1.41091575091575E+0000
 193  1.75824175824176E-0003 -1.41413919413919E+0000
 194  4.44688644688645E-0002 -1.38351648351648E+0000
 195  7.50915750915751E-0002 -1.35611721611722E+0000
 196  1.10549450549450E-0001 -1.38835164835165E+0000
 197  1.32307692307692E-0001 -1.38271062271062E+0000
 198  1.26666666666667E-0001 -1.36175824175824E+0000
 199  1.33113553113553E-0001 -1.38029304029304E+0000
 200  1.12161172161172E-0001 -1.42622710622711E+0000
 201  8.07326007326007E-0002 -1.44234432234432E+0000
 202  4.28571428571429E-0002 -1.43347985347985E+0000
 203  7.39926739926740E-0003 -1.41010989010989E+0000
 204 -3.20879120879121E-0002 -1.41816849816850E+0000
 205 -7.39926739926740E-0002 -1.43025641025641E+0000
 206 -1.07838827838827E-0001 -1.42058608058608E+0000
 207 -1.15091575091575E-0001 -1.39238095238095E+0000
 208 -1.18315018315018E-0001 -1.39721611721612E+0000
 209 -1.18315018315018E-0001 -1.40205128205128E+0000
 210 -1.05421245421245E-0001 -1.37787545787546E+0000
 211 -7.23809523809524E-0002 -1.39318681318681E+0000
 212 -3.12820512820513E-0002 -1.39641025641026E+0000
 213  4.17582417582418E-0003 -1.39479853479853E+0000
 214  4.52747252747253E-0002 -1.36739926739927E+0000
 215  8.79853479853480E-0002 -1.38029304029304E+0000
 216  1.00879120879120E-0001 -1.42783882783883E+0000
 217  1.33113553113553E-0001 -1.42542124542125E+0000
 218  1.38754578754579E-0001 -1.41413919413919E+0000
 219  1.29890109890110E-0001 -1.39076923076923E+0000
 220  1.08131868131868E-0001 -1.39238095238095E+0000
 221  9.04029304029304E-0002 -1.40043956043956E+0000
 222  4.68864468864469E-0002 -1.39238095238095E+0000
 223  1.06227106227106E-0002 -1.37304029304029E+0000
 224 -2.48351648351648E-0002 -1.41816849816850E+0000
 225 -8.52747252747253E-0002 -1.43750915750916E+0000
 226 -1.05421245421245E-0001 -1.42783882783883E+0000
 227 -1.22344322344322E-0001 -1.40366300366300E+0000
 228 -1.24761904761904E-0001 -1.40769230769231E+0000
 229 -1.27179487179487E-0001 -1.41413919413919E+0000
 230 -1.14285714285714E-0001 -1.38835164835165E+0000
 231 -7.39926739926740E-0002 -1.35611721611722E+0000
 232 -3.69230769230769E-0002 -1.38673992673993E+0000
 233 -2.27106227106227E-0003 -1.39157509157509E+0000
 234  4.60805860805861E-0002 -1.37142857142857E+0000
 235  8.71794871794872E-0002 -1.38271062271062E+0000
 236  9.68498168498168E-0002 -1.38109890109890E+0000
 237  1.29084249084249E-0001 -1.42461538461538E+0000
 238  1.37142857142857E-0001 -1.41172161172161E+0000
 239  1.33919413919414E-0001 -1.39399267399267E+0000
 240  1.08131868131868E-0001 -1.40446886446886E+0000
 241  8.39560439560440E-0002 -1.41252747252747E+0000
 242  4.93040293040293E-0002 -1.40205128205128E+0000
 243  5.78754578754579E-0003 -1.37626373626374E+0000
 244 -4.09523809523810E-0002 -1.41897435897436E+0000
 245 -6.67399267399267E-0002 -1.43106227106227E+0000
 246 -1.01391941391941E-0001 -1.42139194139194E+0000
 247 -1.15091575091575E-0001 -1.39721611721612E+0000
 248 -1.35238095238095E-0001 -1.40285714285714E+0000
 249 -1.18315018315018E-0001 -1.40285714285714E+0000
 250 -1.05421245421245E-0001 -1.38271062271062E+0000
 251 -6.67399267399267E-0002 -1.34967032967033E+0000
 252 -2.88644688644689E-0002 -1.38029304029304E+0000
 253  4.17582417582418E-0003 -1.42380952380952E+0000
 254  3.96336996336996E-0002 -1.40688644688645E+0000
 255  8.15384615384615E-0002 -1.38996336996337E+0000
 256  1.16996336996337E-0001 -1.38351648351648E+0000
 257  1.27472527472527E-0001 -1.38190476190476E+0000
 258  1.44395604395604E-0001 -1.35531135531136E+0000
 259  1.30695970695971E-0001 -1.37626373626374E+0000
 260  1.12161172161172E-0001 -1.40769230769231E+0000
 261  8.39560439560440E-0002 -1.41494505494505E+0000
 262  4.20512820512821E-0002 -1.39721611721612E+0000
 263  9.81684981684982E-0003 -1.37787545787546E+0000
 264 -4.09523809523810E-0002 -1.42542124542125E+0000
 265 -7.07692307692308E-0002 -1.43912087912088E+0000
 266 -9.81684981684982E-0002 -1.42945054945055E+0000
 267 -1.20732600732600E-0001 -1.41172161172161E+0000
 268 -1.23956043956044E-0001 -1.42139194139194E+0000
 269 -1.19926739926739E-0001 -1.42219780219780E+0000
 270 -1.11062271062271E-0001 -1.40285714285714E+0000
 271 -6.99633699633700E-0002 -1.37465201465201E+0000
 272 -3.53113553113553E-0002 -1.42058608058608E+0000
 273  1.75824175824176E-0003 -1.42219780219780E+0000
 274  4.93040293040293E-0002 -1.39641025641026E+0000
 275  8.23443223443223E-0002 -1.36901098901099E+0000
 276  1.04102564102564E-0001 -1.40527472527473E+0000
 277  1.33919413919414E-0001 -1.41010989010989E+0000
 278  1.34725274725275E-0001 -1.39238095238095E+0000
 279  1.32307692307692E-0001 -1.37062271062271E+0000
 280  1.00879120879120E-0001 -1.41413919413919E+0000
 281  9.04029304029304E-0002 -1.41413919413919E+0000
 282  3.80219780219780E-0002 -1.37304029304029E+0000
 283 -2.80586080586081E-0002 -1.42461538461538E+0000
 284 -7.15750915750916E-0002 -1.43428571428571E+0000
 285 -9.65567765567766E-0002 -1.41655677655678E+0000
 286 -1.23150183150183E-0001 -1.40043956043956E+0000
 287 -1.25567765567766E-0001 -1.41091575091575E+0000
 288 -1.18315018315018E-0001 -1.41091575091575E+0000
 289 -1.00586080586080E-0001 -1.36981684981685E+0000
 290 -4.09523809523810E-0002 -1.40769230769231E+0000
 291  2.56410256410256E-0003 -1.40769230769231E+0000
 292  4.28571428571429E-0002 -1.38109890109890E+0000
 293  8.71794871794872E-0002 -1.39963369963370E+0000
 294  1.12161172161172E-0001 -1.40608058608059E+0000
 295  1.35531135531136E-0001 -1.41091575091575E+0000
 296  1.37948717948718E-0001 -1.37223443223443E+0000
 297  1.02490842490842E-0001 -1.42058608058608E+0000
 298  7.91208791208791E-0002 -1.42058608058608E+0000
 299  4.20512820512821E-0002 -1.39721611721612E+0000
 300  4.98168498168498E-0003 -1.37787545787546E+0000
 301 -3.28937728937729E-0002 -1.42622710622711E+0000
 302 -7.56043956043956E-0002 -1.43992673992674E+0000
 303 -1.10256410256410E-0001 -1.42139194139194E+0000
 304 -1.20732600732600E-0001 -1.39882783882784E+0000
 305 -1.22344322344322E-0001 -1.40769230769231E+0000
 306 -1.15091575091575E-0001 -1.40446886446886E+0000
 307 -1.09450549450549E-0001 -1.38673992673993E+0000
 308 -6.35164835164835E-0002 -1.36336996336996E+0000
 309 -3.20879120879121E-0002 -1.40124542124542E+0000
 310  9.81684981684982E-0003 -1.39479853479853E+0000
 311  4.93040293040293E-0002 -1.36417582417582E+0000
 312  8.79853479853480E-0002 -1.37545787545788E+0000
 313  1.17802197802197E-0001 -1.41172161172161E+0000
 314  1.34725274725275E-0001 -1.41575091575092E+0000
 315  1.45201465201465E-0001 -1.39318681318681E+0000
 316  1.29084249084249E-0001 -1.37545787545788E+0000
 317  1.07326007326007E-0001 -1.41655677655678E+0000
 318  7.10622710622711E-0002 -1.40930402930403E+0000
 319  2.56410256410256E-0003 -1.39076923076923E+0000
 320 -4.98168498168498E-0002 -1.39882783882784E+0000
 321 -7.39926739926740E-0002 -1.40769230769231E+0000
 322 -1.11868131868131E-0001 -1.36578754578755E+0000
 323 -1.22344322344322E-0001 -1.41413919413919E+0000
 324 -1.19926739926739E-0001 -1.41333333333333E+0000
 325 -9.09157509157509E-0002 -1.39641025641026E+0000
 326 -6.67399267399267E-0002 -1.40769230769231E+0000
 327  9.01098901098901E-0003 -1.40043956043956E+0000
 328  5.81684981684982E-0002 -1.38029304029304E+0000
 329  9.36263736263736E-0002 -1.40043956043956E+0000
 330  1.27472527472527E-0001 -1.40930402930403E+0000
 331  1.33919413919414E-0001 -1.41010989010989E+0000
 332  1.26666666666667E-0001 -1.38996336996337E+0000
 333  8.79853479853480E-0002 -1.36981684981685E+0000
 334  1.00879120879120E-0001 -1.42300366300366E+0000
 335  4.12454212454212E-0002 -1.40366300366300E+0000
 336 -7.91208791208791E-0003 -1.38835164835165E+0000
 337 -5.54578754578755E-0002 -1.39882783882784E+0000
 338 -9.73626373626374E-0002 -1.38271062271062E+0000
 339 -1.44102564102564E-0001 -1.35934065934066E+0000
 340 -1.19926739926739E-0001 -1.40769230769231E+0000
 341 -9.41391941391941E-0002 -1.37787545787546E+0000
 342 -6.02930402930403E-0002 -1.39479853479853E+0000
 343 -3.53113553113553E-0002 -1.39318681318681E+0000
 344  9.81684981684982E-0003 -1.39238095238095E+0000
 345  5.25274725274725E-0002 -1.36901098901099E+0000
 346  7.91208791208791E-0002 -1.38190476190476E+0000
 347  1.21831501831501E-0001 -1.41655677655678E+0000
 348  1.35531135531136E-0001 -1.39802197802198E+0000
 349  1.26666666666667E-0001 -1.38029304029304E+0000
 350  1.12967032967033E-0001 -1.43992673992674E+0000
 351  4.04395604395604E-0002 -1.42219780219780E+0000
 352 -2.27106227106227E-0003 -1.40446886446886E+0000
 353 -4.90109890109890E-0002 -1.42703296703297E+0000
 354 -1.00586080586080E-0001 -1.39882783882784E+0000
 355 -1.23150183150183E-0001 -1.39076923076923E+0000
 356 -1.32820512820513E-0001 -1.39399267399267E+0000
 357 -9.01098901098901E-0002 -1.37465201465201E+0000
 358 -6.19047619047619E-0002 -1.39721611721612E+0000
 359 -3.20879120879121E-0002 -1.40205128205128E+0000
 360  1.46520146520146E-0002 -1.39399267399267E+0000
 361  5.89743589743590E-0002 -1.37545787545788E+0000
 362  9.20146520146520E-0002 -1.39479853479853E+0000
 363  1.25054945054945E-0001 -1.39318681318681E+0000
 364  1.36336996336996E-0001 -1.36981684981685E+0000
 365  1.34725274725275E-0001 -1.39560439560440E+0000
 366  7.50915750915751E-0002 -1.39399267399267E+0000
 367  3.64102564102564E-0002 -1.40849816849817E+0000
 368 -4.82051282051282E-0002 -1.41494505494505E+0000
 369 -7.88278388278388E-0002 -1.41413919413919E+0000
 370 -1.05421245421245E-0001 -1.36981684981685E+0000
 371 -1.23150183150183E-0001 -1.41333333333333E+0000
 372 -1.14285714285714E-0001 -1.39399267399267E+0000
 373 -6.19047619047619E-0002 -1.37787545787546E+0000
 374 -2.96703296703297E-0002 -1.42300366300366E+0000
 375  7.39926739926740E-0003 -1.42139194139194E+0000
 376  4.93040293040293E-0002 -1.39479853479853E+0000
 377  9.44322344322344E-0002 -1.36659340659341E+0000
 378  1.14578754578754E-0001 -1.40769230769231E+0000
 379  1.49230769230769E-0001 -1.37706959706960E+0000
 380  1.26666666666667E-0001 -1.41172161172161E+0000
 381  7.34798534798535E-0002 -1.41816849816850E+0000
 382  3.39926739926740E-0002 -1.40446886446886E+0000
 383 -8.71794871794872E-0003 -1.39157509157509E+0000
 384 -3.61172161172161E-0002 -1.39479853479853E+0000
 385 -8.84981684981685E-0002 -1.39721611721612E+0000
 386 -9.57509157509158E-0002 -1.37545787545788E+0000
 387 -1.32820512820513E-0001 -1.39560439560440E+0000
 388 -1.26373626373626E-0001 -1.39721611721612E+0000
 389 -1.20732600732600E-0001 -1.39318681318681E+0000
 390 -8.60805860805861E-0002 -1.37304029304029E+0000
 391 -6.67399267399267E-0002 -1.39560439560440E+0000
 392 -2.80586080586081E-0002 -1.39641025641026E+0000
 393  4.17582417582418E-0003 -1.39560439560440E+0000
 394  5.97802197802198E-0002 -1.36095238095238E+0000
 395  9.76556776556777E-0002 -1.38109890109890E+0000
 396  1.13772893772893E-0001 -1.43106227106227E+0000
 397  1.35531135531136E-0001 -1.43509157509158E+0000
 398  1.41978021978022E-0001 -1.41333333333333E+0000
 399  1.45201465201465E-0001 -1.40205128205128E+0000
 400  1.11355311355311E-0001 -1.40285714285714E+0000
 401  3.47985347985348E-0002 -1.38271062271062E+0000
 402 -1.67765567765568E-0002 -1.36417582417582E+0000
 403 -4.41758241758242E-0002 -1.41010989010989E+0000
 404 -8.28571428571429E-0002 -1.41575091575092E+0000
 405 -1.11062271062271E-0001 -1.37868131868132E+0000
 406 -1.28791208791209E-0001 -1.42703296703297E+0000
 407 -1.27985347985348E-0001 -1.39802197802198E+0000
 408 -6.67399267399267E-0002 -1.38593406593407E+0000
 409 -1.91941391941392E-0002 -1.37948717948718E+0000
 410  5.01098901098901E-0002 -1.39721611721612E+0000
 411  9.52380952380952E-0002 -1.42542124542125E+0000
 412  1.29084249084249E-0001 -1.42864468864469E+0000
 413  1.35531135531136E-0001 -1.38754578754579E+0000
 414  9.76556776556777E-0002 -1.39963369963370E+0000
 415  6.94505494505495E-0002 -1.38512820512821E+0000
 416 -1.19413919413919E-0002 -1.37465201465201E+0000
 417 -5.54578754578755E-0002 -1.42864468864469E+0000
 418 -1.12673992673992E-0001 -1.41010989010989E+0000
 419 -1.25567765567766E-0001 -1.39721611721612E+0000
 420 -1.31208791208791E-0001 -1.40608058608059E+0000
 421 -1.19120879120879E-0001 -1.38593406593407E+0000
 422 -5.46520146520147E-0002 -1.36820512820513E+0000
 423 -2.24175824175824E-0002 -1.41413919413919E+0000
 424  5.89743589743590E-0002 -1.38593406593407E+0000
 425  9.52380952380952E-0002 -1.41172161172161E+0000
 426  1.28278388278388E-0001 -1.41091575091575E+0000
 427  1.33113553113553E-0001 -1.39076923076923E+0000
 428  1.21025641025641E-0001 -1.37706959706960E+0000
 429  1.00073260073260E-0001 -1.41816849816850E+0000
 430  3.15750915750916E-0002 -1.40527472527473E+0000
 431 -1.11355311355311E-0002 -1.41655677655678E+0000
 432 -9.25274725274725E-0002 -1.41655677655678E+0000
 433 -1.13479853479853E-0001 -1.39882783882784E+0000
 434 -1.30402930402930E-0001 -1.38915750915751E+0000
 435 -1.29597069597070E-0001 -1.39560439560440E+0000
 436 -9.09157509157509E-0002 -1.36095238095238E+0000
 437 -5.94871794871795E-0002 -1.39318681318681E+0000
 438  1.46520146520146E-0002 -1.36014652014652E+0000
 439  1.12161172161172E-0001 -1.38190476190476E+0000
 440  1.16190476190476E-0001 -1.36659340659341E+0000
 441  1.36336996336996E-0001 -1.38754578754579E+0000
 442  1.28278388278388E-0001 -1.37626373626374E+0000
 443  1.04102564102564E-0001 -1.42139194139194E+0000
 444  7.67032967032967E-0002 -1.40205128205128E+0000
 445 -4.68864468864469E-0003 -1.39479853479853E+0000
 446 -8.36630036630037E-0002 -1.38512820512821E+0000
 447 -1.14285714285714E-0001 -1.39318681318681E+0000
 448 -1.24761904761904E-0001 -1.40366300366300E+0000
 449 -1.15091575091575E-0001 -1.39721611721612E+0000
 450 -8.84981684981685E-0002 -1.37465201465201E+0000
 451 -5.54578754578755E-0002 -1.41172161172161E+0000
 452  2.83516483516484E-0002 -1.40446886446886E+0000
 453  6.70329670329670E-0002 -1.38029304029304E+0000
 454  9.44322344322344E-0002 -1.40849816849817E+0000
 455  1.19413919413919E-0001 -1.40446886446886E+0000
 456  1.39560439560440E-0001 -1.36498168498168E+0000
 457  9.76556776556777E-0002 -1.41252747252747E+0000
 458  6.30036630036630E-0002 -1.40205128205128E+0000
 459 -2.96703296703297E-0002 -1.40124542124542E+0000
 460 -1.03003663003663E-0001 -1.39399267399267E+0000
 461 -1.14285714285714E-0001 -1.39479853479853E+0000
 462 -1.25567765567766E-0001 -1.39238095238095E+0000
 463 -8.52747252747253E-0002 -1.36901098901099E+0000
 464 -5.70695970695971E-0002 -1.38996336996337E+0000
 465  1.70695970695971E-0002 -1.39318681318681E+0000
 466  1.03296703296703E-0001 -1.38271062271062E+0000
 467  1.17802197802197E-0001 -1.37384615384615E+0000
 468  1.37142857142857E-0001 -1.37948717948718E+0000
 469  9.68498168498168E-0002 -1.43267399267399E+0000
 470  6.21978021978022E-0002 -1.42058608058608E+0000
 471 -1.51648351648351E-0002 -1.40366300366300E+0000
 472 -9.01098901098901E-0002 -1.38109890109890E+0000
 473 -1.27985347985348E-0001 -1.41655677655678E+0000
 474 -1.25567765567766E-0001 -1.42300366300366E+0000
 475 -8.68864468864469E-0002 -1.38754578754579E+0000
 476 -2.08058608058608E-0002 -1.39963369963370E+0000
 477  3.07692307692308E-0002 -1.35853479853480E+0000
 478  1.06520146520146E-0001 -1.39238095238095E+0000
 479  1.46813186813187E-0001 -1.36336996336996E+0000
 480  1.26666666666667E-0001 -1.38835164835165E+0000
 481  9.12087912087912E-0002 -1.39076923076923E+0000
 482  2.67399267399267E-0002 -1.40043956043956E+0000
 483 -6.67399267399267E-0002 -1.41413919413919E+0000
 484 -1.14285714285714E-0001 -1.39238095238095E+0000
 485 -1.19926739926739E-0001 -1.38109890109890E+0000
 486 -1.15091575091575E-0001 -1.39399267399267E+0000
 487 -5.22344322344322E-0002 -1.39479853479853E+0000
 488  3.47985347985348E-0002 -1.37545787545788E+0000
 489  7.26739926739927E-0002 -1.38351648351648E+0000
 490  9.76556776556777E-0002 -1.36981684981685E+0000
 491  1.24249084249084E-0001 -1.40205128205128E+0000
 492  1.37142857142857E-0001 -1.40366300366300E+0000
 493  9.20146520146520E-0002 -1.41494505494505E+0000
 494  1.86813186813187E-0002 -1.39238095238095E+0000
 495 -2.24175824175824E-0002 -1.38835164835165E+0000
 496 -5.78754578754579E-0002 -1.39318681318681E+0000
 497 -9.09157509157509E-0002 -1.36659340659341E+0000
 498 -1.26373626373626E-0001 -1.40446886446886E+0000
 499 -1.10256410256410E-0001 -1.37465201465201E+0000
 500 -5.06227106227106E-0002 -1.40688644688645E+0000
 501  2.99633699633700E-0002 -1.39882783882784E+0000
 502  7.10622710622711E-0002 -1.40527472527473E+0000
 503  1.26666666666667E-0001 -1.40769230769231E+0000
 504  1.31501831501832E-0001 -1.37223443223443E+0000
 505  9.52380952380952E-0002 -1.41575091575092E+0000
 506  2.02930402930403E-0002 -1.39479853479853E+0000
 507 -2.40293040293040E-0002 -1.39238095238095E+0000
 508 -9.73626373626374E-0002 -1.36256410256410E+0000
 509 -1.23956043956044E-0001 -1.38996336996337E+0000
 510 -1.18315018315018E-0001 -1.39318681318681E+0000
 511 -4.41758241758242E-0002 -1.39238095238095E+0000
 512  3.23809523809524E-0002 -1.37787545787546E+0000
 513  6.70329670329670E-0002 -1.38432234432234E+0000
 514  1.19413919413919E-0001 -1.37868131868132E+0000
 515  1.33113553113553E-0001 -1.39157509157509E+0000
 516  9.60439560439560E-0002 -1.38996336996337E+0000
 517  6.21978021978022E-0002 -1.40527472527473E+0000
 518 -6.99633699633700E-0002 -1.41897435897436E+0000
 519 -9.33333333333333E-0002 -1.41575091575092E+0000
 520 -1.17509157509157E-0001 -1.39479853479853E+0000
 521 -1.22344322344322E-0001 -1.39318681318681E+0000
 522 -1.13479853479853E-0001 -1.35289377289377E+0000
 523 -4.90109890109890E-0002 -1.37948717948718E+0000
 524  3.56043956043956E-0002 -1.38109890109890E+0000
 525  1.24249084249084E-0001 -1.41897435897436E+0000
 526  1.32307692307692E-0001 -1.40124542124542E+0000
 527  1.16190476190476E-0001 -1.39157509157509E+0000
 528  8.71794871794872E-0002 -1.40285714285714E+0000
 529  5.57509157509158E-0002 -1.38593406593407E+0000
 530  2.35164835164835E-0002 -1.36256410256410E+0000
 531 -2.80586080586081E-0002 -1.39802197802198E+0000
 532 -6.35164835164835E-0002 -1.41010989010989E+0000
 533 -9.89743589743590E-0002 -1.38109890109890E+0000
 534 -1.26373626373626E-0001 -1.43992673992674E+0000
 535 -1.09450549450549E-0001 -1.40849816849817E+0000
 536 -4.73992673992674E-0002 -1.40769230769231E+0000
 537  4.52747252747253E-0002 -1.39560439560440E+0000
 538  1.08131868131868E-0001 -1.39479853479853E+0000
 539  1.38754578754579E-0001 -1.38593406593407E+0000
 540  1.17802197802197E-0001 -1.38432234432234E+0000
 541  4.28571428571429E-0002 -1.39963369963370E+0000
 542 -3.69230769230769E-0002 -1.42139194139194E+0000
 543 -9.17216117216117E-0002 -1.38351648351648E+0000
 544 -1.24761904761904E-0001 -1.42219780219780E+0000
 545 -1.06227106227106E-0001 -1.40446886446886E+0000
 546 -8.28571428571429E-0002 -1.38271062271062E+0000
 547 -4.73992673992674E-0002 -1.37626373626374E+0000
 548 -3.07692307692308E-0003 -1.41091575091575E+0000
 549  3.64102564102564E-0002 -1.36256410256410E+0000
 550  1.04908424908424E-0001 -1.39157509157509E+0000
 551  1.26666666666667E-0001 -1.39560439560440E+0000
 552  1.46007326007326E-0001 -1.39238095238095E+0000
 553  1.20219780219780E-0001 -1.40366300366300E+0000
 554  4.68864468864469E-0002 -1.38915750915751E+0000
 555  1.14285714285714E-0002 -1.36578754578755E+0000
 556 -2.48351648351648E-0002 -1.41252747252747E+0000
 557 -1.02197802197802E-0001 -1.38754578754579E+0000
 558 -1.25567765567766E-0001 -1.39560439560440E+0000
 559 -1.08644688644688E-0001 -1.38673992673993E+0000
 560 -2.80586080586081E-0002 -1.38673992673993E+0000
 561  5.49450549450549E-0002 -1.38673992673993E+0000
 562  1.07326007326007E-0001 -1.39238095238095E+0000
 563  1.29084249084249E-0001 -1.39721611721612E+0000
 564  1.08937728937728E-0001 -1.41010989010989E+0000
 565  4.60805860805861E-0002 -1.38351648351648E+0000
 566 -3.61172161172161E-0002 -1.43670329670330E+0000
 567 -9.33333333333333E-0002 -1.40688644688645E+0000
 568 -1.19926739926739E-0001 -1.42219780219780E+0000
 569 -1.08644688644688E-0001 -1.37948717948718E+0000
 570 -4.82051282051282E-0002 -1.42380952380952E+0000
 571  3.64102564102564E-0002 -1.38432234432234E+0000
 572  1.15384615384615E-0001 -1.43186813186813E+0000
 573  1.39560439560440E-0001 -1.40124542124542E+0000
 574  1.06520146520146E-0001 -1.41172161172161E+0000
 575  5.49450549450549E-0002 -1.38190476190476E+0000
 576 -3.36996336996337E-0002 -1.42945054945055E+0000
 577 -9.89743589743590E-0002 -1.40446886446886E+0000
 578 -1.21538461538461E-0001 -1.41413919413919E+0000
 579 -1.11062271062271E-0001 -1.36739926739927E+0000
 580 -3.28937728937729E-0002 -1.40527472527473E+0000
 581  3.64102564102564E-0002 -1.36578754578755E+0000
 582  1.12161172161172E-0001 -1.40688644688645E+0000
 583  1.46007326007326E-0001 -1.36498168498168E+0000
 584  1.08131868131868E-0001 -1.41655677655678E+0000
 585  4.36630036630037E-0002 -1.38673992673993E+0000
 586 -3.20879120879121E-0002 -1.40527472527473E+0000
 587 -1.03809523809523E-0001 -1.37062271062271E+0000
 588 -1.32014652014652E-0001 -1.41978021978022E+0000
 589 -1.02197802197802E-0001 -1.41010989010989E+0000
 590 -7.56043956043956E-0002 -1.38271062271062E+0000
 591 -1.27472527472527E-0002 -1.40124542124542E+0000
 592  8.87912087912088E-0002 -1.40930402930403E+0000
 593  1.31501831501832E-0001 -1.39318681318681E+0000
 594  1.26666666666667E-0001 -1.41494505494505E+0000
 595  9.04029304029304E-0002 -1.39882783882784E+0000
 596  2.56410256410256E-0003 -1.38673992673993E+0000
 597 -7.47985347985348E-0002 -1.38351648351648E+0000
 598 -1.15897435897435E-0001 -1.39399267399267E+0000
 599 -1.14285714285714E-0001 -1.38835164835165E+0000
 600 -7.56043956043956E-0002 -1.35611721611722E+0000
 601 -3.45054945054945E-0002 -1.39238095238095E+0000
 602  4.44688644688645E-0002 -1.37868131868132E+0000
 603  1.06520146520146E-0001 -1.43025641025641E+0000
 604  1.39560439560440E-0001 -1.39479853479853E+0000
 605  1.28278388278388E-0001 -1.39479853479853E+0000
 606  4.52747252747253E-0002 -1.39560439560440E+0000
 607 -3.36996336996337E-0002 -1.40205128205128E+0000
 608 -1.02197802197802E-0001 -1.39238095238095E+0000
 609 -1.22344322344322E-0001 -1.40366300366300E+0000
 610 -1.04615384615384E-0001 -1.38351648351648E+0000
 611 -6.43223443223443E-0002 -1.39560439560440E+0000
 612  6.59340659340659E-0003 -1.37062271062271E+0000
 613  8.63736263736264E-0002 -1.37626373626374E+0000
 614  1.41172161172161E-0001 -1.39802197802198E+0000
 615  1.32307692307692E-0001 -1.42703296703297E+0000
 616  8.07326007326007E-0002 -1.41413919413919E+0000
 617  1.46520146520147E-0004 -1.40527472527473E+0000
 618 -7.96336996336996E-0002 -1.39318681318681E+0000
 619 -1.24761904761904E-0001 -1.37868131868132E+0000
 620 -1.27179487179487E-0001 -1.43025641025641E+0000
 621 -9.89743589743590E-0002 -1.39802197802198E+0000
 622 -3.77289377289377E-0002 -1.40043956043956E+0000
 623  5.09157509157509E-0002 -1.40205128205128E+0000
 624  1.24249084249084E-0001 -1.39963369963370E+0000
 625  1.24249084249084E-0001 -1.35934065934066E+0000
 626  1.21025641025641E-0001 -1.40688644688645E+0000
 627  3.64102564102564E-0002 -1.37223443223443E+0000
 628 -3.20879120879121E-0002 -1.42703296703297E+0000
 629 -1.06227106227106E-0001 -1.40608058608059E+0000
 630 -1.19926739926739E-0001 -1.39076923076923E+0000
 631 -1.17509157509157E-0001 -1.36417582417582E+0000
 632 -6.43223443223443E-0002 -1.41816849816850E+0000
 633  1.70695970695971E-0002 -1.39318681318681E+0000
 634  8.23443223443223E-0002 -1.41736263736264E+0000
 635  1.26666666666667E-0001 -1.39963369963370E+0000
 636  1.00879120879120E-0001 -1.38835164835165E+0000
 637  1.03296703296703E-0001 -1.39399267399267E+0000
 638  4.12454212454212E-0002 -1.40769230769231E+0000
 639 -4.17582417582418E-0002 -1.41736263736264E+0000
 640 -1.03003663003663E-0001 -1.38271062271062E+0000
 641 -1.15091575091575E-0001 -1.42703296703297E+0000
 642 -1.03003663003663E-0001 -1.37545787545788E+0000
 643 -3.53113553113553E-0002 -1.41252747252747E+0000
 644  4.93040293040293E-0002 -1.36981684981685E+0000
 645  1.25054945054945E-0001 -1.40769230769231E+0000
 646  1.37948717948718E-0001 -1.38029304029304E+0000
 647  1.30695970695971E-0001 -1.40849816849817E+0000
 648  6.38095238095238E-0002 -1.39238095238095E+0000
 649  5.78754578754579E-0003 -1.42945054945055E+0000
 650 -7.64102564102564E-0002 -1.41897435897436E+0000
 651 -1.19926739926739E-0001 -1.40769230769231E+0000
 652 -1.12673992673992E-0001 -1.38351648351648E+0000
 653 -6.67399267399267E-0002 -1.40043956043956E+0000
 654  2.35164835164835E-0002 -1.37706959706960E+0000
 655  9.36263736263736E-0002 -1.39560439560440E+0000
 656  1.21831501831501E-0001 -1.39963369963370E+0000
 657  1.43589743589744E-0001 -1.39802197802198E+0000
 658  9.92673992673993E-0002 -1.41172161172161E+0000
 659  3.47985347985348E-0002 -1.38029304029304E+0000
 660 -4.90109890109890E-0002 -1.44395604395604E+0000
 661 -1.01391941391941E-0001 -1.41413919413919E+0000
 662 -1.29597069597070E-0001 -1.41816849816850E+0000
 663 -9.09157509157509E-0002 -1.37868131868132E+0000
 664 -2.56410256410256E-0002 -1.42139194139194E+0000
 665  1.46520146520146E-0002 -1.39479853479853E+0000
 666  9.36263736263736E-0002 -1.40849816849817E+0000
 667  1.25860805860806E-0001 -1.37868131868132E+0000
 668  1.19413919413919E-0001 -1.41897435897436E+0000
 669  8.47619047619048E-0002 -1.41172161172161E+0000
 670 -1.59706959706960E-0002 -1.41333333333333E+0000
 671 -8.84981684981685E-0002 -1.40769230769231E+0000
 672 -1.19120879120879E-0001 -1.38673992673993E+0000
 673 -1.27179487179487E-0001 -1.38271062271062E+0000
 674 -9.09157509157509E-0002 -1.37787545787546E+0000
 675 -1.83882783882784E-0002 -1.41897435897436E+0000
 676  6.13919413919414E-0002 -1.37223443223443E+0000
 677  1.16996336996337E-0001 -1.42058608058608E+0000
 678  1.39560439560440E-0001 -1.39399267399267E+0000
 679  1.16996336996337E-0001 -1.38754578754579E+0000
 680  5.57509157509158E-0002 -1.36981684981685E+0000
 681 -9.52380952380952E-0003 -1.39882783882784E+0000
 682 -8.60805860805861E-0002 -1.38432234432234E+0000
 683 -1.26373626373626E-0001 -1.41010989010989E+0000
 684 -1.07838827838827E-0001 -1.37868131868132E+0000
 685 -5.94871794871795E-0002 -1.40608058608059E+0000
 686  2.75457875457875E-0002 -1.40124542124542E+0000
 687  5.33333333333333E-0002 -1.39479853479853E+0000
 688  1.19413919413919E-0001 -1.39238095238095E+0000
 689  1.39560439560440E-0001 -1.39479853479853E+0000
 690  1.08131868131868E-0001 -1.39641025641026E+0000
 691  3.56043956043956E-0002 -1.40849816849817E+0000
 692 -5.14285714285714E-0002 -1.41252747252747E+0000
 693 -9.17216117216117E-0002 -1.39318681318681E+0000
 694 -1.31208791208791E-0001 -1.39560439560440E+0000
 695 -1.15897435897435E-0001 -1.35853479853480E+0000
 696 -5.62637362637363E-0002 -1.42622710622711E+0000
 697  1.94871794871795E-0002 -1.40769230769231E+0000
 698  8.95970695970696E-0002 -1.39399267399267E+0000
 699  1.30695970695971E-0001 -1.37142857142857E+0000
 700  1.18608058608058E-0001 -1.40043956043956E+0000
 701  1.10549450549450E-0001 -1.42058608058608E+0000
 702  2.91575091575092E-0002 -1.38673992673993E+0000
 703 -5.38461538461538E-0002 -1.39238095238095E+0000
 704 -1.10256410256410E-0001 -1.40043956043956E+0000
 705 -1.26373626373626E-0001 -1.41575091575092E+0000
 706 -8.68864468864469E-0002 -1.37062271062271E+0000
 707 -1.51648351648351E-0002 -1.40446886446886E+0000
 708  7.26739926739927E-0002 -1.37706959706960E+0000
 709  8.95970695970696E-0002 -1.39882783882784E+0000
 710  1.31501831501832E-0001 -1.37223443223443E+0000
 711  1.25860805860806E-0001 -1.40849816849817E+0000
 712  6.38095238095238E-0002 -1.38512820512821E+0000
 713 -1.35531135531135E-0002 -1.43267399267399E+0000
 714 -9.41391941391941E-0002 -1.41978021978022E+0000
 715 -1.41684981684982E-0001 -1.41494505494505E+0000
 716 -1.13479853479853E-0001 -1.41252747252747E+0000
 717 -8.93040293040293E-0002 -1.36981684981685E+0000
 718 -1.83882783882784E-0002 -1.40124542124542E+0000
 719  7.10622710622711E-0002 -1.39721611721612E+0000
 720  1.19413919413919E-0001 -1.39802197802198E+0000
 721  1.35531135531136E-0001 -1.41010989010989E+0000
 722  1.00073260073260E-0001 -1.42380952380952E+0000
 723  3.15750915750916E-0002 -1.39721611721612E+0000
 724 -6.10989010989011E-0002 -1.40608058608059E+0000
 725 -8.20512820512821E-0002 -1.38351648351648E+0000
 726 -1.23956043956044E-0001 -1.41816849816850E+0000
 727 -1.24761904761904E-0001 -1.39157509157509E+0000
 728 -5.38461538461538E-0002 -1.42622710622711E+0000
 729  2.19047619047619E-0002 -1.40446886446886E+0000
 730  9.60439560439560E-0002 -1.39802197802198E+0000
 731  1.33113553113553E-0001 -1.36498168498168E+0000
 732  1.26666666666667E-0001 -1.40043956043956E+0000
 733  6.70329670329670E-0002 -1.40205128205128E+0000
 734  2.10989010989011E-0002 -1.37223443223443E+0000
 735 -5.94871794871795E-0002 -1.41494505494505E+0000
 736 -1.06227106227106E-0001 -1.38351648351648E+0000
 737 -1.26373626373626E-0001 -1.37787545787546E+0000
 738 -8.52747252747253E-0002 -1.38351648351648E+0000
 739 -1.51648351648351E-0002 -1.36739926739927E+0000
 740  6.94505494505495E-0002 -1.38673992673993E+0000
 741  8.71794871794872E-0002 -1.41494505494505E+0000
 742  1.26666666666667E-0001 -1.38593406593407E+0000
 743  1.09743589743589E-0001 -1.43509157509158E+0000
 744  6.46153846153846E-0002 -1.40769230769231E+0000
 745 -1.75824175824176E-0002 -1.40849816849817E+0000
 746 -9.65567765567766E-0002 -1.39963369963370E+0000
 747 -1.14285714285714E-0001 -1.42058608058608E+0000
 748 -1.27179487179487E-0001 -1.40608058608059E+0000
 749 -8.04395604395604E-0002 -1.37142857142857E+0000
 750 -1.27472527472527E-0002 -1.40527472527473E+0000
 751  7.02564102564103E-0002 -1.41172161172161E+0000
 752  1.26666666666667E-0001 -1.41494505494505E+0000
 753  1.30695970695971E-0001 -1.39238095238095E+0000
 754  1.24249084249084E-0001 -1.39560439560440E+0000
 755  5.49450549450549E-0002 -1.36739926739927E+0000
 756 -2.24175824175824E-0002 -1.41897435897436E+0000
 757 -8.28571428571429E-0002 -1.38673992673993E+0000
 758 -1.33626373626374E-0001 -1.39721611721612E+0000
 759 -1.05421245421245E-0001 -1.35772893772894E+0000
 760 -5.62637362637363E-0002 -1.38512820512821E+0000
 761  3.47985347985348E-0002 -1.37142857142857E+0000
 762  7.10622710622711E-0002 -1.36901098901099E+0000
 763  1.26666666666667E-0001 -1.40205128205128E+0000
 764  1.34725274725275E-0001 -1.41252747252747E+0000
 765  9.12087912087912E-0002 -1.42461538461538E+0000
 766  1.30402930402930E-0002 -1.41655677655678E+0000
 767 -6.10989010989011E-0002 -1.41978021978022E+0000
 768 -1.11868131868131E-0001 -1.40124542124542E+0000
 769 -1.27179487179487E-0001 -1.40366300366300E+0000
 770 -1.16703296703296E-0001 -1.36578754578755E+0000
 771 -4.73992673992674E-0002 -1.40769230769231E+0000
 772  3.31868131868132E-0002 -1.35369963369963E+0000
 773  1.04102564102564E-0001 -1.39076923076923E+0000
 774  1.34725274725275E-0001 -1.39238095238095E+0000
 775  1.16996336996337E-0001 -1.40205128205128E+0000
 776  6.30036630036630E-0002 -1.38109890109890E+0000
 777  1.38461538461538E-0002 -1.41333333333333E+0000
 778 -6.43223443223443E-0002 -1.41655677655678E+0000
 779 -1.12673992673992E-0001 -1.39802197802198E+0000
 780 -1.19926739926739E-0001 -1.38835164835165E+0000
 781 -7.80219780219780E-0002 -1.39479853479853E+0000
 782 -6.30036630036630E-0003 -1.36901098901099E+0000
 783  7.67032967032967E-0002 -1.40446886446886E+0000
 784  1.21831501831501E-0001 -1.39157509157509E+0000
 785  1.37948717948718E-0001 -1.36981684981685E+0000
 786  1.16190476190476E-0001 -1.40849816849817E+0000
 787  5.49450549450549E-0002 -1.36739926739927E+0000
 788 -2.32234432234432E-0002 -1.41978021978022E+0000
 789 -9.57509157509158E-0002 -1.40205128205128E+0000
 790 -1.26373626373626E-0001 -1.40285714285714E+0000
 791 -1.01391941391941E-0001 -1.36095238095238E+0000
 792 -4.17582417582418E-0002 -1.40769230769231E+0000
 793  3.23809523809524E-0002 -1.35934065934066E+0000
 794  9.84615384615385E-0002 -1.40285714285714E+0000
 795  1.30695970695971E-0001 -1.39157509157509E+0000
 796  1.36336996336996E-0001 -1.41252747252747E+0000
 797  9.04029304029304E-0002 -1.41575091575092E+0000
 798  1.70695970695971E-0002 -1.39076923076923E+0000
 799 -6.67399267399267E-0002 -1.38754578754579E+0000
 800 -1.18315018315018E-0001 -1.40769230769231E+0000
 801 -1.23956043956044E-0001 -1.38754578754579E+0000
 802 -6.99633699633700E-0002 -1.40124542124542E+0000
 803  2.56410256410256E-0003 -1.37223443223443E+0000
 804  7.42857142857143E-0002 -1.39479853479853E+0000
 805  1.09743589743589E-0001 -1.38512820512821E+0000
 806  1.36336996336996E-0001 -1.38512820512821E+0000
 807  1.16996336996337E-0001 -1.38432234432234E+0000
 808  4.68864468864469E-0002 -1.39721611721612E+0000
 809 -3.20879120879121E-0002 -1.41010989010989E+0000
 810 -9.89743589743590E-0002 -1.38029304029304E+0000
 811 -1.35238095238095E-0001 -1.42622710622711E+0000
 812 -1.11868131868131E-0001 -1.42139194139194E+0000
 813 -7.47985347985348E-0002 -1.38593406593407E+0000
 814  1.46520146520147E-0004 -1.37304029304029E+0000
 815  7.99267399267399E-0002 -1.38673992673993E+0000
 816  1.25860805860806E-0001 -1.38109890109890E+0000
 817  1.46813186813187E-0001 -1.40930402930403E+0000
 818  8.79853479853480E-0002 -1.39479853479853E+0000
 819  9.81684981684982E-0003 -1.37062271062271E+0000
 820 -4.09523809523810E-0002 -1.41978021978022E+0000
 821 -1.02197802197802E-0001 -1.39479853479853E+0000
 822 -1.31208791208791E-0001 -1.38996336996337E+0000
 823 -1.03003663003663E-0001 -1.37706959706960E+0000
 824 -4.09523809523810E-0002 -1.41736263736264E+0000
 825  4.04395604395604E-0002 -1.37223443223443E+0000
 826  1.16996336996337E-0001 -1.42058608058608E+0000
 827  1.37142857142857E-0001 -1.37948717948718E+0000
 828  1.06520146520146E-0001 -1.42783882783883E+0000
 829  8.71794871794872E-0002 -1.42380952380952E+0000
 830  8.20512820512821E-0003 -1.41091575091575E+0000
 831 -7.23809523809524E-0002 -1.40205128205128E+0000
 832 -1.29597069597070E-0001 -1.39238095238095E+0000
 833 -1.24761904761904E-0001 -1.37142857142857E+0000
 834 -7.56043956043956E-0002 -1.38996336996337E+0000
 835 -2.27106227106227E-0003 -1.36336996336996E+0000
 836  7.42857142857143E-0002 -1.40849816849817E+0000
 837  1.31501831501832E-0001 -1.40849816849817E+0000
 838  1.38754578754579E-0001 -1.36256410256410E+0000
 839  1.12967032967033E-0001 -1.40205128205128E+0000
 840  5.57509157509158E-0002 -1.35692307692308E+0000
 841 -3.20879120879121E-0002 -1.39963369963370E+0000
 842 -9.09157509157509E-0002 -1.37062271062271E+0000
 843 -1.31208791208791E-0001 -1.41333333333333E+0000
 844 -1.05421245421245E-0001 -1.38512820512821E+0000
 845 -4.09523809523810E-0002 -1.37948717948718E+0000
 846  4.84981684981685E-0002 -1.41575091575092E+0000
 847  1.28278388278388E-0001 -1.39479853479853E+0000
 848  1.35531135531136E-0001 -1.41413919413919E+0000
 849  8.15384615384615E-0002 -1.39560439560440E+0000
 850  4.98168498168498E-0003 -1.41333333333333E+0000
 851 -7.23809523809524E-0002 -1.41333333333333E+0000
 852 -1.18315018315018E-0001 -1.41091575091575E+0000
 853 -1.23150183150183E-0001 -1.39318681318681E+0000
 854 -7.23809523809524E-0002 -1.37062271062271E+0000
 855 -3.20879120879121E-0002 -1.41091575091575E+0000
 856  6.46153846153846E-0002 -1.40769230769231E+0000
 857  1.21025641025641E-0001 -1.40205128205128E+0000
 858  1.37948717948718E-0001 -1.39560439560440E+0000
 859  1.16996336996337E-0001 -1.40446886446886E+0000
 860  3.64102564102564E-0002 -1.37384615384615E+0000
 861 -4.57875457875458E-0002 -1.44073260073260E+0000
 862 -9.89743589743590E-0002 -1.40849816849817E+0000
 863 -1.32014652014652E-0001 -1.41816849816850E+0000
 864 -9.33333333333333E-0002 -1.40043956043956E+0000
 865 -6.99633699633700E-0002 -1.42703296703297E+0000
 866 -1.46520146520146E-0003 -1.40446886446886E+0000
 867  9.20146520146520E-0002 -1.42622710622711E+0000
 868  1.35531135531136E-0001 -1.41333333333333E+0000
 869  1.30695970695971E-0001 -1.40366300366300E+0000
 870  7.99267399267399E-0002 -1.38835164835165E+0000
 871  4.98168498168498E-0003 -1.41333333333333E+0000
 872 -7.88278388278388E-0002 -1.41413919413919E+0000
 873 -1.27179487179487E-0001 -1.38996336996337E+0000
 874 -1.26373626373626E-0001 -1.39721611721612E+0000
 875 -1.02197802197802E-0001 -1.39157509157509E+0000
 876 -3.20879120879121E-0002 -1.39399267399267E+0000
 877  4.36630036630037E-0002 -1.39318681318681E+0000
 878  1.10549450549450E-0001 -1.40205128205128E+0000
 879  1.40366300366300E-0001 -1.40205128205128E+0000
 880  1.11355311355311E-0001 -1.41413919413919E+0000
 881  3.39926739926740E-0002 -1.39157509157509E+0000
 882  1.46520146520147E-0004 -1.42783882783883E+0000
 883 -7.80219780219780E-0002 -1.41978021978022E+0000
 884 -1.21538461538461E-0001 -1.41413919413919E+0000
 885 -1.11062271062271E-0001 -1.38915750915751E+0000
 886 -6.91575091575092E-0002 -1.40446886446886E+0000
 887  1.06227106227106E-0002 -1.37948717948718E+0000
 888  9.84615384615385E-0002 -1.40366300366300E+0000
 889  1.37948717948718E-0001 -1.36014652014652E+0000
 890  1.11355311355311E-0001 -1.40930402930403E+0000
 891  4.93040293040293E-0002 -1.36256410256410E+0000
 892 -3.61172161172161E-0002 -1.40769230769231E+0000
 893 -1.09450549450549E-0001 -1.36659340659341E+0000
 894 -1.21538461538461E-0001 -1.42058608058608E+0000
 895 -1.05421245421245E-0001 -1.36820512820513E+0000
 896 -2.80586080586081E-0002 -1.41333333333333E+0000
 897  1.86813186813187E-0002 -1.39238095238095E+0000
 898  8.79853479853480E-0002 -1.42058608058608E+0000
 899  1.37948717948718E-0001 -1.38835164835165E+0000
 900  1.25054945054945E-0001 -1.41333333333333E+0000
 901  7.26739926739927E-0002 -1.41010989010989E+0000
 902  1.94871794871795E-0002 -1.39641025641026E+0000
 903 -8.12454212454212E-0002 -1.38351648351648E+0000
 904 -1.18315018315018E-0001 -1.36256410256410E+0000
 905 -1.32014652014652E-0001 -1.39721611721612E+0000
 906 -9.49450549450549E-0002 -1.39157509157509E+0000
 907 -3.45054945054945E-0002 -1.38673992673993E+0000
 908  4.20512820512821E-0002 -1.38190476190476E+0000
 909  1.09743589743589E-0001 -1.41575091575092E+0000
 910  1.26666666666667E-0001 -1.37304029304029E+0000
 911  9.92673992673993E-0002 -1.42300366300366E+0000
 912  8.07326007326007E-0002 -1.41333333333333E+0000
 913 -7.10622710622711E-0003 -1.40849816849817E+0000
 914 -8.84981684981685E-0002 -1.38271062271062E+0000
 915 -1.31208791208791E-0001 -1.40769230769231E+0000
 916 -1.06227106227106E-0001 -1.37465201465201E+0000
 917 -7.15750915750916E-0002 -1.39882783882784E+0000
 918  9.01098901098901E-0003 -1.37304029304029E+0000
 919  9.84615384615385E-0002 -1.39641025641026E+0000
 920  1.10549450549450E-0001 -1.39641025641026E+0000
 921  1.46813186813187E-0001 -1.39157509157509E+0000
 922  9.04029304029304E-0002 -1.39560439560440E+0000
 923  2.35164835164835E-0002 -1.39479853479853E+0000
 924 -4.33699633699634E-0002 -1.40205128205128E+0000
 925 -1.08644688644688E-0001 -1.40124542124542E+0000
 926 -1.27179487179487E-0001 -1.40124542124542E+0000
 927 -9.65567765567766E-0002 -1.37223443223443E+0000
 928 -5.78754578754579E-0002 -1.39963369963370E+0000
 929  1.06227106227106E-0002 -1.37062271062271E+0000
 930  1.00879120879120E-0001 -1.42945054945055E+0000
 931  1.42783882783883E-0001 -1.40608058608059E+0000
 932  1.21025641025641E-0001 -1.40608058608059E+0000
 933  5.89743589743590E-0002 -1.39721611721612E+0000
 934 -7.91208791208791E-0003 -1.39641025641026E+0000
 935 -7.96336996336996E-0002 -1.37787545787546E+0000
 936 -1.19120879120879E-0001 -1.39721611721612E+0000
 937 -1.27179487179487E-0001 -1.40043956043956E+0000
 938 -1.01391941391941E-0001 -1.35934065934066E+0000
 939 -2.00000000000000E-0002 -1.38835164835165E+0000
 940  6.54212454212454E-0002 -1.37223443223443E+0000
 941  1.22637362637362E-0001 -1.41736263736264E+0000
 942  1.41978021978022E-0001 -1.37787545787546E+0000
 943  1.00073260073260E-0001 -1.42864468864469E+0000
 944  7.50915750915751E-0002 -1.41655677655678E+0000
 945 -1.46520146520146E-0003 -1.41413919413919E+0000
 946 -8.36630036630037E-0002 -1.39721611721612E+0000
 947 -1.23150183150183E-0001 -1.42864468864469E+0000
 948 -1.06227106227106E-0001 -1.40769230769231E+0000
 949 -6.19047619047619E-0002 -1.39076923076923E+0000
 950  1.78754578754579E-0002 -1.35369963369963E+0000
 951  1.07326007326007E-0001 -1.42380952380952E+0000
 952  1.43589743589744E-0001 -1.42139194139194E+0000
 953  1.32307692307692E-0001 -1.38432234432234E+0000
 954  9.92673992673993E-0002 -1.39399267399267E+0000
 955  3.39926739926740E-0002 -1.41010989010989E+0000
 956 -4.25641025641026E-0002 -1.41978021978022E+0000
 957 -1.09450549450549E-0001 -1.38512820512821E+0000
 958 -1.28791208791209E-0001 -1.38915750915751E+0000
 959 -8.12454212454212E-0002 -1.38029304029304E+0000
 960 -2.24175824175824E-0002 -1.41413919413919E+0000
 961  6.30036630036630E-0002 -1.36739926739927E+0000
 962  1.20219780219780E-0001 -1.41655677655678E+0000
 963  1.38754578754579E-0001 -1.38593406593407E+0000
 964  1.18608058608058E-0001 -1.42058608058608E+0000
 965  7.50915750915751E-0002 -1.39238095238095E+0000
 966 -1.67765567765568E-0002 -1.39076923076923E+0000
 967 -7.72161172161172E-0002 -1.37142857142857E+0000
 968 -1.18315018315018E-0001 -1.40849816849817E+0000
 969 -1.06227106227106E-0001 -1.36820512820513E+0000
 970 -5.30402930402930E-0002 -1.40285714285714E+0000
 971  2.99633699633700E-0002 -1.36578754578755E+0000
 972  9.52380952380952E-0002 -1.39157509157509E+0000
 973  1.21025641025641E-0001 -1.38109890109890E+0000
 974  1.38754578754579E-0001 -1.39076923076923E+0000
 975  9.52380952380952E-0002 -1.40205128205128E+0000
 976  2.59340659340659E-0002 -1.41010989010989E+0000
 977 -6.10989010989011E-0002 -1.42300366300366E+0000
 978 -1.11868131868131E-0001 -1.39963369963370E+0000
 979 -1.31208791208791E-0001 -1.40769230769231E+0000
 980 -9.25274725274725E-0002 -1.35772893772894E+0000
 981 -2.80586080586081E-0002 -1.40366300366300E+0000
 982  2.99633699633700E-0002 -1.36417582417582E+0000
 983  1.00879120879120E-0001 -1.38835164835165E+0000
 984  1.26666666666667E-0001 -1.38593406593407E+0000
 985  1.16190476190476E-0001 -1.42219780219780E+0000
 986  5.65567765567766E-0002 -1.40043956043956E+0000
 987 -2.56410256410256E-0002 -1.41413919413919E+0000
 988 -7.80219780219780E-0002 -1.37465201465201E+0000
 989 -1.24761904761904E-0001 -1.41655677655678E+0000
 990 -1.08644688644688E-0001 -1.40930402930403E+0000
 991 -8.93040293040293E-0002 -1.36901098901099E+0000
 992 -1.51648351648351E-0002 -1.39963369963370E+0000
 993  7.02564102564103E-0002 -1.40527472527473E+0000
 994  1.23443223443223E-0001 -1.40849816849817E+0000
 995  1.38754578754579E-0001 -1.37384615384615E+0000
 996  9.44322344322344E-0002 -1.42461538461538E+0000
 997  2.35164835164835E-0002 -1.40849816849817E+0000
 998 -5.86813186813187E-0002 -1.41575091575092E+0000
 999 -1.11062271062271E-0001 -1.39479853479853E+0000
 1000 -1.23150183150183E-0001 -1.42542124542125E+0000
 1001 -1.09450549450549E-0001 -1.39479853479853E+0000
 1002 -6.02930402930403E-0002 -1.41333333333333E+0000
 1003  2.67399267399267E-0002 -1.38271062271062E+0000
 1004  9.84615384615385E-0002 -1.40446886446886E+0000
 1005  1.29084249084249E-0001 -1.37142857142857E+0000
 1006  1.16190476190476E-0001 -1.40849816849817E+0000
 1007  7.02564102564103E-0002 -1.37142857142857E+0000
 1008 -2.56410256410256E-0002 -1.41575091575092E+0000
 1009 -5.78754578754579E-0002 -1.41575091575092E+0000
 1010 -1.16703296703296E-0001 -1.38271062271062E+0000
 1011 -1.18315018315018E-0001 -1.37384615384615E+0000
 1012 -8.28571428571429E-0002 -1.38432234432234E+0000
 1013 -9.52380952380952E-0003 -1.37304029304029E+0000
 1014  6.94505494505495E-0002 -1.37223443223443E+0000
 1015  1.24249084249084E-0001 -1.41172161172161E+0000
 1016  1.36336996336996E-0001 -1.38996336996337E+0000
 1017  8.79853479853480E-0002 -1.38432234432234E+0000
 1018  2.67399267399267E-0002 -1.40366300366300E+0000
 1019 -8.68864468864469E-0002 -1.41494505494505E+0000
 1020 -8.93040293040293E-0002 -1.38029304029304E+0000
 1021 -1.23956043956044E-0001 -1.42058608058608E+0000
 1022 -1.10256410256410E-0001 -1.38432234432234E+0000
 1023 -5.06227106227106E-0002 -1.41252747252747E+0000
 1024  3.15750915750916E-0002 -1.37223443223443E+0000
 1025  1.05714285714285E-0001 -1.41252747252747E+0000
 1026  1.29084249084249E-0001 -1.38109890109890E+0000
 1027  1.18608058608058E-0001 -1.42945054945055E+0000
 1028  6.21978021978022E-0002 -1.40043956043956E+0000
 1029 -1.51648351648351E-0002 -1.41172161172161E+0000
 1030 -9.17216117216117E-0002 -1.38673992673993E+0000
 1031 -1.25567765567766E-0001 -1.38432234432234E+0000
 1032 -1.28791208791209E-0001 -1.36820512820513E+0000
 1033 -1.00586080586080E-0001 -1.37384615384615E+0000
 1034 -1.67765567765568E-0002 -1.40124542124542E+0000
 1035  6.62271062271062E-0002 -1.40930402930403E+0000
 1036  1.36336996336996E-0001 -1.39157509157509E+0000
 1037  1.33113553113553E-0001 -1.40285714285714E+0000
 1038  8.87912087912088E-0002 -1.40205128205128E+0000
 1039  1.94871794871795E-0002 -1.42058608058608E+0000
 1040 -6.99633699633700E-0002 -1.42139194139194E+0000
 1041 -1.06227106227106E-0001 -1.40043956043956E+0000
 1042 -1.26373626373626E-0001 -1.39479853479853E+0000
 1043 -6.43223443223443E-0002 -1.35772893772894E+0000
 1044 -4.57875457875458E-0002 -1.39238095238095E+0000
 1045  2.51282051282051E-0002 -1.39157509157509E+0000
 1046  1.03296703296703E-0001 -1.39157509157509E+0000
 1047  1.33919413919414E-0001 -1.40043956043956E+0000
 1048  1.17802197802197E-0001 -1.41494505494505E+0000
 1049  5.81684981684982E-0002 -1.38271062271062E+0000
 1050 -2.48351648351648E-0002 -1.43186813186813E+0000
 1051 -8.12454212454212E-0002 -1.40608058608059E+0000
 1052 -1.24761904761904E-0001 -1.41816849816850E+0000
 1053 -1.07838827838827E-0001 -1.38593406593407E+0000
 1054 -4.57875457875458E-0002 -1.42864468864469E+0000
 1055  3.56043956043956E-0002 -1.40930402930403E+0000
 1056  7.42857142857143E-0002 -1.37545787545788E+0000
 1057  1.26666666666667E-0001 -1.39721611721612E+0000
 1058  1.29890109890110E-0001 -1.40849816849817E+0000
 1059  9.04029304029304E-0002 -1.41172161172161E+0000
 1060  1.06227106227106E-0002 -1.39882783882784E+0000
 1061 -8.28571428571429E-0002 -1.40124542124542E+0000
 1062 -1.19120879120879E-0001 -1.41575091575092E+0000
 1063 -1.22344322344322E-0001 -1.40446886446886E+0000
 1064 -7.96336996336996E-0002 -1.41172161172161E+0000
 1065 -7.10622710622711E-0003 -1.42380952380952E+0000
 1066  4.93040293040293E-0002 -1.37948717948718E+0000
 1067  1.05714285714285E-0001 -1.42783882783883E+0000
 1068  1.36336996336996E-0001 -1.38109890109890E+0000
 1069  1.16190476190476E-0001 -1.43106227106227E+0000
 1070  5.81684981684982E-0002 -1.40930402930403E+0000
 1071 -2.80586080586081E-0002 -1.42058608058608E+0000
 1072 -9.33333333333333E-0002 -1.38512820512821E+0000
 1073 -1.28791208791209E-0001 -1.38915750915751E+0000
 1074 -1.04615384615384E-0001 -1.38109890109890E+0000
 1075 -4.01465201465201E-0002 -1.42219780219780E+0000
 1076  4.04395604395604E-0002 -1.40124542124542E+0000
 1077  8.87912087912088E-0002 -1.40446886446886E+0000
 1078  1.27472527472527E-0001 -1.39399267399267E+0000
 1079  1.35531135531136E-0001 -1.41575091575092E+0000
 1080  8.07326007326007E-0002 -1.41333333333333E+0000
 1081  6.59340659340659E-0003 -1.40366300366300E+0000
 1082 -6.83516483516484E-0002 -1.39479853479853E+0000
 1083 -1.20732600732600E-0001 -1.41010989010989E+0000
 1084 -1.16703296703296E-0001 -1.40446886446886E+0000
 1085 -7.96336996336996E-0002 -1.37868131868132E+0000
 1086  8.20512820512821E-0003 -1.39399267399267E+0000
 1087  8.71794871794872E-0002 -1.37223443223443E+0000
 1088  1.12161172161172E-0001 -1.41172161172161E+0000
 1089  1.33113553113553E-0001 -1.36739926739927E+0000
 1090  1.12161172161172E-0001 -1.42622710622711E+0000
 1091  5.33333333333333E-0002 -1.39641025641026E+0000
 1092 -4.33699633699634E-0002 -1.41413919413919E+0000
 1093 -9.25274725274725E-0002 -1.36336996336996E+0000
 1094 -1.39267399267399E-0001 -1.40930402930403E+0000
 1095 -1.06227106227106E-0001 -1.35934065934066E+0000
 1096 -4.41758241758242E-0002 -1.40527472527473E+0000
 1097  3.56043956043956E-0002 -1.36095238095238E+0000
 1098  1.20219780219780E-0001 -1.40285714285714E+0000
 1099  1.30695970695971E-0001 -1.37868131868132E+0000
 1100  1.29084249084249E-0001 -1.40527472527473E+0000
 1101  8.55677655677656E-0002 -1.40043956043956E+0000
 1102  5.78754578754579E-0003 -1.38835164835165E+0000
 1103 -7.23809523809524E-0002 -1.37465201465201E+0000
 1104 -1.27179487179487E-0001 -1.39479853479853E+0000
 1105 -1.20732600732600E-0001 -1.37384615384615E+0000
 1106 -7.96336996336996E-0002 -1.38835164835165E+0000
 1107  4.98168498168498E-0003 -1.35853479853480E+0000
 1108  8.07326007326007E-0002 -1.41172161172161E+0000
 1109  1.34725274725275E-0001 -1.39963369963370E+0000
 1110  1.29890109890110E-0001 -1.37948717948718E+0000
 1111  9.04029304029304E-0002 -1.42945054945055E+0000
 1112  5.01098901098901E-0002 -1.39721611721612E+0000
 1113 -2.00000000000000E-0002 -1.41172161172161E+0000
 1114 -9.81684981684982E-0002 -1.37948717948718E+0000
 1115 -1.28791208791209E-0001 -1.43106227106227E+0000
 1116 -1.02197802197802E-0001 -1.38754578754579E+0000
 1117 -4.09523809523810E-0002 -1.39238095238095E+0000
 1118  3.96336996336996E-0002 -1.38915750915751E+0000
 1119  1.13772893772893E-0001 -1.39318681318681E+0000
 1120  1.34725274725275E-0001 -1.38673992673993E+0000
 1121  1.18608058608058E-0001 -1.40688644688645E+0000
 1122  4.28571428571429E-0002 -1.39318681318681E+0000
 1123  2.56410256410256E-0003 -1.38029304029304E+0000
 1124 -6.75457875457875E-0002 -1.42058608058608E+0000
 1125 -1.24761904761904E-0001 -1.40205128205128E+0000
 1126 -1.15897435897435E-0001 -1.38432234432234E+0000
 1127 -6.83516483516484E-0002 -1.40366300366300E+0000
 1128  4.17582417582418E-0003 -1.38190476190476E+0000
 1129  8.39560439560440E-0002 -1.39157509157509E+0000
 1130  1.26666666666667E-0001 -1.37545787545788E+0000
 1131  1.33113553113553E-0001 -1.39802197802198E+0000
 1132  7.50915750915751E-0002 -1.38915750915751E+0000
 1133  1.46520146520147E-0004 -1.36901098901099E+0000
 1134 -3.20879120879121E-0002 -1.41413919413919E+0000
 1135 -9.81684981684982E-0002 -1.36739926739927E+0000
 1136 -1.35238095238095E-0001 -1.42461538461538E+0000
 1137 -9.73626373626374E-0002 -1.39076923076923E+0000
 1138 -3.85347985347985E-0002 -1.39479853479853E+0000
 1139  4.84981684981685E-0002 -1.38271062271062E+0000
 1140  1.10549450549450E-0001 -1.41252747252747E+0000
 1141  1.43589743589744E-0001 -1.38029304029304E+0000
 1142  1.07326007326007E-0001 -1.44556776556777E+0000
 1143  4.60805860805861E-0002 -1.41494505494505E+0000
 1144 -3.28937728937729E-0002 -1.41816849816850E+0000
 1145 -7.39926739926740E-0002 -1.41575091575092E+0000
 1146 -1.18315018315018E-0001 -1.40769230769231E+0000
 1147 -1.15897435897435E-0001 -1.38432234432234E+0000
 1148 -7.64102564102564E-0002 -1.39641025641026E+0000
 1149  6.59340659340659E-0003 -1.37223443223443E+0000
 1150  8.63736263736264E-0002 -1.39238095238095E+0000
 1151  1.30695970695971E-0001 -1.36901098901099E+0000
 1152  1.25860805860806E-0001 -1.39560439560440E+0000
 1153  7.02564102564103E-0002 -1.38271062271062E+0000
 1154 -3.07692307692308E-0003 -1.36095238095238E+0000
 1155 -3.61172161172161E-0002 -1.41897435897436E+0000
 1156 -1.03809523809523E-0001 -1.38673992673993E+0000
 1157 -1.19120879120879E-0001 -1.39641025641026E+0000
 1158 -9.33333333333333E-0002 -1.39157509157509E+0000
 1159 -4.41758241758242E-0002 -1.39318681318681E+0000
 1160  6.21978021978022E-0002 -1.38271062271062E+0000
 1161  1.12161172161172E-0001 -1.37465201465201E+0000
 1162  1.43589743589744E-0001 -1.37787545787546E+0000
 1163  1.10549450549450E-0001 -1.43912087912088E+0000
 1164  3.96336996336996E-0002 -1.41494505494505E+0000
 1165 -3.77289377289377E-0002 -1.42219780219780E+0000
 1166 -8.60805860805861E-0002 -1.41252747252747E+0000
 1167 -1.31208791208791E-0001 -1.40043956043956E+0000
 1168 -1.11062271062271E-0001 -1.38915750915751E+0000
 1169 -7.23809523809524E-0002 -1.40285714285714E+0000
 1170  6.59340659340659E-0003 -1.37706959706960E+0000
 1171  8.87912087912088E-0002 -1.39238095238095E+0000
 1172  1.30695970695971E-0001 -1.36739926739927E+0000
 1173  1.22637362637362E-0001 -1.39963369963370E+0000
 1174  7.50915750915751E-0002 -1.38351648351648E+0000
 1175 -2.27106227106227E-0003 -1.41333333333333E+0000
 1176 -8.60805860805861E-0002 -1.40930402930403E+0000
 1177 -1.33626373626374E-0001 -1.39479853479853E+0000
 1178 -1.28791208791209E-0001 -1.39479853479853E+0000
 1179 -9.49450549450549E-0002 -1.38271062271062E+0000
 1180 -2.08058608058608E-0002 -1.41655677655678E+0000
 1181  5.57509157509158E-0002 -1.36981684981685E+0000
 1182  1.11355311355311E-0001 -1.40124542124542E+0000
 1183  1.36336996336996E-0001 -1.38996336996337E+0000
 1184  9.68498168498168E-0002 -1.40043956043956E+0000
 1185  4.68864468864469E-0002 -1.36901098901099E+0000
 1186 -3.77289377289377E-0002 -1.41252747252747E+0000
 1187 -1.02197802197802E-0001 -1.38351648351648E+0000
 1188 -1.25567765567766E-0001 -1.38512820512821E+0000
 1189 -9.73626373626374E-0002 -1.35934065934066E+0000
 1190 -6.35164835164835E-0002 -1.41897435897436E+0000
 1191  2.35164835164835E-0002 -1.39238095238095E+0000
 1192  9.04029304029304E-0002 -1.42864468864469E+0000
 1193  1.35531135531136E-0001 -1.39560439560440E+0000
 1194  1.26666666666667E-0001 -1.42461538461538E+0000
 1195  7.34798534798535E-0002 -1.41736263736264E+0000
 1196 -2.27106227106227E-0003 -1.41333333333333E+0000
 1197 -7.23809523809524E-0002 -1.39641025641026E+0000
 1198 -1.22344322344322E-0001 -1.42300366300366E+0000
 1199 -9.97802197802198E-0002 -1.40849816849817E+0000
 1200 -6.59340659340659E-0002 -1.38754578754579E+0000
 1201 -2.24175824175824E-0002 -1.39399267399267E+0000
 1202  6.86446886446886E-0002 -1.39479853479853E+0000
 1203  1.12967032967033E-0001 -1.38996336996337E+0000
 1204  1.39560439560440E-0001 -1.39721611721612E+0000
 1205  1.04102564102564E-0001 -1.39882783882784E+0000
 1206  2.83516483516484E-0002 -1.41010989010989E+0000
 1207 -5.54578754578755E-0002 -1.42703296703297E+0000
 1208 -1.05421245421245E-0001 -1.39238095238095E+0000
 1209 -1.25567765567766E-0001 -1.39802197802198E+0000
 1210 -8.68864468864469E-0002 -1.39802197802198E+0000
 1211 -2.56410256410256E-0002 -1.40366300366300E+0000
 1212  2.99633699633700E-0002 -1.36498168498168E+0000
 1213  7.50915750915751E-0002 -1.39238095238095E+0000
 1214  1.33113553113553E-0001 -1.36820512820513E+0000
 1215  1.35531135531136E-0001 -1.39963369963370E+0000
 1216  6.62271062271062E-0002 -1.38996336996337E+0000
 1217 -6.30036630036630E-0003 -1.42058608058608E+0000
 1218 -8.20512820512821E-0002 -1.40124542124542E+0000
 1219 -1.19120879120879E-0001 -1.39076923076923E+0000
 1220 -1.21538461538461E-0001 -1.34805860805861E+0000
 1221 -6.51282051282051E-0002 -1.42461538461538E+0000
 1222  1.86813186813187E-0002 -1.42380952380952E+0000
 1223  6.30036630036630E-0002 -1.38835164835165E+0000
 1224  1.15384615384615E-0001 -1.38673992673993E+0000
 1225  1.37142857142857E-0001 -1.38835164835165E+0000
 1226  1.06520146520146E-0001 -1.38673992673993E+0000
 1227  3.31868131868132E-0002 -1.39721611721612E+0000
 1228 -4.57875457875458E-0002 -1.40608058608059E+0000
 1229 -1.07838827838827E-0001 -1.37142857142857E+0000
 1230 -1.28791208791209E-0001 -1.40043956043956E+0000
 1231 -9.01098901098901E-0002 -1.37626373626374E+0000
 1232 -1.91941391941392E-0002 -1.40527472527473E+0000
 1233  8.47619047619048E-0002 -1.37626373626374E+0000
 1234  8.55677655677656E-0002 -1.40043956043956E+0000
 1235  1.43589743589744E-0001 -1.38029304029304E+0000
 1236  1.18608058608058E-0001 -1.41575091575092E+0000
 1237  7.02564102564103E-0002 -1.38915750915751E+0000
 1238 -1.59706959706960E-0002 -1.41736263736264E+0000
 1239 -8.84981684981685E-0002 -1.41010989010989E+0000
 1240 -1.31208791208791E-0001 -1.40527472527473E+0000
 1241 -1.11062271062271E-0001 -1.37948717948718E+0000
 1242 -4.98168498168498E-0002 -1.41091575091575E+0000
 1243  1.94871794871795E-0002 -1.37706959706960E+0000
 1244  8.55677655677656E-0002 -1.40769230769231E+0000
 1245  1.35531135531136E-0001 -1.39802197802198E+0000
 1246  1.37948717948718E-0001 -1.40769230769231E+0000
 1247  1.00879120879120E-0001 -1.40688644688645E+0000
 1248  3.56043956043956E-0002 -1.37706959706960E+0000
 1249 -5.38461538461538E-0002 -1.42945054945055E+0000
 1250 -1.11868131868131E-0001 -1.40205128205128E+0000
 1251 -1.25567765567766E-0001 -1.39641025641026E+0000
 1252 -8.44688644688645E-0002 -1.39721611721612E+0000
 1253 -1.83882783882784E-0002 -1.39721611721612E+0000
 1254  6.54212454212454E-0002 -1.39641025641026E+0000
 1255  1.14578754578754E-0001 -1.39238095238095E+0000
 1256  1.37948717948718E-0001 -1.36981684981685E+0000
 1257  1.23443223443223E-0001 -1.40527472527473E+0000
 1258  5.41391941391941E-0002 -1.38915750915751E+0000
 1259 -1.51648351648351E-0002 -1.42864468864469E+0000
 1260 -8.93040293040293E-0002 -1.40527472527473E+0000
 1261 -1.36043956043956E-0001 -1.41333333333333E+0000
 1262 -1.18315018315018E-0001 -1.38351648351648E+0000
 1263 -5.38461538461538E-0002 -1.39641025641026E+0000
 1264  3.07692307692308E-0002 -1.35531135531136E+0000
 1265  1.05714285714285E-0001 -1.38754578754579E+0000
 1266  1.29890109890110E-0001 -1.34967032967033E+0000
 1267  1.21025641025641E-0001 -1.37545787545788E+0000
 1268  1.00879120879120E-0001 -1.41655677655678E+0000
 1269  3.07692307692308E-0002 -1.38915750915751E+0000
 1270 -5.94871794871795E-0002 -1.38996336996337E+0000
 1271 -1.02197802197802E-0001 -1.39963369963370E+0000
 1272 -1.39267399267399E-0001 -1.40849816849817E+0000
 1273 -8.20512820512821E-0002 -1.40366300366300E+0000
 1274 -8.71794871794872E-0003 -1.39641025641026E+0000
 1275  7.26739926739927E-0002 -1.39641025641026E+0000
 1276  1.20219780219780E-0001 -1.38673992673993E+0000
 1277  1.37142857142857E-0001 -1.39479853479853E+0000
 1278  9.68498168498168E-0002 -1.39479853479853E+0000
 1279  1.94871794871795E-0002 -1.36901098901099E+0000
 1280 -2.80586080586081E-0002 -1.40285714285714E+0000
 1281 -9.25274725274725E-0002 -1.36175824175824E+0000
 1282 -1.31208791208791E-0001 -1.41252747252747E+0000
 1283 -1.12673992673992E-0001 -1.37626373626374E+0000
 1284 -5.38461538461538E-0002 -1.41091575091575E+0000
 1285  2.35164835164835E-0002 -1.37626373626374E+0000
 1286  1.04102564102564E-0001 -1.41091575091575E+0000
 1287  1.37142857142857E-0001 -1.37787545787546E+0000
 1288  1.21831501831501E-0001 -1.41897435897436E+0000
 1289  5.81684981684982E-0002 -1.39560439560440E+0000
 1290 -1.27472527472527E-0002 -1.39238095238095E+0000
 1291 -9.01098901098901E-0002 -1.38835164835165E+0000
 1292 -1.09450549450549E-0001 -1.39882783882784E+0000
 1293 -1.27179487179487E-0001 -1.38996336996337E+0000
 1294 -8.84981684981685E-0002 -1.38673992673993E+0000
 1295 -1.51648351648351E-0002 -1.37384615384615E+0000
 1296  7.50915750915751E-0002 -1.37948717948718E+0000
 1297  1.23443223443223E-0001 -1.42380952380952E+0000
 1298  1.33113553113553E-0001 -1.39479853479853E+0000
 1299  1.00073260073260E-0001 -1.38271062271062E+0000
 1300  1.94871794871795E-0002 -1.38915750915751E+0000
 1301 -6.75457875457875E-0002 -1.39157509157509E+0000
 1302 -1.12673992673992E-0001 -1.40930402930403E+0000
 1303 -1.22344322344322E-0001 -1.41252747252747E+0000
 1304 -1.07032967032967E-0001 -1.37465201465201E+0000
 1305 -5.38461538461538E-0002 -1.41252747252747E+0000
 1306  3.07692307692308E-0002 -1.36901098901099E+0000
 1307  9.20146520146520E-0002 -1.40527472527473E+0000
 1308  1.44395604395604E-0001 -1.36901098901099E+0000
 1309  1.16190476190476E-0001 -1.40849816849817E+0000
 1310  5.57509157509158E-0002 -1.37304029304029E+0000
 1311 -1.51648351648351E-0002 -1.43428571428571E+0000
 1312 -1.05421245421245E-0001 -1.41978021978022E+0000
 1313 -1.19926739926739E-0001 -1.40285714285714E+0000
 1314 -1.23150183150183E-0001 -1.38915750915751E+0000
 1315 -8.52747252747253E-0002 -1.38673992673993E+0000
 1316 -6.30036630036630E-0003 -1.36578754578755E+0000
 1317  7.42857142857143E-0002 -1.42058608058608E+0000
 1318  1.25054945054945E-0001 -1.40930402930403E+0000
 1319  1.37142857142857E-0001 -1.38432234432234E+0000
 1320  9.28205128205128E-0002 -1.37223443223443E+0000
 1321  2.59340659340659E-0002 -1.39882783882784E+0000
 1322 -6.67399267399267E-0002 -1.40527472527473E+0000
 1323 -1.24761904761904E-0001 -1.38835164835165E+0000
 1324 -1.31208791208791E-0001 -1.38351648351648E+0000
 1325 -9.97802197802198E-0002 -1.37787545787546E+0000
 1326 -4.09523809523810E-0002 -1.41413919413919E+0000
 1327  4.36630036630037E-0002 -1.36256410256410E+0000
 1328  1.09743589743589E-0001 -1.40043956043956E+0000
 1329  1.31501831501832E-0001 -1.35772893772894E+0000
 1330  1.25054945054945E-0001 -1.39721611721612E+0000
 1331  5.33333333333333E-0002 -1.35611721611722E+0000
 1332 -2.24175824175824E-0002 -1.39479853479853E+0000
 1333 -5.46520146520147E-0002 -1.37142857142857E+0000
 1334 -1.07838827838827E-0001 -1.38915750915751E+0000
 1335 -1.31208791208791E-0001 -1.36739926739927E+0000
 1336 -8.12454212454212E-0002 -1.38835164835165E+0000
 1337 -2.27106227106227E-0003 -1.40688644688645E+0000
 1338  6.94505494505495E-0002 -1.38190476190476E+0000
 1339  1.27472527472527E-0001 -1.39721611721612E+0000
 1340  1.37142857142857E-0001 -1.42058608058608E+0000
 1341  8.79853479853480E-0002 -1.41172161172161E+0000
 1342  1.14285714285714E-0002 -1.40527472527473E+0000
 1343 -6.91575091575092E-0002 -1.40446886446886E+0000
 1344 -1.29597069597070E-0001 -1.38432234432234E+0000
 1345 -1.37655677655678E-0001 -1.39157509157509E+0000
 1346 -1.05421245421245E-0001 -1.38351648351648E+0000
 1347 -4.57875457875458E-0002 -1.38996336996337E+0000
 1348  3.31868131868132E-0002 -1.37868131868132E+0000
 1349  9.84615384615385E-0002 -1.41736263736264E+0000
 1350  1.45201465201465E-0001 -1.37384615384615E+0000
 1351  1.09743589743589E-0001 -1.43025641025641E+0000
 1352  4.60805860805861E-0002 -1.40527472527473E+0000
 1353 -3.69230769230769E-0002 -1.42219780219780E+0000
 1354 -1.05421245421245E-0001 -1.39076923076923E+0000
 1355 -1.24761904761904E-0001 -1.37868131868132E+0000
 1356 -6.19047619047619E-0002 -1.40043956043956E+0000
 1357 -6.30036630036630E-0003 -1.37626373626374E+0000
 1358  7.83150183150183E-0002 -1.38996336996337E+0000
 1359  1.33113553113553E-0001 -1.37223443223443E+0000
 1360  1.30695970695971E-0001 -1.38915750915751E+0000
 1361  9.12087912087912E-0002 -1.36901098901099E+0000
 1362  1.30402930402930E-0002 -1.38754578754579E+0000
 1363 -6.99633699633700E-0002 -1.38109890109890E+0000
 1364 -1.20732600732600E-0001 -1.40688644688645E+0000
 1365 -1.31208791208791E-0001 -1.41655677655678E+0000
 1366 -1.14285714285714E-0001 -1.37787545787546E+0000
 1367 -6.10989010989011E-0002 -1.42703296703297E+0000
 1368  4.93040293040293E-0002 -1.36901098901099E+0000
 1369  1.10549450549450E-0001 -1.41413919413919E+0000
 1370  1.33919413919414E-0001 -1.36095238095238E+0000
 1371  1.13772893772893E-0001 -1.41252747252747E+0000
 1372  4.93040293040293E-0002 -1.38432234432234E+0000
 1373 -3.12820512820513E-0002 -1.39882783882784E+0000
 1374 -9.97802197802198E-0002 -1.36578754578755E+0000
 1375 -1.19926739926739E-0001 -1.41655677655678E+0000
 1376 -9.97802197802198E-0002 -1.39721611721612E+0000
 1377 -7.47985347985348E-0002 -1.41816849816850E+0000
 1378 -6.59340659340659E-0004 -1.39318681318681E+0000
 1379  7.83150183150183E-0002 -1.41575091575092E+0000
 1380  1.31501831501832E-0001 -1.39157509157509E+0000
 1381  1.29084249084249E-0001 -1.42058608058608E+0000
 1382  8.63736263736264E-0002 -1.41091575091575E+0000
 1383  8.20512820512821E-0003 -1.39882783882784E+0000
 1384 -7.23809523809524E-0002 -1.38432234432234E+0000
 1385 -1.21538461538461E-0001 -1.41494505494505E+0000
 1386 -1.22344322344322E-0001 -1.41333333333333E+0000
 1387 -1.13479853479853E-0001 -1.37304029304029E+0000
 1388 -3.53113553113553E-0002 -1.41494505494505E+0000
 1389  3.47985347985348E-0002 -1.36498168498168E+0000
 1390  1.05714285714285E-0001 -1.40205128205128E+0000
 1391  1.37948717948718E-0001 -1.39479853479853E+0000
 1392  1.20219780219780E-0001 -1.39399267399267E+0000
 1393  4.93040293040293E-0002 -1.40769230769231E+0000
 1394 -3.53113553113553E-0002 -1.42622710622711E+0000
 1395 -1.16703296703296E-0001 -1.40124542124542E+0000
 1396 -1.15897435897435E-0001 -1.39802197802198E+0000
 1397 -1.05421245421245E-0001 -1.37868131868132E+0000
 1398 -7.80219780219780E-0002 -1.40043956043956E+0000
 1399 -3.88278388278388E-0003 -1.37868131868132E+0000
 1400  7.67032967032967E-0002 -1.39318681318681E+0000
 1401  1.30695970695971E-0001 -1.36901098901099E+0000
 1402  1.33113553113553E-0001 -1.38190476190476E+0000
 1403  7.34798534798535E-0002 -1.40205128205128E+0000
 1404  7.39926739926740E-0003 -1.43750915750916E+0000
 1405 -6.99633699633700E-0002 -1.43750915750916E+0000
 1406 -1.27179487179487E-0001 -1.42461538461538E+0000
 1407 -1.31208791208791E-0001 -1.43831501831502E+0000
 1408 -1.01391941391941E-0001 -1.40366300366300E+0000
 1409 -2.80586080586081E-0002 -1.39641025641026E+0000
 1410  4.60805860805861E-0002 -1.38271062271062E+0000
 1411  1.18608058608058E-0001 -1.41897435897436E+0000
 1412  1.40366300366300E-0001 -1.37948717948718E+0000
 1413  1.16996336996337E-0001 -1.42945054945055E+0000
 1414  8.79853479853480E-0002 -1.41252747252747E+0000
 1415 -2.27106227106227E-0003 -1.40930402930403E+0000
 1416 -6.91575091575092E-0002 -1.39721611721612E+0000
 1417 -1.24761904761904E-0001 -1.43106227106227E+0000
 1418 -1.23956043956044E-0001 -1.42300366300366E+0000
 1419 -7.07692307692308E-0002 -1.40608058608059E+0000
 1420  1.46520146520147E-0004 -1.38109890109890E+0000
 1421  8.39560439560440E-0002 -1.40930402930403E+0000
 1422  1.45201465201465E-0001 -1.38673992673993E+0000
 1423  1.36336996336996E-0001 -1.37062271062271E+0000
