 0 -1.05421245421245E-0001 -1.38029304029304E+0000
 1 -6.83516483516484E-0002 -1.40849816849817E+0000
 2 -5.38461538461538E-0002 -1.38915750915751E+0000
 3 -2.48351648351648E-0002 -1.35934065934066E+0000
 4  1.06227106227106E-0002 -1.39076923076923E+0000
 5  3.31868131868132E-0002 -1.37626373626374E+0000
 6  8.23443223443223E-0002 -1.38915750915751E+0000
 7  1.06520146520146E-0001 -1.36578754578755E+0000
 8  1.15384615384615E-0001 -1.39802197802198E+0000
 9  1.13772893772893E-0001 -1.38673992673993E+0000
 10  1.10549450549450E-0001 -1.37384615384615E+0000
 11  1.00879120879120E-0001 -1.39399267399267E+0000
 12  7.18681318681319E-0002 -1.39721611721612E+0000
 13  5.89743589743590E-0002 -1.38432234432234E+0000
 14  3.36996336996337E-0003 -1.37706959706960E+0000
 15 -1.11355311355311E-0002 -1.38915750915751E+0000
 16 -5.78754578754579E-0002 -1.38271062271062E+0000
 17 -7.23809523809524E-0002 -1.35934065934066E+0000
 18 -1.09450549450549E-0001 -1.39641025641026E+0000
 19 -1.08644688644688E-0001 -1.37384615384615E+0000
 20 -9.73626373626374E-0002 -1.40849816849817E+0000
 21 -8.28571428571429E-0002 -1.40043956043956E+0000
 22 -6.02930402930403E-0002 -1.38432234432234E+0000
 23 -3.12820512820513E-0002 -1.36256410256410E+0000
 24  6.59340659340659E-0003 -1.38512820512821E+0000
 25  3.56043956043956E-0002 -1.36901098901099E+0000
 26  9.52380952380952E-0002 -1.38029304029304E+0000
 27  9.84615384615385E-0002 -1.40930402930403E+0000
 28  1.07326007326007E-0001 -1.39882783882784E+0000
 29  1.14578754578754E-0001 -1.38754578754579E+0000
 30  1.07326007326007E-0001 -1.37545787545788E+0000
 31  8.95970695970696E-0002 -1.38754578754579E+0000
 32  6.94505494505495E-0002 -1.38915750915751E+0000
 33  3.39926739926740E-0002 -1.37384615384615E+0000
 34  4.17582417582418E-0003 -1.40527472527473E+0000
 35 -2.48351648351648E-0002 -1.38754578754579E+0000
 36 -6.43223443223443E-0002 -1.39076923076923E+0000
 37 -8.60805860805861E-0002 -1.37706959706960E+0000
 38 -1.13479853479853E-0001 -1.40205128205128E+0000
 39 -1.24761904761904E-0001 -1.38109890109890E+0000
 40 -8.84981684981685E-0002 -1.41736263736264E+0000
 41 -7.64102564102564E-0002 -1.40608058608059E+0000
 42 -5.70695970695971E-0002 -1.39479853479853E+0000
 43 -2.32234432234432E-0002 -1.36820512820513E+0000
 44  4.17582417582418E-0003 -1.40205128205128E+0000
 45  3.88278388278388E-0002 -1.38351648351648E+0000
 46  6.78388278388278E-0002 -1.36095238095238E+0000
 47  1.13772893772893E-0001 -1.38351648351648E+0000
 48  1.17802197802197E-0001 -1.37304029304029E+0000
 49  1.18608058608058E-0001 -1.40285714285714E+0000
 50  1.17802197802197E-0001 -1.38593406593407E+0000
 51  9.92673992673993E-0002 -1.36498168498168E+0000
 52  5.41391941391941E-0002 -1.40285714285714E+0000
 53  3.31868131868132E-0002 -1.39238095238095E+0000
 54  1.38461538461538E-0002 -1.37787545787546E+0000
 55 -1.91941391941392E-0002 -1.40285714285714E+0000
 56 -5.62637362637363E-0002 -1.39802197802198E+0000
 57 -8.44688644688645E-0002 -1.39641025641026E+0000
 58 -1.00586080586080E-0001 -1.37304029304029E+0000
 59 -1.02197802197802E-0001 -1.39802197802198E+0000
 60 -9.41391941391941E-0002 -1.39238095238095E+0000
 61 -8.60805860805861E-0002 -1.38029304029304E+0000
 62 -6.27106227106227E-0002 -1.40769230769231E+0000
 63 -1.51648351648351E-0002 -1.38351648351648E+0000
 64  1.75824175824176E-0003 -1.36901098901099E+0000
 65  5.01098901098901E-0002 -1.38351648351648E+0000
 66  7.18681318681319E-0002 -1.36175824175824E+0000
 67  1.01684981684981E-0001 -1.38673992673993E+0000
 68  1.14578754578754E-0001 -1.37948717948718E+0000
 69  1.10549450549450E-0001 -1.40930402930403E+0000
 70  1.13772893772893E-0001 -1.39238095238095E+0000
 71  8.79853479853480E-0002 -1.37948717948718E+0000
 72  6.70329670329670E-0002 -1.41736263736264E+0000
 73  3.15750915750916E-0002 -1.41010989010989E+0000
 74 -4.68864468864469E-0003 -1.39963369963370E+0000
 75 -3.36996336996337E-0002 -1.38835164835165E+0000
 76 -6.99633699633700E-0002 -1.37948717948718E+0000
 77 -1.03809523809523E-0001 -1.41575091575092E+0000
 78 -1.05421245421245E-0001 -1.39802197802198E+0000
 79 -1.00586080586080E-0001 -1.38351648351648E+0000
 80 -9.25274725274725E-0002 -1.37062271062271E+0000
 81 -9.25274725274725E-0002 -1.38593406593407E+0000
 82 -5.94871794871795E-0002 -1.37465201465201E+0000
 83 -2.08058608058608E-0002 -1.39882783882784E+0000
 84  1.54578754578754E-0002 -1.39238095238095E+0000
 85  5.25274725274725E-0002 -1.37706959706960E+0000
 86  6.78388278388278E-0002 -1.40930402930403E+0000
 87  1.01684981684981E-0001 -1.38432234432234E+0000
 88  1.20219780219780E-0001 -1.37384615384615E+0000
 89  1.13772893772893E-0001 -1.40527472527473E+0000
 90  1.09743589743589E-0001 -1.39318681318681E+0000
 91  7.99267399267399E-0002 -1.38271062271062E+0000
 92  6.21978021978022E-0002 -1.37142857142857E+0000
 93  3.39926739926740E-0002 -1.40124542124542E+0000
 94 -7.91208791208791E-0003 -1.38432234432234E+0000
 95 -3.53113553113553E-0002 -1.36901098901099E+0000
 96 -6.83516483516484E-0002 -1.39721611721612E+0000
 97 -9.49450549450549E-0002 -1.38432234432234E+0000
 98 -9.89743589743590E-0002 -1.36901098901099E+0000
 99 -1.00586080586080E-0001 -1.38593406593407E+0000
 100 -1.08644688644688E-0001 -1.38029304029304E+0000
 101 -7.96336996336996E-0002 -1.40769230769231E+0000
 102 -5.38461538461538E-0002 -1.38754578754579E+0000
 103 -2.16117216117216E-0002 -1.37223443223443E+0000
 104  1.46520146520146E-0002 -1.40285714285714E+0000
 105  4.60805860805861E-0002 -1.38351648351648E+0000
 106  7.50915750915751E-0002 -1.36256410256410E+0000
 107  9.76556776556777E-0002 -1.37787545787546E+0000
 108  1.07326007326007E-0001 -1.41010989010989E+0000
 109  1.16996336996337E-0001 -1.39479853479853E+0000
 110  1.04102564102564E-0001 -1.37465201465201E+0000
 111  9.28205128205128E-0002 -1.40366300366300E+0000
 112  6.21978021978022E-0002 -1.39882783882784E+0000
 113  1.70695970695971E-0002 -1.39157509157509E+0000
 114 -2.27106227106227E-0003 -1.38029304029304E+0000
 115 -4.09523809523810E-0002 -1.41172161172161E+0000
 116 -6.99633699633700E-0002 -1.41172161172161E+0000
 117 -9.09157509157509E-0002 -1.40366300366300E+0000
 118 -1.07032967032967E-0001 -1.39076923076923E+0000
 119 -9.81684981684982E-0002 -1.37384615384615E+0000
 120 -1.00586080586080E-0001 -1.40930402930403E+0000
 121 -6.35164835164835E-0002 -1.39076923076923E+0000
 122 -5.46520146520147E-0002 -1.37465201465201E+0000
 123 -1.27472527472527E-0002 -1.39963369963370E+0000
 124  1.86813186813187E-0002 -1.39560439560440E+0000
 125  6.30036630036630E-0002 -1.37304029304029E+0000
 126  7.50915750915751E-0002 -1.39963369963370E+0000
 127  1.00073260073260E-0001 -1.38673992673993E+0000
 128  1.14578754578754E-0001 -1.38029304029304E+0000
 129  1.43589743589744E-0001 -1.40930402930403E+0000
 130  1.00073260073260E-0001 -1.39560439560440E+0000
 131  1.03296703296703E-0001 -1.37142857142857E+0000
 132  6.21978021978022E-0002 -1.41010989010989E+0000
 133  2.51282051282051E-0002 -1.40043956043956E+0000
 134 -1.19413919413919E-0002 -1.39479853479853E+0000
 135 -4.09523809523810E-0002 -1.37706959706960E+0000
 136 -6.43223443223443E-0002 -1.41010989010989E+0000
 137 -9.25274725274725E-0002 -1.40527472527473E+0000
 138 -1.06227106227106E-0001 -1.39157509157509E+0000
 139 -1.03809523809523E-0001 -1.38432234432234E+0000
 140 -1.02197802197802E-0001 -1.37062271062271E+0000
 141 -7.72161172161172E-0002 -1.39238095238095E+0000
 142 -4.73992673992674E-0002 -1.37626373626374E+0000
 143 -1.27472527472527E-0002 -1.39479853479853E+0000
 144  2.35164835164835E-0002 -1.37787545787546E+0000
 145  4.20512820512821E-0002 -1.40930402930403E+0000
 146  8.07326007326007E-0002 -1.38593406593407E+0000
 147  1.07326007326007E-0001 -1.37062271062271E+0000
 148  1.29890109890110E-0001 -1.39802197802198E+0000
 149  8.63736263736264E-0002 -1.38835164835165E+0000
 150  1.07326007326007E-0001 -1.35934065934066E+0000
 151  8.47619047619048E-0002 -1.38835164835165E+0000
 152  6.21978021978022E-0002 -1.37465201465201E+0000
 153  2.27106227106227E-0002 -1.40930402930403E+0000
 154 -1.67765567765568E-0002 -1.39479853479853E+0000
 155 -5.14285714285714E-0002 -1.37706959706960E+0000
 156 -7.39926739926740E-0002 -1.41010989010989E+0000
 157 -8.52747252747253E-0002 -1.39882783882784E+0000
 158 -1.38461538461538E-0001 -1.38996336996337E+0000
 159 -1.03809523809523E-0001 -1.36981684981685E+0000
 160 -9.73626373626374E-0002 -1.39721611721612E+0000
 161 -7.47985347985348E-0002 -1.38109890109890E+0000
 162 -5.38461538461538E-0002 -1.40930402930403E+0000
 163 -1.51648351648351E-0002 -1.39076923076923E+0000
 164  2.35164835164835E-0002 -1.37787545787546E+0000
 165  6.30036630036630E-0002 -1.40446886446886E+0000
 166  9.28205128205128E-0002 -1.38512820512821E+0000
 167  1.00879120879120E-0001 -1.36901098901099E+0000
 168  1.12967032967033E-0001 -1.39238095238095E+0000
 169  1.26666666666667E-0001 -1.37706959706960E+0000
 170  1.17802197802197E-0001 -1.39318681318681E+0000
 171  7.83150183150183E-0002 -1.38915750915751E+0000
 172  5.33333333333333E-0002 -1.37868131868132E+0000
 173  2.02930402930403E-0002 -1.40688644688645E+0000
 174 -1.35531135531135E-0002 -1.39963369963370E+0000
 175 -4.49816849816850E-0002 -1.39238095238095E+0000
 176 -8.60805860805861E-0002 -1.39157509157509E+0000
 177 -9.17216117216117E-0002 -1.37706959706960E+0000
 178 -1.10256410256410E-0001 -1.40043956043956E+0000
 179 -1.07032967032967E-0001 -1.39318681318681E+0000
 180 -9.25274725274725E-0002 -1.38915750915751E+0000
 181 -6.99633699633700E-0002 -1.36659340659341E+0000
 182 -4.41758241758242E-0002 -1.39076923076923E+0000
 183  1.46520146520147E-0004 -1.37384615384615E+0000
 184  2.99633699633700E-0002 -1.40688644688645E+0000
 185  5.57509157509158E-0002 -1.38754578754579E+0000
 186  9.20146520146520E-0002 -1.37626373626374E+0000
 187  1.07326007326007E-0001 -1.39721611721612E+0000
 188  1.21025641025641E-0001 -1.38835164835165E+0000
 189  1.18608058608058E-0001 -1.36578754578755E+0000
 190  1.05714285714285E-0001 -1.39157509157509E+0000
 191  8.07326007326007E-0002 -1.37948717948718E+0000
 192  5.65567765567766E-0002 -1.41816849816850E+0000
 193  2.02930402930403E-0002 -1.40930402930403E+0000
 194 -2.16117216117216E-0002 -1.39479853479853E+0000
 195 -4.90109890109890E-0002 -1.37868131868132E+0000
 196 -6.99633699633700E-0002 -1.41413919413919E+0000
 197 -9.49450549450549E-0002 -1.39882783882784E+0000
 198 -1.05421245421245E-0001 -1.38432234432234E+0000
 199 -1.07032967032967E-0001 -1.37142857142857E+0000
 200 -9.41391941391941E-0002 -1.40366300366300E+0000
 201 -7.64102564102564E-0002 -1.38512820512821E+0000
 202 -3.85347985347985E-0002 -1.36578754578755E+0000
 203 -1.11355311355311E-0002 -1.38996336996337E+0000
 204  2.02930402930403E-0002 -1.37706959706960E+0000
 205  6.30036630036630E-0002 -1.39560439560440E+0000
 206  8.63736263736264E-0002 -1.37223443223443E+0000
 207  1.03296703296703E-0001 -1.40124542124542E+0000
 208  1.18608058608058E-0001 -1.38754578754579E+0000
 209  1.11355311355311E-0001 -1.37787545787546E+0000
 210  1.00879120879120E-0001 -1.40043956043956E+0000
 211  8.39560439560440E-0002 -1.39399267399267E+0000
 212  5.57509157509158E-0002 -1.39479853479853E+0000
 213  2.02930402930403E-0002 -1.37465201465201E+0000
 214 -2.40293040293040E-0002 -1.41010989010989E+0000
 215 -4.73992673992674E-0002 -1.39560439560440E+0000
 216 -7.56043956043956E-0002 -1.38835164835165E+0000
 217 -9.09157509157509E-0002 -1.36659340659341E+0000
 218 -1.05421245421245E-0001 -1.39479853479853E+0000
 219 -1.09450549450549E-0001 -1.38029304029304E+0000
 220 -9.49450549450549E-0002 -1.41413919413919E+0000
 221 -7.31868131868132E-0002 -1.39238095238095E+0000
 222 -4.17582417582418E-0002 -1.38190476190476E+0000
 223 -5.49450549450549E-0003 -1.35531135531136E+0000
 224  3.47985347985348E-0002 -1.38915750915751E+0000
 225  6.62271062271062E-0002 -1.36498168498168E+0000
 226  8.95970695970696E-0002 -1.38593406593407E+0000
 227  1.04908424908424E-0001 -1.37304029304029E+0000
 228  1.58901098901099E-0001 -1.40285714285714E+0000
 229  1.23443223443223E-0001 -1.38673992673993E+0000
 230  1.00879120879120E-0001 -1.37465201465201E+0000
 231  8.63736263736264E-0002 -1.40769230769231E+0000
 232  4.52747252747253E-0002 -1.40043956043956E+0000
 233  8.20512820512821E-0003 -1.39963369963370E+0000
 234 -2.16117216117216E-0002 -1.38754578754579E+0000
 235 -4.90109890109890E-0002 -1.37787545787546E+0000
 236 -7.47985347985348E-0002 -1.41413919413919E+0000
 237 -1.09450549450549E-0001 -1.39641025641026E+0000
 238 -1.05421245421245E-0001 -1.37706959706960E+0000
 239 -1.07838827838827E-0001 -1.40205128205128E+0000
 240 -1.00586080586080E-0001 -1.39076923076923E+0000
 241 -6.43223443223443E-0002 -1.37062271062271E+0000
 242 -4.09523809523810E-0002 -1.38835164835165E+0000
 243 -7.10622710622711E-0003 -1.36739926739927E+0000
 244  4.04395604395604E-0002 -1.39076923076923E+0000
 245  7.34798534798535E-0002 -1.37465201465201E+0000
 246  9.60439560439560E-0002 -1.40043956043956E+0000
 247  1.10549450549450E-0001 -1.39479853479853E+0000
 248  1.16190476190476E-0001 -1.38512820512821E+0000
 249  1.12967032967033E-0001 -1.36417582417582E+0000
 250  1.08937728937728E-0001 -1.38190476190476E+0000
 251  8.47619047619048E-0002 -1.36578754578755E+0000
 252  5.57509157509158E-0002 -1.39963369963370E+0000
 253  1.30402930402930E-0002 -1.39076923076923E+0000
 254 -2.24175824175824E-0002 -1.37868131868132E+0000
 255 -5.22344322344322E-0002 -1.41010989010989E+0000
 256 -8.36630036630037E-0002 -1.40527472527473E+0000
 257 -1.01391941391941E-0001 -1.39318681318681E+0000
 258 -1.10256410256410E-0001 -1.38190476190476E+0000
 259 -1.00586080586080E-0001 -1.36014652014652E+0000
 260 -7.56043956043956E-0002 -1.39076923076923E+0000
 261 -6.59340659340659E-0002 -1.37142857142857E+0000
 262 -3.45054945054945E-0002 -1.39238095238095E+0000
 263  9.52380952380952E-0004 -1.37868131868132E+0000
 264  3.56043956043956E-0002 -1.41091575091575E+0000
 265  5.97802197802198E-0002 -1.39399267399267E+0000
 266  9.12087912087912E-0002 -1.38109890109890E+0000
 267  1.13772893772893E-0001 -1.41575091575092E+0000
 268  1.14578754578754E-0001 -1.40527472527473E+0000
 269  1.07326007326007E-0001 -1.39399267399267E+0000
 270  9.52380952380952E-0002 -1.38432234432234E+0000
 271  7.83150183150183E-0002 -1.37384615384615E+0000
 272  3.88278388278388E-0002 -1.41091575091575E+0000
 273  9.81684981684982E-0003 -1.39963369963370E+0000
 274 -3.61172161172161E-0002 -1.39318681318681E+0000
 275 -6.19047619047619E-0002 -1.38351648351648E+0000
 276 -8.68864468864469E-0002 -1.36336996336996E+0000
 277 -1.05421245421245E-0001 -1.38271062271062E+0000
 278 -9.33333333333333E-0002 -1.36256410256410E+0000
 279 -7.47985347985348E-0002 -1.38673992673993E+0000
 280 -6.02930402930403E-0002 -1.37062271062271E+0000
 281 -3.28937728937729E-0002 -1.38754578754579E+0000
 282 -1.46520146520146E-0003 -1.38351648351648E+0000
 283  3.72161172161172E-0002 -1.36578754578755E+0000
 284  7.58974358974359E-0002 -1.38432234432234E+0000
 285  9.20146520146520E-0002 -1.36659340659341E+0000
 286  1.06520146520146E-0001 -1.39641025641026E+0000
 287  1.08937728937728E-0001 -1.38754578754579E+0000
 288  1.10549450549450E-0001 -1.37223443223443E+0000
 289  9.36263736263736E-0002 -1.40205128205128E+0000
 290  7.18681318681319E-0002 -1.38593406593407E+0000
 291  4.60805860805861E-0002 -1.38029304029304E+0000
 292  1.06227106227106E-0002 -1.40930402930403E+0000
 293 -2.80586080586081E-0002 -1.39721611721612E+0000
 294 -6.10989010989011E-0002 -1.38835164835165E+0000
 295 -8.68864468864469E-0002 -1.37626373626374E+0000
 296 -9.81684981684982E-0002 -1.39399267399267E+0000
 297 -1.05421245421245E-0001 -1.37142857142857E+0000
 298 -9.33333333333333E-0002 -1.40527472527473E+0000
 299 -4.90109890109890E-0002 -1.38190476190476E+0000
 300 -2.40293040293040E-0002 -1.35934065934066E+0000
 301  8.20512820512821E-0003 -1.38593406593407E+0000
 302  3.56043956043956E-0002 -1.37626373626374E+0000
 303  6.86446886446886E-0002 -1.39076923076923E+0000
 304  9.92673992673993E-0002 -1.37142857142857E+0000
 305  1.10549450549450E-0001 -1.39963369963370E+0000
 306  1.20219780219780E-0001 -1.39479853479853E+0000
 307  1.02490842490842E-0001 -1.37142857142857E+0000
 308  9.04029304029304E-0002 -1.39802197802198E+0000
 309  7.91208791208791E-0002 -1.38835164835165E+0000
 310  3.96336996336996E-0002 -1.37545787545788E+0000
 311  1.22344322344322E-0002 -1.39399267399267E+0000
 312 -4.01465201465201E-0002 -1.39479853479853E+0000
 313 -6.27106227106227E-0002 -1.40769230769231E+0000
 314 -1.04615384615384E-0001 -1.38754578754579E+0000
 315 -1.05421245421245E-0001 -1.36981684981685E+0000
 316 -1.00586080586080E-0001 -1.39721611721612E+0000
 317 -9.17216117216117E-0002 -1.39076923076923E+0000
 318 -6.02930402930403E-0002 -1.36820512820513E+0000
 319 -3.20879120879121E-0002 -1.39479853479853E+0000
 320  3.07692307692308E-0002 -1.37142857142857E+0000
 321  4.04395604395604E-0002 -1.40043956043956E+0000
 322  7.58974358974359E-0002 -1.36498168498168E+0000
 323  1.16190476190476E-0001 -1.39076923076923E+0000
 324  1.17802197802197E-0001 -1.38351648351648E+0000
 325  1.04102564102564E-0001 -1.36095238095238E+0000
 326  8.55677655677656E-0002 -1.36659340659341E+0000
 327  3.88278388278388E-0002 -1.40608058608059E+0000
 328  9.81684981684982E-0003 -1.39560439560440E+0000
 329 -3.53113553113553E-0002 -1.37868131868132E+0000
 330 -5.86813186813187E-0002 -1.40205128205128E+0000
 331 -1.02197802197802E-0001 -1.37948717948718E+0000
 332 -1.11868131868131E-0001 -1.41010989010989E+0000
 333 -1.02197802197802E-0001 -1.39963369963370E+0000
 334 -7.96336996336996E-0002 -1.39318681318681E+0000
 335 -5.46520146520147E-0002 -1.37545787545788E+0000
 336 -2.48351648351648E-0002 -1.39318681318681E+0000
 337  1.46520146520147E-0004 -1.38190476190476E+0000
 338  4.28571428571429E-0002 -1.37787545787546E+0000
 339  9.60439560439560E-0002 -1.40205128205128E+0000
 340  1.18608058608058E-0001 -1.38432234432234E+0000
 341  1.09743589743589E-0001 -1.39399267399267E+0000
 342  9.60439560439560E-0002 -1.38351648351648E+0000
 343  7.02564102564103E-0002 -1.37304029304029E+0000
 344  3.80219780219780E-0002 -1.40930402930403E+0000
 345  1.46520146520147E-0004 -1.39238095238095E+0000
 346 -3.69230769230769E-0002 -1.38271062271062E+0000
 347 -6.27106227106227E-0002 -1.36739926739927E+0000
 348 -8.68864468864469E-0002 -1.38915750915751E+0000
 349 -1.06227106227106E-0001 -1.36901098901099E+0000
 350 -9.17216117216117E-0002 -1.39076923076923E+0000
 351 -8.76923076923077E-0002 -1.38271062271062E+0000
 352 -5.06227106227106E-0002 -1.35531135531136E+0000
 353 -2.88644688644689E-0002 -1.38109890109890E+0000
 354  1.38461538461538E-0002 -1.41172161172161E+0000
 355  4.93040293040293E-0002 -1.38512820512821E+0000
 356  1.04908424908424E-0001 -1.36739926739927E+0000
 357  1.17802197802197E-0001 -1.40124542124542E+0000
 358  1.17802197802197E-0001 -1.37062271062271E+0000
 359  9.36263736263736E-0002 -1.39157509157509E+0000
 360  7.34798534798535E-0002 -1.37545787545788E+0000
 361  2.91575091575092E-0002 -1.39721611721612E+0000
 362 -4.09523809523810E-0002 -1.38271062271062E+0000
 363 -6.67399267399267E-0002 -1.36981684981685E+0000
 364 -9.09157509157509E-0002 -1.39963369963370E+0000
 365 -1.06227106227106E-0001 -1.38673992673993E+0000
 366 -9.89743589743590E-0002 -1.37304029304029E+0000
 367 -9.89743589743590E-0002 -1.40043956043956E+0000
 368 -5.46520146520147E-0002 -1.38512820512821E+0000
 369 -7.91208791208791E-0003 -1.36659340659341E+0000
 370  1.14285714285714E-0002 -1.39641025641026E+0000
 371  4.93040293040293E-0002 -1.38190476190476E+0000
 372  8.63736263736264E-0002 -1.35208791208791E+0000
 373  9.84615384615385E-0002 -1.40527472527473E+0000
 374  1.07326007326007E-0001 -1.40124542124542E+0000
 375  1.16996336996337E-0001 -1.40205128205128E+0000
 376  6.62271062271062E-0002 -1.38915750915751E+0000
 377  2.91575091575092E-0002 -1.37868131868132E+0000
 378 -1.19413919413919E-0002 -1.39882783882784E+0000
 379 -6.02930402930403E-0002 -1.39318681318681E+0000
 380 -8.84981684981685E-0002 -1.36981684981685E+0000
 381 -1.05421245421245E-0001 -1.38996336996337E+0000
 382 -9.49450549450549E-0002 -1.40366300366300E+0000
 383 -6.35164835164835E-0002 -1.38190476190476E+0000
 384 -9.52380952380952E-0003 -1.37706959706960E+0000
 385  4.28571428571429E-0002 -1.40124542124542E+0000
 386  6.38095238095238E-0002 -1.37545787545788E+0000
 387  9.60439560439560E-0002 -1.37948717948718E+0000
 388  1.22637362637362E-0001 -1.41172161172161E+0000
 389  1.01684981684981E-0001 -1.38593406593407E+0000
 390  5.97802197802198E-0002 -1.37948717948718E+0000
 391  3.31868131868132E-0002 -1.40688644688645E+0000
 392 -4.09523809523810E-0002 -1.40124542124542E+0000
 393 -6.75457875457875E-0002 -1.37465201465201E+0000
 394 -1.12673992673992E-0001 -1.40366300366300E+0000
 395 -1.06227106227106E-0001 -1.37223443223443E+0000
 396 -5.06227106227106E-0002 -1.39882783882784E+0000
 397 -2.16117216117216E-0002 -1.38190476190476E+0000
 398 -2.00000000000000E-0002 -1.35853479853480E+0000
 399  1.86813186813187E-0002 -1.38271062271062E+0000
 400  3.56043956043956E-0002 -1.36578754578755E+0000
 401  8.31501831501832E-0002 -1.38512820512821E+0000
 402  1.00879120879120E-0001 -1.37304029304029E+0000
 403  1.13772893772893E-0001 -1.39157509157509E+0000
 404  1.04102564102564E-0001 -1.37465201465201E+0000
 405  8.15384615384615E-0002 -1.38915750915751E+0000
 406  1.06227106227106E-0002 -1.38109890109890E+0000
 407 -1.11355311355311E-0002 -1.39238095238095E+0000
 408 -8.28571428571429E-0002 -1.38593406593407E+0000
 409 -9.97802197802198E-0002 -1.40930402930403E+0000
 410 -1.05421245421245E-0001 -1.39318681318681E+0000
 411 -1.03003663003663E-0001 -1.38271062271062E+0000
 412 -4.09523809523810E-0002 -1.35531135531136E+0000
 413 -7.91208791208791E-0003 -1.41091575091575E+0000
 414  5.97802197802198E-0002 -1.40285714285714E+0000
 415  8.63736263736264E-0002 -1.40608058608059E+0000
 416  1.16190476190476E-0001 -1.39963369963370E+0000
 417  1.14578754578754E-0001 -1.37142857142857E+0000
 418  8.47619047619048E-0002 -1.39721611721612E+0000
 419  6.30036630036630E-0002 -1.38593406593407E+0000
 420 -3.07692307692308E-0003 -1.36901098901099E+0000
 421 -4.33699633699634E-0002 -1.39479853479853E+0000
 422 -6.59340659340659E-0002 -1.37868131868132E+0000
 423 -9.17216117216117E-0002 -1.39963369963370E+0000
 424 -1.15091575091575E-0001 -1.40124542124542E+0000
 425 -1.04615384615384E-0001 -1.40930402930403E+0000
 426 -5.46520146520147E-0002 -1.39882783882784E+0000
 427 -9.52380952380952E-0003 -1.40688644688645E+0000
 428  7.50915750915751E-0002 -1.38351648351648E+0000
 429  1.04908424908424E-0001 -1.36417582417582E+0000
 430  1.00073260073260E-0001 -1.37223443223443E+0000
 431  7.99267399267399E-0002 -1.40043956043956E+0000
 432  8.87912087912088E-0002 -1.38432234432234E+0000
 433  1.38461538461538E-0002 -1.37706959706960E+0000
 434 -1.19413919413919E-0002 -1.38835164835165E+0000
 435 -7.39926739926740E-0002 -1.41172161172161E+0000
 436 -1.03809523809523E-0001 -1.39641025641026E+0000
 437 -6.19047619047619E-0002 -1.40930402930403E+0000
 438 -9.41391941391941E-0002 -1.39802197802198E+0000
 439 -4.09523809523810E-0002 -1.38754578754579E+0000
 440  3.31868131868132E-0002 -1.36256410256410E+0000
 441  9.76556776556777E-0002 -1.37384615384615E+0000
 442  1.11355311355311E-0001 -1.37626373626374E+0000
 443  1.16190476190476E-0001 -1.40688644688645E+0000
 444  1.05714285714285E-0001 -1.39479853479853E+0000
 445  8.07326007326007E-0002 -1.37787545787546E+0000
 446  4.84981684981685E-0002 -1.40769230769231E+0000
 447 -3.04761904761905E-0002 -1.39479853479853E+0000
 448 -5.38461538461538E-0002 -1.40930402930403E+0000
 449 -1.05421245421245E-0001 -1.38512820512821E+0000
 450 -1.05421245421245E-0001 -1.37304029304029E+0000
 451 -9.25274725274725E-0002 -1.40527472527473E+0000
 452 -6.35164835164835E-0002 -1.39560439560440E+0000
 453 -4.17582417582418E-0002 -1.38835164835165E+0000
 454  2.51282051282051E-0002 -1.36820512820513E+0000
 455  7.02564102564103E-0002 -1.39802197802198E+0000
 456  8.79853479853480E-0002 -1.37948717948718E+0000
 457  1.07326007326007E-0001 -1.39157509157509E+0000
 458  1.00879120879120E-0001 -1.38109890109890E+0000
 459  9.52380952380952E-0002 -1.40849816849817E+0000
 460  8.07326007326007E-0002 -1.39479853479853E+0000
 461  5.01098901098901E-0002 -1.41413919413919E+0000
 462 -1.91941391941392E-0002 -1.38996336996337E+0000
 463 -6.43223443223443E-0002 -1.40124542124542E+0000
 464 -1.07032967032967E-0001 -1.37868131868132E+0000
 465 -1.05421245421245E-0001 -1.39318681318681E+0000
 466 -5.86813186813187E-0002 -1.35531135531136E+0000
 467 -7.91208791208791E-0003 -1.38432234432234E+0000
 468  3.31868131868132E-0002 -1.38996336996337E+0000
 469  8.63736263736264E-0002 -1.38835164835165E+0000
 470  1.16190476190476E-0001 -1.37142857142857E+0000
 471  1.11355311355311E-0001 -1.37706959706960E+0000
 472  6.78388278388278E-0002 -1.39318681318681E+0000
 473  1.62637362637363E-0002 -1.38835164835165E+0000
 474 -1.43589743589743E-0002 -1.36336996336996E+0000
 475 -4.90109890109890E-0002 -1.38835164835165E+0000
 476 -8.60805860805861E-0002 -1.40205128205128E+0000
 477 -1.24761904761904E-0001 -1.41091575091575E+0000
 478 -9.17216117216117E-0002 -1.40285714285714E+0000
 479 -6.35164835164835E-0002 -1.35853479853480E+0000
 480 -7.10622710622711E-0003 -1.37062271062271E+0000
 481  1.04908424908424E-0001 -1.36659340659341E+0000
 482  1.06520146520146E-0001 -1.39641025641026E+0000
 483  1.21025641025641E-0001 -1.36578754578755E+0000
 484  9.84615384615385E-0002 -1.36981684981685E+0000
 485  3.80219780219780E-0002 -1.38673992673993E+0000
 486 -1.83882783882784E-0002 -1.36659340659341E+0000
 487 -6.27106227106227E-0002 -1.39721611721612E+0000
 488 -9.09157509157509E-0002 -1.37223443223443E+0000
 489 -1.05421245421245E-0001 -1.39238095238095E+0000
 490 -5.78754578754579E-0002 -1.38029304029304E+0000
 491 -3.28937728937729E-0002 -1.40205128205128E+0000
 492  1.38461538461538E-0002 -1.38351648351648E+0000
 493  3.07692307692308E-0002 -1.39238095238095E+0000
 494  1.01684981684981E-0001 -1.40849816849817E+0000
 495  1.16996336996337E-0001 -1.37626373626374E+0000
 496  9.84615384615385E-0002 -1.39318681318681E+0000
 497  7.18681318681319E-0002 -1.38673992673993E+0000
 498  3.56043956043956E-0002 -1.38109890109890E+0000
 499  7.39926739926740E-0003 -1.40446886446886E+0000
 500 -6.19047619047619E-0002 -1.39157509157509E+0000
 501 -9.33333333333333E-0002 -1.39802197802198E+0000
 502 -1.05421245421245E-0001 -1.37304029304029E+0000
 503 -6.02930402930403E-0002 -1.40205128205128E+0000
 504 -3.20879120879121E-0002 -1.40930402930403E+0000
 505  3.39926739926740E-0002 -1.37948717948718E+0000
 506  9.84615384615385E-0002 -1.38351648351648E+0000
 507  1.21831501831501E-0001 -1.36901098901099E+0000
 508  1.16190476190476E-0001 -1.38673992673993E+0000
 509  9.12087912087912E-0002 -1.37465201465201E+0000
 510  7.34798534798535E-0002 -1.40446886446886E+0000
 511  3.36996336996337E-0003 -1.37948717948718E+0000
 512 -6.35164835164835E-0002 -1.40608058608059E+0000
 513 -1.08644688644688E-0001 -1.38835164835165E+0000
 514 -1.05421245421245E-0001 -1.40205128205128E+0000
 515 -6.02930402930403E-0002 -1.38432234432234E+0000
 516 -2.00000000000000E-0002 -1.36014652014652E+0000
 517  7.39926739926740E-0003 -1.38835164835165E+0000
 518  4.28571428571429E-0002 -1.39721611721612E+0000
 519  9.60439560439560E-0002 -1.40608058608059E+0000
 520  1.16190476190476E-0001 -1.38915750915751E+0000
 521  9.84615384615385E-0002 -1.39882783882784E+0000
 522  3.96336996336996E-0002 -1.38754578754579E+0000
 523 -3.20879120879121E-0002 -1.40043956043956E+0000
 524 -9.25274725274725E-0002 -1.39721611721612E+0000
 525 -9.97802197802198E-0002 -1.38512820512821E+0000
 526 -1.07032967032967E-0001 -1.36739926739927E+0000
 527 -1.05421245421245E-0001 -1.39157509157509E+0000
 528 -5.62637362637363E-0002 -1.38996336996337E+0000
 529  8.20512820512821E-0003 -1.40124542124542E+0000
 530  6.86446886446886E-0002 -1.35450549450549E+0000
 531  1.17802197802197E-0001 -1.37223443223443E+0000
 532  1.19413919413919E-0001 -1.38432234432234E+0000
 533  7.18681318681319E-0002 -1.40608058608059E+0000
 534  1.75824175824176E-0003 -1.37545787545788E+0000
 535 -6.59340659340659E-0002 -1.40688644688645E+0000
 536 -8.84981684981685E-0002 -1.40446886446886E+0000
 537 -1.05421245421245E-0001 -1.39238095238095E+0000
 538 -1.10256410256410E-0001 -1.37868131868132E+0000
 539 -9.73626373626374E-0002 -1.40930402930403E+0000
 540 -8.04395604395604E-0002 -1.39802197802198E+0000
 541 -5.38461538461538E-0002 -1.38271062271062E+0000
 542 -2.08058608058608E-0002 -1.35611721611722E+0000
 543  1.06227106227106E-0002 -1.37626373626374E+0000
 544  5.25274725274725E-0002 -1.39882783882784E+0000
 545  7.02564102564103E-0002 -1.38673992673993E+0000
 546  9.44322344322344E-0002 -1.36820512820513E+0000
 547  1.19413919413919E-0001 -1.38512820512821E+0000
 548  1.10549450549450E-0001 -1.37142857142857E+0000
 549  9.76556776556777E-0002 -1.39318681318681E+0000
 550  6.21978021978022E-0002 -1.38835164835165E+0000
 551  2.99633699633700E-0002 -1.37304029304029E+0000
 552  2.56410256410256E-0003 -1.38835164835165E+0000
 553 -6.75457875457875E-0002 -1.37706959706960E+0000
 554 -9.65567765567766E-0002 -1.40608058608059E+0000
 555 -9.73626373626374E-0002 -1.37304029304029E+0000
 556 -1.02197802197802E-0001 -1.39560439560440E+0000
 557 -4.90109890109890E-0002 -1.37465201465201E+0000
 558 -2.32234432234432E-0002 -1.39802197802198E+0000
 559  1.38461538461538E-0002 -1.36901098901099E+0000
 560  8.87912087912088E-0002 -1.37868131868132E+0000
 561  1.07326007326007E-0001 -1.40285714285714E+0000
 562  1.21831501831501E-0001 -1.37626373626374E+0000
 563  1.07326007326007E-0001 -1.38593406593407E+0000
 564  6.21978021978022E-0002 -1.38109890109890E+0000
 565  3.47985347985348E-0002 -1.41655677655678E+0000
 566 -2.27106227106227E-0003 -1.38673992673993E+0000
 567 -6.27106227106227E-0002 -1.36498168498168E+0000
 568 -9.81684981684982E-0002 -1.37223443223443E+0000
 569 -9.57509157509158E-0002 -1.39641025641026E+0000
 570 -4.41758241758242E-0002 -1.39238095238095E+0000
 571  2.02930402930403E-0002 -1.36175824175824E+0000
 572  8.55677655677656E-0002 -1.36739926739927E+0000
 573  1.12967032967033E-0001 -1.38432234432234E+0000
 574  1.11355311355311E-0001 -1.39076923076923E+0000
 575  8.15384615384615E-0002 -1.41816849816850E+0000
 576 -1.27472527472527E-0002 -1.40366300366300E+0000
 577 -7.47985347985348E-0002 -1.39399267399267E+0000
 578 -1.12673992673992E-0001 -1.36820512820513E+0000
 579 -9.49450549450549E-0002 -1.39479853479853E+0000
 580 -5.38461538461538E-0002 -1.38512820512821E+0000
 581  1.62637362637363E-0002 -1.40446886446886E+0000
 582  7.50915750915751E-0002 -1.36578754578755E+0000
 583  1.21831501831501E-0001 -1.37948717948718E+0000
 584  1.07326007326007E-0001 -1.38673992673993E+0000
