 0 -5.14285714285714E-0002 -1.38432234432234E+0000
 1 -2.00000000000000E-0002 -1.37868131868132E+0000
 2  9.81684981684982E-0003 -1.39882783882784E+0000
 3  3.23809523809524E-0002 -1.38432234432234E+0000
 4  4.76923076923077E-0002 -1.38512820512821E+0000
 5  5.41391941391941E-0002 -1.38029304029304E+0000
 6  8.87912087912088E-0002 -1.40205128205128E+0000
 7  1.13772893772893E-0001 -1.37223443223443E+0000
 8  1.12967032967033E-0001 -1.42219780219780E+0000
 9  1.20219780219780E-0001 -1.39560439560440E+0000
 10  1.39560439560440E-0001 -1.37384615384615E+0000
 11  1.19413919413919E-0001 -1.42380952380952E+0000
 12  1.08937728937728E-0001 -1.43025641025641E+0000
 13  1.19413919413919E-0001 -1.41252747252747E+0000
 14  1.13772893772893E-0001 -1.40285714285714E+0000
 15  9.20146520146520E-0002 -1.40930402930403E+0000
 16  8.47619047619048E-0002 -1.40366300366300E+0000
 17  6.78388278388278E-0002 -1.38512820512821E+0000
 18  4.93040293040293E-0002 -1.37948717948718E+0000
 19  2.35164835164835E-0002 -1.42542124542125E+0000
 20  2.56410256410256E-0003 -1.42945054945055E+0000
 21 -8.71794871794872E-0003 -1.41413919413919E+0000
 22 -3.77289377289377E-0002 -1.39882783882784E+0000
 23 -4.98168498168498E-0002 -1.40769230769231E+0000
 24 -9.09157509157509E-0002 -1.39963369963370E+0000
 25 -8.28571428571429E-0002 -1.38512820512821E+0000
 26 -8.93040293040293E-0002 -1.37223443223443E+0000
 27 -1.15091575091575E-0001 -1.41897435897436E+0000
 28 -1.10256410256410E-0001 -1.41816849816850E+0000
 29 -1.31208791208791E-0001 -1.40608058608059E+0000
 30 -1.34432234432234E-0001 -1.39721611721612E+0000
 31 -1.31208791208791E-0001 -1.40205128205128E+0000
 32 -1.18315018315018E-0001 -1.39641025641026E+0000
 33 -1.15897435897435E-0001 -1.37223443223443E+0000
 34 -1.09450549450549E-0001 -1.39963369963370E+0000
 35 -9.89743589743590E-0002 -1.40608058608059E+0000
 36 -8.52747252747253E-0002 -1.40608058608059E+0000
 37 -6.99633699633700E-0002 -1.38835164835165E+0000
 38 -6.67399267399267E-0002 -1.37062271062271E+0000
 39 -3.20879120879121E-0002 -1.40849816849817E+0000
 40 -8.71794871794872E-0003 -1.39721611721612E+0000
 41  1.54578754578754E-0002 -1.37706959706960E+0000
 42  4.68864468864469E-0002 -1.39479853479853E+0000
 43  4.84981684981685E-0002 -1.39479853479853E+0000
 44  8.23443223443223E-0002 -1.37948717948718E+0000
 45  7.91208791208791E-0002 -1.40366300366300E+0000
 46  9.44322344322344E-0002 -1.38915750915751E+0000
 47  1.11355311355311E-0001 -1.38754578754579E+0000
 48  1.36336996336996E-0001 -1.38271062271062E+0000
 49  1.26666666666667E-0001 -1.35853479853480E+0000
 50  1.24249084249084E-0001 -1.38190476190476E+0000
 51  1.33919413919414E-0001 -1.37948717948718E+0000
 52  1.26666666666667E-0001 -1.41575091575092E+0000
 53  1.16996336996337E-0001 -1.40043956043956E+0000
 54  1.16190476190476E-0001 -1.38996336996337E+0000
 55  9.20146520146520E-0002 -1.39479853479853E+0000
 56  7.91208791208791E-0002 -1.38109890109890E+0000
 57  7.50915750915751E-0002 -1.40849816849817E+0000
 58  5.73626373626374E-0002 -1.39479853479853E+0000
 59  2.75457875457875E-0002 -1.39479853479853E+0000
 60  9.01098901098901E-0003 -1.38351648351648E+0000
 61 -1.11355311355311E-0002 -1.35934065934066E+0000
 62 -3.36996336996337E-0002 -1.38915750915751E+0000
 63 -5.54578754578755E-0002 -1.39076923076923E+0000
 64 -6.91575091575092E-0002 -1.38512820512821E+0000
 65 -9.33333333333333E-0002 -1.36981684981685E+0000
 66 -9.81684981684982E-0002 -1.39238095238095E+0000
 67 -1.14285714285714E-0001 -1.40124542124542E+0000
 68 -1.26373626373626E-0001 -1.39076923076923E+0000
 69 -1.22344322344322E-0001 -1.36659340659341E+0000
 70 -1.29597069597070E-0001 -1.39963369963370E+0000
 71 -1.30402930402930E-0001 -1.40930402930403E+0000
 72 -1.23956043956044E-0001 -1.39882783882784E+0000
 73 -1.18315018315018E-0001 -1.38271062271062E+0000
 74 -1.11062271062271E-0001 -1.36336996336996E+0000
 75 -9.89743589743590E-0002 -1.40124542124542E+0000
 76 -7.39926739926740E-0002 -1.38673992673993E+0000
 77 -6.27106227106227E-0002 -1.36739926739927E+0000
 78 -5.78754578754579E-0002 -1.40205128205128E+0000
 79 -3.28937728937729E-0002 -1.39882783882784E+0000
 80 -1.51648351648351E-0002 -1.39238095238095E+0000
 81  1.38461538461538E-0002 -1.37223443223443E+0000
 82  3.23809523809524E-0002 -1.40205128205128E+0000
 83  4.93040293040293E-0002 -1.40043956043956E+0000
 84  7.83150183150183E-0002 -1.39641025641026E+0000
 85  8.87912087912088E-0002 -1.37142857142857E+0000
 86  1.09743589743589E-0001 -1.39802197802198E+0000
 87  1.13772893772893E-0001 -1.40527472527473E+0000
 88  1.16996336996337E-0001 -1.39963369963370E+0000
 89  1.21831501831501E-0001 -1.38351648351648E+0000
 90  1.19413919413919E-0001 -1.36820512820513E+0000
 91  1.46007326007326E-0001 -1.41333333333333E+0000
 92  1.28278388278388E-0001 -1.41252747252747E+0000
 93  1.19413919413919E-0001 -1.39882783882784E+0000
 94  1.12161172161172E-0001 -1.39721611721612E+0000
 95  9.84615384615385E-0002 -1.40205128205128E+0000
 96  9.28205128205128E-0002 -1.38673992673993E+0000
 97  7.10622710622711E-0002 -1.36498168498168E+0000
 98  4.68864468864469E-0002 -1.39963369963370E+0000
 99  1.94871794871795E-0002 -1.40849816849817E+0000
 100  1.46520146520147E-0004 -1.39882783882784E+0000
 101 -1.43589743589743E-0002 -1.38432234432234E+0000
 102 -3.85347985347985E-0002 -1.37465201465201E+0000
 103 -5.94871794871795E-0002 -1.42622710622711E+0000
 104 -7.15750915750916E-0002 -1.42622710622711E+0000
 105 -8.84981684981685E-0002 -1.41575091575092E+0000
 106 -9.73626373626374E-0002 -1.40527472527473E+0000
 107 -1.19120879120879E-0001 -1.41655677655678E+0000
 108 -1.18315018315018E-0001 -1.40527472527473E+0000
 109 -1.28791208791209E-0001 -1.39076923076923E+0000
 110 -1.31208791208791E-0001 -1.38109890109890E+0000
 111 -1.32820512820513E-0001 -1.43186813186813E+0000
 112 -1.09450549450549E-0001 -1.42703296703297E+0000
 113 -1.24761904761904E-0001 -1.40446886446886E+0000
 114 -1.05421245421245E-0001 -1.39479853479853E+0000
 115 -9.73626373626374E-0002 -1.39560439560440E+0000
 116 -8.20512820512821E-0002 -1.37868131868132E+0000
 117 -6.27106227106227E-0002 -1.39802197802198E+0000
 118 -4.49816849816850E-0002 -1.38915750915751E+0000
 119 -3.12820512820513E-0002 -1.38996336996337E+0000
 120 -1.46520146520146E-0003 -1.37142857142857E+0000
 121  1.06227106227106E-0002 -1.39076923076923E+0000
 122  2.27106227106227E-0002 -1.38190476190476E+0000
 123  5.57509157509158E-0002 -1.37626373626374E+0000
 124  7.10622710622711E-0002 -1.39963369963370E+0000
 125  9.04029304029304E-0002 -1.38432234432234E+0000
 126  1.08131868131868E-0001 -1.37304029304029E+0000
 127  1.22637362637362E-0001 -1.41252747252747E+0000
 128  1.22637362637362E-0001 -1.40930402930403E+0000
 129  1.31501831501832E-0001 -1.38673992673993E+0000
 130  1.39560439560440E-0001 -1.38190476190476E+0000
 131  1.30695970695971E-0001 -1.38351648351648E+0000
 132  1.29890109890110E-0001 -1.36739926739927E+0000
 133  1.27472527472527E-0001 -1.39157509157509E+0000
 134  1.00879120879120E-0001 -1.38673992673993E+0000
 135  8.95970695970696E-0002 -1.39721611721612E+0000
 136  7.91208791208791E-0002 -1.38754578754579E+0000
 137  6.38095238095238E-0002 -1.37223443223443E+0000
 138  5.09157509157509E-0002 -1.41091575091575E+0000
 139  2.43223443223443E-0002 -1.41816849816850E+0000
 140  1.46520146520147E-0004 -1.41252747252747E+0000
 141 -1.59706959706960E-0002 -1.39882783882784E+0000
 142 -4.41758241758242E-0002 -1.40285714285714E+0000
 143 -6.10989010989011E-0002 -1.40849816849817E+0000
 144 -6.83516483516484E-0002 -1.39238095238095E+0000
 145 -8.28571428571429E-0002 -1.36820512820513E+0000
 146 -1.06227106227106E-0001 -1.41252747252747E+0000
 147 -1.19120879120879E-0001 -1.42380952380952E+0000
 148 -1.21538461538461E-0001 -1.41333333333333E+0000
 149 -1.32014652014652E-0001 -1.40285714285714E+0000
 150 -1.26373626373626E-0001 -1.39479853479853E+0000
 151 -1.33626373626374E-0001 -1.39560439560440E+0000
 152 -1.24761904761904E-0001 -1.37626373626374E+0000
 153 -1.26373626373626E-0001 -1.39318681318681E+0000
 154 -1.19120879120879E-0001 -1.39479853479853E+0000
 155 -9.49450549450549E-0002 -1.39157509157509E+0000
 156 -8.52747252747253E-0002 -1.37706959706960E+0000
 157 -6.99633699633700E-0002 -1.39882783882784E+0000
 158 -4.17582417582418E-0002 -1.39238095238095E+0000
 159 -1.11355311355311E-0002 -1.39641025641026E+0000
 160  9.81684981684982E-0003 -1.37626373626374E+0000
 161  1.78754578754579E-0002 -1.39238095238095E+0000
 162  4.28571428571429E-0002 -1.38593406593407E+0000
 163  5.73626373626374E-0002 -1.39318681318681E+0000
 164  7.67032967032967E-0002 -1.38109890109890E+0000
 165  9.68498168498168E-0002 -1.40285714285714E+0000
 166  1.08131868131868E-0001 -1.39560439560440E+0000
 167  1.19413919413919E-0001 -1.39399267399267E+0000
 168  1.29890109890110E-0001 -1.38351648351648E+0000
 169  1.22637362637362E-0001 -1.36175824175824E+0000
 170  1.29084249084249E-0001 -1.39882783882784E+0000
 171  1.32307692307692E-0001 -1.40769230769231E+0000
 172  1.35531135531136E-0001 -1.38915750915751E+0000
 173  1.22637362637362E-0001 -1.36336996336996E+0000
 174  1.22637362637362E-0001 -1.39399267399267E+0000
 175  9.84615384615385E-0002 -1.40527472527473E+0000
 176  6.78388278388278E-0002 -1.39641025641026E+0000
 177  6.13919413919414E-0002 -1.37545787545788E+0000
 178  2.51282051282051E-0002 -1.40769230769231E+0000
 179  2.19047619047619E-0002 -1.41010989010989E+0000
 180  7.39926739926740E-0003 -1.39560439560440E+0000
 181 -2.08058608058608E-0002 -1.37465201465201E+0000
 182 -2.88644688644689E-0002 -1.41413919413919E+0000
 183 -5.78754578754579E-0002 -1.41897435897436E+0000
 184 -7.47985347985348E-0002 -1.41010989010989E+0000
 185 -9.17216117216117E-0002 -1.39157509157509E+0000
 186 -1.06227106227106E-0001 -1.39076923076923E+0000
 187 -1.15897435897435E-0001 -1.39641025641026E+0000
 188 -1.19926739926739E-0001 -1.37868131868132E+0000
 189 -1.31208791208791E-0001 -1.39963369963370E+0000
 190 -1.22344322344322E-0001 -1.40205128205128E+0000
 191 -1.37655677655678E-0001 -1.40769230769231E+0000
 192 -1.25567765567766E-0001 -1.38351648351648E+0000
 193 -1.09450549450549E-0001 -1.35853479853480E+0000
 194 -9.57509157509158E-0002 -1.39318681318681E+0000
 195 -9.33333333333333E-0002 -1.40205128205128E+0000
 196 -6.67399267399267E-0002 -1.37948717948718E+0000
 197 -5.94871794871795E-0002 -1.40366300366300E+0000
 198 -5.22344322344322E-0002 -1.40446886446886E+0000
 199 -2.08058608058608E-0002 -1.40608058608059E+0000
 200  1.46520146520147E-0004 -1.39076923076923E+0000
 201  1.94871794871795E-0002 -1.36981684981685E+0000
 202  3.23809523809524E-0002 -1.40285714285714E+0000
 203  4.93040293040293E-0002 -1.40769230769231E+0000
 204  7.26739926739927E-0002 -1.38271062271062E+0000
 205  9.36263736263736E-0002 -1.35531135531136E+0000
 206  1.00879120879120E-0001 -1.39479853479853E+0000
 207  1.11355311355311E-0001 -1.39318681318681E+0000
 208  1.19413919413919E-0001 -1.37948717948718E+0000
 209  1.25054945054945E-0001 -1.40205128205128E+0000
 210  1.31501831501832E-0001 -1.39641025641026E+0000
 211  1.30695970695971E-0001 -1.39721611721612E+0000
 212  1.26666666666667E-0001 -1.38351648351648E+0000
 213  1.17802197802197E-0001 -1.35772893772894E+0000
 214  1.03296703296703E-0001 -1.39318681318681E+0000
 215  8.79853479853480E-0002 -1.40285714285714E+0000
 216  7.18681318681319E-0002 -1.38432234432234E+0000
 217  5.73626373626374E-0002 -1.36498168498168E+0000
 218  3.23809523809524E-0002 -1.40446886446886E+0000
 219  1.70695970695971E-0002 -1.41252747252747E+0000
 220 -7.10622710622711E-0003 -1.40366300366300E+0000
 221 -1.91941391941392E-0002 -1.38673992673993E+0000
 222 -3.85347985347985E-0002 -1.38835164835165E+0000
 223 -6.91575091575092E-0002 -1.38996336996337E+0000
 224 -7.47985347985348E-0002 -1.36981684981685E+0000
 225 -9.25274725274725E-0002 -1.38835164835165E+0000
 226 -1.08644688644688E-0001 -1.38512820512821E+0000
 227 -1.07032967032967E-0001 -1.38754578754579E+0000
 228 -1.13479853479853E-0001 -1.37465201465201E+0000
 229 -1.32820512820513E-0001 -1.40043956043956E+0000
 230 -1.28791208791209E-0001 -1.40285714285714E+0000
 231 -1.35238095238095E-0001 -1.40527472527473E+0000
 232 -1.19926739926739E-0001 -1.38915750915751E+0000
 233 -1.17509157509157E-0001 -1.36498168498168E+0000
 234 -1.13479853479853E-0001 -1.40446886446886E+0000
 235 -9.33333333333333E-0002 -1.40849816849817E+0000
 236 -7.23809523809524E-0002 -1.38512820512821E+0000
 237 -5.38461538461538E-0002 -1.36498168498168E+0000
 238 -4.17582417582418E-0002 -1.40608058608059E+0000
 239 -2.08058608058608E-0002 -1.41172161172161E+0000
 240 -2.27106227106227E-0003 -1.39560439560440E+0000
 241  2.10989010989011E-0002 -1.37304029304029E+0000
 242  4.44688644688645E-0002 -1.41172161172161E+0000
 243  5.41391941391941E-0002 -1.42139194139194E+0000
 244  8.47619047619048E-0002 -1.39802197802198E+0000
 245  9.20146520146520E-0002 -1.37868131868132E+0000
 246  1.01684981684981E-0001 -1.42219780219780E+0000
 247  1.14578754578754E-0001 -1.42300366300366E+0000
 248  1.37948717948718E-0001 -1.40446886446886E+0000
 249  1.25054945054945E-0001 -1.39076923076923E+0000
 250  1.30695970695971E-0001 -1.38915750915751E+0000
 251  1.30695970695971E-0001 -1.38915750915751E+0000
 252  1.44395604395604E-0001 -1.36336996336996E+0000
 253  1.17802197802197E-0001 -1.38271062271062E+0000
 254  1.06520146520146E-0001 -1.38271062271062E+0000
 255  8.79853479853480E-0002 -1.37948717948718E+0000
 256  7.91208791208791E-0002 -1.40446886446886E+0000
 257  5.73626373626374E-0002 -1.39076923076923E+0000
 258  3.15750915750916E-0002 -1.39882783882784E+0000
 259  1.46520146520146E-0002 -1.40366300366300E+0000
 260  6.59340659340659E-0003 -1.38673992673993E+0000
 261 -2.48351648351648E-0002 -1.37142857142857E+0000
 262 -4.09523809523810E-0002 -1.41333333333333E+0000
 263 -5.46520146520147E-0002 -1.41736263736264E+0000
 264 -9.17216117216117E-0002 -1.40769230769231E+0000
 265 -9.65567765567766E-0002 -1.38673992673993E+0000
 266 -1.10256410256410E-0001 -1.39076923076923E+0000
 267 -1.22344322344322E-0001 -1.39318681318681E+0000
 268 -1.18315018315018E-0001 -1.37787545787546E+0000
 269 -1.48131868131868E-0001 -1.40285714285714E+0000
 270 -1.21538461538461E-0001 -1.39963369963370E+0000
 271 -1.26373626373626E-0001 -1.40769230769231E+0000
 272 -1.33626373626374E-0001 -1.38351648351648E+0000
 273 -1.20732600732600E-0001 -1.36014652014652E+0000
 274 -1.21538461538461E-0001 -1.40124542124542E+0000
 275 -9.25274725274725E-0002 -1.39721611721612E+0000
 276 -8.20512820512821E-0002 -1.37706959706960E+0000
 277 -6.67399267399267E-0002 -1.39560439560440E+0000
 278 -4.01465201465201E-0002 -1.39479853479853E+0000
 279 -2.00000000000000E-0002 -1.38754578754579E+0000
 280  1.22344322344322E-0002 -1.37062271062271E+0000
 281  1.78754578754579E-0002 -1.38915750915751E+0000
 282  4.60805860805861E-0002 -1.38512820512821E+0000
 283  6.30036630036630E-0002 -1.38512820512821E+0000
 284  8.07326007326007E-0002 -1.36417582417582E+0000
 285  9.84615384615385E-0002 -1.38109890109890E+0000
 286  1.07326007326007E-0001 -1.42622710622711E+0000
 287  1.16996336996337E-0001 -1.43831501831502E+0000
 288  1.13772893772893E-0001 -1.42864468864469E+0000
 289  1.33113553113553E-0001 -1.40930402930403E+0000
 290  1.33113553113553E-0001 -1.41172161172161E+0000
 291  1.34725274725275E-0001 -1.39238095238095E+0000
 292  1.20219780219780E-0001 -1.38029304029304E+0000
 293  9.20146520146520E-0002 -1.42783882783883E+0000
 294  8.55677655677656E-0002 -1.42783882783883E+0000
 295  8.23443223443223E-0002 -1.40608058608059E+0000
 296  4.20512820512821E-0002 -1.39882783882784E+0000
 297  3.31868131868132E-0002 -1.40446886446886E+0000
 298  1.75824175824176E-0003 -1.41091575091575E+0000
 299  8.20512820512821E-0003 -1.38835164835165E+0000
 300 -3.45054945054945E-0002 -1.37142857142857E+0000
 301 -4.82051282051282E-0002 -1.41252747252747E+0000
 302 -7.07692307692308E-0002 -1.42219780219780E+0000
 303 -8.36630036630037E-0002 -1.40205128205128E+0000
 304 -9.49450549450549E-0002 -1.41978021978022E+0000
 305 -1.14285714285714E-0001 -1.42783882783883E+0000
 306 -1.32820512820513E-0001 -1.40769230769231E+0000
 307 -1.26373626373626E-0001 -1.38593406593407E+0000
 308 -1.30402930402930E-0001 -1.38835164835165E+0000
 309 -1.39267399267399E-0001 -1.38512820512821E+0000
 310 -1.18315018315018E-0001 -1.36417582417582E+0000
 311 -1.16703296703296E-0001 -1.38512820512821E+0000
 312 -9.73626373626374E-0002 -1.38271062271062E+0000
 313 -8.93040293040293E-0002 -1.37787545787546E+0000
 314 -5.70695970695971E-0002 -1.39399267399267E+0000
 315 -5.38461538461538E-0002 -1.38271062271062E+0000
 316 -1.75824175824176E-0002 -1.37706959706960E+0000
 317  1.06227106227106E-0002 -1.39157509157509E+0000
 318  2.35164835164835E-0002 -1.37545787545788E+0000
 319  4.60805860805861E-0002 -1.40930402930403E+0000
 320  5.97802197802198E-0002 -1.41010989010989E+0000
 321  7.99267399267399E-0002 -1.38673992673993E+0000
 322  1.00879120879120E-0001 -1.37304029304029E+0000
 323  9.92673992673993E-0002 -1.42139194139194E+0000
 324  1.08131868131868E-0001 -1.39479853479853E+0000
 325  1.25860805860806E-0001 -1.37545787545788E+0000
 326  1.32307692307692E-0001 -1.41091575091575E+0000
 327  1.39560439560440E-0001 -1.41413919413919E+0000
 328  1.28278388278388E-0001 -1.38915750915751E+0000
 329  1.11355311355311E-0001 -1.37304029304029E+0000
 330  9.20146520146520E-0002 -1.41736263736264E+0000
 331  1.00879120879120E-0001 -1.41333333333333E+0000
 332  7.50915750915751E-0002 -1.40366300366300E+0000
 333  5.97802197802198E-0002 -1.39802197802198E+0000
 334  1.70695970695971E-0002 -1.39882783882784E+0000
 335 -3.07692307692308E-0003 -1.38593406593407E+0000
 336 -2.56410256410256E-0002 -1.36659340659341E+0000
 337 -4.09523809523810E-0002 -1.42058608058608E+0000
 338 -7.96336996336996E-0002 -1.39802197802198E+0000
 339 -9.89743589743590E-0002 -1.38593406593407E+0000
 340 -1.26373626373626E-0001 -1.39479853479853E+0000
 341 -1.33626373626374E-0001 -1.36820512820513E+0000
 342 -1.39267399267399E-0001 -1.39963369963370E+0000
 343 -1.36849816849817E-0001 -1.40688644688645E+0000
 344 -1.34432234432234E-0001 -1.39238095238095E+0000
 345 -1.07032967032967E-0001 -1.37868131868132E+0000
 346 -1.03003663003663E-0001 -1.42058608058608E+0000
 347 -6.99633699633700E-0002 -1.39963369963370E+0000
 348 -6.35164835164835E-0002 -1.38593406593407E+0000
 349 -2.64468864468864E-0002 -1.38432234432234E+0000
 350 -1.59706959706960E-0002 -1.38271062271062E+0000
 351  1.06227106227106E-0002 -1.35128205128205E+0000
 352  1.78754578754579E-0002 -1.37304029304029E+0000
 353  4.36630036630037E-0002 -1.41333333333333E+0000
 354  7.91208791208791E-0002 -1.41655677655678E+0000
 355  7.99267399267399E-0002 -1.39641025641026E+0000
 356  1.08131868131868E-0001 -1.37787545787546E+0000
 357  1.11355311355311E-0001 -1.42380952380952E+0000
 358  1.30695970695971E-0001 -1.40446886446886E+0000
 359  1.29890109890110E-0001 -1.39076923076923E+0000
 360  1.33113553113553E-0001 -1.39157509157509E+0000
 361  1.22637362637362E-0001 -1.37062271062271E+0000
 362  1.16996336996337E-0001 -1.39479853479853E+0000
 363  9.60439560439560E-0002 -1.39560439560440E+0000
 364  8.15384615384615E-0002 -1.36901098901099E+0000
 365  4.93040293040293E-0002 -1.39157509157509E+0000
 366  3.15750915750916E-0002 -1.39641025641026E+0000
 367 -9.52380952380952E-0003 -1.37465201465201E+0000
 368 -3.28937728937729E-0002 -1.41010989010989E+0000
 369 -5.30402930402930E-0002 -1.42219780219780E+0000
 370 -7.39926739926740E-0002 -1.41897435897436E+0000
 371 -8.28571428571429E-0002 -1.40446886446886E+0000
 372 -9.41391941391941E-0002 -1.39802197802198E+0000
 373 -1.27179487179487E-0001 -1.39802197802198E+0000
 374 -1.26373626373626E-0001 -1.37626373626374E+0000
 375 -1.34432234432234E-0001 -1.40205128205128E+0000
 376 -1.35238095238095E-0001 -1.39963369963370E+0000
 377 -1.44908424908425E-0001 -1.40366300366300E+0000
 378 -1.25567765567766E-0001 -1.37304029304029E+0000
 379 -1.05421245421245E-0001 -1.41655677655678E+0000
 380 -9.01098901098901E-0002 -1.38915750915751E+0000
 381 -6.02930402930403E-0002 -1.37223443223443E+0000
 382 -3.36996336996337E-0002 -1.41413919413919E+0000
 383 -2.08058608058608E-0002 -1.38512820512821E+0000
 384  3.39926739926740E-0002 -1.37545787545788E+0000
 385  5.33333333333333E-0002 -1.39882783882784E+0000
 386  8.55677655677656E-0002 -1.37787545787546E+0000
 387  9.92673992673993E-0002 -1.40608058608059E+0000
 388  1.28278388278388E-0001 -1.40366300366300E+0000
 389  1.30695970695971E-0001 -1.38593406593407E+0000
 390  1.33919413919414E-0001 -1.42300366300366E+0000
 391  1.21025641025641E-0001 -1.42300366300366E+0000
 392  1.25860805860806E-0001 -1.38673992673993E+0000
 393  1.04908424908424E-0001 -1.39238095238095E+0000
 394  7.83150183150183E-0002 -1.39238095238095E+0000
 395  7.02564102564103E-0002 -1.40930402930403E+0000
 396  2.59340659340659E-0002 -1.41172161172161E+0000
 397 -4.68864468864469E-0003 -1.38835164835165E+0000
 398 -3.45054945054945E-0002 -1.37223443223443E+0000
 399 -4.82051282051282E-0002 -1.41978021978022E+0000
 400 -8.93040293040293E-0002 -1.40769230769231E+0000
 401 -1.05421245421245E-0001 -1.40124542124542E+0000
 402 -1.31208791208791E-0001 -1.39238095238095E+0000
 403 -1.27179487179487E-0001 -1.37304029304029E+0000
 404 -1.31208791208791E-0001 -1.40043956043956E+0000
 405 -1.38461538461538E-0001 -1.41333333333333E+0000
 406 -1.32014652014652E-0001 -1.41252747252747E+0000
 407 -1.20732600732600E-0001 -1.39560439560440E+0000
 408 -1.15897435897435E-0001 -1.38190476190476E+0000
 409 -9.33333333333333E-0002 -1.40366300366300E+0000
 410 -6.83516483516484E-0002 -1.37868131868132E+0000
 411 -4.57875457875458E-0002 -1.41494505494505E+0000
 412 -1.03296703296703E-0002 -1.40366300366300E+0000
 413  1.46520146520146E-0002 -1.41575091575092E+0000
 414  5.33333333333333E-0002 -1.41816849816850E+0000
 415  6.46153846153846E-0002 -1.38754578754579E+0000
 416  9.76556776556777E-0002 -1.38190476190476E+0000
 417  1.08937728937728E-0001 -1.40285714285714E+0000
 418  1.37142857142857E-0001 -1.37706959706960E+0000
 419  1.32307692307692E-0001 -1.41494505494505E+0000
 420  1.29084249084249E-0001 -1.40366300366300E+0000
 421  1.21025641025641E-0001 -1.37142857142857E+0000
 422  1.06520146520146E-0001 -1.41333333333333E+0000
 423  9.28205128205128E-0002 -1.38915750915751E+0000
 424  4.52747252747253E-0002 -1.37868131868132E+0000
 425  3.64102564102564E-0002 -1.42058608058608E+0000
 426 -1.03296703296703E-0002 -1.39721611721612E+0000
 427 -3.04761904761905E-0002 -1.39399267399267E+0000
 428 -6.99633699633700E-0002 -1.39399267399267E+0000
 429 -8.76923076923077E-0002 -1.40930402930403E+0000
 430 -1.18315018315018E-0001 -1.41333333333333E+0000
 431 -1.42490842490842E-0001 -1.39560439560440E+0000
 432 -1.32014652014652E-0001 -1.38673992673993E+0000
 433 -1.27985347985348E-0001 -1.39157509157509E+0000
 434 -1.27179487179487E-0001 -1.38271062271062E+0000
 435 -1.19120879120879E-0001 -1.38190476190476E+0000
 436 -1.06227106227106E-0001 -1.38190476190476E+0000
 437 -8.52747252747253E-0002 -1.37142857142857E+0000
 438 -4.57875457875458E-0002 -1.40366300366300E+0000
 439 -3.12820512820513E-0002 -1.39318681318681E+0000
 440  1.54578754578754E-0002 -1.40608058608059E+0000
 441  5.57509157509158E-0002 -1.40930402930403E+0000
 442  7.75091575091575E-0002 -1.37223443223443E+0000
 443  1.04908424908424E-0001 -1.40608058608059E+0000
 444  1.08131868131868E-0001 -1.40446886446886E+0000
 445  1.22637362637362E-0001 -1.38190476190476E+0000
 446  1.32307692307692E-0001 -1.37465201465201E+0000
 447  1.31501831501832E-0001 -1.38835164835165E+0000
 448  1.10549450549450E-0001 -1.37706959706960E+0000
 449  9.76556776556777E-0002 -1.41736263736264E+0000
 450  7.99267399267399E-0002 -1.41172161172161E+0000
 451  6.94505494505495E-0002 -1.39318681318681E+0000
 452  4.93040293040293E-0002 -1.39721611721612E+0000
 453  1.38461538461538E-0002 -1.36256410256410E+0000
 454 -4.17582417582418E-0002 -1.39882783882784E+0000
 455 -6.99633699633700E-0002 -1.39479853479853E+0000
 456 -8.84981684981685E-0002 -1.40930402930403E+0000
 457 -1.15897435897435E-0001 -1.41091575091575E+0000
 458 -1.09450549450549E-0001 -1.39802197802198E+0000
 459 -1.27985347985348E-0001 -1.38029304029304E+0000
 460 -1.24761904761904E-0001 -1.41897435897436E+0000
 461 -1.31208791208791E-0001 -1.41333333333333E+0000
 462 -1.18315018315018E-0001 -1.39560439560440E+0000
 463 -1.17509157509157E-0001 -1.38754578754579E+0000
 464 -9.73626373626374E-0002 -1.38512820512821E+0000
 465 -7.56043956043956E-0002 -1.39076923076923E+0000
 466 -2.40293040293040E-0002 -1.39318681318681E+0000
 467  4.98168498168498E-0003 -1.35611721611722E+0000
 468  2.35164835164835E-0002 -1.38593406593407E+0000
 469  6.62271062271062E-0002 -1.37062271062271E+0000
 470  9.20146520146520E-0002 -1.37062271062271E+0000
 471  1.17802197802197E-0001 -1.39882783882784E+0000
 472  1.29084249084249E-0001 -1.37545787545788E+0000
 473  1.20219780219780E-0001 -1.40930402930403E+0000
 474  1.25054945054945E-0001 -1.36981684981685E+0000
 475  1.21025641025641E-0001 -1.40366300366300E+0000
 476  9.44322344322344E-0002 -1.40527472527473E+0000
 477  6.21978021978022E-0002 -1.38109890109890E+0000
 478  2.35164835164835E-0002 -1.43025641025641E+0000
 479  1.75824175824176E-0003 -1.40930402930403E+0000
 480 -3.36996336996337E-0002 -1.41736263736264E+0000
 481 -7.72161172161172E-0002 -1.40849816849817E+0000
 482 -8.84981684981685E-0002 -1.38190476190476E+0000
 483 -1.11062271062271E-0001 -1.37626373626374E+0000
 484 -1.14285714285714E-0001 -1.39882783882784E+0000
 485 -1.27985347985348E-0001 -1.37304029304029E+0000
 486 -1.31208791208791E-0001 -1.40608058608059E+0000
 487 -1.13479853479853E-0001 -1.38512820512821E+0000
 488 -1.13479853479853E-0001 -1.38754578754579E+0000
 489 -6.67399267399267E-0002 -1.39641025641026E+0000
 490 -4.49816849816850E-0002 -1.39560439560440E+0000
 491 -3.88278388278388E-0003 -1.37545787545788E+0000
 492  2.35164835164835E-0002 -1.37465201465201E+0000
 493  6.05860805860806E-0002 -1.41010989010989E+0000
 494  9.12087912087912E-0002 -1.38754578754579E+0000
 495  9.84615384615385E-0002 -1.38835164835165E+0000
 496  1.19413919413919E-0001 -1.38915750915751E+0000
 497  1.29890109890110E-0001 -1.38432234432234E+0000
 498  1.34725274725275E-0001 -1.42783882783883E+0000
 499  1.26666666666667E-0001 -1.39399267399267E+0000
 500  1.06520146520146E-0001 -1.39963369963370E+0000
 501  9.76556776556777E-0002 -1.38835164835165E+0000
 502  6.38095238095238E-0002 -1.40285714285714E+0000
 503  2.27106227106227E-0002 -1.39721611721612E+0000
 504 -2.24175824175824E-0002 -1.37868131868132E+0000
 505 -3.20879120879121E-0002 -1.42945054945055E+0000
 506 -8.28571428571429E-0002 -1.40608058608059E+0000
 507 -1.09450549450549E-0001 -1.41413919413919E+0000
 508 -1.24761904761904E-0001 -1.37948717948718E+0000
 509 -1.22344322344322E-0001 -1.42219780219780E+0000
 510 -1.29597069597070E-0001 -1.41655677655678E+0000
 511 -1.19926739926739E-0001 -1.38673992673993E+0000
 512 -9.81684981684982E-0002 -1.37948717948718E+0000
 513 -6.02930402930403E-0002 -1.40043956043956E+0000
 514 -2.32234432234432E-0002 -1.40849816849817E+0000
 515 -3.07692307692308E-0003 -1.38673992673993E+0000
 516  1.46520146520146E-0002 -1.36659340659341E+0000
 517  5.33333333333333E-0002 -1.40608058608059E+0000
 518  7.83150183150183E-0002 -1.37465201465201E+0000
 519  9.92673992673993E-0002 -1.42300366300366E+0000
 520  1.24249084249084E-0001 -1.38432234432234E+0000
 521  1.41978021978022E-0001 -1.42542124542125E+0000
 522  1.25860805860806E-0001 -1.41655677655678E+0000
 523  1.13772893772893E-0001 -1.39802197802198E+0000
 524  1.00879120879120E-0001 -1.40124542124542E+0000
 525  9.36263736263736E-0002 -1.39882783882784E+0000
 526  7.83150183150183E-0002 -1.38673992673993E+0000
 527  7.10622710622711E-0002 -1.36981684981685E+0000
 528  3.47985347985348E-0002 -1.41010989010989E+0000
 529  1.94871794871795E-0002 -1.41413919413919E+0000
 530 -5.49450549450549E-0003 -1.39802197802198E+0000
 531 -1.59706959706960E-0002 -1.41736263736264E+0000
 532 -3.93406593406593E-0002 -1.40849816849817E+0000
 533 -9.01098901098901E-0002 -1.39318681318681E+0000
 534 -1.15091575091575E-0001 -1.38432234432234E+0000
 535 -1.27985347985348E-0001 -1.40446886446886E+0000
 536 -1.26373626373626E-0001 -1.38593406593407E+0000
 537 -1.23150183150183E-0001 -1.41010989010989E+0000
 538 -9.17216117216117E-0002 -1.41172161172161E+0000
 539 -7.15750915750916E-0002 -1.39721611721612E+0000
 540 -5.94871794871795E-0002 -1.37545787545788E+0000
 541 -4.90109890109890E-0002 -1.41091575091575E+0000
 542 -2.56410256410256E-0002 -1.41172161172161E+0000
 543 -4.68864468864469E-0003 -1.39882783882784E+0000
 544  3.07692307692308E-0002 -1.37868131868132E+0000
 545  4.28571428571429E-0002 -1.42058608058608E+0000
 546  6.94505494505495E-0002 -1.41575091575092E+0000
 547  7.50915750915751E-0002 -1.37465201465201E+0000
 548  1.11355311355311E-0001 -1.41978021978022E+0000
 549  1.34725274725275E-0001 -1.38996336996337E+0000
 550  1.38754578754579E-0001 -1.38673992673993E+0000
 551  1.39560439560440E-0001 -1.39318681318681E+0000
 552  9.92673992673993E-0002 -1.40446886446886E+0000
 553  9.36263736263736E-0002 -1.36256410256410E+0000
 554  4.28571428571429E-0002 -1.41172161172161E+0000
 555  8.20512820512821E-0003 -1.37384615384615E+0000
 556 -3.36996336996337E-0002 -1.42139194139194E+0000
 557 -7.56043956043956E-0002 -1.38835164835165E+0000
 558 -1.04615384615384E-0001 -1.39238095238095E+0000
 559 -1.31208791208791E-0001 -1.39641025641026E+0000
 560 -1.24761904761904E-0001 -1.39399267399267E+0000
 561 -1.29597069597070E-0001 -1.35611721611722E+0000
 562 -9.09157509157509E-0002 -1.38593406593407E+0000
 563 -8.04395604395604E-0002 -1.38996336996337E+0000
 564 -5.94871794871795E-0002 -1.38432234432234E+0000
 565  9.52380952380952E-0004 -1.38512820512821E+0000
 566  5.33333333333333E-0002 -1.38109890109890E+0000
 567  8.39560439560440E-0002 -1.38432234432234E+0000
 568  1.12161172161172E-0001 -1.38190476190476E+0000
 569  9.76556776556777E-0002 -1.37545787545788E+0000
 570  1.34725274725275E-0001 -1.41010989010989E+0000
 571  1.19413919413919E-0001 -1.37465201465201E+0000
 572  1.00879120879120E-0001 -1.42622710622711E+0000
 573  7.26739926739927E-0002 -1.40608058608059E+0000
 574  4.36630036630037E-0002 -1.41333333333333E+0000
 575 -4.68864468864469E-0003 -1.39318681318681E+0000
 576 -4.65934065934066E-0002 -1.40043956043956E+0000
 577 -8.28571428571429E-0002 -1.38109890109890E+0000
 578 -1.14285714285714E-0001 -1.43428571428571E+0000
 579 -1.34432234432234E-0001 -1.40285714285714E+0000
 580 -1.31208791208791E-0001 -1.41172161172161E+0000
 581 -1.31208791208791E-0001 -1.37948717948718E+0000
 582 -9.97802197802198E-0002 -1.43106227106227E+0000
 583 -7.72161172161172E-0002 -1.40205128205128E+0000
 584 -4.09523809523810E-0002 -1.39399267399267E+0000
 585  1.75824175824176E-0003 -1.40205128205128E+0000
 586  3.88278388278388E-0002 -1.40285714285714E+0000
 587  8.39560439560440E-0002 -1.40688644688645E+0000
 588  1.21831501831501E-0001 -1.41655677655678E+0000
 589  1.32307692307692E-0001 -1.38432234432234E+0000
 590  1.40366300366300E-0001 -1.38593406593407E+0000
 591  1.21831501831501E-0001 -1.39479853479853E+0000
 592  1.03296703296703E-0001 -1.38754578754579E+0000
 593  6.94505494505495E-0002 -1.39721611721612E+0000
 594  3.07692307692308E-0002 -1.39963369963370E+0000
 595 -9.52380952380952E-0003 -1.38593406593407E+0000
 596 -3.28937728937729E-0002 -1.42058608058608E+0000
 597 -7.07692307692308E-0002 -1.39802197802198E+0000
 598 -7.72161172161172E-0002 -1.38512820512821E+0000
 599 -1.24761904761904E-0001 -1.36014652014652E+0000
 600 -1.36043956043956E-0001 -1.39076923076923E+0000
 601 -1.37655677655678E-0001 -1.36175824175824E+0000
 602 -1.07032967032967E-0001 -1.44073260073260E+0000
 603 -7.72161172161172E-0002 -1.41010989010989E+0000
 604 -4.73992673992674E-0002 -1.39399267399267E+0000
 605 -3.77289377289377E-0002 -1.37384615384615E+0000
 606  2.83516483516484E-0002 -1.40205128205128E+0000
 607  8.23443223443223E-0002 -1.36417582417582E+0000
 608  1.00073260073260E-0001 -1.38996336996337E+0000
 609  1.21025641025641E-0001 -1.40205128205128E+0000
 610  1.37948717948718E-0001 -1.38190476190476E+0000
 611  1.33919413919414E-0001 -1.42139194139194E+0000
 612  1.25860805860806E-0001 -1.39399267399267E+0000
 613  9.76556776556777E-0002 -1.39318681318681E+0000
 614  7.83150183150183E-0002 -1.40366300366300E+0000
 615  3.47985347985348E-0002 -1.40769230769231E+0000
 616 -1.51648351648351E-0002 -1.37948717948718E+0000
 617 -4.82051282051282E-0002 -1.42461538461538E+0000
 618 -8.04395604395604E-0002 -1.39641025641026E+0000
 619 -1.15897435897435E-0001 -1.39721611721612E+0000
 620 -1.24761904761904E-0001 -1.41091575091575E+0000
 621 -1.31208791208791E-0001 -1.41736263736264E+0000
 622 -1.22344322344322E-0001 -1.38512820512821E+0000
 623 -1.15897435897435E-0001 -1.38190476190476E+0000
 624 -6.59340659340659E-0002 -1.38109890109890E+0000
 625 -4.49816849816850E-0002 -1.43186813186813E+0000
 626 -4.68864468864469E-0003 -1.40688644688645E+0000
 627  3.15750915750916E-0002 -1.39560439560440E+0000
 628  6.13919413919414E-0002 -1.35692307692308E+0000
 629  9.68498168498168E-0002 -1.41978021978022E+0000
 630  1.33113553113553E-0001 -1.39318681318681E+0000
 631  1.37142857142857E-0001 -1.38754578754579E+0000
 632  1.29890109890110E-0001 -1.36175824175824E+0000
 633  1.16996336996337E-0001 -1.40285714285714E+0000
 634  8.31501831501832E-0002 -1.38109890109890E+0000
 635  6.13919413919414E-0002 -1.42622710622711E+0000
 636  9.01098901098901E-0003 -1.40769230769231E+0000
 637 -2.80586080586081E-0002 -1.39641025641026E+0000
 638 -6.67399267399267E-0002 -1.36336996336996E+0000
 639 -9.57509157509158E-0002 -1.39479853479853E+0000
 640 -1.07838827838827E-0001 -1.40849816849817E+0000
 641 -1.20732600732600E-0001 -1.43589743589744E+0000
 642 -1.24761904761904E-0001 -1.43025641025641E+0000
 643 -1.27985347985348E-0001 -1.41172161172161E+0000
 644 -9.65567765567766E-0002 -1.40930402930403E+0000
 645 -6.43223443223443E-0002 -1.38029304029304E+0000
 646 -4.09523809523810E-0002 -1.42300366300366E+0000
 647  1.46520146520146E-0002 -1.39479853479853E+0000
 648  4.76923076923077E-0002 -1.38512820512821E+0000
 649  8.39560439560440E-0002 -1.39318681318681E+0000
 650  1.00879120879120E-0001 -1.38835164835165E+0000
 651  1.31501831501832E-0001 -1.39641025641026E+0000
 652  1.26666666666667E-0001 -1.39157509157509E+0000
 653  1.21025641025641E-0001 -1.39882783882784E+0000
 654  9.28205128205128E-0002 -1.40930402930403E+0000
 655  8.39560439560440E-0002 -1.38109890109890E+0000
 656  4.52747252747253E-0002 -1.43186813186813E+0000
 657  1.38461538461538E-0002 -1.40769230769231E+0000
 658 -3.93406593406593E-0002 -1.39882783882784E+0000
 659 -6.67399267399267E-0002 -1.37384615384615E+0000
 660 -1.02197802197802E-0001 -1.41816849816850E+0000
 661 -1.20732600732600E-0001 -1.39963369963370E+0000
 662 -1.28791208791209E-0001 -1.40205128205128E+0000
 663 -1.24761904761904E-0001 -1.36739926739927E+0000
 664 -1.14285714285714E-0001 -1.40205128205128E+0000
 665 -8.68864468864469E-0002 -1.38432234432234E+0000
 666 -6.83516483516484E-0002 -1.38593406593407E+0000
 667 -3.20879120879121E-0002 -1.37868131868132E+0000
 668  9.01098901098901E-0003 -1.39157509157509E+0000
 669  5.73626373626374E-0002 -1.38754578754579E+0000
 670  8.71794871794872E-0002 -1.40285714285714E+0000
 671  1.14578754578754E-0001 -1.38351648351648E+0000
 672  1.30695970695971E-0001 -1.38754578754579E+0000
 673  1.41978021978022E-0001 -1.37868131868132E+0000
 674  1.26666666666667E-0001 -1.39802197802198E+0000
 675  9.44322344322344E-0002 -1.39882783882784E+0000
 676  7.10622710622711E-0002 -1.37706959706960E+0000
 677  2.67399267399267E-0002 -1.42300366300366E+0000
 678  6.59340659340659E-0003 -1.39238095238095E+0000
 679 -3.85347985347985E-0002 -1.38996336996337E+0000
 680 -6.67399267399267E-0002 -1.39479853479853E+0000
 681 -1.11062271062271E-0001 -1.38754578754579E+0000
 682 -1.23956043956044E-0001 -1.35531135531136E+0000
 683 -1.26373626373626E-0001 -1.39963369963370E+0000
 684 -1.27179487179487E-0001 -1.36256410256410E+0000
 685 -1.09450549450549E-0001 -1.38835164835165E+0000
 686 -9.41391941391941E-0002 -1.38754578754579E+0000
 687 -4.73992673992674E-0002 -1.39157509157509E+0000
 688 -5.49450549450549E-0003 -1.34644688644689E+0000
 689  3.64102564102564E-0002 -1.42380952380952E+0000
 690  7.42857142857143E-0002 -1.39318681318681E+0000
 691  9.92673992673993E-0002 -1.38915750915751E+0000
 692  1.13772893772893E-0001 -1.37626373626374E+0000
 693  1.29890109890110E-0001 -1.38754578754579E+0000
 694  1.33113553113553E-0001 -1.38593406593407E+0000
 695  1.19413919413919E-0001 -1.40930402930403E+0000
 696  9.92673992673993E-0002 -1.39802197802198E+0000
 697  6.21978021978022E-0002 -1.42300366300366E+0000
 698  2.27106227106227E-0002 -1.41897435897436E+0000
 699 -1.51648351648351E-0002 -1.40205128205128E+0000
 700 -4.09523809523810E-0002 -1.38271062271062E+0000
 701 -8.68864468864469E-0002 -1.39076923076923E+0000
 702 -1.14285714285714E-0001 -1.38029304029304E+0000
 703 -1.28791208791209E-0001 -1.40527472527473E+0000
 704 -1.32014652014652E-0001 -1.40769230769231E+0000
 705 -1.23150183150183E-0001 -1.38190476190476E+0000
 706 -1.19120879120879E-0001 -1.41333333333333E+0000
 707 -8.52747252747253E-0002 -1.38351648351648E+0000
 708 -4.73992673992674E-0002 -1.42139194139194E+0000
 709  9.81684981684982E-0003 -1.37706959706960E+0000
 710  4.84981684981685E-0002 -1.40930402930403E+0000
 711  7.75091575091575E-0002 -1.36659340659341E+0000
 712  1.15384615384615E-0001 -1.40688644688645E+0000
 713  1.12967032967033E-0001 -1.37868131868132E+0000
 714  1.33919413919414E-0001 -1.42864468864469E+0000
 715  1.30695970695971E-0001 -1.39882783882784E+0000
 716  1.11355311355311E-0001 -1.40366300366300E+0000
 717  7.02564102564103E-0002 -1.37304029304029E+0000
 718  4.68864468864469E-0002 -1.41333333333333E+0000
 719  1.70695970695971E-0002 -1.41494505494505E+0000
 720 -1.19413919413919E-0002 -1.38673992673993E+0000
 721 -5.06227106227106E-0002 -1.37062271062271E+0000
 722 -8.84981684981685E-0002 -1.38593406593407E+0000
 723 -1.25567765567766E-0001 -1.38190476190476E+0000
 724 -1.35238095238095E-0001 -1.38915750915751E+0000
 725 -1.29597069597070E-0001 -1.36820512820513E+0000
 726 -1.19120879120879E-0001 -1.38996336996337E+0000
 727 -9.65567765567766E-0002 -1.37304029304029E+0000
 728 -6.67399267399267E-0002 -1.39641025641026E+0000
 729 -1.67765567765568E-0002 -1.36095238095238E+0000
 730  1.62637362637363E-0002 -1.38754578754579E+0000
 731  3.56043956043956E-0002 -1.38351648351648E+0000
 732  7.34798534798535E-0002 -1.37787545787546E+0000
 733  1.12161172161172E-0001 -1.41897435897436E+0000
 734  1.29084249084249E-0001 -1.38593406593407E+0000
 735  1.34725274725275E-0001 -1.38835164835165E+0000
 736  1.24249084249084E-0001 -1.37948717948718E+0000
 737  9.76556776556777E-0002 -1.43106227106227E+0000
 738  8.31501831501832E-0002 -1.41010989010989E+0000
 739  5.73626373626374E-0002 -1.41978021978022E+0000
 740 -6.30036630036630E-0003 -1.39157509157509E+0000
 741 -3.69230769230769E-0002 -1.39399267399267E+0000
 742 -8.52747252747253E-0002 -1.39076923076923E+0000
 743 -9.73626373626374E-0002 -1.41494505494505E+0000
 744 -1.15091575091575E-0001 -1.39399267399267E+0000
 745 -1.32820512820513E-0001 -1.42542124542125E+0000
 746 -1.31208791208791E-0001 -1.41897435897436E+0000
 747 -1.21538461538461E-0001 -1.40124542124542E+0000
 748 -1.05421245421245E-0001 -1.38029304029304E+0000
 749 -5.86813186813187E-0002 -1.40527472527473E+0000
 750 -2.80586080586081E-0002 -1.38754578754579E+0000
 751  1.06227106227106E-0002 -1.37304029304029E+0000
 752  3.64102564102564E-0002 -1.41413919413919E+0000
 753  7.83150183150183E-0002 -1.36578754578755E+0000
 754  1.16996336996337E-0001 -1.40849816849817E+0000
 755  1.29084249084249E-0001 -1.37142857142857E+0000
 756  1.21831501831501E-0001 -1.41010989010989E+0000
 757  1.23443223443223E-0001 -1.37384615384615E+0000
 758  1.13772893772893E-0001 -1.42461538461538E+0000
 759  6.70329670329670E-0002 -1.39802197802198E+0000
 760  4.36630036630037E-0002 -1.41091575091575E+0000
 761  1.46520146520147E-0004 -1.39479853479853E+0000
 762 -1.91941391941392E-0002 -1.41091575091575E+0000
 763 -5.70695970695971E-0002 -1.39802197802198E+0000
 764 -9.09157509157509E-0002 -1.37868131868132E+0000
 765 -1.13479853479853E-0001 -1.40124542124542E+0000
 766 -1.46520146520147E-0001 -1.37948717948718E+0000
 767 -1.23150183150183E-0001 -1.40366300366300E+0000
 768 -1.19120879120879E-0001 -1.38835164835165E+0000
 769 -1.01391941391941E-0001 -1.35289377289377E+0000
 770 -5.86813186813187E-0002 -1.42058608058608E+0000
 771 -2.72527472527473E-0002 -1.41494505494505E+0000
 772  6.59340659340659E-0003 -1.37062271062271E+0000
 773  4.28571428571429E-0002 -1.40285714285714E+0000
 774  7.67032967032967E-0002 -1.39479853479853E+0000
 775  1.08937728937728E-0001 -1.38915750915751E+0000
 776  1.29084249084249E-0001 -1.38754578754579E+0000
 777  1.34725274725275E-0001 -1.39560439560440E+0000
 778  1.20219780219780E-0001 -1.39479853479853E+0000
 779  1.07326007326007E-0001 -1.39641025641026E+0000
 780  8.71794871794872E-0002 -1.40608058608059E+0000
 781  2.75457875457875E-0002 -1.41575091575092E+0000
 782  1.06227106227106E-0002 -1.40769230769231E+0000
 783 -2.24175824175824E-0002 -1.37706959706960E+0000
 784 -7.47985347985348E-0002 -1.40285714285714E+0000
 785 -1.03003663003663E-0001 -1.38673992673993E+0000
 786 -1.18315018315018E-0001 -1.36981684981685E+0000
 787 -1.32014652014652E-0001 -1.39318681318681E+0000
 788 -1.25567765567766E-0001 -1.37626373626374E+0000
 789 -1.23956043956044E-0001 -1.39318681318681E+0000
 790 -9.73626373626374E-0002 -1.37465201465201E+0000
 791 -5.38461538461538E-0002 -1.39963369963370E+0000
 792 -3.69230769230769E-0002 -1.40527472527473E+0000
 793  9.52380952380952E-0004 -1.37142857142857E+0000
 794  4.36630036630037E-0002 -1.41494505494505E+0000
 795  8.07326007326007E-0002 -1.36820512820513E+0000
 796  1.19413919413919E-0001 -1.41494505494505E+0000
 797  1.29084249084249E-0001 -1.36739926739927E+0000
 798  1.34725274725275E-0001 -1.41413919413919E+0000
 799  1.29084249084249E-0001 -1.37626373626374E+0000
 800  1.11355311355311E-0001 -1.41333333333333E+0000
 801  7.99267399267399E-0002 -1.40043956043956E+0000
 802  6.13919413919414E-0002 -1.39963369963370E+0000
 803  1.70695970695971E-0002 -1.38109890109890E+0000
 804 -1.27472527472527E-0002 -1.42703296703297E+0000
 805 -6.10989010989011E-0002 -1.39802197802198E+0000
 806 -9.97802197802198E-0002 -1.38512820512821E+0000
 807 -1.34432234432234E-0001 -1.36820512820513E+0000
 808 -1.31208791208791E-0001 -1.39641025641026E+0000
 809 -1.23956043956044E-0001 -1.39157509157509E+0000
 810 -1.21538461538461E-0001 -1.38593406593407E+0000
 811 -1.13479853479853E-0001 -1.39238095238095E+0000
 812 -7.47985347985348E-0002 -1.39560439560440E+0000
 813 -3.53113553113553E-0002 -1.39076923076923E+0000
 814  3.36996336996337E-0003 -1.39479853479853E+0000
 815  3.64102564102564E-0002 -1.37868131868132E+0000
 816  8.23443223443223E-0002 -1.38351648351648E+0000
 817  1.03296703296703E-0001 -1.42139194139194E+0000
 818  1.29890109890110E-0001 -1.37868131868132E+0000
 819  1.22637362637362E-0001 -1.42622710622711E+0000
 820  1.21831501831501E-0001 -1.39882783882784E+0000
 821  1.04102564102564E-0001 -1.40446886446886E+0000
 822  9.12087912087912E-0002 -1.38029304029304E+0000
 823  6.78388278388278E-0002 -1.42139194139194E+0000
 824  2.67399267399267E-0002 -1.39399267399267E+0000
 825 -3.28937728937729E-0002 -1.39560439560440E+0000
 826 -7.47985347985348E-0002 -1.36901098901099E+0000
 827 -1.01391941391941E-0001 -1.40446886446886E+0000
 828 -1.07838827838827E-0001 -1.39076923076923E+0000
 829 -1.23150183150183E-0001 -1.41091575091575E+0000
 830 -1.25567765567766E-0001 -1.38351648351648E+0000
 831 -1.15897435897435E-0001 -1.40849816849817E+0000
 832 -9.49450549450549E-0002 -1.37384615384615E+0000
 833 -4.82051282051282E-0002 -1.40205128205128E+0000
 834  3.36996336996337E-0003 -1.40446886446886E+0000
 835  5.17216117216117E-0002 -1.39963369963370E+0000
 836  8.39560439560440E-0002 -1.41091575091575E+0000
 837  1.08937728937728E-0001 -1.41333333333333E+0000
 838  1.33113553113553E-0001 -1.38835164835165E+0000
 839  1.32307692307692E-0001 -1.37304029304029E+0000
 840  1.25054945054945E-0001 -1.38673992673993E+0000
 841  1.04102564102564E-0001 -1.38835164835165E+0000
 842  7.10622710622711E-0002 -1.39641025641026E+0000
 843  3.39926739926740E-0002 -1.39238095238095E+0000
 844  1.46520146520147E-0004 -1.36659340659341E+0000
 845 -2.80586080586081E-0002 -1.41655677655678E+0000
 846 -6.91575091575092E-0002 -1.39318681318681E+0000
 847 -9.25274725274725E-0002 -1.39479853479853E+0000
 848 -1.13479853479853E-0001 -1.36175824175824E+0000
 849 -1.23956043956044E-0001 -1.39963369963370E+0000
 850 -1.34432234432234E-0001 -1.37304029304029E+0000
 851 -1.19120879120879E-0001 -1.40527472527473E+0000
 852 -9.33333333333333E-0002 -1.38593406593407E+0000
 853 -5.38461538461538E-0002 -1.41333333333333E+0000
 854 -1.43589743589743E-0002 -1.39802197802198E+0000
 855  2.51282051282051E-0002 -1.38915750915751E+0000
 856  6.46153846153846E-0002 -1.39560439560440E+0000
 857  9.28205128205128E-0002 -1.37787545787546E+0000
 858  1.17802197802197E-0001 -1.41172161172161E+0000
 859  1.29084249084249E-0001 -1.38996336996337E+0000
 860  1.33919413919414E-0001 -1.38029304029304E+0000
 861  1.21025641025641E-0001 -1.38835164835165E+0000
 862  1.06520146520146E-0001 -1.37626373626374E+0000
 863  7.18681318681319E-0002 -1.38673992673993E+0000
 864  3.64102564102564E-0002 -1.38593406593407E+0000
 865 -6.30036630036630E-0003 -1.40446886446886E+0000
 866 -5.22344322344322E-0002 -1.40608058608059E+0000
 867 -8.12454212454212E-0002 -1.38512820512821E+0000
 868 -1.09450549450549E-0001 -1.39076923076923E+0000
 869 -1.23956043956044E-0001 -1.35934065934066E+0000
 870 -1.33626373626374E-0001 -1.39318681318681E+0000
 871 -1.33626373626374E-0001 -1.36659340659341E+0000
 872 -1.11062271062271E-0001 -1.39802197802198E+0000
 873 -9.09157509157509E-0002 -1.36498168498168E+0000
 874 -5.38461538461538E-0002 -1.39238095238095E+0000
 875 -1.51648351648351E-0002 -1.36014652014652E+0000
 876  1.94871794871795E-0002 -1.39479853479853E+0000
 877  6.62271062271062E-0002 -1.39318681318681E+0000
 878  9.92673992673993E-0002 -1.39076923076923E+0000
 879  1.14578754578754E-0001 -1.37706959706960E+0000
 880  1.26666666666667E-0001 -1.38351648351648E+0000
 881  1.29890109890110E-0001 -1.36659340659341E+0000
 882  1.19413919413919E-0001 -1.38593406593407E+0000
 883  1.03296703296703E-0001 -1.37787545787546E+0000
 884  7.26739926739927E-0002 -1.39076923076923E+0000
 885  2.91575091575092E-0002 -1.38835164835165E+0000
 886 -1.51648351648351E-0002 -1.39318681318681E+0000
 887 -4.73992673992674E-0002 -1.38835164835165E+0000
 888 -8.52747252747253E-0002 -1.36014652014652E+0000
 889 -1.12673992673992E-0001 -1.40930402930403E+0000
 890 -1.17509157509157E-0001 -1.37706959706960E+0000
 891 -1.34432234432234E-0001 -1.41010989010989E+0000
 892 -1.40879120879121E-0001 -1.38271062271062E+0000
 893 -1.12673992673992E-0001 -1.41897435897436E+0000
 894 -8.44688644688645E-0002 -1.38593406593407E+0000
 895 -4.90109890109890E-0002 -1.38029304029304E+0000
 896 -1.59706959706960E-0002 -1.38271062271062E+0000
 897  2.43223443223443E-0002 -1.41413919413919E+0000
 898  6.86446886446886E-0002 -1.39560439560440E+0000
 899  8.63736263736264E-0002 -1.40769230769231E+0000
 900  1.14578754578754E-0001 -1.39318681318681E+0000
 901  1.29890109890110E-0001 -1.40366300366300E+0000
 902  1.31501831501832E-0001 -1.40205128205128E+0000
 903  1.24249084249084E-0001 -1.40849816849817E+0000
 904  1.07326007326007E-0001 -1.39479853479853E+0000
 905  6.46153846153846E-0002 -1.41252747252747E+0000
 906  2.99633699633700E-0002 -1.41252747252747E+0000
 907 -1.03296703296703E-0002 -1.38512820512821E+0000
 908 -5.38461538461538E-0002 -1.36981684981685E+0000
 909 -8.60805860805861E-0002 -1.38835164835165E+0000
 910 -9.49450549450549E-0002 -1.43106227106227E+0000
 911 -1.34432234432234E-0001 -1.40205128205128E+0000
 912 -1.40073260073260E-0001 -1.40205128205128E+0000
 913 -1.26373626373626E-0001 -1.36175824175824E+0000
 914 -9.81684981684982E-0002 -1.40769230769231E+0000
 915 -9.01098901098901E-0002 -1.36659340659341E+0000
 916 -5.78754578754579E-0002 -1.40043956043956E+0000
 917 -7.91208791208791E-0003 -1.35853479853480E+0000
 918  3.23809523809524E-0002 -1.39318681318681E+0000
 919  6.70329670329670E-0002 -1.35369963369963E+0000
 920  1.06520146520146E-0001 -1.39641025641026E+0000
 921  1.17802197802197E-0001 -1.37787545787546E+0000
 922  1.29890109890110E-0001 -1.39076923076923E+0000
 923  1.31501831501832E-0001 -1.38109890109890E+0000
 924  1.25054945054945E-0001 -1.40608058608059E+0000
 925  1.00879120879120E-0001 -1.39560439560440E+0000
 926  6.86446886446886E-0002 -1.41413919413919E+0000
 927  3.31868131868132E-0002 -1.40769230769231E+0000
 928 -3.04761904761905E-0002 -1.38673992673993E+0000
 929 -4.90109890109890E-0002 -1.37868131868132E+0000
 930 -8.68864468864469E-0002 -1.39963369963370E+0000
 931 -1.18315018315018E-0001 -1.39479853479853E+0000
 932 -1.26373626373626E-0001 -1.40608058608059E+0000
 933 -1.31208791208791E-0001 -1.41172161172161E+0000
 934 -1.34432234432234E-0001 -1.38109890109890E+0000
 935 -1.10256410256410E-0001 -1.42542124542125E+0000
 936 -7.96336996336996E-0002 -1.38915750915751E+0000
 937 -6.10989010989011E-0002 -1.38351648351648E+0000
 938 -7.91208791208791E-0003 -1.37948717948718E+0000
 939  3.72161172161172E-0002 -1.42058608058608E+0000
 940  8.15384615384615E-0002 -1.37384615384615E+0000
 941  9.20146520146520E-0002 -1.42542124542125E+0000
 942  1.25860805860806E-0001 -1.39399267399267E+0000
 943  1.26666666666667E-0001 -1.39882783882784E+0000
 944  1.32307692307692E-0001 -1.36578754578755E+0000
 945  1.04908424908424E-0001 -1.40849816849817E+0000
 946  7.91208791208791E-0002 -1.39076923076923E+0000
 947  6.70329670329670E-0002 -1.40446886446886E+0000
 948  3.07692307692308E-0002 -1.40205128205128E+0000
 949 -9.52380952380952E-0003 -1.42300366300366E+0000
 950 -5.06227106227106E-0002 -1.41978021978022E+0000
 951 -8.68864468864469E-0002 -1.41494505494505E+0000
 952 -1.11062271062271E-0001 -1.39802197802198E+0000
 953 -1.32014652014652E-0001 -1.38271062271062E+0000
 954 -1.40073260073260E-0001 -1.40366300366300E+0000
 955 -1.18315018315018E-0001 -1.37545787545788E+0000
 956 -9.73626373626374E-0002 -1.40769230769231E+0000
 957 -7.96336996336996E-0002 -1.36659340659341E+0000
 958 -5.30402930402930E-0002 -1.40205128205128E+0000
 959 -2.27106227106227E-0003 -1.40205128205128E+0000
 960  4.20512820512821E-0002 -1.39721611721612E+0000
 961  7.42857142857143E-0002 -1.40124542124542E+0000
 962  1.14578754578754E-0001 -1.39238095238095E+0000
 963  1.29890109890110E-0001 -1.39479853479853E+0000
 964  1.45201465201465E-0001 -1.37868131868132E+0000
 965  1.36336996336996E-0001 -1.40205128205128E+0000
 966  1.24249084249084E-0001 -1.42542124542125E+0000
 967  9.60439560439560E-0002 -1.41655677655678E+0000
 968  5.17216117216117E-0002 -1.40769230769231E+0000
 969  3.31868131868132E-0002 -1.39076923076923E+0000
 970 -2.40293040293040E-0002 -1.42058608058608E+0000
 971 -5.46520146520147E-0002 -1.40285714285714E+0000
 972 -9.09157509157509E-0002 -1.38835164835165E+0000
 973 -1.00586080586080E-0001 -1.40769230769231E+0000
 974 -1.30402930402930E-0001 -1.38754578754579E+0000
 975 -1.28791208791209E-0001 -1.37545787545788E+0000
 976 -1.15897435897435E-0001 -1.39721611721612E+0000
 977 -9.25274725274725E-0002 -1.39157509157509E+0000
 978 -8.20512820512821E-0002 -1.40285714285714E+0000
 979 -4.98168498168498E-0002 -1.40124542124542E+0000
 980 -8.71794871794872E-0003 -1.39802197802198E+0000
 981  2.75457875457875E-0002 -1.39238095238095E+0000
 982  6.86446886446886E-0002 -1.40124542124542E+0000
 983  9.44322344322344E-0002 -1.39238095238095E+0000
 984  1.18608058608058E-0001 -1.40043956043956E+0000
 985  1.16190476190476E-0001 -1.40285714285714E+0000
 986  1.21025641025641E-0001 -1.38351648351648E+0000
 987  1.15384615384615E-0001 -1.40124542124542E+0000
 988  1.00879120879120E-0001 -1.37787545787546E+0000
 989  5.25274725274725E-0002 -1.40527472527473E+0000
 990  1.94871794871795E-0002 -1.38432234432234E+0000
 991 -2.00000000000000E-0002 -1.41897435897436E+0000
 992 -6.35164835164835E-0002 -1.40124542124542E+0000
 993 -7.15750915750916E-0002 -1.42945054945055E+0000
 994 -1.32014652014652E-0001 -1.41816849816850E+0000
 995 -1.24761904761904E-0001 -1.40769230769231E+0000
 996 -1.35238095238095E-0001 -1.40769230769231E+0000
 997 -1.32820512820513E-0001 -1.36417582417582E+0000
 998 -1.15091575091575E-0001 -1.40205128205128E+0000
 999 -8.28571428571429E-0002 -1.40285714285714E+0000
 1000 -3.69230769230769E-0002 -1.40285714285714E+0000
 1001 -5.49450549450549E-0003 -1.35611721611722E+0000
 1002  3.64102564102564E-0002 -1.37142857142857E+0000
 1003  6.62271062271062E-0002 -1.38512820512821E+0000
 1004  1.11355311355311E-0001 -1.38432234432234E+0000
 1005  1.29890109890110E-0001 -1.38029304029304E+0000
 1006  1.30695970695971E-0001 -1.42622710622711E+0000
 1007  1.28278388278388E-0001 -1.41978021978022E+0000
 1008  1.18608058608058E-0001 -1.41978021978022E+0000
 1009  9.52380952380952E-0002 -1.41010989010989E+0000
