 0  5.57509157509158E-0002 -1.08937728937729E+0000
 1  5.41391941391941E-0002 -1.58014652014652E+0000
 2  4.60805860805861E-0002 -1.74857142857143E+0000
 3  4.12454212454212E-0002 -1.22315018315018E+0000
 4  3.88278388278388E-0002 -1.08695970695971E+0000
 5  4.04395604395604E-0002 -1.58014652014652E+0000
 6  3.39926739926740E-0002 -1.74534798534799E+0000
 7  2.75457875457875E-0002 -1.21267399267399E+0000
 8  2.19047619047619E-0002 -1.08695970695971E+0000
 9  2.67399267399267E-0002 -1.58417582417582E+0000
 10  1.86813186813187E-0002 -1.73890109890110E+0000
 11  1.78754578754579E-0002 -1.20461538461538E+0000
 12  9.01098901098901E-0003 -1.07970695970696E+0000
 13  1.14285714285714E-0002 -1.57450549450549E+0000
 14  9.01098901098901E-0003 -1.72842490842491E+0000
 15  4.98168498168498E-0003 -1.19575091575092E+0000
 16 -3.07692307692308E-0003 -1.06761904761905E+0000
 17 -3.07692307692308E-0003 -1.60835164835165E+0000
 18 -2.27106227106227E-0003 -1.70908424908425E+0000
 19 -5.49450549450549E-0003 -1.17399267399267E+0000
 20 -1.11355311355311E-0002 -1.09824175824176E+0000
 21 -1.11355311355311E-0002 -1.60029304029304E+0000
 22 -1.75824175824176E-0002 -1.71150183150183E+0000
 23 -1.91941391941392E-0002 -1.16029304029304E+0000
 24 -2.48351648351648E-0002 -1.08695970695971E+0000
 25 -2.08058608058608E-0002 -1.59304029304029E+0000
 26 -2.80586080586081E-0002 -1.69135531135531E+0000
 27 -2.48351648351648E-0002 -1.13772893772894E+0000
 28 -2.80586080586081E-0002 -1.05230769230769E+0000
 29 -3.28937728937729E-0002 -1.60915750915751E+0000
 30 -3.20879120879121E-0002 -1.69377289377289E+0000
 31 -3.85347985347985E-0002 -1.14578754578755E+0000
 32 -2.80586080586081E-0002 -1.07809523809524E+0000
 33 -4.09523809523810E-0002 -1.59626373626374E+0000
 34 -4.98168498168498E-0002 -1.68571428571429E+0000
 35 -4.49816849816850E-0002 -1.16673992673993E+0000
 36 -4.57875457875458E-0002 -1.11113553113553E+0000
 37 -4.33699633699634E-0002 -1.62285714285714E+0000
 38 -4.49816849816850E-0002 -1.70263736263736E+0000
 39 -4.73992673992674E-0002 -1.15465201465201E+0000
 40 -5.46520146520147E-0002 -1.10468864468864E+0000
 41 -4.73992673992674E-0002 -1.61882783882784E+0000
 42 -5.62637362637363E-0002 -1.70021978021978E+0000
 43 -6.67399267399267E-0002 -1.14417582417582E+0000
 44 -5.70695970695971E-0002 -1.09018315018315E+0000
 45 -5.38461538461538E-0002 -1.61238095238095E+0000
 46 -5.38461538461538E-0002 -1.68087912087912E+0000
 47 -5.22344322344322E-0002 -1.16673992673993E+0000
 48 -6.27106227106227E-0002 -1.12805860805861E+0000
 49 -4.82051282051282E-0002 -1.65831501831502E+0000
 50 -5.54578754578755E-0002 -1.73164835164835E+0000
 51 -6.27106227106227E-0002 -1.16915750915751E+0000
 52 -5.70695970695971E-0002 -1.13047619047619E+0000
 53 -5.38461538461538E-0002 -1.65267399267399E+0000
 54 -5.62637362637363E-0002 -1.70021978021978E+0000
 55 -6.02930402930403E-0002 -1.14014652014652E+0000
 56 -5.38461538461538E-0002 -1.11113553113553E+0000
 57 -4.57875457875458E-0002 -1.62769230769231E+0000
 58 -5.06227106227106E-0002 -1.67604395604396E+0000
 59 -5.30402930402930E-0002 -1.15545787545788E+0000
 60 -5.38461538461538E-0002 -1.13450549450549E+0000
 61 -4.82051282051282E-0002 -1.66959706959707E+0000
 62 -4.82051282051282E-0002 -1.71553113553114E+0000
 63 -4.57875457875458E-0002 -1.15868131868132E+0000
 64 -5.38461538461538E-0002 -1.14095238095238E+0000
 65 -4.65934065934066E-0002 -1.67926739926740E+0000
 66 -3.93406593406593E-0002 -1.71150183150183E+0000
 67 -4.33699633699634E-0002 -1.14498168498168E+0000
 68 -3.85347985347985E-0002 -1.12000000000000E+0000
 69 -3.61172161172161E-0002 -1.65831501831502E+0000
 70 -3.45054945054945E-0002 -1.69538461538462E+0000
 71 -3.77289377289377E-0002 -1.13369963369963E+0000
 72 -3.61172161172161E-0002 -1.12161172161172E+0000
 73 -2.72527472527473E-0002 -1.66073260073260E+0000
 74 -2.88644688644689E-0002 -1.68329670329670E+0000
 75 -2.80586080586081E-0002 -1.15868131868132E+0000
 76 -2.32234432234432E-0002 -1.15626373626374E+0000
 77 -1.51648351648351E-0002 -1.69538461538462E+0000
 78 -8.71794871794872E-0003 -1.67765567765568E+0000
 79 -1.51648351648351E-0002 -1.15626373626374E+0000
 80 -1.27472527472527E-0002 -1.15304029304029E+0000
 81 -5.49450549450549E-0003 -1.69941391941392E+0000
 82 -1.67765567765568E-0002 -1.67523809523810E+0000
 83  9.52380952380952E-0004 -1.13692307692308E+0000
 84 -4.68864468864469E-0003 -1.14175824175824E+0000
 85  1.46520146520147E-0004 -1.69216117216117E+0000
 86  5.78754578754579E-0003 -1.65589743589744E+0000
 87  4.17582417582418E-0003 -1.12241758241758E+0000
 88  1.06227106227106E-0002 -1.13692307692308E+0000
 89  1.54578754578754E-0002 -1.67765567765568E+0000
 90  1.94871794871795E-0002 -1.68490842490842E+0000
 91  2.02930402930403E-0002 -1.14336996336996E+0000
 92  1.54578754578754E-0002 -1.16432234432234E+0000
 93  2.99633699633700E-0002 -1.70586080586081E+0000
 94  3.39926739926740E-0002 -1.66153846153846E+0000
 95  3.31868131868132E-0002 -1.12483516483516E+0000
 96  3.47985347985348E-0002 -1.14256410256410E+0000
 97  4.28571428571429E-0002 -1.69941391941392E+0000
 98  4.36630036630037E-0002 -1.64864468864469E+0000
 99  4.68864468864469E-0002 -1.10952380952381E+0000
 100  4.76923076923077E-0002 -1.13853479853480E+0000
 101  5.57509157509158E-0002 -1.68893772893773E+0000
 102  5.57509157509158E-0002 -1.67443223443223E+0000
 103  6.21978021978022E-0002 -1.13692307692308E+0000
 104  6.05860805860806E-0002 -1.16593406593407E+0000
 105  6.54212454212454E-0002 -1.72842490842491E+0000
 106  7.26739926739927E-0002 -1.66879120879121E+0000
 107  7.18681318681319E-0002 -1.13047619047619E+0000
 108  7.99267399267399E-0002 -1.16351648351648E+0000
 109  8.23443223443223E-0002 -1.71794871794872E+0000
 110  8.31501831501832E-0002 -1.64783882783883E+0000
 111  9.36263736263736E-0002 -1.09743589743590E+0000
 112  9.20146520146520E-0002 -1.14498168498168E+0000
 113  9.84615384615385E-0002 -1.69860805860806E+0000
 114  9.84615384615385E-0002 -1.62285714285714E+0000
 115  1.01684981684981E-0001 -1.08051282051282E+0000
 116  1.00879120879120E-0001 -1.11677655677656E+0000
 117  1.08937728937728E-0001 -1.67282051282051E+0000
 118  1.08131868131868E-0001 -1.63333333333333E+0000
 119  1.12161172161172E-0001 -1.08373626373626E+0000
 120  1.12161172161172E-0001 -1.13208791208791E+0000
 121  1.18608058608058E-0001 -1.68571428571429E+0000
 122  1.21025641025641E-0001 -1.64219780219780E+0000
 123  1.18608058608058E-0001 -1.09985347985348E+0000
 124  1.23443223443223E-0001 -1.14739926739927E+0000
 125  1.29084249084249E-0001 -1.70827838827839E+0000
 126  1.33113553113553E-0001 -1.62446886446886E+0000
 127  1.31501831501832E-0001 -1.08454212454212E+0000
 128  1.26666666666667E-0001 -1.14417582417582E+0000
 129  1.34725274725275E-0001 -1.69860805860806E+0000
 130  1.37948717948718E-0001 -1.60754578754579E+0000
 131  1.39560439560440E-0001 -1.05633699633700E+0000
 132  1.37948717948718E-0001 -1.15223443223443E+0000
 133  1.47619047619048E-0001 -1.71230769230769E+0000
 134  1.44395604395604E-0001 -1.61882783882784E+0000
 135  1.46007326007326E-0001 -1.13450549450549E+0000
 136  1.50842490842491E-0001 -1.69619047619048E+0000
 137  1.45201465201465E-0001 -1.60271062271062E+0000
 138  1.46813186813187E-0001 -1.05311355311355E+0000
 139  1.52454212454212E-0001 -1.15304029304029E+0000
 140  1.56483516483516E-0001 -1.71391941391941E+0000
 141  1.56483516483516E-0001 -1.61399267399267E+0000
 142  1.54065934065934E-0001 -1.06036630036630E+0000
 143  1.52454212454212E-0001 -1.16915750915751E+0000
 144  1.58901098901099E-0001 -1.72520146520147E+0000
 145  1.58095238095238E-0001 -1.61802197802198E+0000
 146  1.57289377289377E-0001 -1.07245421245421E+0000
 147  1.52454212454212E-0001 -1.14175824175824E+0000
 148  1.58901098901099E-0001 -1.70505494505495E+0000
 149  1.62930402930403E-0001 -1.58820512820513E+0000
 150  1.58095238095238E-0001 -1.03296703296703E+0000
 151  1.58095238095238E-0001 -1.15384615384615E+0000
 152  1.62124542124542E-0001 -1.72117216117216E+0000
 153  1.60512820512821E-0001 -1.60835164835165E+0000
 154  1.55677655677656E-0001 -1.05794871794872E+0000
 155  1.52454212454212E-0001 -1.18608058608059E+0000
 156  1.56483516483516E-0001 -1.71150183150183E+0000
 157  1.52454212454212E-0001 -1.58901098901099E+0000
 158  1.49230769230769E-0001 -1.03699633699634E+0000
 159  1.51648351648352E-0001 -1.16271062271062E+0000
 160  1.52454212454212E-0001 -1.72439560439560E+0000
 161  1.52454212454212E-0001 -1.59384615384615E+0000
 162  1.50036630036630E-0001 -1.04908424908425E+0000
 163  1.50036630036630E-0001 -1.17318681318681E+0000
 164  1.48424908424908E-0001 -1.74776556776557E+0000
 165  1.43589743589744E-0001 -1.61963369963370E+0000
 166  1.45201465201465E-0001 -1.07890109890110E+0000
 167  1.40366300366300E-0001 -1.17157509157509E+0000
 168  1.39560439560440E-0001 -1.73728937728938E+0000
 169  1.41978021978022E-0001 -1.59787545787546E+0000
 170  1.34725274725275E-0001 -1.05230769230769E+0000
 171  1.32307692307692E-0001 -1.20219780219780E+0000
 172  1.32307692307692E-0001 -1.72439560439560E+0000
 173  1.30695970695971E-0001 -1.57853479853480E+0000
 174  1.24249084249084E-0001 -1.07245421245421E+0000
 175  1.23443223443223E-0001 -1.17721611721612E+0000
 176  1.24249084249084E-0001 -1.69941391941392E+0000
 177  1.22637362637362E-0001 -1.55194139194139E+0000
 178  1.13772893772893E-0001 -1.04505494505495E+0000
 179  1.14578754578754E-0001 -1.19816849816850E+0000
 180  1.08937728937728E-0001 -1.72842490842491E+0000
 181  1.08131868131868E-0001 -1.58014652014652E+0000
 182  1.05714285714285E-0001 -1.07970695970696E+0000
 183  1.00073260073260E-0001 -1.19494505494505E+0000
 184  9.52380952380952E-0002 -1.71633699633700E+0000
 185  9.68498168498168E-0002 -1.56483516483516E+0000
 186  9.36263736263736E-0002 -1.05794871794872E+0000
 187  8.79853479853480E-0002 -1.22556776556777E+0000
 188  8.87912087912088E-0002 -1.75904761904762E+0000
 189  8.63736263736264E-0002 -1.05633699633700E+0000
 190  7.50915750915751E-0002 -1.22476190476190E+0000
 191  7.58974358974359E-0002 -1.75743589743590E+0000
 192  7.18681318681319E-0002 -1.58901098901099E+0000
 193  6.86446886446886E-0002 -1.04021978021978E+0000
 194  6.13919413919414E-0002 -1.20461538461538E+0000
 195  6.05860805860806E-0002 -1.73245421245421E+0000
 196  5.57509157509158E-0002 -1.56161172161172E+0000
 197  5.33333333333333E-0002 -1.24249084249084E+0000
 198  4.93040293040293E-0002 -1.77435897435897E+0000
 199  4.28571428571429E-0002 -1.60271062271062E+0000
 200  3.07692307692308E-0002 -1.06681318681319E+0000
 201  3.07692307692308E-0002 -1.24893772893773E+0000
 202  3.64102564102564E-0002 -1.77274725274725E+0000
 203  3.15750915750916E-0002 -1.59787545787546E+0000
 204  2.83516483516484E-0002 -1.05553113553114E+0000
 205  2.27106227106227E-0002 -1.24168498168498E+0000
 206  2.35164835164835E-0002 -1.76871794871795E+0000
 207  1.70695970695971E-0002 -1.57853479853480E+0000
 208  1.62637362637363E-0002 -1.07890109890110E+0000
 209  1.30402930402930E-0002 -1.22395604395604E+0000
 210  8.20512820512821E-0003 -1.75179487179487E+0000
 211  7.39926739926740E-0003 -1.56161172161172E+0000
 212  1.75824175824176E-0003 -1.06923076923077E+0000
 213 -2.27106227106227E-0003 -1.26586080586081E+0000
 214  3.36996336996337E-0003 -1.79047619047619E+0000
 215 -6.30036630036630E-0003 -1.59545787545788E+0000
 216 -1.19413919413919E-0002 -1.05230769230769E+0000
 217 -1.83882783882784E-0002 -1.25619047619048E+0000
 218 -1.35531135531135E-0002 -1.78241758241758E+0000
 219 -1.51648351648351E-0002 -1.58095238095238E+0000
 220 -2.32234432234432E-0002 -1.08776556776557E+0000
 221 -2.16117216117216E-0002 -1.25457875457875E+0000
 222 -2.00000000000000E-0002 -1.77758241758242E+0000
 223 -2.80586080586081E-0002 -1.57772893772894E+0000
 224 -3.04761904761905E-0002 -1.08131868131868E+0000
 225 -3.45054945054945E-0002 -1.25135531135531E+0000
 226 -3.20879120879121E-0002 -1.78080586080586E+0000
 227 -3.45054945054945E-0002 -1.57450549450549E+0000
 228 -4.57875457875458E-0002 -1.09340659340659E+0000
 229 -4.09523809523810E-0002 -1.26344322344322E+0000
 230 -4.09523809523810E-0002 -1.57692307692308E+0000
 231 -4.41758241758242E-0002 -1.08212454212454E+0000
 232 -4.49816849816850E-0002 -1.26263736263736E+0000
 233 -4.90109890109890E-0002 -1.78483516483516E+0000
 234 -4.33699633699634E-0002 -1.56080586080586E+0000
 235 -5.14285714285714E-0002 -1.07567765567766E+0000
 236 -5.38461538461538E-0002 -1.26021978021978E+0000
 237 -5.22344322344322E-0002 -1.77677655677656E+0000
 238 -5.38461538461538E-0002 -1.55032967032967E+0000
 239 -5.30402930402930E-0002 -1.05391941391941E+0000
 240 -5.46520146520147E-0002 -1.27875457875458E+0000
 241 -5.22344322344322E-0002 -1.75340659340659E+0000
 242 -5.62637362637363E-0002 -1.52937728937729E+0000
 243 -5.30402930402930E-0002 -1.04183150183150E+0000
 244 -5.78754578754579E-0002 -1.26989010989011E+0000
 245 -5.86813186813187E-0002 -1.79208791208791E+0000
 246 -6.02930402930403E-0002 -1.56161172161172E+0000
 247 -5.70695970695971E-0002 -1.07970695970696E+0000
 248 -6.10989010989011E-0002 -1.27311355311355E+0000
 249 -4.98168498168498E-0002 -1.78805860805861E+0000
 250 -5.54578754578755E-0002 -1.54630036630037E+0000
 251 -5.86813186813187E-0002 -1.06036630036630E+0000
 252 -5.38461538461538E-0002 -1.29406593406593E+0000
 253 -5.14285714285714E-0002 -1.77435897435897E+0000
 254 -5.38461538461538E-0002 -1.54065934065934E+0000
 255 -5.06227106227106E-0002 -1.05714285714286E+0000
 256 -5.38461538461538E-0002 -1.30454212454212E+0000
 257 -4.73992673992674E-0002 -1.77758241758242E+0000
 258 -4.17582417582418E-0002 -1.52373626373626E+0000
 259 -4.73992673992674E-0002 -1.03619047619048E+0000
 260 -4.73992673992674E-0002 -1.28197802197802E+0000
 261 -4.73992673992674E-0002 -1.75824175824176E+0000
 262 -3.93406593406593E-0002 -1.50600732600733E+0000
 263 -4.09523809523810E-0002 -1.01926739926740E+0000
 264 -3.93406593406593E-0002 -1.26908424908425E+0000
 265 -4.09523809523810E-0002 -1.78322344322344E+0000
 266 -4.17582417582418E-0002 -1.53179487179487E+0000
 267 -3.04761904761905E-0002 -1.04263736263736E+0000
 268 -3.12820512820513E-0002 -1.30051282051282E+0000
 269 -3.04761904761905E-0002 -1.50923076923077E+0000
 270 -2.40293040293040E-0002 -1.03296703296703E+0000
 271 -2.24175824175824E-0002 -1.29970695970696E+0000
 272 -1.67765567765568E-0002 -1.76710622710623E+0000
 273 -1.75824175824176E-0002 -1.50439560439560E+0000
 274 -1.35531135531135E-0002 -1.02007326007326E+0000
 275 -1.11355311355311E-0002 -1.75421245421245E+0000
 276 -3.07692307692308E-0003 -1.48747252747253E+0000
 277 -1.46520146520146E-0003 -1.00717948717949E+0000
 278 -2.27106227106227E-0003 -1.73890109890110E+0000
 279  8.20512820512821E-0003 -1.46168498168498E+0000
 280  5.78754578754579E-0003 -1.02490842490842E+0000
 281  9.81684981684982E-0003 -1.30212454212454E+0000
 282  2.02930402930403E-0002 -1.76871794871795E+0000
 283  2.02930402930403E-0002 -1.48183150183150E+0000
 284  2.43223443223443E-0002 -1.05150183150183E+0000
 285  2.35164835164835E-0002 -1.33838827838828E+0000
 286  2.91575091575092E-0002 -1.80095238095238E+0000
 287  3.56043956043956E-0002 -1.46410256410256E+0000
 288  2.99633699633700E-0002 -1.32549450549451E+0000
 289  4.28571428571429E-0002 -1.78483516483516E+0000
 290  4.12454212454212E-0002 -1.49633699633700E+0000
 291  4.52747252747253E-0002 -1.03054945054945E+0000
 292  4.68864468864469E-0002 -1.31985347985348E+0000
 293  5.73626373626374E-0002 -1.78000000000000E+0000
 294  6.13919413919414E-0002 -1.49069597069597E+0000
 295  6.62271062271062E-0002 -1.02732600732601E+0000
 296  5.97802197802198E-0002 -1.77113553113553E+0000
 297  6.62271062271062E-0002 -1.47377289377289E+0000
 298  7.18681318681319E-0002 -1.04586080586081E+0000
 299  7.50915750915751E-0002 -1.34725274725275E+0000
 300  8.07326007326007E-0002 -1.46732600732601E+0000
 301  8.79853479853480E-0002 -1.04021978021978E+0000
 302  9.12087912087912E-0002 -1.33838827838828E+0000
 303  9.36263736263736E-0002 -1.79208791208791E+0000
 304  1.00879120879120E-0001 -1.48263736263736E+0000
 305  1.11355311355311E-0001 -1.06600732600733E+0000
 306  1.00879120879120E-0001 -1.37142857142857E+0000
 307  1.10549450549450E-0001 -1.82835164835165E+0000
 308  1.12161172161172E-0001 -1.05069597069597E+0000
 309  1.20219780219780E-0001 -1.36659340659341E+0000
 310  1.16996336996337E-0001 -1.82351648351648E+0000
 311  1.21025641025641E-0001 -1.46490842490842E+0000
 312  1.22637362637362E-0001 -1.36739926739927E+0000
 313  1.31501831501832E-0001 -1.82271062271062E+0000
 314  1.36336996336996E-0001 -1.03377289377289E+0000
 315  1.26666666666667E-0001 -1.35047619047619E+0000
 316  1.35531135531136E-0001 -1.79369963369963E+0000
 317  1.38754578754579E-0001 -1.46893772893773E+0000
 318  1.39560439560440E-0001 -1.06036630036630E+0000
 319  1.37948717948718E-0001 -1.38754578754579E+0000
 320  1.46007326007326E-0001 -1.79853479853480E+0000
 321  1.46007326007326E-0001 -1.01120879120879E+0000
 322  1.52454212454212E-0001 -1.33355311355311E+0000
 323  1.53260073260073E-0001 -1.77919413919414E+0000
 324  1.51648351648352E-0001 -1.44395604395604E+0000
 325  1.53260073260073E-0001 -1.03538461538462E+0000
 326  1.52454212454212E-0001 -1.37142857142857E+0000
 327  1.54065934065934E-0001 -1.43428571428571E+0000
 328  1.55677655677656E-0001 -1.02249084249084E+0000
 329  1.58095238095238E-0001 -1.36014652014652E+0000
 330  1.62124542124542E-0001 -1.44637362637363E+0000
 331  1.56483516483516E-0001 -1.03860805860806E+0000
 332  1.57289377289377E-0001 -1.78483516483516E+0000
 333  1.58901098901099E-0001 -1.43509157509158E+0000
 334  1.58901098901099E-0001 -1.02893772893773E+0000
 335  1.57289377289377E-0001 -1.80739926739927E+0000
 336  1.52454212454212E-0001 -1.40769230769231E+0000
 337  1.55677655677656E-0001 -9.98315018315018E-0001
 338  1.56483516483516E-0001 -1.34725274725275E+0000
 339  1.56483516483516E-0001 -1.78161172161172E+0000
 340  1.52454212454212E-0001 -1.41575091575092E+0000
 341  1.50842490842491E-0001 -1.37304029304029E+0000
 342  1.51648351648352E-0001 -1.80739926739927E+0000
 343  1.52454212454212E-0001 -1.40043956043956E+0000
 344  1.49230769230769E-0001 -1.00556776556777E+0000
 345  1.50036630036630E-0001 -1.36659340659341E+0000
 346  1.47619047619048E-0001 -1.39157509157509E+0000
 347  1.45201465201465E-0001 -9.96703296703297E-0001
 348  1.38754578754579E-0001 -1.35450549450549E+0000
 349  1.37948717948718E-0001 -1.78000000000000E+0000
 350  1.35531135531136E-0001 -1.02087912087912E+0000
 351  1.33113553113553E-0001 -1.76630036630037E+0000
 352  1.30695970695971E-0001 -1.00476190476190E+0000
 353  1.20219780219780E-0001 -1.79128205128205E+0000
 354  1.18608058608058E-0001 -1.41413919413919E+0000
 355  1.17802197802197E-0001 -1.02087912087912E+0000
 356  1.11355311355311E-0001 -1.39318681318681E+0000
 357  1.13772893772893E-0001 -1.77435897435897E+0000
 358  1.04908424908424E-0001 -1.39479853479853E+0000
 359  1.03296703296703E-0001 -1.38271062271062E+0000
 360  9.92673992673993E-0002 -1.36417582417582E+0000
 361  9.12087912087912E-0002 -1.01926739926740E+0000
 362  9.12087912087912E-0002 -1.78161172161172E+0000
 363  8.55677655677656E-0002 -1.38271062271062E+0000
 364  7.67032967032967E-0002 -9.99926739926740E-0001
 365  7.50915750915751E-0002 -1.38915750915751E+0000
 366  7.67032967032967E-0002 -1.75098901098901E+0000
 367  6.94505494505495E-0002 -1.35208791208791E+0000
 368  6.62271062271062E-0002 -1.01523809523810E+0000
 369  6.21978021978022E-0002 -1.40527472527473E+0000
 370  6.05860805860806E-0002 -1.37465201465201E+0000
 371  4.93040293040293E-0002 -1.04747252747253E+0000
 372  4.76923076923077E-0002 -1.44717948717949E+0000
 373  4.84981684981685E-0002 -1.80820512820513E+0000
 374  4.52747252747253E-0002 -1.35934065934066E+0000
 375  3.72161172161172E-0002 -1.03135531135531E+0000
 376  3.39926739926740E-0002 -1.43912087912088E+0000
 377  3.31868131868132E-0002 -1.80578754578755E+0000
 378  2.91575091575092E-0002 -1.35934065934066E+0000
 379  2.51282051282051E-0002 -1.44073260073260E+0000
 380  2.02930402930403E-0002 -1.79369963369963E+0000
 381  1.78754578754579E-0002 -1.38432234432234E+0000
 382  1.30402930402930E-0002 -1.02087912087912E+0000
 383  1.30402930402930E-0002 -1.42139194139194E+0000
 384  1.14285714285714E-0002 -1.77355311355311E+0000
 385  5.78754578754579E-0003 -1.04424908424908E+0000
 386  6.59340659340659E-0003 -1.81304029304029E+0000
 387 -8.71794871794872E-0003 -1.35772893772894E+0000
 388 -7.10622710622711E-0003 -1.03860805860806E+0000
 389 -1.43589743589743E-0002 -1.46168498168498E+0000
 390 -1.59706959706960E-0002 -1.35450549450549E+0000
 391 -2.32234432234432E-0002 -1.47216117216117E+0000
 392 -2.08058608058608E-0002 -1.80981684981685E+0000
 393 -2.96703296703297E-0002 -1.34644688644689E+0000
 394 -2.96703296703297E-0002 -1.03619047619048E+0000
 395 -3.20879120879121E-0002 -1.81304029304029E+0000
 396 -3.77289377289377E-0002 -1.04021978021978E+0000
 397 -3.85347985347985E-0002 -1.46490842490842E+0000
 398 -3.77289377289377E-0002 -1.33758241758242E+0000
 399 -4.98168498168498E-0002 -1.02732600732601E+0000
 400 -4.65934065934066E-0002 -1.78725274725275E+0000
 401 -5.38461538461538E-0002 -1.35369963369963E+0000
 402 -4.57875457875458E-0002 -1.49794871794872E+0000
 403 -4.73992673992674E-0002 -1.78725274725275E+0000
 404 -5.38461538461538E-0002 -1.34967032967033E+0000
 405 -5.62637362637363E-0002 -1.04424908424908E+0000
 406 -5.38461538461538E-0002 -1.49150183150183E+0000
 407 -5.30402930402930E-0002 -1.77677655677656E+0000
 408 -5.62637362637363E-0002 -1.32791208791209E+0000
 409 -5.70695970695971E-0002 -1.48183150183150E+0000
 410 -6.02930402930403E-0002 -1.80981684981685E+0000
 411 -4.82051282051282E-0002 -1.03538461538462E+0000
 412 -5.38461538461538E-0002 -1.47619047619048E+0000
 413 -4.98168498168498E-0002 -1.31018315018315E+0000
 414 -5.70695970695971E-0002 -1.02410256410256E+0000
 415 -5.38461538461538E-0002 -1.79772893772894E+0000
 416 -5.38461538461538E-0002 -1.29890109890110E+0000
 417 -5.14285714285714E-0002 -1.00879120879121E+0000
 418 -4.65934065934066E-0002 -1.45846153846154E+0000
 419 -4.57875457875458E-0002 -1.77677655677656E+0000
 420 -4.82051282051282E-0002 -1.03135531135531E+0000
 421 -4.73992673992674E-0002 -1.49633699633700E+0000
 422 -3.77289377289377E-0002 -1.77032967032967E+0000
 423 -4.01465201465201E-0002 -1.02893772893773E+0000
 424 -2.96703296703297E-0002 -1.74776556776557E+0000
 425 -3.61172161172161E-0002 -1.00879120879121E+0000
 426 -2.80586080586081E-0002 -1.77194139194139E+0000
 427 -2.80586080586081E-0002 -1.30051282051282E+0000
 428 -2.64468864468864E-0002 -1.50842490842491E+0000
 429 -2.00000000000000E-0002 -1.29406593406593E+0000
 430 -1.11355311355311E-0002 -1.02490842490842E+0000
 431 -9.52380952380952E-0003 -1.75421245421245E+0000
 432 -2.27106227106227E-0003 -1.26989010989011E+0000
 433  2.56410256410256E-0003 -1.53421245421245E+0000
 434  7.39926739926740E-0003 -1.78483516483516E+0000
 435  2.56410256410256E-0003 -1.05150183150183E+0000
 436  1.30402930402930E-0002 -1.54065934065934E+0000
 437  1.62637362637363E-0002 -1.78725274725275E+0000
 438  2.19047619047619E-0002 -1.30695970695971E+0000
 439  2.43223443223443E-0002 -1.54227106227106E+0000
 440  2.35164835164835E-0002 -1.79531135531136E+0000
 441  2.99633699633700E-0002 -1.04344322344322E+0000
 442  4.04395604395604E-0002 -1.53421245421245E+0000
 443  4.60805860805861E-0002 -1.77274725274725E+0000
 444  4.60805860805861E-0002 -1.28520146520147E+0000
 445  5.17216117216117E-0002 -1.52857142857143E+0000
 446  6.05860805860806E-0002 -1.76307692307692E+0000
 447  5.73626373626374E-0002 -1.05714285714286E+0000
 448  6.86446886446886E-0002 -1.55838827838828E+0000
 449  7.91208791208791E-0002 -1.28761904761905E+0000
 450  7.75091575091575E-0002 -1.55597069597070E+0000
 451  8.63736263736264E-0002 -1.27311355311355E+0000
 452  8.87912087912088E-0002 -1.07890109890110E+0000
 453  8.63736263736264E-0002 -1.75904761904762E+0000
 454  9.28205128205128E-0002 -1.07245421245421E+0000
 455  1.04102564102564E-0001 -1.53582417582418E+0000
 456  1.14578754578754E-0001 -1.75260073260073E+0000
 457  1.07326007326007E-0001 -1.24813186813187E+0000
 458  1.12967032967033E-0001 -1.57853479853480E+0000
 459  1.25054945054945E-0001 -1.77435897435897E+0000
 460  1.20219780219780E-0001 -1.09421245421245E+0000
 461  1.30695970695971E-0001 -1.77355311355311E+0000
 462  1.29890109890110E-0001 -1.26586080586081E+0000
 463  1.31501831501832E-0001 -1.57289377289377E+0000
 464  1.33919413919414E-0001 -1.26183150183150E+0000
 465  1.43589743589744E-0001 -1.09340659340659E+0000
 466  1.46007326007326E-0001 -1.57531135531136E+0000
 467  1.46007326007326E-0001 -1.76307692307692E+0000
 468  1.43589743589744E-0001 -1.07567765567766E+0000
 469  1.42783882783883E-0001 -1.56564102564103E+0000
 470  1.52454212454212E-0001 -1.75018315018315E+0000
 471  1.47619047619048E-0001 -1.22556776556777E+0000
 472  1.50036630036630E-0001 -1.59384615384615E+0000
 473  1.58901098901099E-0001 -1.22153846153846E+0000
 474  1.56483516483516E-0001 -1.05875457875458E+0000
 475  1.57289377289377E-0001 -1.73326007326007E+0000
 476  1.52454212454212E-0001 -1.05794871794872E+0000
 477  1.59706959706960E-0001 -1.73003663003663E+0000
 478  1.56483516483516E-0001 -1.04586080586081E+0000
 479  1.62930402930403E-0001 -1.74212454212454E+0000
 480  1.57289377289377E-0001 -1.07406593406593E+0000
 481  1.58095238095238E-0001 -1.72439560439560E+0000
 482  1.48424908424908E-0001 -1.04344322344322E+0000
 483  1.55677655677656E-0001 -1.72923076923077E+0000
 484  1.49230769230769E-0001 -1.19816849816850E+0000
 485  1.47619047619048E-0001 -1.06761904761905E+0000
 486  1.42783882783883E-0001 -1.60915750915751E+0000
 487  1.46007326007326E-0001 -1.18366300366300E+0000
 488  1.41978021978022E-0001 -1.59545787545788E+0000
 489  1.33113553113553E-0001 -1.69699633699634E+0000
 490  1.33113553113553E-0001 -1.16271062271062E+0000
 491  1.32307692307692E-0001 -1.07245421245421E+0000
 492  1.35531135531136E-0001 -1.71391941391941E+0000
 493  1.14578754578754E-0001 -1.09985347985348E+0000
 494  1.21025641025641E-0001 -1.70505494505495E+0000
 495  1.12161172161172E-0001 -1.07567765567766E+0000
 496  1.10549450549450E-0001 -1.59304029304029E+0000
 497  1.08937728937728E-0001 -1.17802197802198E+0000
 498  1.04908424908424E-0001 -1.62608058608059E+0000
 499  9.92673992673993E-0002 -1.71230769230769E+0000
 500  9.20146520146520E-0002 -1.09985347985348E+0000
 501  9.20146520146520E-0002 -1.69216117216117E+0000
 502  7.91208791208791E-0002 -1.07245421245421E+0000
 503  7.50915750915751E-0002 -1.65509157509158E+0000
 504  6.21978021978022E-0002 -1.08776556776557E+0000
 505  6.13919413919414E-0002 -1.16351648351648E+0000
 506  4.68864468864469E-0002 -1.11113553113553E+0000
 507  5.33333333333333E-0002 -1.63575091575092E+0000
 508  5.01098901098901E-0002 -1.70183150183150E+0000
 509  3.72161172161172E-0002 -1.10227106227106E+0000
 510  3.64102564102564E-0002 -1.69780219780220E+0000
 511  2.35164835164835E-0002 -1.08534798534799E+0000
 512  2.19047619047619E-0002 -1.67765567765568E+0000
 513  9.81684981684982E-0003 -1.11435897435897E+0000
 514  1.06227106227106E-0002 -1.71553113553114E+0000
 515  1.75824175824176E-0003 -1.15626373626374E+0000
 516  9.52380952380952E-0004 -1.11032967032967E+0000
 517 -2.27106227106227E-0003 -1.65831501831502E+0000
 518 -9.52380952380952E-0003 -1.14901098901099E+0000
 519 -1.19413919413919E-0002 -1.66879120879121E+0000
 520 -1.43589743589743E-0002 -1.15062271062271E+0000
 521 -2.32234432234432E-0002 -1.65670329670330E+0000
 522 -2.56410256410256E-0002 -1.13369963369963E+0000
 523 -3.12820512820513E-0002 -1.64945054945055E+0000
 524 -3.04761904761905E-0002 -1.69054945054945E+0000
 525 -3.77289377289377E-0002 -1.15384615384615E+0000
 526 -4.25641025641026E-0002 -1.14256410256410E+0000
 527 -3.69230769230769E-0002 -1.68893772893773E+0000
 528 -4.41758241758242E-0002 -1.14659340659341E+0000
 529 -4.57875457875458E-0002 -1.15787545787546E+0000
 530 -5.30402930402930E-0002 -1.70263736263736E+0000
 531 -6.02930402930403E-0002 -1.15626373626374E+0000
 532 -5.46520146520147E-0002 -1.70424908424908E+0000
 533 -5.86813186813187E-0002 -1.14498168498168E+0000
 534 -5.86813186813187E-0002 -1.70505494505495E+0000
 535 -5.46520146520147E-0002 -1.67120879120879E+0000
 536 -5.94871794871795E-0002 -1.13853479853480E+0000
 537 -5.38461538461538E-0002 -1.65912087912088E+0000
 538 -5.86813186813187E-0002 -1.12483516483516E+0000
 539 -5.70695970695971E-0002 -1.67846153846154E+0000
 540 -5.38461538461538E-0002 -1.15223443223443E+0000
 541 -4.82051282051282E-0002 -1.71150183150183E+0000
 542 -4.90109890109890E-0002 -1.66153846153846E+0000
 543 -4.98168498168498E-0002 -1.12322344322344E+0000
 544 -5.38461538461538E-0002 -1.70989010989011E+0000
 545 -4.09523809523810E-0002 -1.13208791208791E+0000
 546 -4.09523809523810E-0002 -1.71633699633700E+0000
 547 -3.20879120879121E-0002 -1.13047619047619E+0000
 548 -2.96703296703297E-0002 -1.71633699633700E+0000
 549 -2.48351648351648E-0002 -1.11516483516484E+0000
 550 -2.16117216117216E-0002 -1.63978021978022E+0000
 551 -1.27472527472527E-0002 -1.12241758241758E+0000
 552 -7.10622710622711E-0003 -1.68168498168498E+0000
 553 -4.68864468864469E-0003 -1.65347985347985E+0000
 554 -5.49450549450549E-0003 -1.15223443223443E+0000
 555  4.17582417582418E-0003 -1.64058608058608E+0000
 556 -9.52380952380952E-0003 -1.14095238095238E+0000
 557  1.22344322344322E-0002 -1.62608058608059E+0000
 558  1.22344322344322E-0002 -1.13934065934066E+0000
 559  2.35164835164835E-0002 -1.61802197802198E+0000
 560  3.23809523809524E-0002 -1.12805860805861E+0000
 561  4.28571428571429E-0002 -1.64058608058608E+0000
 562  4.44688644688645E-0002 -1.15384615384615E+0000
 563  5.49450549450549E-0002 -1.63333333333333E+0000
 564  5.81684981684982E-0002 -1.13772893772894E+0000
 565  7.02564102564103E-0002 -1.60029304029304E+0000
 566  7.10622710622711E-0002 -1.06036630036630E+0000
 567  7.83150183150183E-0002 -1.15948717948718E+0000
 568  8.07326007326007E-0002 -1.72358974358974E+0000
 569  8.23443223443223E-0002 -1.07890109890110E+0000
 570  9.12087912087912E-0002 -1.69296703296703E+0000
 571  1.01684981684981E-0001 -1.08534798534799E+0000
 572  1.02490842490842E-0001 -1.71714285714286E+0000
 573  1.12161172161172E-0001 -1.05311355311355E+0000
 574  1.20219780219780E-0001 -1.15868131868132E+0000
 575  1.16996336996337E-0001 -1.60835164835165E+0000
 576  1.17802197802197E-0001 -1.17076923076923E+0000
 577  1.26666666666667E-0001 -1.07890109890110E+0000
 578  1.34725274725275E-0001 -1.71956043956044E+0000
 579  1.42783882783883E-0001 -1.05230769230769E+0000
 580  1.42783882783883E-0001 -1.18205128205128E+0000
 581  1.42783882783883E-0001 -1.70505494505495E+0000
 582  1.47619047619048E-0001 -1.06600732600733E+0000
 583  1.47619047619048E-0001 -1.71472527472527E+0000
 584  1.50036630036630E-0001 -1.08615384615385E+0000
 585  1.53260073260073E-0001 -1.74776556776557E+0000
 586  1.46813186813187E-0001 -1.61721611721612E+0000
 587  1.58095238095238E-0001 -1.07406593406593E+0000
 588  1.57289377289377E-0001 -1.73890109890110E+0000
 589  1.58901098901099E-0001 -1.60190476190476E+0000
 590  1.55677655677656E-0001 -1.05150183150183E+0000
 591  1.54065934065934E-0001 -1.72197802197802E+0000
 592  1.62930402930403E-0001 -1.07728937728938E+0000
 593  1.55677655677656E-0001 -1.71633699633700E+0000
 594  1.61318681318681E-0001 -1.07326007326007E+0000
 595  1.56483516483516E-0001 -1.74937728937729E+0000
 596  1.56483516483516E-0001 -1.04183150183150E+0000
 597  1.54871794871795E-0001 -1.71150183150183E+0000
 598  1.43589743589744E-0001 -1.06117216117216E+0000
 599  1.47619047619048E-0001 -1.74373626373626E+0000
 600  1.46007326007326E-0001 -1.08131868131868E+0000
 601  1.37948717948718E-0001 -1.19816849816850E+0000
 602  1.40366300366300E-0001 -1.57611721611722E+0000
 603  1.33113553113553E-0001 -1.22315018315018E+0000
 604  1.31501831501832E-0001 -1.60109890109890E+0000
 605  1.26666666666667E-0001 -1.21750915750916E+0000
 606  1.21025641025641E-0001 -1.58498168498168E+0000
 607  1.12967032967033E-0001 -1.73326007326007E+0000
 608  1.10549450549450E-0001 -1.06117216117216E+0000
 609  9.76556776556777E-0002 -1.75179487179487E+0000
 610  9.68498168498168E-0002 -1.08293040293040E+0000
 611  8.87912087912088E-0002 -1.75501831501832E+0000
 612  8.63736263736264E-0002 -1.08857142857143E+0000
 613  6.62271062271062E-0002 -1.76630036630037E+0000
 614  7.50915750915751E-0002 -1.05311355311355E+0000
 615  6.46153846153846E-0002 -1.75179487179487E+0000
 616  5.89743589743590E-0002 -1.07809523809524E+0000
 617  4.84981684981685E-0002 -1.75421245421245E+0000
 618  4.60805860805861E-0002 -1.07970695970696E+0000
 619  3.47985347985348E-0002 -1.74857142857143E+0000
 620  3.39926739926740E-0002 -1.26505494505495E+0000
 621  2.10989010989011E-0002 -1.57208791208791E+0000
 622  1.54578754578754E-0002 -1.75098901098901E+0000
 623  1.06227106227106E-0002 -1.06117216117216E+0000
 624 -3.88278388278388E-0003 -1.78322344322344E+0000
 625 -4.68864468864469E-0003 -1.58417582417582E+0000
 626 -1.51648351648351E-0002 -1.25054945054945E+0000
 627 -1.19413919413919E-0002 -1.57934065934066E+0000
 628 -2.16117216117216E-0002 -1.24893772893773E+0000
 629 -2.48351648351648E-0002 -1.77677655677656E+0000
 630 -2.72527472527473E-0002 -1.08051282051282E+0000
 631 -3.45054945054945E-0002 -1.76952380952381E+0000
 632 -3.36996336996337E-0002 -1.06117216117216E+0000
 633 -4.33699633699634E-0002 -1.79128205128205E+0000
 634 -4.09523809523810E-0002 -1.09260073260073E+0000
 635 -4.82051282051282E-0002 -1.26021978021978E+0000
 636 -4.73992673992674E-0002 -1.57450549450549E+0000
 637 -5.38461538461538E-0002 -1.26586080586081E+0000
 638 -5.38461538461538E-0002 -1.57128205128205E+0000
 639 -5.54578754578755E-0002 -1.25699633699634E+0000
 640 -5.46520146520147E-0002 -1.56967032967033E+0000
 641 -5.78754578754579E-0002 -1.25699633699634E+0000
 642 -5.46520146520147E-0002 -1.07648351648352E+0000
 643 -5.70695970695971E-0002 -1.78161172161172E+0000
 644 -5.06227106227106E-0002 -1.55113553113553E+0000
 645 -5.70695970695971E-0002 -1.28036630036630E+0000
 646 -4.90109890109890E-0002 -1.05391941391941E+0000
 647 -4.98168498168498E-0002 -1.79853479853480E+0000
 648 -4.82051282051282E-0002 -1.04666666666667E+0000
 649 -4.41758241758242E-0002 -1.78402930402930E+0000
 650 -3.61172161172161E-0002 -1.05956043956044E+0000
 651 -4.09523809523810E-0002 -1.52373626373626E+0000
 652 -3.36996336996337E-0002 -1.25941391941392E+0000
 653 -2.96703296703297E-0002 -1.54549450549451E+0000
 654 -4.73992673992674E-0002 -1.29487179487179E+0000
 655 -1.83882783882784E-0002 -1.54227106227106E+0000
 656 -1.35531135531135E-0002 -1.06278388278388E+0000
 657 -5.49450549450549E-0003 -1.78402930402930E+0000
 658 -7.91208791208791E-0003 -1.06923076923077E+0000
 659  1.75824175824176E-0003 -1.77677655677656E+0000
 660  5.78754578754579E-0003 -1.05472527472527E+0000
 661  9.81684981684982E-0003 -1.77113553113553E+0000
 662  2.19047619047619E-0002 -1.52293040293040E+0000
 663  9.81684981684982E-0003 -1.28197802197802E+0000
 664  2.99633699633700E-0002 -1.51487179487179E+0000
 665  3.88278388278388E-0002 -1.79047619047619E+0000
 666  4.76923076923077E-0002 -1.30293040293040E+0000
 667  5.73626373626374E-0002 -1.05391941391941E+0000
 668  6.62271062271062E-0002 -1.77919413919414E+0000
 669  7.42857142857143E-0002 -1.29487179487179E+0000
 670  8.23443223443223E-0002 -1.51003663003663E+0000
 671  8.63736263736264E-0002 -1.03619047619048E+0000
 672  8.95970695970696E-0002 -1.75824175824176E+0000
 673  1.00073260073260E-0001 -1.02168498168498E+0000
 674  1.02490842490842E-0001 -1.78483516483516E+0000
 675  1.13772893772893E-0001 -1.30857142857143E+0000
 676  1.18608058608058E-0001 -1.51809523809524E+0000
 677  1.21831501831501E-0001 -1.29728937728938E+0000
 678  1.26666666666667E-0001 -1.50681318681319E+0000
 679  1.35531135531136E-0001 -1.75743589743590E+0000
 680  1.37948717948718E-0001 -1.05230769230769E+0000
 681  1.41172161172161E-0001 -1.79369963369963E+0000
 682  1.49230769230769E-0001 -1.04908424908425E+0000
 683  1.49230769230769E-0001 -1.50520146520147E+0000
 684  1.52454212454212E-0001 -1.28842490842491E+0000
 685  1.52454212454212E-0001 -1.48102564102564E+0000
 686  1.52454212454212E-0001 -1.78725274725275E+0000
 687  1.58901098901099E-0001 -1.04747252747253E+0000
 688  1.64542124542125E-0001 -1.49714285714286E+0000
 689  1.58901098901099E-0001 -1.76952380952381E+0000
 690  1.55677655677656E-0001 -1.00798534798535E+0000
 691  1.58901098901099E-0001 -1.27230769230769E+0000
 692  1.52454212454212E-0001 -1.48747252747253E+0000
 693  1.51648351648352E-0001 -1.01765567765568E+0000
 694  1.49230769230769E-0001 -1.75663003663004E+0000
 695  1.51648351648352E-0001 -1.02813186813187E+0000
 696  1.48424908424908E-0001 -1.47135531135531E+0000
 697  1.41978021978022E-0001 -1.34000000000000E+0000
 698  1.38754578754579E-0001 -1.48102564102564E+0000
 699  1.33113553113553E-0001 -1.80739926739927E+0000
 700  1.29084249084249E-0001 -1.04586080586081E+0000
 701  1.21831501831501E-0001 -1.80336996336996E+0000
 702  1.16996336996337E-0001 -1.04424908424908E+0000
 703  1.10549450549450E-0001 -1.33919413919414E+0000
 704  1.11355311355311E-0001 -1.46652014652015E+0000
 705  1.00879120879120E-0001 -1.32307692307692E+0000
 706  9.84615384615385E-0002 -1.48263736263736E+0000
 707  8.95970695970696E-0002 -1.06278388278388E+0000
 708  9.04029304029304E-0002 -1.81948717948718E+0000
 709  8.31501831501832E-0002 -1.36095238095238E+0000
 710  7.50915750915751E-0002 -1.06923076923077E+0000
 711  5.97802197802198E-0002 -1.47216117216117E+0000
 712  4.93040293040293E-0002 -1.35450549450549E+0000
 713  4.52747252747253E-0002 -1.05311355311355E+0000
 714  2.91575091575092E-0002 -1.81626373626374E+0000
 715  3.31868131868132E-0002 -1.04586080586081E+0000
 716  2.19047619047619E-0002 -1.36256410256410E+0000
 717  1.86813186813187E-0002 -1.45846153846154E+0000
 718 -4.68864468864469E-0003 -1.36820512820513E+0000
 719  4.17582417582418E-0003 -1.05553113553114E+0000
 720 -3.07692307692308E-0003 -1.83318681318681E+0000
 721 -1.46520146520146E-0003 -1.05956043956044E+0000
 722 -1.59706959706960E-0002 -1.45523809523810E+0000
 723 -2.16117216117216E-0002 -1.37545787545788E+0000
 724 -2.08058608058608E-0002 -1.04263736263736E+0000
 725 -3.20879120879121E-0002 -1.82029304029304E+0000
 726 -3.45054945054945E-0002 -1.37142857142857E+0000
 727 -3.61172161172161E-0002 -1.42945054945055E+0000
 728 -4.82051282051282E-0002 -1.80256410256410E+0000
 729 -4.41758241758242E-0002 -1.00153846153846E+0000
 730 -5.38461538461538E-0002 -1.33032967032967E+0000
 731 -4.82051282051282E-0002 -1.02249084249084E+0000
 732 -5.70695970695971E-0002 -1.79369963369963E+0000
 733 -5.06227106227106E-0002 -1.39238095238095E+0000
 734 -5.78754578754579E-0002 -1.44315018315018E+0000
 735 -5.78754578754579E-0002 -1.39238095238095E+0000
 736 -5.46520146520147E-0002 -1.04747252747253E+0000
 737 -5.22344322344322E-0002 -1.79369963369963E+0000
 738 -5.06227106227106E-0002 -1.39963369963370E+0000
 739 -4.73992673992674E-0002 -1.39076923076923E+0000
 740 -3.45054945054945E-0002 -1.77355311355311E+0000
 741 -4.41758241758242E-0002 -1.01443223443223E+0000
 742 -4.41758241758242E-0002 -1.79611721611722E+0000
 743 -3.28937728937729E-0002 -1.34644688644689E+0000
 744 -2.80586080586081E-0002 -1.39238095238095E+0000
 745 -2.16117216117216E-0002 -1.79289377289377E+0000
 746 -1.51648351648351E-0002 -1.03457875457875E+0000
 747 -8.71794871794872E-0003 -1.40124542124542E+0000
 748 -6.30036630036630E-0003 -1.39560439560440E+0000
 749 -3.07692307692308E-0003 -1.37142857142857E+0000
 750  4.17582417582418E-0003 -1.78967032967033E+0000
 751  8.20512820512821E-0003 -1.01765567765568E+0000
 752  1.54578754578754E-0002 -1.39238095238095E+0000
 753  1.70695970695971E-0002 -1.38351648351648E+0000
 754  2.10989010989011E-0002 -1.00395604395604E+0000
 755  2.99633699633700E-0002 -1.79934065934066E+0000
 756  3.47985347985348E-0002 -1.37062271062271E+0000
 757  3.88278388278388E-0002 -1.41575091575092E+0000
 758  4.04395604395604E-0002 -1.38673992673993E+0000
 759  4.93040293040293E-0002 -1.01443223443223E+0000
 760  5.57509157509158E-0002 -1.76388278388278E+0000
 761  6.38095238095238E-0002 -1.41413919413919E+0000
 762  6.94505494505495E-0002 -1.37948717948718E+0000
 763  7.50915750915751E-0002 -1.82271062271062E+0000
 764  9.04029304029304E-0002 -1.04908424908425E+0000
 765  9.68498168498168E-0002 -1.36820512820513E+0000
 766  1.00879120879120E-0001 -1.44879120879121E+0000
 767  1.09743589743589E-0001 -1.03699633699634E+0000
 768  1.20219780219780E-0001 -1.81062271062271E+0000
 769  1.23443223443223E-0001 -1.43912087912088E+0000
 770  1.33919413919414E-0001 -1.01443223443223E+0000
 771  1.41172161172161E-0001 -1.34967032967033E+0000
 772  1.41172161172161E-0001 -1.78564102564103E+0000
 773  1.47619047619048E-0001 -1.46007326007326E+0000
 774  1.62930402930403E-0001 -1.33919413919414E+0000
 775  1.49230769230769E-0001 -1.79208791208791E+0000
 776  1.57289377289377E-0001 -1.49714285714286E+0000
 777  1.60512820512821E-0001 -1.33838827838828E+0000
 778  1.62930402930403E-0001 -1.79853479853480E+0000
 779  1.59706959706960E-0001 -1.02732600732601E+0000
 780  1.55677655677656E-0001 -1.34805860805861E+0000
 781  1.52454212454212E-0001 -1.48344322344322E+0000
 782  1.52454212454212E-0001 -1.05553113553114E+0000
 783  1.57289377289377E-0001 -1.79772893772894E+0000
 784  1.48424908424908E-0001 -1.46007326007326E+0000
 785  1.42783882783883E-0001 -1.34483516483516E+0000
 786  1.37142857142857E-0001 -1.34000000000000E+0000
 787  1.32307692307692E-0001 -1.78725274725275E+0000
 788  1.28278388278388E-0001 -1.49311355311355E+0000
 789  1.22637362637362E-0001 -1.31985347985348E+0000
 790  1.12161172161172E-0001 -1.03860805860806E+0000
 791  1.12967032967033E-0001 -1.76388278388278E+0000
 792  1.04908424908424E-0001 -1.47941391941392E+0000
 793  9.76556776556777E-0002 -1.32871794871795E+0000
 794  9.44322344322344E-0002 -1.06278388278388E+0000
 795  9.12087912087912E-0002 -1.79692307692308E+0000
 796  7.99267399267399E-0002 -1.48021978021978E+0000
 797  7.26739926739927E-0002 -1.30857142857143E+0000
 798  6.46153846153846E-0002 -1.76791208791209E+0000
 799  5.41391941391941E-0002 -1.03699633699634E+0000
 800  4.93040293040293E-0002 -1.29245421245421E+0000
 801  3.47985347985348E-0002 -1.48989010989011E+0000
 802  2.99633699633700E-0002 -1.05150183150183E+0000
 803  2.27106227106227E-0002 -1.30454212454212E+0000
 804  9.81684981684982E-0003 -1.76227106227106E+0000
 805  4.17582417582418E-0003 -1.75340659340659E+0000
 806 -1.03296703296703E-0002 -1.54791208791209E+0000
 807 -1.67765567765568E-0002 -1.05956043956044E+0000
 808 -2.16117216117216E-0002 -1.28197802197802E+0000
 809 -3.36996336996337E-0002 -1.53260073260073E+0000
 810 -3.45054945054945E-0002 -1.75985347985348E+0000
 811 -3.85347985347985E-0002 -1.08615384615385E+0000
 812 -4.33699633699634E-0002 -1.27069597069597E+0000
 813 -4.57875457875458E-0002 -1.54468864468864E+0000
 814 -4.73992673992674E-0002 -1.76146520146520E+0000
 815 -4.90109890109890E-0002 -1.08051282051282E+0000
 816 -4.73992673992674E-0002 -1.24813186813187E+0000
 817 -5.46520146520147E-0002 -1.56564102564103E+0000
 818 -6.02930402930403E-0002 -1.10791208791209E+0000
 819 -5.38461538461538E-0002 -1.27391941391941E+0000
 820 -6.02930402930403E-0002 -1.57047619047619E+0000
 821 -5.06227106227106E-0002 -1.09421245421245E+0000
 822 -5.14285714285714E-0002 -1.76791208791209E+0000
 823 -5.14285714285714E-0002 -1.76952380952381E+0000
 824 -4.73992673992674E-0002 -1.57853479853480E+0000
 825 -4.09523809523810E-0002 -1.24571428571429E+0000
 826 -3.85347985347985E-0002 -1.10065934065934E+0000
 827 -3.77289377289377E-0002 -1.23846153846154E+0000
 828 -3.04761904761905E-0002 -1.76388278388278E+0000
 829 -2.48351648351648E-0002 -1.59142857142857E+0000
 830 -1.59706959706960E-0002 -1.04586080586081E+0000
 831 -7.10622710622711E-0003 -1.74051282051282E+0000
 832 -1.46520146520146E-0003 -1.57128205128205E+0000
 833  4.98168498168498E-0003 -1.06842490842491E+0000
 834  6.59340659340659E-0003 -1.18205128205128E+0000
 835  2.02930402930403E-0002 -1.57692307692308E+0000
 836  2.67399267399267E-0002 -1.06117216117216E+0000
 837  4.68864468864469E-0002 -1.17479853479853E+0000
 838  4.93040293040293E-0002 -1.59868131868132E+0000
 839  5.57509157509158E-0002 -1.09260073260073E+0000
 840  7.10622710622711E-0002 -1.14175824175824E+0000
 841  8.07326007326007E-0002 -1.70505494505495E+0000
 842  8.47619047619048E-0002 -1.60351648351648E+0000
 843  9.84615384615385E-0002 -1.09421245421245E+0000
 844  1.07326007326007E-0001 -1.16673992673993E+0000
 845  1.09743589743589E-0001 -1.70747252747253E+0000
 846  1.18608058608058E-0001 -1.62608058608059E+0000
 847  1.33113553113553E-0001 -1.11274725274725E+0000
 848  1.37948717948718E-0001 -1.14014652014652E+0000
 849  1.41172161172161E-0001 -1.67201465201465E+0000
 850  1.44395604395604E-0001 -1.11597069597070E+0000
 851  1.55677655677656E-0001 -1.14417582417582E+0000
 852  1.50842490842491E-0001 -1.67765567765568E+0000
 853  1.54871794871795E-0001 -1.67040293040293E+0000
 854  1.52454212454212E-0001 -1.15706959706960E+0000
 855  1.52454212454212E-0001 -1.13128205128205E+0000
 856  1.61318681318681E-0001 -1.70021978021978E+0000
 857  1.52454212454212E-0001 -1.65186813186813E+0000
 858  1.58095238095238E-0001 -1.16432234432234E+0000
 859  1.55677655677656E-0001 -1.17399267399267E+0000
 860  1.50036630036630E-0001 -1.13934065934066E+0000
 861  1.48424908424908E-0001 -1.69377289377289E+0000
 862  1.50036630036630E-0001 -1.12564102564103E+0000
 863  1.41172161172161E-0001 -1.65831501831502E+0000
 864  1.37948717948718E-0001 -1.15787545787546E+0000
 865  1.29890109890110E-0001 -1.14256410256410E+0000
 866  1.20219780219780E-0001 -1.66395604395604E+0000
 867  1.15384615384615E-0001 -1.70908424908425E+0000
 868  1.05714285714285E-0001 -1.15465201465201E+0000
 869  9.68498168498168E-0002 -1.64461538461538E+0000
 870  8.87912087912088E-0002 -1.69699633699634E+0000
 871  8.47619047619048E-0002 -1.15304029304029E+0000
 872  7.26739926739927E-0002 -1.64864468864469E+0000
 873  5.81684981684982E-0002 -1.12564102564103E+0000
 874  6.05860805860806E-0002 -1.70183150183150E+0000
 875  5.57509157509158E-0002 -1.64864468864469E+0000
 876  5.41391941391941E-0002 -1.15626373626374E+0000
 877  4.84981684981685E-0002 -1.10227106227106E+0000
 878  3.47985347985348E-0002 -1.62205128205128E+0000
 879  2.51282051282051E-0002 -1.67120879120879E+0000
 880  1.78754578754579E-0002 -1.16512820512821E+0000
 881  1.62637362637363E-0002 -1.64139194139194E+0000
 882  9.52380952380952E-0004 -1.10227106227106E+0000
 883 -4.68864468864469E-0003 -1.63816849816850E+0000
 884 -9.52380952380952E-0003 -1.15626373626374E+0000
 885 -1.43589743589743E-0002 -1.08615384615385E+0000
 886 -2.40293040293040E-0002 -1.63655677655678E+0000
 887 -2.88644688644689E-0002 -1.71633699633700E+0000
 888 -3.45054945054945E-0002 -1.15384615384615E+0000
 889 -4.09523809523810E-0002 -1.61882783882784E+0000
 890 -4.41758241758242E-0002 -1.08615384615385E+0000
 891 -4.90109890109890E-0002 -1.70586080586081E+0000
 892 -4.98168498168498E-0002 -1.60432234432234E+0000
 893 -5.30402930402930E-0002 -1.17238095238095E+0000
 894 -5.22344322344322E-0002 -1.08937728937729E+0000
 895 -5.78754578754579E-0002 -1.62285714285714E+0000
 896 -5.22344322344322E-0002 -1.72197802197802E+0000
 897 -5.54578754578755E-0002 -1.61076923076923E+0000
 898 -5.70695970695971E-0002 -1.70505494505495E+0000
 899 -5.38461538461538E-0002 -1.16029304029304E+0000
 900 -5.06227106227106E-0002 -1.05875457875458E+0000
 901 -5.38461538461538E-0002 -1.59465201465201E+0000
 902 -4.33699633699634E-0002 -1.70021978021978E+0000
 903 -4.17582417582418E-0002 -1.06923076923077E+0000
 904 -4.17582417582418E-0002 -1.21186813186813E+0000
 905 -3.45054945054945E-0002 -1.60271062271062E+0000
 906 -3.53113553113553E-0002 -1.73245421245421E+0000
 907 -2.24175824175824E-0002 -1.20139194139194E+0000
 908 -1.75824175824176E-0002 -1.06600732600733E+0000
 909 -1.43589743589743E-0002 -1.58739926739927E+0000
 910  1.75824175824176E-0003 -1.72923076923077E+0000
 911  1.14285714285714E-0002 -1.19172161172161E+0000
 912  1.06227106227106E-0002 -1.22234432234432E+0000
 913  2.99633699633700E-0002 -1.08293040293040E+0000
 914  4.28571428571429E-0002 -1.55838827838828E+0000
 915  4.93040293040293E-0002 -1.75904761904762E+0000
 916  6.21978021978022E-0002 -1.23362637362637E+0000
 917  7.10622710622711E-0002 -1.56967032967033E+0000
 918  7.58974358974359E-0002 -1.07245421245421E+0000
 919  7.83150183150183E-0002 -1.73003663003663E+0000
 920  8.71794871794872E-0002 -1.24007326007326E+0000
 921  9.36263736263736E-0002 -1.06923076923077E+0000
 922  1.00879120879120E-0001 -1.59626373626374E+0000
 923  1.11355311355311E-0001 -1.78725274725275E+0000
 924  1.21831501831501E-0001 -1.27069597069597E+0000
 925  1.33113553113553E-0001 -1.57772893772894E+0000
 926  1.35531135531136E-0001 -1.09501831501832E+0000
 927  1.33113553113553E-0001 -1.57208791208791E+0000
 928  1.42783882783883E-0001 -1.57692307692308E+0000
 929  1.46007326007326E-0001 -1.79369963369963E+0000
 930  1.49230769230769E-0001 -1.27794871794872E+0000
 931  1.57289377289377E-0001 -1.03619047619048E+0000
 932  1.55677655677656E-0001 -1.05714285714286E+0000
 933  1.52454212454212E-0001 -1.77032967032967E+0000
 934  1.58901098901099E-0001 -1.52695970695971E+0000
 935  1.52454212454212E-0001 -1.29245421245421E+0000
 936  1.57289377289377E-0001 -1.75824175824176E+0000
 937  1.61318681318681E-0001 -1.28681318681319E+0000
 938  1.56483516483516E-0001 -1.50117216117216E+0000
 939  1.50036630036630E-0001 -1.02490842490842E+0000
 940  1.50036630036630E-0001 -1.52373626373626E+0000
 941  1.45201465201465E-0001 -1.30293040293040E+0000
 942  1.47619047619048E-0001 -1.77032967032967E+0000
 943  1.45201465201465E-0001 -1.04263736263736E+0000
 944  1.37948717948718E-0001 -1.30212454212454E+0000
 945  1.36336996336996E-0001 -1.03780219780220E+0000
 946  1.26666666666667E-0001 -1.50520146520147E+0000
 947  1.23443223443223E-0001 -1.48263736263736E+0000
 948  1.10549450549450E-0001 -1.48827838827839E+0000
 949  1.01684981684981E-0001 -1.02168498168498E+0000
 950  9.84615384615385E-0002 -1.02329670329670E+0000
 951  8.79853479853480E-0002 -1.47619047619048E+0000
 952  8.39560439560440E-0002 -1.79772893772894E+0000
 953  7.02564102564103E-0002 -1.32952380952381E+0000
 954  5.89743589743590E-0002 -1.04908424908425E+0000
 955  4.76923076923077E-0002 -1.50117216117216E+0000
 956  3.72161172161172E-0002 -1.78000000000000E+0000
 957  2.35164835164835E-0002 -1.32710622710623E+0000
 958  1.86813186813187E-0002 -1.07003663003663E+0000
 959  1.06227106227106E-0002 -1.48827838827839E+0000
 960 -7.10622710622711E-0003 -1.77435897435897E+0000
 961 -1.51648351648351E-0002 -1.37142857142857E+0000
 962 -1.43589743589743E-0002 -1.04424908424908E+0000
 963 -2.24175824175824E-0002 -1.03457875457875E+0000
 964 -3.85347985347985E-0002 -1.05311355311355E+0000
 965 -4.25641025641026E-0002 -1.36578754578755E+0000
 966 -4.09523809523810E-0002 -1.04021978021978E+0000
 967 -4.82051282051282E-0002 -1.43750915750916E+0000
 968 -5.06227106227106E-0002 -1.47054945054945E+0000
 969 -5.70695970695971E-0002 -1.80336996336996E+0000
 970 -5.38461538461538E-0002 -1.35531135531136E+0000
 971 -5.70695970695971E-0002 -1.06520146520147E+0000
 972 -5.94871794871795E-0002 -1.43025641025641E+0000
 973 -5.14285714285714E-0002 -1.79772893772894E+0000
 974 -5.38461538461538E-0002 -1.35450549450549E+0000
 975 -4.73992673992674E-0002 -1.04827838827839E+0000
 976 -4.82051282051282E-0002 -1.42864468864469E+0000
 977 -3.77289377289377E-0002 -1.77677655677656E+0000
 978 -3.45054945054945E-0002 -1.80175824175824E+0000
 979 -2.80586080586081E-0002 -1.36095238095238E+0000
 980 -1.51648351648351E-0002 -1.03538461538462E+0000
 981 -9.52380952380952E-0003 -1.39560439560440E+0000
 982 -5.49450549450549E-0003 -1.02249084249084E+0000
 983  9.52380952380952E-0004 -1.00234432234432E+0000
 984  1.14285714285714E-0002 -1.40043956043956E+0000
 985  2.91575091575092E-0002 -1.77355311355311E+0000
 986  2.99633699633700E-0002 -1.39238095238095E+0000
 987  4.60805860805861E-0002 -1.76388278388278E+0000
 988  4.84981684981685E-0002 -1.43025641025641E+0000
 989  7.34798534798535E-0002 -1.03619047619048E+0000
 990  6.62271062271062E-0002 -1.39963369963370E+0000
 991  7.58974358974359E-0002 -1.78080586080586E+0000
 992  9.04029304029304E-0002 -1.40930402930403E+0000
 993  9.84615384615385E-0002 -1.03780219780220E+0000
 994  1.08131868131868E-0001 -1.35853479853480E+0000
 995  1.15384615384615E-0001 -1.35692307692308E+0000
 996  1.25054945054945E-0001 -1.34886446886447E+0000
 997  1.33113553113553E-0001 -1.37706959706960E+0000
 998  1.46007326007326E-0001 -1.82271062271062E+0000
 999  1.51648351648352E-0001 -1.46732600732601E+0000
 1000  1.51648351648352E-0001 -1.03780219780220E+0000
 1001  1.52454212454212E-0001 -1.34805860805861E+0000
 1002  1.55677655677656E-0001 -1.04424908424908E+0000
 1003  1.52454212454212E-0001 -1.35289377289377E+0000
 1004  1.55677655677656E-0001 -1.81787545787546E+0000
 1005  1.58901098901099E-0001 -1.48183150183150E+0000
 1006  1.62930402930403E-0001 -1.04424908424908E+0000
 1007  1.41172161172161E-0001 -1.33597069597070E+0000
 1008  1.52454212454212E-0001 -1.80981684981685E+0000
 1009  1.46813186813187E-0001 -1.80578754578755E+0000
 1010  1.41172161172161E-0001 -1.48424908424908E+0000
 1011  1.37142857142857E-0001 -1.49311355311355E+0000
 1012  1.25054945054945E-0001 -1.49794871794872E+0000
 1013  1.21831501831501E-0001 -1.03860805860806E+0000
 1014  1.15384615384615E-0001 -1.31421245421245E+0000
 1015  1.00879120879120E-0001 -1.03296703296703E+0000
 1016  9.76556776556777E-0002 -1.31340659340659E+0000
 1017  8.71794871794872E-0002 -1.78241758241758E+0000
 1018  7.83150183150183E-0002 -1.51406593406593E+0000
 1019  7.26739926739927E-0002 -1.03780219780220E+0000
 1020  6.13919413919414E-0002 -1.04102564102564E+0000
 1021  4.84981684981685E-0002 -1.29003663003663E+0000
 1022  3.64102564102564E-0002 -1.74695970695971E+0000
 1023  2.35164835164835E-0002 -1.48102564102564E+0000
 1024  2.35164835164835E-0002 -1.50358974358974E+0000
 1025  8.20512820512821E-0003 -1.02732600732601E+0000
 1026 -3.07692307692308E-0003 -1.04827838827839E+0000
 1027 -1.11355311355311E-0002 -1.28842490842491E+0000
 1028 -2.64468864468864E-0002 -1.26989010989011E+0000
 1029 -2.64468864468864E-0002 -1.78322344322344E+0000
 1030 -3.77289377289377E-0002 -1.53582417582418E+0000
 1031 -3.77289377289377E-0002 -1.04102564102564E+0000
 1032 -4.49816849816850E-0002 -1.52695970695971E+0000
 1033 -4.33699633699634E-0002 -1.07487179487179E+0000
 1034 -5.38461538461538E-0002 -1.26021978021978E+0000
 1035 -5.38461538461538E-0002 -1.29164835164835E+0000
 1036 -5.78754578754579E-0002 -1.77677655677656E+0000
 1037 -5.70695970695971E-0002 -1.55032967032967E+0000
 1038 -5.70695970695971E-0002 -1.54227106227106E+0000
 1039 -5.38461538461538E-0002 -1.06923076923077E+0000
 1040 -5.38461538461538E-0002 -1.10146520146520E+0000
 1041 -4.33699633699634E-0002 -1.26021978021978E+0000
 1042 -4.17582417582418E-0002 -1.09179487179487E+0000
 1043 -4.09523809523810E-0002 -1.24410256410256E+0000
 1044 -3.20879120879121E-0002 -1.24007326007326E+0000
 1045 -1.91941391941392E-0002 -1.73567765567766E+0000
 1046 -1.43589743589743E-0002 -1.55838827838828E+0000
 1047 -4.68864468864469E-0003 -1.57772893772894E+0000
 1048  7.39926739926740E-0003 -1.06600732600733E+0000
 1049  1.30402930402930E-0002 -1.19575091575092E+0000
 1050  2.99633699633700E-0002 -1.74051282051282E+0000
 1051  2.99633699633700E-0002 -1.57531135531136E+0000
 1052  4.76923076923077E-0002 -1.71875457875458E+0000
 1053  4.28571428571429E-0002 -1.72520146520147E+0000
 1054  6.21978021978022E-0002 -1.70424908424908E+0000
 1055  8.15384615384615E-0002 -1.58659340659341E+0000
 1056  7.83150183150183E-0002 -1.62043956043956E+0000
 1057  1.04908424908424E-0001 -1.07890109890110E+0000
 1058  1.06520146520146E-0001 -1.16754578754579E+0000
 1059  1.12967032967033E-0001 -1.70424908424908E+0000
 1060  1.19413919413919E-0001 -1.14981684981685E+0000
 1061  1.20219780219780E-0001 -1.66476190476190E+0000
 1062  1.31501831501832E-0001 -1.61560439560440E+0000
 1063  1.37948717948718E-0001 -1.64139194139194E+0000
 1064  1.46813186813187E-0001 -1.10146520146520E+0000
 1065  1.50036630036630E-0001 -1.13772893772894E+0000
 1066  1.53260073260073E-0001 -1.14095238095238E+0000
 1067  1.54871794871795E-0001 -1.16835164835165E+0000
 1068  1.57289377289377E-0001 -1.72923076923077E+0000
 1069  1.52454212454212E-0001 -1.17721611721612E+0000
 1070  1.57289377289377E-0001 -1.68007326007326E+0000
 1071  1.52454212454212E-0001 -1.68732600732601E+0000
 1072  1.58095238095238E-0001 -1.71391941391941E+0000
 1073  1.52454212454212E-0001 -1.68249084249084E+0000
 1074  1.52454212454212E-0001 -1.67765567765568E+0000
 1075  1.46007326007326E-0001 -1.13208791208791E+0000
 1076  1.40366300366300E-0001 -1.15948717948718E+0000
 1077  1.29890109890110E-0001 -1.15304029304029E+0000
 1078  1.19413919413919E-0001 -1.67684981684982E+0000
 1079  1.13772893772893E-0001 -1.71472527472527E+0000
 1080  1.07326007326007E-0001 -1.68087912087912E+0000
 1081  1.05714285714285E-0001 -1.71956043956044E+0000
 1082  9.92673992673993E-0002 -1.71391941391941E+0000
 1083  9.84615384615385E-0002 -1.70505494505495E+0000
