 0  8.55677655677656E-0002 -1.37142857142857E+0000
 1  1.12161172161172E-0001 -1.39882783882784E+0000
 2  1.08937728937728E-0001 -1.39238095238095E+0000
 3  7.99267399267399E-0002 -1.38754578754579E+0000
 4  4.60805860805861E-0002 -1.37706959706960E+0000
 5  1.94871794871795E-0002 -1.40446886446886E+0000
 6 -1.19413919413919E-0002 -1.39882783882784E+0000
 7 -4.41758241758242E-0002 -1.39560439560440E+0000
 8 -7.80219780219780E-0002 -1.37626373626374E+0000
 9 -9.09157509157509E-0002 -1.40043956043956E+0000
 10 -1.03003663003663E-0001 -1.39641025641026E+0000
 11 -9.89743589743590E-0002 -1.38593406593407E+0000
 12 -1.02197802197802E-0001 -1.36578754578755E+0000
 13 -7.39926739926740E-0002 -1.38512820512821E+0000
 14 -4.57875457875458E-0002 -1.37626373626374E+0000
 15 -1.67765567765568E-0002 -1.40043956043956E+0000
 16  2.83516483516484E-0002 -1.39238095238095E+0000
 17  5.89743589743590E-0002 -1.36578754578755E+0000
 18  8.55677655677656E-0002 -1.39882783882784E+0000
 19  1.07326007326007E-0001 -1.38915750915751E+0000
 20  1.16190476190476E-0001 -1.36498168498168E+0000
 21  1.10549450549450E-0001 -1.39238095238095E+0000
 22  1.04102564102564E-0001 -1.38593406593407E+0000
 23  6.21978021978022E-0002 -1.38271062271062E+0000
 24  6.62271062271062E-0002 -1.35692307692308E+0000
 25  1.54578754578754E-0002 -1.37465201465201E+0000
 26 -1.59706959706960E-0002 -1.41655677655678E+0000
 27 -4.73992673992674E-0002 -1.41252747252747E+0000
 28 -7.64102564102564E-0002 -1.40124542124542E+0000
 29 -9.57509157509158E-0002 -1.38512820512821E+0000
 30 -1.07032967032967E-0001 -1.37706959706960E+0000
 31 -1.06227106227106E-0001 -1.40527472527473E+0000
 32 -1.04615384615384E-0001 -1.39076923076923E+0000
 33 -7.96336996336996E-0002 -1.37706959706960E+0000
 34 -6.67399267399267E-0002 -1.41252747252747E+0000
 35 -2.24175824175824E-0002 -1.40205128205128E+0000
 36  2.51282051282051E-0002 -1.37787545787546E+0000
 37  4.76923076923077E-0002 -1.40124542124542E+0000
 38  8.31501831501832E-0002 -1.38351648351648E+0000
 39  1.08131868131868E-0001 -1.36901098901099E+0000
 40  1.19413919413919E-0001 -1.38190476190476E+0000
 41  1.11355311355311E-0001 -1.36175824175824E+0000
 42  1.03296703296703E-0001 -1.39721611721612E+0000
 43  8.63736263736264E-0002 -1.38915750915751E+0000
 44  3.96336996336996E-0002 -1.36901098901099E+0000
 45  2.10989010989011E-0002 -1.39238095238095E+0000
 46 -1.75824175824176E-0002 -1.38673992673993E+0000
 47 -5.38461538461538E-0002 -1.38351648351648E+0000
 48 -7.07692307692308E-0002 -1.36336996336996E+0000
 49 -9.41391941391941E-0002 -1.38512820512821E+0000
 50 -9.33333333333333E-0002 -1.37465201465201E+0000
 51 -1.13479853479853E-0001 -1.41010989010989E+0000
 52 -1.02197802197802E-0001 -1.39399267399267E+0000
 53 -7.07692307692308E-0002 -1.38351648351648E+0000
 54 -4.09523809523810E-0002 -1.36739926739927E+0000
 55 -1.27472527472527E-0002 -1.40124542124542E+0000
 56  2.51282051282051E-0002 -1.37384615384615E+0000
 57  5.25274725274725E-0002 -1.40124542124542E+0000
 58  7.99267399267399E-0002 -1.38593406593407E+0000
 59  1.05714285714285E-0001 -1.37545787545788E+0000
 60  1.13772893772893E-0001 -1.38996336996337E+0000
 61  1.17802197802197E-0001 -1.37304029304029E+0000
 62  1.05714285714285E-0001 -1.40688644688645E+0000
 63  8.15384615384615E-0002 -1.40527472527473E+0000
 64  4.68864468864469E-0002 -1.39318681318681E+0000
 65  1.70695970695971E-0002 -1.38512820512821E+0000
 66 -1.67765567765568E-0002 -1.37868131868132E+0000
 67 -5.54578754578755E-0002 -1.41413919413919E+0000
 68 -7.88278388278388E-0002 -1.39399267399267E+0000
 69 -9.57509157509158E-0002 -1.38673992673993E+0000
 70 -1.03003663003663E-0001 -1.38190476190476E+0000
 71 -1.05421245421245E-0001 -1.36336996336996E+0000
 72 -1.00586080586080E-0001 -1.37787545787546E+0000
 73 -5.38461538461538E-0002 -1.40205128205128E+0000
 74 -4.09523809523810E-0002 -1.38754578754579E+0000
 75 -1.27472527472527E-0002 -1.37868131868132E+0000
 76  2.59340659340659E-0002 -1.39318681318681E+0000
 77  4.93040293040293E-0002 -1.38593406593407E+0000
 78  7.83150183150183E-0002 -1.37545787545788E+0000
 79  1.21831501831501E-0001 -1.39641025641026E+0000
 80  1.18608058608058E-0001 -1.37626373626374E+0000
 81  1.24249084249084E-0001 -1.40124542124542E+0000
 82  1.08937728937728E-0001 -1.38673992673993E+0000
 83  1.09743589743589E-0001 -1.37787545787546E+0000
 84  5.09157509157509E-0002 -1.40366300366300E+0000
 85  1.06227106227106E-0002 -1.39882783882784E+0000
 86 -1.51648351648351E-0002 -1.39238095238095E+0000
 87 -6.27106227106227E-0002 -1.38996336996337E+0000
 88 -7.64102564102564E-0002 -1.36820512820513E+0000
 89 -9.33333333333333E-0002 -1.40366300366300E+0000
 90 -1.01391941391941E-0001 -1.39238095238095E+0000
 91 -1.05421245421245E-0001 -1.38593406593407E+0000
 92 -8.84981684981685E-0002 -1.36578754578755E+0000
 93 -7.64102564102564E-0002 -1.39560439560440E+0000
 94 -4.09523809523810E-0002 -1.37545787545788E+0000
 95 -7.91208791208791E-0003 -1.39882783882784E+0000
 96  2.67399267399267E-0002 -1.38029304029304E+0000
 97  6.21978021978022E-0002 -1.40769230769231E+0000
 98  9.44322344322344E-0002 -1.39076923076923E+0000
 99  1.07326007326007E-0001 -1.37787545787546E+0000
 100  1.13772893772893E-0001 -1.39882783882784E+0000
 101  1.07326007326007E-0001 -1.38996336996337E+0000
 102  1.10549450549450E-0001 -1.37626373626374E+0000
 103  7.18681318681319E-0002 -1.40527472527473E+0000
 104  4.44688644688645E-0002 -1.39238095238095E+0000
 105  8.20512820512821E-0003 -1.39318681318681E+0000
 106 -2.64468864468864E-0002 -1.38512820512821E+0000
 107 -5.78754578754579E-0002 -1.37868131868132E+0000
 108 -8.20512820512821E-0002 -1.40366300366300E+0000
 109 -9.41391941391941E-0002 -1.39479853479853E+0000
 110 -1.05421245421245E-0001 -1.37948717948718E+0000
 111 -9.73626373626374E-0002 -1.41010989010989E+0000
 112 -9.97802197802198E-0002 -1.39479853479853E+0000
 113 -6.35164835164835E-0002 -1.37465201465201E+0000
 114 -3.61172161172161E-0002 -1.40849816849817E+0000
 115 -3.88278388278388E-0003 -1.39238095238095E+0000
 116  1.14285714285714E-0002 -1.37384615384615E+0000
 117  7.10622710622711E-0002 -1.40205128205128E+0000
 118  9.52380952380952E-0002 -1.38754578754579E+0000
 119  1.26666666666667E-0001 -1.37706959706960E+0000
 120  1.14578754578754E-0001 -1.39560439560440E+0000
 121  1.16996336996337E-0001 -1.38190476190476E+0000
 122  1.07326007326007E-0001 -1.36498168498168E+0000
 123  7.50915750915751E-0002 -1.39479853479853E+0000
 124  4.36630036630037E-0002 -1.37545787545788E+0000
 125 -2.27106227106227E-0003 -1.40124542124542E+0000
 126 -2.24175824175824E-0002 -1.38835164835165E+0000
 127 -5.70695970695971E-0002 -1.37465201465201E+0000
 128 -8.20512820512821E-0002 -1.40124542124542E+0000
 129 -9.41391941391941E-0002 -1.38673992673993E+0000
 130 -9.97802197802198E-0002 -1.38029304029304E+0000
 131 -1.06227106227106E-0001 -1.41413919413919E+0000
 132 -9.49450549450549E-0002 -1.39238095238095E+0000
 133 -6.43223443223443E-0002 -1.38029304029304E+0000
 134 -4.09523809523810E-0002 -1.41252747252747E+0000
 135 -2.27106227106227E-0003 -1.40205128205128E+0000
 136  3.72161172161172E-0002 -1.37706959706960E+0000
 137  6.86446886446886E-0002 -1.40124542124542E+0000
 138  9.68498168498168E-0002 -1.38512820512821E+0000
 139  1.00073260073260E-0001 -1.37384615384615E+0000
 140  1.14578754578754E-0001 -1.39721611721612E+0000
 141  1.13772893772893E-0001 -1.38593406593407E+0000
 142  1.05714285714285E-0001 -1.37787545787546E+0000
 143  6.70329670329670E-0002 -1.41091575091575E+0000
 144  5.01098901098901E-0002 -1.39721611721612E+0000
 145  1.62637362637363E-0002 -1.38835164835165E+0000
 146 -3.36996336996337E-0002 -1.38351648351648E+0000
 147 -5.38461538461538E-0002 -1.36578754578755E+0000
 148 -8.68864468864469E-0002 -1.39076923076923E+0000
 149 -9.97802197802198E-0002 -1.37948717948718E+0000
 150 -9.81684981684982E-0002 -1.41172161172161E+0000
 151 -1.09450549450549E-0001 -1.40608058608059E+0000
 152 -8.12454212454212E-0002 -1.38915750915751E+0000
 153 -6.67399267399267E-0002 -1.38029304029304E+0000
 154 -2.96703296703297E-0002 -1.40608058608059E+0000
 155  4.98168498168498E-0003 -1.39641025641026E+0000
 156  3.80219780219780E-0002 -1.37384615384615E+0000
 157  7.42857142857143E-0002 -1.40285714285714E+0000
 158  8.63736263736264E-0002 -1.38915750915751E+0000
 159  1.08937728937728E-0001 -1.37062271062271E+0000
 160  1.14578754578754E-0001 -1.38835164835165E+0000
 161  1.07326007326007E-0001 -1.37223443223443E+0000
 162  1.08937728937728E-0001 -1.40285714285714E+0000
 163  6.86446886446886E-0002 -1.39318681318681E+0000
 164  4.93040293040293E-0002 -1.37787545787546E+0000
 165  6.59340659340659E-0003 -1.41010989010989E+0000
 166 -1.75824175824176E-0002 -1.40366300366300E+0000
 167 -5.94871794871795E-0002 -1.39641025641026E+0000
 168 -7.80219780219780E-0002 -1.37626373626374E+0000
 169 -9.65567765567766E-0002 -1.40205128205128E+0000
 170 -1.22344322344322E-0001 -1.38996336996337E+0000
 171 -1.05421245421245E-0001 -1.37384615384615E+0000
 172 -8.20512820512821E-0002 -1.39560439560440E+0000
 173 -5.94871794871795E-0002 -1.37868131868132E+0000
 174 -3.77289377289377E-0002 -1.40849816849817E+0000
 175  9.81684981684982E-0003 -1.38996336996337E+0000
 176  3.96336996336996E-0002 -1.36578754578755E+0000
 177  6.05860805860806E-0002 -1.39238095238095E+0000
 178  1.01684981684981E-0001 -1.37948717948718E+0000
 179  1.17802197802197E-0001 -1.41252747252747E+0000
 180  1.25860805860806E-0001 -1.38996336996337E+0000
 181  1.08131868131868E-0001 -1.38029304029304E+0000
 182  1.00073260073260E-0001 -1.41575091575092E+0000
 183  7.50915750915751E-0002 -1.40688644688645E+0000
 184  4.36630036630037E-0002 -1.39721611721612E+0000
 185 -2.27106227106227E-0003 -1.38996336996337E+0000
 186 -3.12820512820513E-0002 -1.37868131868132E+0000
 187 -5.70695970695971E-0002 -1.41091575091575E+0000
 188 -9.33333333333333E-0002 -1.39641025641026E+0000
 189 -9.97802197802198E-0002 -1.38593406593407E+0000
 190 -1.00586080586080E-0001 -1.37706959706960E+0000
 191 -8.36630036630037E-0002 -1.40043956043956E+0000
 192 -8.68864468864469E-0002 -1.39238095238095E+0000
 193 -6.02930402930403E-0002 -1.38190476190476E+0000
 194 -2.88644688644689E-0002 -1.36014652014652E+0000
 195  6.59340659340659E-0003 -1.38593406593407E+0000
 196  3.56043956043956E-0002 -1.36820512820513E+0000
 197  6.54212454212454E-0002 -1.39802197802198E+0000
 198  1.00879120879120E-0001 -1.38673992673993E+0000
 199  1.09743589743589E-0001 -1.37626373626374E+0000
 200  1.18608058608058E-0001 -1.39076923076923E+0000
 201  9.68498168498168E-0002 -1.38271062271062E+0000
 202  9.44322344322344E-0002 -1.36820512820513E+0000
 203  6.86446886446886E-0002 -1.40285714285714E+0000
 204  3.64102564102564E-0002 -1.38512820512821E+0000
 205 -7.91208791208791E-0003 -1.37948717948718E+0000
 206 -2.56410256410256E-0002 -1.40849816849817E+0000
 207 -6.10989010989011E-0002 -1.39721611721612E+0000
 208 -9.25274725274725E-0002 -1.38190476190476E+0000
 209 -9.57509157509158E-0002 -1.36739926739927E+0000
 210 -1.19926739926739E-0001 -1.40124542124542E+0000
 211 -9.97802197802198E-0002 -1.38351648351648E+0000
 212 -8.60805860805861E-0002 -1.36014652014652E+0000
 213 -6.75457875457875E-0002 -1.38996336996337E+0000
 214 -2.72527472527473E-0002 -1.37223443223443E+0000
 215  7.39926739926740E-0003 -1.39641025641026E+0000
 216  4.20512820512821E-0002 -1.37223443223443E+0000
 217  7.42857142857143E-0002 -1.40043956043956E+0000
 218  1.04102564102564E-0001 -1.39318681318681E+0000
 219  1.14578754578754E-0001 -1.38432234432234E+0000
 220  1.24249084249084E-0001 -1.36336996336996E+0000
 221  1.12967032967033E-0001 -1.38835164835165E+0000
 222  9.84615384615385E-0002 -1.37384615384615E+0000
 223  6.21978021978022E-0002 -1.40527472527473E+0000
 224  4.04395604395604E-0002 -1.39076923076923E+0000
 225 -3.07692307692308E-0003 -1.38512820512821E+0000
 226 -3.12820512820513E-0002 -1.37868131868132E+0000
 227 -6.75457875457875E-0002 -1.40930402930403E+0000
 228 -8.36630036630037E-0002 -1.39157509157509E+0000
 229 -1.07838827838827E-0001 -1.38351648351648E+0000
 230 -1.00586080586080E-0001 -1.36256410256410E+0000
 231 -9.41391941391941E-0002 -1.38996336996337E+0000
 232 -8.20512820512821E-0002 -1.36417582417582E+0000
 233 -6.43223443223443E-0002 -1.39076923076923E+0000
 234 -4.09523809523810E-0002 -1.38754578754579E+0000
 235  4.98168498168498E-0003 -1.36981684981685E+0000
 236  4.12454212454212E-0002 -1.38351648351648E+0000
 237  6.86446886446886E-0002 -1.36739926739927E+0000
 238  9.60439560439560E-0002 -1.39882783882784E+0000
 239  1.00879120879120E-0001 -1.38915750915751E+0000
 240  1.16996336996337E-0001 -1.36498168498168E+0000
 241  1.00879120879120E-0001 -1.39721611721612E+0000
 242  9.12087912087912E-0002 -1.38593406593407E+0000
 243  5.57509157509158E-0002 -1.37868131868132E+0000
 244  3.15750915750916E-0002 -1.39882783882784E+0000
 245 -3.88278388278388E-0003 -1.40043956043956E+0000
 246 -3.12820512820513E-0002 -1.39802197802198E+0000
 247 -6.35164835164835E-0002 -1.38754578754579E+0000
 248 -9.25274725274725E-0002 -1.37545787545788E+0000
 249 -1.24761904761904E-0001 -1.40205128205128E+0000
 250 -9.97802197802198E-0002 -1.38673992673993E+0000
 251 -1.08644688644688E-0001 -1.37948717948718E+0000
 252 -7.56043956043956E-0002 -1.40124542124542E+0000
 253 -6.59340659340659E-0002 -1.38593406593407E+0000
 254 -3.53113553113553E-0002 -1.37465201465201E+0000
 255  9.01098901098901E-0003 -1.40446886446886E+0000
 256  6.30036630036630E-0002 -1.38351648351648E+0000
 257  7.10622710622711E-0002 -1.37062271062271E+0000
 258  9.44322344322344E-0002 -1.39721611721612E+0000
 259  1.07326007326007E-0001 -1.38029304029304E+0000
 260  1.22637362637362E-0001 -1.40527472527473E+0000
 261  1.06520146520146E-0001 -1.38673992673993E+0000
 262  6.21978021978022E-0002 -1.37868131868132E+0000
 263  3.15750915750916E-0002 -1.40366300366300E+0000
 264  2.56410256410256E-0003 -1.39882783882784E+0000
 265 -2.96703296703297E-0002 -1.39479853479853E+0000
 266 -6.43223443223443E-0002 -1.37787545787546E+0000
 267 -9.25274725274725E-0002 -1.40205128205128E+0000
 268 -1.00586080586080E-0001 -1.39076923076923E+0000
 269 -1.04615384615384E-0001 -1.38029304029304E+0000
 270 -9.17216117216117E-0002 -1.40930402930403E+0000
 271 -7.88278388278388E-0002 -1.38835164835165E+0000
 272 -5.62637362637363E-0002 -1.37223443223443E+0000
 273 -6.67399267399267E-0002 -1.40366300366300E+0000
 274  1.70695970695971E-0002 -1.38673992673993E+0000
 275  4.93040293040293E-0002 -1.36981684981685E+0000
 276  8.71794871794872E-0002 -1.39318681318681E+0000
 277  1.01684981684981E-0001 -1.38432234432234E+0000
 278  1.10549450549450E-0001 -1.36901098901099E+0000
 279  1.25054945054945E-0001 -1.38271062271062E+0000
 280  1.08937728937728E-0001 -1.39882783882784E+0000
 281  5.57509157509158E-0002 -1.39641025641026E+0000
 282  2.02930402930403E-0002 -1.37304029304029E+0000
 283  1.75824175824176E-0003 -1.40930402930403E+0000
 284 -4.90109890109890E-0002 -1.40285714285714E+0000
 285 -7.15750915750916E-0002 -1.38915750915751E+0000
 286 -9.17216117216117E-0002 -1.36659340659341E+0000
 287 -1.01391941391941E-0001 -1.38754578754579E+0000
 288 -9.09157509157509E-0002 -1.37465201465201E+0000
 289 -7.80219780219780E-0002 -1.40043956043956E+0000
 290 -6.19047619047619E-0002 -1.39641025641026E+0000
 291 -1.11355311355311E-0002 -1.38190476190476E+0000
 292  2.27106227106227E-0002 -1.35772893772894E+0000
 293  4.93040293040293E-0002 -1.37223443223443E+0000
 294  8.23443223443223E-0002 -1.40124542124542E+0000
 295  1.01684981684981E-0001 -1.38432234432234E+0000
 296  1.26666666666667E-0001 -1.36739926739927E+0000
 297  1.18608058608058E-0001 -1.39238095238095E+0000
 298  9.44322344322344E-0002 -1.38835164835165E+0000
 299  8.79853479853480E-0002 -1.36739926739927E+0000
 300  5.65567765567766E-0002 -1.40124542124542E+0000
 301  2.91575091575092E-0002 -1.37948717948718E+0000
 302 -5.49450549450549E-0003 -1.41816849816850E+0000
 303 -4.17582417582418E-0002 -1.41655677655678E+0000
 304 -6.43223443223443E-0002 -1.40769230769231E+0000
 305 -9.01098901098901E-0002 -1.38673992673993E+0000
 306 -9.89743589743590E-0002 -1.38271062271062E+0000
 307 -1.19120879120879E-0001 -1.36820512820513E+0000
 308 -8.76923076923077E-0002 -1.39721611721612E+0000
 309 -7.88278388278388E-0002 -1.37706959706960E+0000
 310 -4.73992673992674E-0002 -1.40446886446886E+0000
 311 -2.08058608058608E-0002 -1.39399267399267E+0000
 312  2.19047619047619E-0002 -1.38029304029304E+0000
 313  5.57509157509158E-0002 -1.40366300366300E+0000
 314  8.31501831501832E-0002 -1.37868131868132E+0000
 315  1.14578754578754E-0001 -1.41252747252747E+0000
 316  1.23443223443223E-0001 -1.38593406593407E+0000
 317  1.10549450549450E-0001 -1.38351648351648E+0000
 318  9.04029304029304E-0002 -1.40043956043956E+0000
 319  2.35164835164835E-0002 -1.39238095238095E+0000
 320 -2.27106227106227E-0003 -1.38835164835165E+0000
 321 -4.57875457875458E-0002 -1.37304029304029E+0000
 322 -7.15750915750916E-0002 -1.38996336996337E+0000
 323 -1.04615384615384E-0001 -1.38512820512821E+0000
 324 -1.10256410256410E-0001 -1.37223443223443E+0000
 325 -8.84981684981685E-0002 -1.39721611721612E+0000
 326 -7.72161172161172E-0002 -1.37868131868132E+0000
 327 -5.38461538461538E-0002 -1.41252747252747E+0000
 328 -1.67765567765568E-0002 -1.40285714285714E+0000
 329  2.67399267399267E-0002 -1.38271062271062E+0000
 330  5.89743589743590E-0002 -1.38835164835165E+0000
 331  1.08937728937728E-0001 -1.36659340659341E+0000
 332  1.17802197802197E-0001 -1.39318681318681E+0000
 333  1.15384615384615E-0001 -1.41010989010989E+0000
 334  9.12087912087912E-0002 -1.40285714285714E+0000
 335  5.73626373626374E-0002 -1.38754578754579E+0000
 336  2.59340659340659E-0002 -1.37626373626374E+0000
 337 -2.00000000000000E-0002 -1.40688644688645E+0000
 338 -4.73992673992674E-0002 -1.41252747252747E+0000
 339 -7.96336996336996E-0002 -1.40366300366300E+0000
 340 -8.52747252747253E-0002 -1.38512820512821E+0000
 341 -1.11062271062271E-0001 -1.37545787545788E+0000
 342 -8.44688644688645E-0002 -1.39157509157509E+0000
 343 -7.31868131868132E-0002 -1.37304029304029E+0000
 344 -4.33699633699634E-0002 -1.40527472527473E+0000
 345 -9.52380952380952E-0003 -1.39479853479853E+0000
 346  2.27106227106227E-0002 -1.37304029304029E+0000
 347  5.73626373626374E-0002 -1.38512820512821E+0000
 348  1.05714285714285E-0001 -1.37223443223443E+0000
 349  1.18608058608058E-0001 -1.39721611721612E+0000
 350  1.11355311355311E-0001 -1.36981684981685E+0000
 351  7.10622710622711E-0002 -1.39721611721612E+0000
 352  5.57509157509158E-0002 -1.38351648351648E+0000
 353  2.02930402930403E-0002 -1.40366300366300E+0000
 354 -4.57875457875458E-0002 -1.39479853479853E+0000
 355 -7.31868131868132E-0002 -1.37626373626374E+0000
 356 -9.41391941391941E-0002 -1.39238095238095E+0000
 357 -1.02197802197802E-0001 -1.38432234432234E+0000
 358 -9.89743589743590E-0002 -1.36901098901099E+0000
 359 -6.75457875457875E-0002 -1.38271062271062E+0000
 360 -4.73992673992674E-0002 -1.36739926739927E+0000
 361 -1.83882783882784E-0002 -1.39721611721612E+0000
 362  2.67399267399267E-0002 -1.39560439560440E+0000
 363  8.31501831501832E-0002 -1.38190476190476E+0000
 364  1.12967032967033E-0001 -1.36175824175824E+0000
 365  1.11355311355311E-0001 -1.36095238095238E+0000
 366  1.08937728937728E-0001 -1.40124542124542E+0000
 367  8.39560439560440E-0002 -1.36739926739927E+0000
 368  1.14285714285714E-0002 -1.39641025641026E+0000
 369 -1.59706959706960E-0002 -1.38996336996337E+0000
 370 -4.73992673992674E-0002 -1.41172161172161E+0000
 371 -9.17216117216117E-0002 -1.39882783882784E+0000
 372 -1.17509157509157E-0001 -1.38754578754579E+0000
 373 -9.89743589743590E-0002 -1.37626373626374E+0000
 374 -7.39926739926740E-0002 -1.39076923076923E+0000
 375 -3.61172161172161E-0002 -1.37142857142857E+0000
 376 -6.59340659340659E-0004 -1.40124542124542E+0000
 377  3.39926739926740E-0002 -1.37787545787546E+0000
 378  5.25274725274725E-0002 -1.39560439560440E+0000
 379  1.19413919413919E-0001 -1.36981684981685E+0000
 380  1.20219780219780E-0001 -1.37304029304029E+0000
 381  1.05714285714285E-0001 -1.40930402930403E+0000
 382  7.83150183150183E-0002 -1.38190476190476E+0000
 383  1.70695970695971E-0002 -1.35531135531136E+0000
 384 -2.48351648351648E-0002 -1.39721611721612E+0000
 385 -4.57875457875458E-0002 -1.38835164835165E+0000
 386 -7.96336996336996E-0002 -1.36981684981685E+0000
 387 -9.57509157509158E-0002 -1.39157509157509E+0000
 388 -1.00586080586080E-0001 -1.38432234432234E+0000
 389 -1.03809523809523E-0001 -1.36739926739927E+0000
 390 -9.41391941391941E-0002 -1.39641025641026E+0000
 391 -6.67399267399267E-0002 -1.37545787545788E+0000
 392 -5.38461538461538E-0002 -1.40124542124542E+0000
 393 -1.19413919413919E-0002 -1.38271062271062E+0000
 394  2.35164835164835E-0002 -1.36014652014652E+0000
 395  6.30036630036630E-0002 -1.37948717948718E+0000
 396  1.05714285714285E-0001 -1.40446886446886E+0000
 397  1.21831501831501E-0001 -1.39076923076923E+0000
 398  1.21025641025641E-0001 -1.37223443223443E+0000
 399  1.19413919413919E-0001 -1.39721611721612E+0000
 400  7.34798534798535E-0002 -1.39479853479853E+0000
 401  4.44688644688645E-0002 -1.39721611721612E+0000
 402 -1.75824175824176E-0002 -1.39479853479853E+0000
 403 -4.49816849816850E-0002 -1.41091575091575E+0000
 404 -9.65567765567766E-0002 -1.39882783882784E+0000
 405 -1.13479853479853E-0001 -1.38432234432234E+0000
 406 -8.93040293040293E-0002 -1.36739926739927E+0000
 407 -6.51282051282051E-0002 -1.38432234432234E+0000
 408 -3.88278388278388E-0003 -1.36739926739927E+0000
 409  3.56043956043956E-0002 -1.36659340659341E+0000
 410  9.12087912087912E-0002 -1.40043956043956E+0000
 411  9.68498168498168E-0002 -1.37304029304029E+0000
 412  1.19413919413919E-0001 -1.39882783882784E+0000
 413  9.92673992673993E-0002 -1.38029304029304E+0000
 414  4.28571428571429E-0002 -1.41252747252747E+0000
 415  1.06227106227106E-0002 -1.40043956043956E+0000
 416 -4.09523809523810E-0002 -1.39560439560440E+0000
 417 -7.96336996336996E-0002 -1.39802197802198E+0000
 418 -9.97802197802198E-0002 -1.39318681318681E+0000
 419 -1.03003663003663E-0001 -1.36498168498168E+0000
 420 -6.91575091575092E-0002 -1.38512820512821E+0000
 421 -3.69230769230769E-0002 -1.40849816849817E+0000
 422  2.99633699633700E-0002 -1.38835164835165E+0000
 423  5.17216117216117E-0002 -1.38835164835165E+0000
 424  1.18608058608058E-0001 -1.36578754578755E+0000
 425  1.15384615384615E-0001 -1.39076923076923E+0000
 426  1.04102564102564E-0001 -1.37465201465201E+0000
 427  1.08131868131868E-0001 -1.40608058608059E+0000
 428  4.68864468864469E-0002 -1.39721611721612E+0000
 429  1.54578754578754E-0002 -1.37626373626374E+0000
 430 -4.65934065934066E-0002 -1.40124542124542E+0000
 431 -7.31868131868132E-0002 -1.38190476190476E+0000
 432 -9.25274725274725E-0002 -1.35934065934066E+0000
 433 -9.89743589743590E-0002 -1.38512820512821E+0000
 434 -7.96336996336996E-0002 -1.38512820512821E+0000
 435 -3.36996336996337E-0002 -1.37787545787546E+0000
 436 -4.68864468864469E-0003 -1.38593406593407E+0000
 437  6.38095238095238E-0002 -1.37304029304029E+0000
 438  8.39560439560440E-0002 -1.39318681318681E+0000
 439  1.22637362637362E-0001 -1.41010989010989E+0000
 440  8.71794871794872E-0002 -1.40769230769231E+0000
 441  7.10622710622711E-0002 -1.37626373626374E+0000
 442  1.38461538461538E-0002 -1.39802197802198E+0000
 443 -2.16117216117216E-0002 -1.38754578754579E+0000
 444 -8.20512820512821E-0002 -1.40366300366300E+0000
 445 -8.93040293040293E-0002 -1.39641025641026E+0000
 446 -1.01391941391941E-0001 -1.36336996336996E+0000
 447 -6.10989010989011E-0002 -1.37948717948718E+0000
 448 -4.33699633699634E-0002 -1.41413919413919E+0000
 449 -7.10622710622711E-0003 -1.39721611721612E+0000
 450  4.20512820512821E-0002 -1.39802197802198E+0000
 451  9.28205128205128E-0002 -1.38996336996337E+0000
 452  1.05714285714285E-0001 -1.40205128205128E+0000
 453  1.17802197802197E-0001 -1.36901098901099E+0000
 454  8.07326007326007E-0002 -1.39399267399267E+0000
 455  3.80219780219780E-0002 -1.37384615384615E+0000
 456 -4.09523809523810E-0002 -1.40527472527473E+0000
 457 -8.84981684981685E-0002 -1.39560439560440E+0000
 458 -1.02197802197802E-0001 -1.41172161172161E+0000
 459 -1.03809523809523E-0001 -1.39076923076923E+0000
 460 -5.54578754578755E-0002 -1.37384615384615E+0000
 461 -3.12820512820513E-0002 -1.38835164835165E+0000
 462  3.15750915750916E-0002 -1.38109890109890E+0000
 463  9.76556776556777E-0002 -1.41736263736264E+0000
 464  1.19413919413919E-0001 -1.39479853479853E+0000
 465  1.15384615384615E-0001 -1.40446886446886E+0000
 466  6.54212454212454E-0002 -1.39721611721612E+0000
 467  4.76923076923077E-0002 -1.38190476190476E+0000
 468  1.06227106227106E-0002 -1.36095238095238E+0000
 469 -2.40293040293040E-0002 -1.38432234432234E+0000
 470 -8.28571428571429E-0002 -1.39318681318681E+0000
 471 -1.12673992673992E-0001 -1.39157509157509E+0000
 472 -9.41391941391941E-0002 -1.40124542124542E+0000
 473 -7.64102564102564E-0002 -1.41091575091575E+0000
 474  1.06227106227106E-0002 -1.38915750915751E+0000
 475  4.60805860805861E-0002 -1.36981684981685E+0000
 476  7.83150183150183E-0002 -1.38754578754579E+0000
 477  1.00879120879120E-0001 -1.36981684981685E+0000
 478  1.22637362637362E-0001 -1.37062271062271E+0000
 479  9.20146520146520E-0002 -1.40285714285714E+0000
 480  6.78388278388278E-0002 -1.37706959706960E+0000
 481  8.20512820512821E-0003 -1.39479853479853E+0000
 482 -6.19047619047619E-0002 -1.37787545787546E+0000
 483 -9.01098901098901E-0002 -1.40366300366300E+0000
 484 -7.56043956043956E-0002 -1.38835164835165E+0000
 485 -1.01391941391941E-0001 -1.40446886446886E+0000
 486 -8.44688644688645E-0002 -1.36578754578755E+0000
 487 -2.16117216117216E-0002 -1.39560439560440E+0000
 488  9.01098901098901E-0003 -1.37626373626374E+0000
 489  4.20512820512821E-0002 -1.39318681318681E+0000
 490  8.31501831501832E-0002 -1.41494505494505E+0000
 491  1.16190476190476E-0001 -1.37465201465201E+0000
 492  1.12161172161172E-0001 -1.39560439560440E+0000
 493  6.62271062271062E-0002 -1.37787545787546E+0000
 494  8.20512820512821E-0003 -1.41010989010989E+0000
 495 -3.88278388278388E-0003 -1.39802197802198E+0000
 496 -2.80586080586081E-0002 -1.37787545787546E+0000
 497 -8.93040293040293E-0002 -1.40688644688645E+0000
 498 -1.06227106227106E-0001 -1.38109890109890E+0000
 499 -8.28571428571429E-0002 -1.41010989010989E+0000
 500 -4.41758241758242E-0002 -1.37787545787546E+0000
 501 -2.27106227106227E-0003 -1.38512820512821E+0000
 502  7.67032967032967E-0002 -1.40285714285714E+0000
 503  1.07326007326007E-0001 -1.38673992673993E+0000
 504  1.20219780219780E-0001 -1.37223443223443E+0000
 505  1.08131868131868E-0001 -1.40043956043956E+0000
 506  9.68498168498168E-0002 -1.39802197802198E+0000
 507  6.13919413919414E-0002 -1.38835164835165E+0000
 508  3.64102564102564E-0002 -1.39157509157509E+0000
 509 -4.09523809523810E-0002 -1.37465201465201E+0000
 510 -9.73626373626374E-0002 -1.39318681318681E+0000
 511 -1.06227106227106E-0001 -1.37545787545788E+0000
 512 -7.23809523809524E-0002 -1.39076923076923E+0000
 513 -6.02930402930403E-0002 -1.37304029304029E+0000
 514 -2.08058608058608E-0002 -1.40527472527473E+0000
 515  2.27106227106227E-0002 -1.36901098901099E+0000
 516  8.07326007326007E-0002 -1.36901098901099E+0000
 517  1.06520146520146E-0001 -1.37062271062271E+0000
 518  1.06520146520146E-0001 -1.38351648351648E+0000
 519  5.33333333333333E-0002 -1.39641025641026E+0000
 520 -3.88278388278388E-0003 -1.38351648351648E+0000
 521 -3.04761904761905E-0002 -1.40043956043956E+0000
 522 -9.17216117216117E-0002 -1.38271062271062E+0000
 523 -1.05421245421245E-0001 -1.39076923076923E+0000
 524 -7.47985347985348E-0002 -1.38271062271062E+0000
 525 -1.59706959706960E-0002 -1.39157509157509E+0000
 526  4.93040293040293E-0002 -1.37384615384615E+0000
 527  8.63736263736264E-0002 -1.39963369963370E+0000
 528  1.04908424908424E-0001 -1.39560439560440E+0000
 529  1.04102564102564E-0001 -1.39479853479853E+0000
 530  1.13772893772893E-0001 -1.40608058608059E+0000
 531  5.81684981684982E-0002 -1.38512820512821E+0000
 532 -8.71794871794872E-0003 -1.40527472527473E+0000
 533 -6.83516483516484E-0002 -1.37787545787546E+0000
 534 -1.06227106227106E-0001 -1.39721611721612E+0000
 535 -8.68864468864469E-0002 -1.40608058608059E+0000
 536 -5.70695970695971E-0002 -1.39560439560440E+0000
 537 -2.48351648351648E-0002 -1.38190476190476E+0000
 538  2.27106227106227E-0002 -1.35692307692308E+0000
 539  4.52747252747253E-0002 -1.39882783882784E+0000
 540  1.00879120879120E-0001 -1.37062271062271E+0000
 541  1.26666666666667E-0001 -1.37465201465201E+0000
 542  8.47619047619048E-0002 -1.40124542124542E+0000
 543  2.35164835164835E-0002 -1.36739926739927E+0000
 544 -3.53113553113553E-0002 -1.39963369963370E+0000
 545 -1.05421245421245E-0001 -1.37787545787546E+0000
 546 -1.07838827838827E-0001 -1.40930402930403E+0000
 547 -9.25274725274725E-0002 -1.36336996336996E+0000
 548 -1.19413919413919E-0002 -1.39076923076923E+0000
 549  1.38461538461538E-0002 -1.37223443223443E+0000
 550  4.12454212454212E-0002 -1.39560439560440E+0000
 551  8.55677655677656E-0002 -1.37465201465201E+0000
 552  1.08131868131868E-0001 -1.41010989010989E+0000
 553  1.07326007326007E-0001 -1.39963369963370E+0000
 554  1.16996336996337E-0001 -1.37626373626374E+0000
 555  8.87912087912088E-0002 -1.40769230769231E+0000
 556  5.57509157509158E-0002 -1.38915750915751E+0000
 557  2.27106227106227E-0002 -1.37304029304029E+0000
 558 -1.91941391941392E-0002 -1.40527472527473E+0000
 559 -5.06227106227106E-0002 -1.39399267399267E+0000
 560 -7.96336996336996E-0002 -1.41655677655678E+0000
 561 -1.06227106227106E-0001 -1.41172161172161E+0000
 562 -8.84981684981685E-0002 -1.39882783882784E+0000
 563 -8.04395604395604E-0002 -1.40527472527473E+0000
 564 -2.27106227106227E-0003 -1.37948717948718E+0000
 565  6.21978021978022E-0002 -1.40446886446886E+0000
 566  8.47619047619048E-0002 -1.39157509157509E+0000
 567  1.00879120879120E-0001 -1.36578754578755E+0000
 568  1.15384615384615E-0001 -1.38915750915751E+0000
 569  1.08937728937728E-0001 -1.37142857142857E+0000
 570  6.78388278388278E-0002 -1.39802197802198E+0000
 571  1.54578754578754E-0002 -1.37062271062271E+0000
 572 -4.98168498168498E-0002 -1.39318681318681E+0000
 573 -9.73626373626374E-0002 -1.38190476190476E+0000
 574 -1.03809523809523E-0001 -1.36256410256410E+0000
 575 -1.02197802197802E-0001 -1.36659340659341E+0000
 576 -7.96336996336996E-0002 -1.37626373626374E+0000
 577 -3.07692307692308E-0003 -1.38029304029304E+0000
 578  5.65567765567766E-0002 -1.39399267399267E+0000
 579  9.44322344322344E-0002 -1.37626373626374E+0000
 580  1.21025641025641E-0001 -1.38915750915751E+0000
 581  7.99267399267399E-0002 -1.40688644688645E+0000
 582  1.86813186813187E-0002 -1.38673992673993E+0000
 583 -5.38461538461538E-0002 -1.36739926739927E+0000
 584 -1.00586080586080E-0001 -1.39076923076923E+0000
 585 -1.02197802197802E-0001 -1.37304029304029E+0000
 586 -7.31868131868132E-0002 -1.37062271062271E+0000
 587 -5.49450549450549E-0003 -1.37948717948718E+0000
 588  5.81684981684982E-0002 -1.38835164835165E+0000
 589  1.00879120879120E-0001 -1.39399267399267E+0000
 590  1.16996336996337E-0001 -1.41252747252747E+0000
 591  7.50915750915751E-0002 -1.40446886446886E+0000
 592  1.46520146520146E-0002 -1.38835164835165E+0000
 593 -5.38461538461538E-0002 -1.40285714285714E+0000
 594 -9.89743589743590E-0002 -1.37142857142857E+0000
 595 -1.13479853479853E-0001 -1.38915750915751E+0000
 596 -8.76923076923077E-0002 -1.36901098901099E+0000
 597 -4.25641025641026E-0002 -1.38271062271062E+0000
 598  1.06227106227106E-0002 -1.37465201465201E+0000
 599  8.95970695970696E-0002 -1.39479853479853E+0000
 600  1.16996336996337E-0001 -1.39882783882784E+0000
 601  1.00073260073260E-0001 -1.37948717948718E+0000
 602  4.76923076923077E-0002 -1.39963369963370E+0000
 603 -2.88644688644689E-0002 -1.39479853479853E+0000
 604 -8.04395604395604E-0002 -1.36014652014652E+0000
 605 -1.05421245421245E-0001 -1.37948717948718E+0000
 606 -1.05421245421245E-0001 -1.39479853479853E+0000
 607 -3.04761904761905E-0002 -1.40205128205128E+0000
 608  3.80219780219780E-0002 -1.38271062271062E+0000
 609  1.00879120879120E-0001 -1.39157509157509E+0000
 610  1.05714285714285E-0001 -1.40285714285714E+0000
 611  8.31501831501832E-0002 -1.37465201465201E+0000
 612  1.70695970695971E-0002 -1.40527472527473E+0000
 613 -6.10989010989011E-0002 -1.38754578754579E+0000
 614 -1.01391941391941E-0001 -1.40769230769231E+0000
 615 -9.73626373626374E-0002 -1.36820512820513E+0000
 616 -5.94871794871795E-0002 -1.37787545787546E+0000
 617 -5.49450549450549E-0003 -1.38271062271062E+0000
 618  7.50915750915751E-0002 -1.38271062271062E+0000
 619  1.06520146520146E-0001 -1.36901098901099E+0000
 620  1.11355311355311E-0001 -1.36256410256410E+0000
 621  1.00073260073260E-0001 -1.42300366300366E+0000
 622  3.72161172161172E-0002 -1.39882783882784E+0000
 623 -1.75824175824176E-0002 -1.39479853479853E+0000
 624 -8.52747252747253E-0002 -1.40527472527473E+0000
 625 -1.00586080586080E-0001 -1.38835164835165E+0000
 626 -9.33333333333333E-0002 -1.38915750915751E+0000
 627 -4.33699633699634E-0002 -1.40124542124542E+0000
 628  3.64102564102564E-0002 -1.39641025641026E+0000
 629  9.84615384615385E-0002 -1.41655677655678E+0000
 630  1.21025641025641E-0001 -1.38673992673993E+0000
 631  8.55677655677656E-0002 -1.38109890109890E+0000
 632  7.99267399267399E-0002 -1.40608058608059E+0000
 633  6.59340659340659E-0003 -1.39399267399267E+0000
 634 -6.02930402930403E-0002 -1.38190476190476E+0000
 635 -1.05421245421245E-0001 -1.39318681318681E+0000
 636 -1.05421245421245E-0001 -1.40124542124542E+0000
 637 -6.02930402930403E-0002 -1.41252747252747E+0000
 638  1.22344322344322E-0002 -1.38915750915751E+0000
 639  5.57509157509158E-0002 -1.38996336996337E+0000
 640  1.10549450549450E-0001 -1.40205128205128E+0000
 641  1.00879120879120E-0001 -1.37223443223443E+0000
 642  7.26739926739927E-0002 -1.40849816849817E+0000
 643  3.72161172161172E-0002 -1.38109890109890E+0000
 644 -3.45054945054945E-0002 -1.42380952380952E+0000
 645 -7.80219780219780E-0002 -1.39963369963370E+0000
 646 -1.02197802197802E-0001 -1.38432234432234E+0000
 647 -8.84981684981685E-0002 -1.38996336996337E+0000
 648 -3.28937728937729E-0002 -1.40124542124542E+0000
 649  5.09157509157509E-0002 -1.39157509157509E+0000
 650  9.76556776556777E-0002 -1.41252747252747E+0000
 651  1.31501831501832E-0001 -1.38271062271062E+0000
 652  1.04908424908424E-0001 -1.40285714285714E+0000
 653  3.23809523809524E-0002 -1.39076923076923E+0000
 654  9.81684981684982E-0003 -1.40366300366300E+0000
 655 -5.38461538461538E-0002 -1.38835164835165E+0000
 656 -1.05421245421245E-0001 -1.39479853479853E+0000
 657 -1.05421245421245E-0001 -1.40285714285714E+0000
 658 -5.38461538461538E-0002 -1.37062271062271E+0000
 659  1.78754578754579E-0002 -1.37706959706960E+0000
 660  7.18681318681319E-0002 -1.38996336996337E+0000
 661  1.00879120879120E-0001 -1.40446886446886E+0000
 662  1.14578754578754E-0001 -1.38432234432234E+0000
 663  6.86446886446886E-0002 -1.40124542124542E+0000
 664  1.46520146520146E-0002 -1.37626373626374E+0000
 665 -5.78754578754579E-0002 -1.39641025641026E+0000
 666 -1.05421245421245E-0001 -1.37787545787546E+0000
 667 -9.97802197802198E-0002 -1.40124542124542E+0000
 668 -8.93040293040293E-0002 -1.40446886446886E+0000
 669 -2.40293040293040E-0002 -1.37787545787546E+0000
 670  3.80219780219780E-0002 -1.39157509157509E+0000
 671  1.04908424908424E-0001 -1.41010989010989E+0000
 672  1.19413919413919E-0001 -1.37545787545788E+0000
 673  9.92673992673993E-0002 -1.39238095238095E+0000
 674  2.10989010989011E-0002 -1.37706959706960E+0000
 675 -3.36996336996337E-0002 -1.40930402930403E+0000
 676 -8.44688644688645E-0002 -1.38271062271062E+0000
 677 -9.97802197802198E-0002 -1.36417582417582E+0000
 678 -8.68864468864469E-0002 -1.37142857142857E+0000
 679 -4.01465201465201E-0002 -1.37626373626374E+0000
 680  3.36996336996337E-0003 -1.37465201465201E+0000
 681  8.23443223443223E-0002 -1.39963369963370E+0000
 682  1.00879120879120E-0001 -1.37304029304029E+0000
 683  1.12967032967033E-0001 -1.38915750915751E+0000
 684  6.54212454212454E-0002 -1.39721611721612E+0000
 685 -3.07692307692308E-0003 -1.38835164835165E+0000
 686 -8.04395604395604E-0002 -1.39399267399267E+0000
 687 -1.05421245421245E-0001 -1.38190476190476E+0000
 688 -1.07838827838827E-0001 -1.36901098901099E+0000
 689 -5.70695970695971E-0002 -1.39963369963370E+0000
 690 -8.71794871794872E-0003 -1.37465201465201E+0000
 691  5.09157509157509E-0002 -1.38351648351648E+0000
 692  1.05714285714285E-0001 -1.39641025641026E+0000
 693  1.10549450549450E-0001 -1.40366300366300E+0000
 694  8.47619047619048E-0002 -1.39479853479853E+0000
 695  2.75457875457875E-0002 -1.40205128205128E+0000
 696 -4.09523809523810E-0002 -1.38835164835165E+0000
 697 -9.57509157509158E-0002 -1.38593406593407E+0000
 698 -1.11868131868131E-0001 -1.41010989010989E+0000
 699 -7.80219780219780E-0002 -1.38996336996337E+0000
 700 -4.57875457875458E-0002 -1.40285714285714E+0000
 701  5.78754578754579E-0003 -1.36417582417582E+0000
 702  8.23443223443223E-0002 -1.37304029304029E+0000
 703  1.26666666666667E-0001 -1.38271062271062E+0000
 704  1.00879120879120E-0001 -1.39641025641026E+0000
 705  7.91208791208791E-0002 -1.36981684981685E+0000
 706 -1.11355311355311E-0002 -1.38351648351648E+0000
 707 -7.31868131868132E-0002 -1.39560439560440E+0000
 708 -9.49450549450549E-0002 -1.40930402930403E+0000
 709 -1.05421245421245E-0001 -1.38109890109890E+0000
 710 -5.38461538461538E-0002 -1.40446886446886E+0000
 711  1.30402930402930E-0002 -1.39479853479853E+0000
 712  6.05860805860806E-0002 -1.39802197802198E+0000
 713  9.84615384615385E-0002 -1.37787545787546E+0000
 714  1.17802197802197E-0001 -1.39238095238095E+0000
 715  8.87912087912088E-0002 -1.37465201465201E+0000
 716  1.06227106227106E-0002 -1.39721611721612E+0000
 717 -3.61172161172161E-0002 -1.38190476190476E+0000
 718 -8.84981684981685E-0002 -1.38190476190476E+0000
 719 -1.07032967032967E-0001 -1.38996336996337E+0000
 720 -7.39926739926740E-0002 -1.39479853479853E+0000
 721 -1.75824175824176E-0002 -1.39560439560440E+0000
 722  5.73626373626374E-0002 -1.39721611721612E+0000
 723  1.07326007326007E-0001 -1.38593406593407E+0000
 724  1.23443223443223E-0001 -1.39560439560440E+0000
 725  1.09743589743589E-0001 -1.40930402930403E+0000
 726  4.68864468864469E-0002 -1.38109890109890E+0000
 727 -1.51648351648351E-0002 -1.40527472527473E+0000
 728 -7.39926739926740E-0002 -1.38996336996337E+0000
 729 -1.05421245421245E-0001 -1.40930402930403E+0000
 730 -9.41391941391941E-0002 -1.37948717948718E+0000
 731 -5.38461538461538E-0002 -1.38915750915751E+0000
 732  1.14285714285714E-0002 -1.38593406593407E+0000
 733  7.42857142857143E-0002 -1.40769230769231E+0000
 734  1.24249084249084E-0001 -1.37142857142857E+0000
 735  9.60439560439560E-0002 -1.40285714285714E+0000
 736  9.44322344322344E-0002 -1.38351648351648E+0000
 737  1.70695970695971E-0002 -1.39721611721612E+0000
 738 -4.41758241758242E-0002 -1.37545787545788E+0000
 739 -9.89743589743590E-0002 -1.38432234432234E+0000
 740 -1.03809523809523E-0001 -1.40366300366300E+0000
 741 -5.78754578754579E-0002 -1.40124542124542E+0000
 742 -1.35531135531135E-0002 -1.36901098901099E+0000
 743  6.05860805860806E-0002 -1.36498168498168E+0000
 744  1.13772893772893E-0001 -1.38029304029304E+0000
 745  1.20219780219780E-0001 -1.39641025641026E+0000
 746  8.15384615384615E-0002 -1.37626373626374E+0000
 747  1.54578754578754E-0002 -1.39721611721612E+0000
 748 -1.83882783882784E-0002 -1.38190476190476E+0000
 749 -7.96336996336996E-0002 -1.38915750915751E+0000
 750 -1.05421245421245E-0001 -1.39963369963370E+0000
 751 -9.01098901098901E-0002 -1.36417582417582E+0000
 752 -5.38461538461538E-0002 -1.37948717948718E+0000
 753  3.64102564102564E-0002 -1.38271062271062E+0000
 754  8.15384615384615E-0002 -1.39157509157509E+0000
 755  1.30695970695971E-0001 -1.40446886446886E+0000
 756  9.52380952380952E-0002 -1.38754578754579E+0000
 757  4.76923076923077E-0002 -1.35772893772894E+0000
 758 -1.19413919413919E-0002 -1.38593406593407E+0000
 759 -5.94871794871795E-0002 -1.36498168498168E+0000
 760 -1.07032967032967E-0001 -1.37787545787546E+0000
 761 -1.09450549450549E-0001 -1.40043956043956E+0000
 762 -6.51282051282051E-0002 -1.36659340659341E+0000
 763 -2.27106227106227E-0003 -1.37384615384615E+0000
 764  5.97802197802198E-0002 -1.37787545787546E+0000
 765  1.00073260073260E-0001 -1.39641025641026E+0000
 766  1.16996336996337E-0001 -1.40205128205128E+0000
 767  7.42857142857143E-0002 -1.37868131868132E+0000
 768  1.54578754578754E-0002 -1.40608058608059E+0000
 769 -5.70695970695971E-0002 -1.39721611721612E+0000
 770 -1.02197802197802E-0001 -1.37948717948718E+0000
 771 -1.08644688644688E-0001 -1.40366300366300E+0000
 772 -7.96336996336996E-0002 -1.36820512820513E+0000
 773 -4.25641025641026E-0002 -1.38593406593407E+0000
 774  3.72161172161172E-0002 -1.38512820512821E+0000
 775  9.84615384615385E-0002 -1.40446886446886E+0000
 776  1.17802197802197E-0001 -1.37223443223443E+0000
 777  9.04029304029304E-0002 -1.40043956043956E+0000
 778  4.20512820512821E-0002 -1.37787545787546E+0000
 779 -2.24175824175824E-0002 -1.40527472527473E+0000
 780 -8.36630036630037E-0002 -1.38190476190476E+0000
 781 -1.05421245421245E-0001 -1.39641025641026E+0000
 782 -8.04395604395604E-0002 -1.37787545787546E+0000
 783 -6.10989010989011E-0002 -1.38835164835165E+0000
 784  2.56410256410256E-0003 -1.39479853479853E+0000
 785  6.38095238095238E-0002 -1.39963369963370E+0000
 786  1.13772893772893E-0001 -1.37465201465201E+0000
 787  1.10549450549450E-0001 -1.38835164835165E+0000
 788  7.42857142857143E-0002 -1.40769230769231E+0000
 789  1.75824175824176E-0003 -1.37948717948718E+0000
 790 -5.54578754578755E-0002 -1.39802197802198E+0000
 791 -1.01391941391941E-0001 -1.37062271062271E+0000
 792 -9.73626373626374E-0002 -1.38351648351648E+0000
 793 -5.70695970695971E-0002 -1.36256410256410E+0000
 794 -3.04761904761905E-0002 -1.40930402930403E+0000
 795  4.68864468864469E-0002 -1.36981684981685E+0000
 796  1.20219780219780E-0001 -1.38512820512821E+0000
 797  1.26666666666667E-0001 -1.39076923076923E+0000
 798  7.42857142857143E-0002 -1.37062271062271E+0000
 799  4.12454212454212E-0002 -1.37304029304029E+0000
 800 -5.38461538461538E-0002 -1.40769230769231E+0000
 801 -9.09157509157509E-0002 -1.37626373626374E+0000
 802 -1.11062271062271E-0001 -1.39157509157509E+0000
 803 -8.60805860805861E-0002 -1.39399267399267E+0000
 804 -3.36996336996337E-0002 -1.38996336996337E+0000
 805  8.20512820512821E-0003 -1.39318681318681E+0000
 806  7.26739926739927E-0002 -1.39963369963370E+0000
 807  1.04908424908424E-0001 -1.38351648351648E+0000
 808  1.09743589743589E-0001 -1.39238095238095E+0000
 809  5.89743589743590E-0002 -1.37626373626374E+0000
 810  8.20512820512821E-0003 -1.38673992673993E+0000
 811 -5.70695970695971E-0002 -1.36659340659341E+0000
 812 -1.12673992673992E-0001 -1.38915750915751E+0000
 813 -9.73626373626374E-0002 -1.38996336996337E+0000
 814 -6.35164835164835E-0002 -1.39963369963370E+0000
 815  4.17582417582418E-0003 -1.39076923076923E+0000
 816  3.39926739926740E-0002 -1.39479853479853E+0000
 817  1.14578754578754E-0001 -1.40527472527473E+0000
 818  1.30695970695971E-0001 -1.37868131868132E+0000
 819  9.36263736263736E-0002 -1.41172161172161E+0000
 820  4.60805860805861E-0002 -1.39157509157509E+0000
 821 -2.80586080586081E-0002 -1.38190476190476E+0000
 822 -9.09157509157509E-0002 -1.38673992673993E+0000
 823 -1.16703296703296E-0001 -1.36417582417582E+0000
 824 -7.96336996336996E-0002 -1.36659340659341E+0000
 825 -1.83882783882784E-0002 -1.38593406593407E+0000
 826  4.84981684981685E-0002 -1.37062271062271E+0000
 827  7.83150183150183E-0002 -1.38109890109890E+0000
 828  1.12161172161172E-0001 -1.39721611721612E+0000
 829  9.36263736263736E-0002 -1.41736263736264E+0000
 830  6.62271062271062E-0002 -1.40446886446886E+0000
 831 -2.27106227106227E-0003 -1.38996336996337E+0000
 832 -7.07692307692308E-0002 -1.41010989010989E+0000
 833 -1.02197802197802E-0001 -1.38673992673993E+0000
 834 -9.09157509157509E-0002 -1.40366300366300E+0000
 835 -4.98168498168498E-0002 -1.36901098901099E+0000
 836  1.06227106227106E-0002 -1.36336996336996E+0000
 837  7.58974358974359E-0002 -1.37868131868132E+0000
 838  1.00879120879120E-0001 -1.39882783882784E+0000
 839  1.09743589743589E-0001 -1.36417582417582E+0000
 840  8.71794871794872E-0002 -1.38432234432234E+0000
 841  2.83516483516484E-0002 -1.39802197802198E+0000
 842 -3.77289377289377E-0002 -1.38029304029304E+0000
 843 -8.84981684981685E-0002 -1.39882783882784E+0000
 844 -1.05421245421245E-0001 -1.37706959706960E+0000
 845 -7.96336996336996E-0002 -1.38029304029304E+0000
 846 -1.19413919413919E-0002 -1.40688644688645E+0000
 847  5.57509157509158E-0002 -1.37868131868132E+0000
 848  1.00879120879120E-0001 -1.39882783882784E+0000
 849  1.17802197802197E-0001 -1.38754578754579E+0000
 850  1.16190476190476E-0001 -1.41010989010989E+0000
 851  6.86446886446886E-0002 -1.38512820512821E+0000
 852 -5.49450549450549E-0003 -1.40688644688645E+0000
 853 -7.31868131868132E-0002 -1.39238095238095E+0000
 854 -1.03003663003663E-0001 -1.41091575091575E+0000
 855 -9.89743589743590E-0002 -1.38915750915751E+0000
 856 -3.28937728937729E-0002 -1.38996336996337E+0000
 857  2.51282051282051E-0002 -1.39641025641026E+0000
 858  8.07326007326007E-0002 -1.40608058608059E+0000
 859  1.12967032967033E-0001 -1.39882783882784E+0000
 860  1.26666666666667E-0001 -1.36820512820513E+0000
 861  9.20146520146520E-0002 -1.40043956043956E+0000
 862  2.10989010989011E-0002 -1.37384615384615E+0000
 863 -4.90109890109890E-0002 -1.40366300366300E+0000
 864 -8.52747252747253E-0002 -1.37304029304029E+0000
 865 -1.11062271062271E-0001 -1.39882783882784E+0000
 866 -7.96336996336996E-0002 -1.36739926739927E+0000
 867 -1.51648351648351E-0002 -1.39157509157509E+0000
 868  4.76923076923077E-0002 -1.39721611721612E+0000
 869  1.09743589743589E-0001 -1.37626373626374E+0000
 870  1.16190476190476E-0001 -1.39641025641026E+0000
 871  1.03296703296703E-0001 -1.40446886446886E+0000
 872  6.05860805860806E-0002 -1.38512820512821E+0000
 873 -8.71794871794872E-0003 -1.40124542124542E+0000
 874 -7.47985347985348E-0002 -1.41252747252747E+0000
 875 -1.10256410256410E-0001 -1.39157509157509E+0000
 876 -1.13479853479853E-0001 -1.36014652014652E+0000
 877 -5.06227106227106E-0002 -1.41494505494505E+0000
 878  3.23809523809524E-0002 -1.38271062271062E+0000
 879  8.31501831501832E-0002 -1.38754578754579E+0000
 880  1.15384615384615E-0001 -1.40930402930403E+0000
 881  1.21025641025641E-0001 -1.38996336996337E+0000
 882  7.83150183150183E-0002 -1.36739926739927E+0000
 883  3.23809523809524E-0002 -1.38432234432234E+0000
 884 -5.38461538461538E-0002 -1.40849816849817E+0000
 885 -9.17216117216117E-0002 -1.37787545787546E+0000
 886 -1.17509157509157E-0001 -1.40366300366300E+0000
 887 -8.04395604395604E-0002 -1.36417582417582E+0000
 888 -1.43589743589743E-0002 -1.36901098901099E+0000
 889  5.41391941391941E-0002 -1.36578754578755E+0000
 890  1.00879120879120E-0001 -1.37545787545788E+0000
 891  1.12967032967033E-0001 -1.37142857142857E+0000
 892  1.20219780219780E-0001 -1.39721611721612E+0000
 893  3.31868131868132E-0002 -1.38432234432234E+0000
 894 -2.48351648351648E-0002 -1.39479853479853E+0000
 895 -6.75457875457875E-0002 -1.41091575091575E+0000
 896 -1.04615384615384E-0001 -1.38996336996337E+0000
 897 -8.76923076923077E-0002 -1.39560439560440E+0000
 898 -4.73992673992674E-0002 -1.39882783882784E+0000
 899  9.81684981684982E-0003 -1.36256410256410E+0000
 900  8.55677655677656E-0002 -1.40205128205128E+0000
 901  1.16996336996337E-0001 -1.37304029304029E+0000
 902  9.68498168498168E-0002 -1.40285714285714E+0000
 903  3.88278388278388E-0002 -1.37868131868132E+0000
 904 -6.30036630036630E-0003 -1.40527472527473E+0000
 905 -4.82051282051282E-0002 -1.40205128205128E+0000
 906 -9.81684981684982E-0002 -1.37062271062271E+0000
 907 -1.08644688644688E-0001 -1.38271062271062E+0000
 908 -8.60805860805861E-0002 -1.38432234432234E+0000
 909 -5.49450549450549E-0003 -1.39963369963370E+0000
 910  3.07692307692308E-0002 -1.36336996336996E+0000
 911  9.20146520146520E-0002 -1.37626373626374E+0000
 912  1.19413919413919E-0001 -1.38190476190476E+0000
 913  8.15384615384615E-0002 -1.38673992673993E+0000
 914  2.56410256410256E-0003 -1.36175824175824E+0000
 915 -5.38461538461538E-0002 -1.39963369963370E+0000
 916 -8.12454212454212E-0002 -1.37384615384615E+0000
 917 -1.04615384615384E-0001 -1.39963369963370E+0000
 918 -1.27179487179487E-0001 -1.36901098901099E+0000
 919 -5.22344322344322E-0002 -1.37787545787546E+0000
 920  3.31868131868132E-0002 -1.38029304029304E+0000
 921  9.28205128205128E-0002 -1.39641025641026E+0000
 922  1.17802197802197E-0001 -1.35853479853480E+0000
 923  1.06520146520146E-0001 -1.37062271062271E+0000
 924  4.68864468864469E-0002 -1.37787545787546E+0000
 925 -2.40293040293040E-0002 -1.40205128205128E+0000
 926 -8.36630036630037E-0002 -1.39076923076923E+0000
 927 -1.07032967032967E-0001 -1.39641025641026E+0000
 928 -1.05421245421245E-0001 -1.37142857142857E+0000
 929 -6.27106227106227E-0002 -1.37384615384615E+0000
 930  4.17582417582418E-0003 -1.39560439560440E+0000
 931  4.93040293040293E-0002 -1.39963369963370E+0000
 932  9.76556776556777E-0002 -1.38271062271062E+0000
 933  1.21831501831501E-0001 -1.38915750915751E+0000
 934  7.34798534798535E-0002 -1.41252747252747E+0000
 935  1.22344322344322E-0002 -1.39479853479853E+0000
 936 -5.38461538461538E-0002 -1.37142857142857E+0000
 937 -9.81684981684982E-0002 -1.39802197802198E+0000
 938 -1.05421245421245E-0001 -1.37465201465201E+0000
 939 -8.84981684981685E-0002 -1.38512820512821E+0000
 940 -3.69230769230769E-0002 -1.40205128205128E+0000
 941  2.99633699633700E-0002 -1.35853479853480E+0000
 942  9.12087912087912E-0002 -1.40930402930403E+0000
 943  1.25860805860806E-0001 -1.38109890109890E+0000
 944  1.07326007326007E-0001 -1.40608058608059E+0000
 945  3.96336996336996E-0002 -1.39238095238095E+0000
 946 -2.32234432234432E-0002 -1.36981684981685E+0000
 947 -7.47985347985348E-0002 -1.39318681318681E+0000
 948 -1.05421245421245E-0001 -1.36336996336996E+0000
 949 -1.05421245421245E-0001 -1.37706959706960E+0000
 950 -6.99633699633700E-0002 -1.37465201465201E+0000
 951  7.39926739926740E-0003 -1.40043956043956E+0000
 952  6.21978021978022E-0002 -1.35934065934066E+0000
 953  1.08937728937728E-0001 -1.37868131868132E+0000
 954  1.10549450549450E-0001 -1.39479853479853E+0000
 955  7.10622710622711E-0002 -1.36256410256410E+0000
 956  1.78754578754579E-0002 -1.41575091575092E+0000
 957 -5.86813186813187E-0002 -1.41010989010989E+0000
 958 -9.97802197802198E-0002 -1.39076923076923E+0000
 959 -9.65567765567766E-0002 -1.40446886446886E+0000
 960 -1.15091575091575E-0001 -1.36739926739927E+0000
 961 -3.36996336996337E-0002 -1.38754578754579E+0000
 962  4.44688644688645E-0002 -1.39882783882784E+0000
 963  1.02490842490842E-0001 -1.37465201465201E+0000
 964  9.68498168498168E-0002 -1.38754578754579E+0000
 965  1.00879120879120E-0001 -1.41655677655678E+0000
 966  3.96336996336996E-0002 -1.39560439560440E+0000
 967 -4.09523809523810E-0002 -1.37706959706960E+0000
 968 -5.54578754578755E-0002 -1.39802197802198E+0000
 969 -9.89743589743590E-0002 -1.36578754578755E+0000
 970 -1.07032967032967E-0001 -1.38835164835165E+0000
 971 -6.10989010989011E-0002 -1.37868131868132E+0000
 972  1.06227106227106E-0002 -1.39076923076923E+0000
 973  5.89743589743590E-0002 -1.40205128205128E+0000
 974  1.17802197802197E-0001 -1.36981684981685E+0000
 975  1.12161172161172E-0001 -1.36739926739927E+0000
 976  7.50915750915751E-0002 -1.39641025641026E+0000
 977  3.36996336996337E-0003 -1.36095238095238E+0000
 978 -5.78754578754579E-0002 -1.40043956043956E+0000
 979 -8.28571428571429E-0002 -1.38593406593407E+0000
 980 -1.17509157509157E-0001 -1.40608058608059E+0000
 981 -8.44688644688645E-0002 -1.38190476190476E+0000
 982 -2.48351648351648E-0002 -1.38915750915751E+0000
 983  4.20512820512821E-0002 -1.38432234432234E+0000
 984  9.44322344322344E-0002 -1.39882783882784E+0000
 985  1.24249084249084E-0001 -1.37706959706960E+0000
 986  8.95970695970696E-0002 -1.39238095238095E+0000
 987  1.62637362637363E-0002 -1.37062271062271E+0000
 988 -3.28937728937729E-0002 -1.39479853479853E+0000
 989 -6.75457875457875E-0002 -1.37304029304029E+0000
 990 -1.05421245421245E-0001 -1.38109890109890E+0000
 991 -1.32014652014652E-0001 -1.40688644688645E+0000
 992 -6.19047619047619E-0002 -1.36256410256410E+0000
 993  8.20512820512821E-0003 -1.37384615384615E+0000
 994  6.86446886446886E-0002 -1.38835164835165E+0000
 995  1.10549450549450E-0001 -1.40446886446886E+0000
 996  1.11355311355311E-0001 -1.37465201465201E+0000
 997  6.21978021978022E-0002 -1.40527472527473E+0000
 998  4.17582417582418E-0003 -1.38351648351648E+0000
 999 -6.19047619047619E-0002 -1.38754578754579E+0000
 1000 -1.11062271062271E-0001 -1.36336996336996E+0000
 1001 -1.06227106227106E-0001 -1.39157509157509E+0000
 1002 -8.84981684981685E-0002 -1.39641025641026E+0000
 1003 -2.96703296703297E-0002 -1.40446886446886E+0000
 1004  4.36630036630037E-0002 -1.36578754578755E+0000
 1005  9.60439560439560E-0002 -1.37948717948718E+0000
 1006  1.13772893772893E-0001 -1.39479853479853E+0000
 1007  8.79853479853480E-0002 -1.41494505494505E+0000
 1008  3.31868131868132E-0002 -1.37948717948718E+0000
 1009 -3.12820512820513E-0002 -1.41413919413919E+0000
 1010 -9.01098901098901E-0002 -1.38351648351648E+0000
 1011 -1.10256410256410E-0001 -1.36659340659341E+0000
 1012 -9.49450549450549E-0002 -1.38029304029304E+0000
 1013 -6.02930402930403E-0002 -1.39721611721612E+0000
 1014  1.30402930402930E-0002 -1.36659340659341E+0000
 1015  8.07326007326007E-0002 -1.37142857142857E+0000
 1016  1.10549450549450E-0001 -1.38029304029304E+0000
 1017  1.12967032967033E-0001 -1.40043956043956E+0000
 1018  6.94505494505495E-0002 -1.38351648351648E+0000
 1019 -2.27106227106227E-0003 -1.39479853479853E+0000
 1020 -7.31868131868132E-0002 -1.38593406593407E+0000
 1021 -8.36630036630037E-0002 -1.39882783882784E+0000
 1022 -1.08644688644688E-0001 -1.37384615384615E+0000
 1023 -7.31868131868132E-0002 -1.38109890109890E+0000
 1024 -2.48351648351648E-0002 -1.39479853479853E+0000
 1025  6.21978021978022E-0002 -1.38512820512821E+0000
 1026  9.68498168498168E-0002 -1.40043956043956E+0000
 1027  1.22637362637362E-0001 -1.36659340659341E+0000
 1028  9.60439560439560E-0002 -1.39479853479853E+0000
 1029  2.02930402930403E-0002 -1.40205128205128E+0000
 1030 -4.17582417582418E-0002 -1.38754578754579E+0000
 1031 -6.19047619047619E-0002 -1.37384615384615E+0000
 1032 -1.02197802197802E-0001 -1.39076923076923E+0000
 1033 -9.49450549450549E-0002 -1.36739926739927E+0000
 1034 -4.98168498168498E-0002 -1.37868131868132E+0000
 1035  2.75457875457875E-0002 -1.39641025641026E+0000
 1036  7.50915750915751E-0002 -1.39882783882784E+0000
 1037  1.12161172161172E-0001 -1.36820512820513E+0000
 1038  1.08937728937728E-0001 -1.39560439560440E+0000
 1039  6.21978021978022E-0002 -1.37787545787546E+0000
 1040 -1.19413919413919E-0002 -1.39882783882784E+0000
 1041 -7.47985347985348E-0002 -1.39802197802198E+0000
 1042 -8.93040293040293E-0002 -1.37142857142857E+0000
 1043 -9.97802197802198E-0002 -1.39076923076923E+0000
 1044 -6.91575091575092E-0002 -1.38512820512821E+0000
 1045 -1.67765567765568E-0002 -1.40043956043956E+0000
 1046  4.60805860805861E-0002 -1.36659340659341E+0000
 1047  9.92673992673993E-0002 -1.37948717948718E+0000
 1048  1.05714285714285E-0001 -1.39641025641026E+0000
 1049  7.83150183150183E-0002 -1.38835164835165E+0000
 1050  2.43223443223443E-0002 -1.38271062271062E+0000
 1051 -4.49816849816850E-0002 -1.36820512820513E+0000
 1052 -7.47985347985348E-0002 -1.38835164835165E+0000
 1053 -1.05421245421245E-0001 -1.39963369963370E+0000
 1054 -1.05421245421245E-0001 -1.37465201465201E+0000
 1055 -5.38461538461538E-0002 -1.38109890109890E+0000
 1056  2.10989010989011E-0002 -1.40285714285714E+0000
 1057  8.87912087912088E-0002 -1.36981684981685E+0000
 1058  1.20219780219780E-0001 -1.37304029304029E+0000
 1059  1.06520146520146E-0001 -1.39479853479853E+0000
 1060  6.05860805860806E-0002 -1.36901098901099E+0000
 1061 -1.35531135531135E-0002 -1.38029304029304E+0000
 1062 -6.43223443223443E-0002 -1.41816849816850E+0000
 1063 -9.73626373626374E-0002 -1.39076923076923E+0000
 1064 -9.73626373626374E-0002 -1.41575091575092E+0000
 1065 -7.31868131868132E-0002 -1.37545787545788E+0000
 1066 -5.49450549450549E-0003 -1.38593406593407E+0000
 1067  6.05860805860806E-0002 -1.38673992673993E+0000
 1068  1.07326007326007E-0001 -1.40366300366300E+0000
 1069  1.06520146520146E-0001 -1.37706959706960E+0000
 1070  8.07326007326007E-0002 -1.40124542124542E+0000
 1071  2.43223443223443E-0002 -1.36417582417582E+0000
 1072 -5.06227106227106E-0002 -1.37787545787546E+0000
 1073 -9.25274725274725E-0002 -1.38351648351648E+0000
 1074 -1.03003663003663E-0001 -1.36981684981685E+0000
 1075 -1.05421245421245E-0001 -1.38190476190476E+0000
 1076 -4.73992673992674E-0002 -1.37384615384615E+0000
 1077  2.35164835164835E-0002 -1.38512820512821E+0000
 1078  7.91208791208791E-0002 -1.39721611721612E+0000
 1079  1.17802197802197E-0001 -1.36739926739927E+0000
 1080  1.04102564102564E-0001 -1.38109890109890E+0000
 1081  5.73626373626374E-0002 -1.39721611721612E+0000
 1082 -1.59706959706960E-0002 -1.38512820512821E+0000
 1083 -7.72161172161172E-0002 -1.40446886446886E+0000
 1084 -1.05421245421245E-0001 -1.38351648351648E+0000
 1085 -8.84981684981685E-0002 -1.36901098901099E+0000
 1086 -6.02930402930403E-0002 -1.36095238095238E+0000
 1087  9.01098901098901E-0003 -1.38271062271062E+0000
 1088  6.05860805860806E-0002 -1.37948717948718E+0000
 1089  1.07326007326007E-0001 -1.40527472527473E+0000
 1090  1.11355311355311E-0001 -1.37465201465201E+0000
 1091  8.47619047619048E-0002 -1.40043956043956E+0000
 1092  1.30402930402930E-0002 -1.37545787545788E+0000
 1093 -6.35164835164835E-0002 -1.40043956043956E+0000
 1094 -9.73626373626374E-0002 -1.36739926739927E+0000
 1095 -1.04615384615384E-0001 -1.39802197802198E+0000
 1096 -4.73992673992674E-0002 -1.37706959706960E+0000
 1097 -3.69230769230769E-0002 -1.38673992673993E+0000
 1098  3.47985347985348E-0002 -1.39963369963370E+0000
 1099  9.12087912087912E-0002 -1.37706959706960E+0000
 1100  1.19413919413919E-0001 -1.38835164835165E+0000
 1101  1.00879120879120E-0001 -1.39882783882784E+0000
 1102  2.99633699633700E-0002 -1.38673992673993E+0000
 1103 -2.40293040293040E-0002 -1.40688644688645E+0000
 1104 -9.17216117216117E-0002 -1.38673992673993E+0000
 1105 -1.05421245421245E-0001 -1.40366300366300E+0000
 1106 -9.17216117216117E-0002 -1.37062271062271E+0000
 1107 -4.09523809523810E-0002 -1.39479853479853E+0000
 1108 -5.49450549450549E-0003 -1.40527472527473E+0000
 1109  5.57509157509158E-0002 -1.36739926739927E+0000
 1110  1.08131868131868E-0001 -1.38996336996337E+0000
 1111  1.28278388278388E-0001 -1.39076923076923E+0000
 1112  8.87912087912088E-0002 -1.41655677655678E+0000
 1113  1.06227106227106E-0002 -1.40285714285714E+0000
 1114 -1.03296703296703E-0002 -1.37787545787546E+0000
 1115 -8.68864468864469E-0002 -1.40124542124542E+0000
 1116 -9.97802197802198E-0002 -1.41655677655678E+0000
 1117 -1.05421245421245E-0001 -1.38835164835165E+0000
 1118  1.75824175824176E-0003 -1.39399267399267E+0000
 1119  2.91575091575092E-0002 -1.36981684981685E+0000
