 0  2.51282051282051E-0002 -1.41978021978022E+0000
 1  2.02930402930403E-0002 -1.43912087912088E+0000
 2  2.75457875457875E-0002 -1.42945054945055E+0000
 3  3.64102564102564E-0002 -1.40366300366300E+0000
 4  4.44688644688645E-0002 -1.39963369963370E+0000
 5  4.20512820512821E-0002 -1.41816849816850E+0000
 6  4.12454212454212E-0002 -1.40366300366300E+0000
 7  4.52747252747253E-0002 -1.37384615384615E+0000
 8  5.57509157509158E-0002 -1.41575091575092E+0000
 9  5.65567765567766E-0002 -1.42380952380952E+0000
 10  5.89743589743590E-0002 -1.41010989010989E+0000
 11  5.89743589743590E-0002 -1.38915750915751E+0000
 12  7.34798534798535E-0002 -1.37626373626374E+0000
 13  7.42857142857143E-0002 -1.42461538461538E+0000
 14  7.67032967032967E-0002 -1.41091575091575E+0000
 15  8.07326007326007E-0002 -1.38673992673993E+0000
 16  8.63736263736264E-0002 -1.38432234432234E+0000
 17  8.23443223443223E-0002 -1.39560439560440E+0000
 18  8.79853479853480E-0002 -1.36981684981685E+0000
 19  9.52380952380952E-0002 -1.37465201465201E+0000
 20  6.78388278388278E-0002 -1.42058608058608E+0000
 21  1.03296703296703E-0001 -1.43428571428571E+0000
 22  1.07326007326007E-0001 -1.40849816849817E+0000
 23  1.07326007326007E-0001 -1.37626373626374E+0000
 24  1.09743589743589E-0001 -1.41091575091575E+0000
 25  1.16190476190476E-0001 -1.42622710622711E+0000
 26  1.12967032967033E-0001 -1.41575091575092E+0000
 27  9.76556776556777E-0002 -1.38673992673993E+0000
 28  1.16190476190476E-0001 -1.38754578754579E+0000
 29  1.14578754578754E-0001 -1.40446886446886E+0000
 30  1.13772893772893E-0001 -1.38673992673993E+0000
 31  1.22637362637362E-0001 -1.36014652014652E+0000
 32  1.20219780219780E-0001 -1.40205128205128E+0000
 33  1.25860805860806E-0001 -1.40930402930403E+0000
 34  1.33113553113553E-0001 -1.38673992673993E+0000
 35  1.26666666666667E-0001 -1.35934065934066E+0000
 36  1.44395604395604E-0001 -1.39802197802198E+0000
 37  1.26666666666667E-0001 -1.41091575091575E+0000
 38  1.32307692307692E-0001 -1.39157509157509E+0000
 39  1.33113553113553E-0001 -1.36175824175824E+0000
 40  1.39560439560440E-0001 -1.40769230769231E+0000
 41  1.33919413919414E-0001 -1.41172161172161E+0000
 42  1.52454212454212E-0001 -1.39318681318681E+0000
 43  1.36336996336996E-0001 -1.36901098901099E+0000
 44  1.35531135531136E-0001 -1.40285714285714E+0000
 45  1.36336996336996E-0001 -1.41172161172161E+0000
 46  1.34725274725275E-0001 -1.40124542124542E+0000
 47  1.40366300366300E-0001 -1.36417582417582E+0000
 48  1.36336996336996E-0001 -1.40043956043956E+0000
 49  1.33919413919414E-0001 -1.41655677655678E+0000
 50  1.36336996336996E-0001 -1.39641025641026E+0000
 51  1.34725274725275E-0001 -1.36498168498168E+0000
 52  1.31501831501832E-0001 -1.40527472527473E+0000
 53  1.37142857142857E-0001 -1.41413919413919E+0000
 54  1.38754578754579E-0001 -1.38915750915751E+0000
 55  1.33919413919414E-0001 -1.35531135531136E+0000
 56  1.31501831501832E-0001 -1.39882783882784E+0000
 57  1.21831501831501E-0001 -1.41575091575092E+0000
 58  1.33919413919414E-0001 -1.38996336996337E+0000
 59  1.21025641025641E-0001 -1.36014652014652E+0000
 60  1.25860805860806E-0001 -1.40043956043956E+0000
 61  1.22637362637362E-0001 -1.42058608058608E+0000
 62  1.11355311355311E-0001 -1.39318681318681E+0000
 63  1.17802197802197E-0001 -1.36901098901099E+0000
 64  1.24249084249084E-0001 -1.40527472527473E+0000
 65  1.08937728937728E-0001 -1.41897435897436E+0000
 66  1.16996336996337E-0001 -1.40043956043956E+0000
 67  1.12161172161172E-0001 -1.37626373626374E+0000
 68  1.12967032967033E-0001 -1.40527472527473E+0000
 69  1.11355311355311E-0001 -1.42380952380952E+0000
 70  1.04102564102564E-0001 -1.40688644688645E+0000
 71  9.28205128205128E-0002 -1.38190476190476E+0000
 72  1.07326007326007E-0001 -1.37706959706960E+0000
 73  9.20146520146520E-0002 -1.42542124542125E+0000
 74  8.31501831501832E-0002 -1.40769230769231E+0000
 75  8.63736263736264E-0002 -1.37465201465201E+0000
 76  7.58974358974359E-0002 -1.42461538461538E+0000
 77  8.07326007326007E-0002 -1.43106227106227E+0000
 78  7.26739926739927E-0002 -1.41655677655678E+0000
 79  7.42857142857143E-0002 -1.38996336996337E+0000
 80  7.91208791208791E-0002 -1.38915750915751E+0000
 81  7.50915750915751E-0002 -1.39399267399267E+0000
 82  6.86446886446886E-0002 -1.37384615384615E+0000
 83  5.57509157509158E-0002 -1.38915750915751E+0000
 84  5.97802197802198E-0002 -1.38915750915751E+0000
 85  5.33333333333333E-0002 -1.39479853479853E+0000
 86  5.25274725274725E-0002 -1.35772893772894E+0000
 87  3.31868131868132E-0002 -1.37868131868132E+0000
 88  2.99633699633700E-0002 -1.42058608058608E+0000
 89  4.04395604395604E-0002 -1.43186813186813E+0000
 90  2.35164835164835E-0002 -1.41091575091575E+0000
 91  2.75457875457875E-0002 -1.38754578754579E+0000
 92  2.59340659340659E-0002 -1.39560439560440E+0000
 93  1.94871794871795E-0002 -1.39963369963370E+0000
 94  1.94871794871795E-0002 -1.37948717948718E+0000
 95  1.14285714285714E-0002 -1.39882783882784E+0000
 96  1.22344322344322E-0002 -1.40205128205128E+0000
 97 -2.27106227106227E-0003 -1.40930402930403E+0000
 98  9.52380952380952E-0004 -1.38190476190476E+0000
 99 -8.71794871794872E-0003 -1.34886446886447E+0000
 100 -2.08058608058608E-0002 -1.39479853479853E+0000
 101 -2.08058608058608E-0002 -1.40124542124542E+0000
 102 -2.16117216117216E-0002 -1.36981684981685E+0000
 103 -4.09523809523810E-0002 -1.38754578754579E+0000
 104 -2.16117216117216E-0002 -1.38996336996337E+0000
 105 -3.04761904761905E-0002 -1.39721611721612E+0000
 106 -3.53113553113553E-0002 -1.36981684981685E+0000
 107 -4.25641025641026E-0002 -1.37948717948718E+0000
 108 -4.65934065934066E-0002 -1.42864468864469E+0000
 109 -4.57875457875458E-0002 -1.44073260073260E+0000
 110 -5.54578754578755E-0002 -1.41575091575092E+0000
 111 -5.54578754578755E-0002 -1.38835164835165E+0000
 112 -6.75457875457875E-0002 -1.38673992673993E+0000
 113 -5.94871794871795E-0002 -1.40205128205128E+0000
 114 -7.47985347985348E-0002 -1.36981684981685E+0000
 115 -6.59340659340659E-0002 -1.37706959706960E+0000
 116 -7.39926739926740E-0002 -1.42139194139194E+0000
 117 -7.56043956043956E-0002 -1.42945054945055E+0000
 118 -7.96336996336996E-0002 -1.40769230769231E+0000
 119 -6.91575091575092E-0002 -1.36498168498168E+0000
 120 -7.72161172161172E-0002 -1.41575091575092E+0000
 121 -9.57509157509158E-0002 -1.42622710622711E+0000
 122 -9.17216117216117E-0002 -1.40608058608059E+0000
 123 -9.41391941391941E-0002 -1.38432234432234E+0000
 124 -9.01098901098901E-0002 -1.38835164835165E+0000
 125 -9.89743589743590E-0002 -1.39318681318681E+0000
 126 -1.02197802197802E-0001 -1.36901098901099E+0000
 127 -1.05421245421245E-0001 -1.37626373626374E+0000
 128 -9.89743589743590E-0002 -1.41736263736264E+0000
 129 -1.09450549450549E-0001 -1.42945054945055E+0000
 130 -1.11868131868131E-0001 -1.40527472527473E+0000
 131 -1.14285714285714E-0001 -1.38432234432234E+0000
 132 -1.14285714285714E-0001 -1.39157509157509E+0000
 133 -1.18315018315018E-0001 -1.40043956043956E+0000
 134 -1.19926739926739E-0001 -1.37948717948718E+0000
 135 -1.19926739926739E-0001 -1.39721611721612E+0000
 136 -1.10256410256410E-0001 -1.40205128205128E+0000
 137 -1.24761904761904E-0001 -1.41010989010989E+0000
 138 -1.23956043956044E-0001 -1.38190476190476E+0000
 139 -1.21538461538461E-0001 -1.35047619047619E+0000
 140 -1.23956043956044E-0001 -1.38673992673993E+0000
 141 -1.27179487179487E-0001 -1.39963369963370E+0000
 142 -1.34432234432234E-0001 -1.38190476190476E+0000
 143 -1.27985347985348E-0001 -1.34644688644689E+0000
 144 -1.32820512820513E-0001 -1.39318681318681E+0000
 145 -1.31208791208791E-0001 -1.40446886446886E+0000
 146 -1.21538461538461E-0001 -1.37142857142857E+0000
 147 -1.28791208791209E-0001 -1.38915750915751E+0000
 148 -1.21538461538461E-0001 -1.39076923076923E+0000
 149 -1.23956043956044E-0001 -1.39721611721612E+0000
 150 -1.11062271062271E-0001 -1.37062271062271E+0000
 151 -1.36043956043956E-0001 -1.38351648351648E+0000
 152 -1.31208791208791E-0001 -1.38835164835165E+0000
 153 -1.12673992673992E-0001 -1.39560439560440E+0000
 154 -1.20732600732600E-0001 -1.35611721611722E+0000
 155 -1.24761904761904E-0001 -1.36498168498168E+0000
 156 -1.12673992673992E-0001 -1.41333333333333E+0000
 157 -1.15091575091575E-0001 -1.42622710622711E+0000
 158 -1.18315018315018E-0001 -1.40446886446886E+0000
 159 -1.15091575091575E-0001 -1.38271062271062E+0000
 160 -1.10256410256410E-0001 -1.38271062271062E+0000
 161 -1.18315018315018E-0001 -1.38432234432234E+0000
 162 -1.01391941391941E-0001 -1.35289377289377E+0000
 163 -1.09450549450549E-0001 -1.36901098901099E+0000
 164 -9.33333333333333E-0002 -1.40769230769231E+0000
 165 -1.15091575091575E-0001 -1.41333333333333E+0000
 166 -9.73626373626374E-0002 -1.38915750915751E+0000
 167 -1.05421245421245E-0001 -1.36095238095238E+0000
 168 -8.84981684981685E-0002 -1.41413919413919E+0000
 169 -8.52747252747253E-0002 -1.41494505494505E+0000
 170 -9.89743589743590E-0002 -1.38432234432234E+0000
 171 -9.33333333333333E-0002 -1.35934065934066E+0000
 172 -8.28571428571429E-0002 -1.40608058608059E+0000
 173 -7.96336996336996E-0002 -1.41575091575092E+0000
 174 -6.99633699633700E-0002 -1.38432234432234E+0000
 175 -8.04395604395604E-0002 -1.36175824175824E+0000
 176 -1.07838827838827E-0001 -1.41736263736264E+0000
 177 -7.23809523809524E-0002 -1.42542124542125E+0000
 178 -5.78754578754579E-0002 -1.39963369963370E+0000
 179 -5.54578754578755E-0002 -1.38190476190476E+0000
 180 -5.62637362637363E-0002 -1.38432234432234E+0000
 181 -4.90109890109890E-0002 -1.38915750915751E+0000
 182 -4.25641025641026E-0002 -1.35289377289377E+0000
 183 -5.38461538461538E-0002 -1.36981684981685E+0000
 184 -4.09523809523810E-0002 -1.41172161172161E+0000
 185 -4.41758241758242E-0002 -1.42139194139194E+0000
 186 -3.36996336996337E-0002 -1.39157509157509E+0000
 187 -3.36996336996337E-0002 -1.36981684981685E+0000
 188 -2.00000000000000E-0002 -1.41172161172161E+0000
 189 -5.38461538461538E-0002 -1.42461538461538E+0000
 190 -2.16117216117216E-0002 -1.39963369963370E+0000
 191 -2.16117216117216E-0002 -1.38271062271062E+0000
 192  4.17582417582418E-0003 -1.37626373626374E+0000
 193 -6.59340659340659E-0004 -1.41816849816850E+0000
 194  1.46520146520147E-0004 -1.39318681318681E+0000
 195 -3.07692307692308E-0003 -1.37545787545788E+0000
 196  3.36996336996337E-0003 -1.41736263736264E+0000
 197  1.38461538461538E-0002 -1.42461538461538E+0000
 198  5.78754578754579E-0003 -1.40043956043956E+0000
 199  1.86813186813187E-0002 -1.38432234432234E+0000
 200  2.43223443223443E-0002 -1.39076923076923E+0000
 201  3.23809523809524E-0002 -1.39399267399267E+0000
 202  2.99633699633700E-0002 -1.36739926739927E+0000
 203  3.31868131868132E-0002 -1.38915750915751E+0000
 204  4.36630036630037E-0002 -1.39399267399267E+0000
 205  4.68864468864469E-0002 -1.40527472527473E+0000
 206  5.09157509157509E-0002 -1.37465201465201E+0000
 207  4.04395604395604E-0002 -1.40124542124542E+0000
 208  4.52747252747253E-0002 -1.40205128205128E+0000
 209  1.06227106227106E-0002 -1.41252747252747E+0000
 210  6.70329670329670E-0002 -1.38190476190476E+0000
 211  6.62271062271062E-0002 -1.35369963369963E+0000
 212  7.02564102564103E-0002 -1.40285714285714E+0000
 213  7.02564102564103E-0002 -1.40608058608059E+0000
 214  8.15384615384615E-0002 -1.37706959706960E+0000
 215  8.55677655677656E-0002 -1.39479853479853E+0000
 216  8.79853479853480E-0002 -1.39076923076923E+0000
 217  8.55677655677656E-0002 -1.40205128205128E+0000
 218  9.76556776556777E-0002 -1.36336996336996E+0000
 219  9.84615384615385E-0002 -1.37787545787546E+0000
 220  8.63736263736264E-0002 -1.43670329670330E+0000
 221  1.00073260073260E-0001 -1.43750915750916E+0000
 222  1.01684981684981E-0001 -1.42058608058608E+0000
 223  1.16996336996337E-0001 -1.39238095238095E+0000
 224  1.11355311355311E-0001 -1.40527472527473E+0000
 225  1.24249084249084E-0001 -1.40769230769231E+0000
 226  1.13772893772893E-0001 -1.37304029304029E+0000
 227  1.30695970695971E-0001 -1.39479853479853E+0000
 228  1.19413919413919E-0001 -1.39721611721612E+0000
 229  1.21831501831501E-0001 -1.39882783882784E+0000
 230  1.29890109890110E-0001 -1.37142857142857E+0000
 231  1.25860805860806E-0001 -1.39318681318681E+0000
 232  1.27472527472527E-0001 -1.40366300366300E+0000
 233  1.25860805860806E-0001 -1.40688644688645E+0000
 234  1.28278388278388E-0001 -1.38109890109890E+0000
 235  1.24249084249084E-0001 -1.40769230769231E+0000
 236  1.25054945054945E-0001 -1.41494505494505E+0000
 237  1.44395604395604E-0001 -1.40366300366300E+0000
 238  1.35531135531136E-0001 -1.37706959706960E+0000
 239  1.35531135531136E-0001 -1.39641025641026E+0000
 240  1.49230769230769E-0001 -1.40124542124542E+0000
 241  1.36336996336996E-0001 -1.39721611721612E+0000
 242  1.46007326007326E-0001 -1.36820512820513E+0000
 243  1.43589743589744E-0001 -1.39238095238095E+0000
 244  1.37142857142857E-0001 -1.40366300366300E+0000
 245  1.20219780219780E-0001 -1.41252747252747E+0000
 246  1.39560439560440E-0001 -1.38109890109890E+0000
 247  1.45201465201465E-0001 -1.40930402930403E+0000
 248  1.33113553113553E-0001 -1.41816849816850E+0000
 249  1.40366300366300E-0001 -1.42300366300366E+0000
 250  1.36336996336996E-0001 -1.39318681318681E+0000
 251  1.39560439560440E-0001 -1.37948717948718E+0000
 252  1.30695970695971E-0001 -1.43186813186813E+0000
 253  1.34725274725275E-0001 -1.43912087912088E+0000
 254  1.34725274725275E-0001 -1.41655677655678E+0000
 255  1.26666666666667E-0001 -1.40285714285714E+0000
 256  1.27472527472527E-0001 -1.41010989010989E+0000
 257  1.43589743589744E-0001 -1.40366300366300E+0000
 258  1.30695970695971E-0001 -1.37868131868132E+0000
 259  1.26666666666667E-0001 -1.40285714285714E+0000
 260  1.33919413919414E-0001 -1.41333333333333E+0000
 261  1.15384615384615E-0001 -1.41897435897436E+0000
 262  1.21025641025641E-0001 -1.39318681318681E+0000
 263  1.12967032967033E-0001 -1.37948717948718E+0000
 264  1.16190476190476E-0001 -1.43267399267399E+0000
 265  1.16190476190476E-0001 -1.44073260073260E+0000
 266  1.13772893772893E-0001 -1.40769230769231E+0000
 267  1.08937728937728E-0001 -1.38673992673993E+0000
 268  1.07326007326007E-0001 -1.40043956043956E+0000
 269  1.00879120879120E-0001 -1.40608058608059E+0000
 270  1.04102564102564E-0001 -1.37787545787546E+0000
 271  8.95970695970696E-0002 -1.40446886446886E+0000
 272  9.36263736263736E-0002 -1.41413919413919E+0000
 273  1.13772893772893E-0001 -1.40849816849817E+0000
 274  8.47619047619048E-0002 -1.37304029304029E+0000
 275  8.71794871794872E-0002 -1.40043956043956E+0000
 276  7.50915750915751E-0002 -1.41736263736264E+0000
 277  8.07326007326007E-0002 -1.42058608058608E+0000
 278  8.39560439560440E-0002 -1.38271062271062E+0000
 279  6.78388278388278E-0002 -1.36417582417582E+0000
 280  7.34798534798535E-0002 -1.40285714285714E+0000
 281  6.30036630036630E-0002 -1.40366300366300E+0000
 282  6.70329670329670E-0002 -1.37062271062271E+0000
 283  6.38095238095238E-0002 -1.39479853479853E+0000
 284  5.89743589743590E-0002 -1.40285714285714E+0000
 285  3.31868131868132E-0002 -1.39963369963370E+0000
 286  4.76923076923077E-0002 -1.36820512820513E+0000
 287  4.20512820512821E-0002 -1.40124542124542E+0000
 288  3.39926739926740E-0002 -1.40608058608059E+0000
 289  2.91575091575092E-0002 -1.40769230769231E+0000
 290  2.83516483516484E-0002 -1.37223443223443E+0000
 291  1.86813186813187E-0002 -1.39882783882784E+0000
 292  2.19047619047619E-0002 -1.41091575091575E+0000
 293  4.84981684981685E-0002 -1.40849816849817E+0000
 294  1.78754578754579E-0002 -1.37465201465201E+0000
 295 -2.27106227106227E-0003 -1.40688644688645E+0000
 296 -6.59340659340659E-0004 -1.42380952380952E+0000
 297 -1.46520146520146E-0003 -1.42461538461538E+0000
 298 -4.68864468864469E-0003 -1.39721611721612E+0000
 299 -1.11355311355311E-0002 -1.38512820512821E+0000
 300 -1.19413919413919E-0002 -1.39399267399267E+0000
 301 -1.43589743589743E-0002 -1.39479853479853E+0000
 302 -2.40293040293040E-0002 -1.35934065934066E+0000
 303 -4.01465201465201E-0002 -1.38673992673993E+0000
 304 -3.04761904761905E-0002 -1.39721611721612E+0000
 305 -3.36996336996337E-0002 -1.39641025641026E+0000
 306 -3.61172161172161E-0002 -1.39318681318681E+0000
 307 -5.14285714285714E-0002 -1.40527472527473E+0000
 308 -4.73992673992674E-0002 -1.40608058608059E+0000
 309 -5.38461538461538E-0002 -1.37626373626374E+0000
 310 -6.67399267399267E-0002 -1.40043956043956E+0000
 311 -6.10989010989011E-0002 -1.41494505494505E+0000
 312 -6.43223443223443E-0002 -1.37465201465201E+0000
 313 -6.67399267399267E-0002 -1.40769230769231E+0000
 314 -8.76923076923077E-0002 -1.41575091575092E+0000
 315 -8.20512820512821E-0002 -1.40366300366300E+0000
 316 -8.04395604395604E-0002 -1.37626373626374E+0000
 317 -8.76923076923077E-0002 -1.40043956043956E+0000
 318 -9.25274725274725E-0002 -1.41575091575092E+0000
 319 -8.84981684981685E-0002 -1.38351648351648E+0000
 320 -9.65567765567766E-0002 -1.37062271062271E+0000
 321 -9.81684981684982E-0002 -1.41494505494505E+0000
 322 -1.11868131868131E-0001 -1.41091575091575E+0000
 323 -9.81684981684982E-0002 -1.37868131868132E+0000
 324 -1.07032967032967E-0001 -1.41172161172161E+0000
 325 -1.09450549450549E-0001 -1.41978021978022E+0000
 326 -1.11868131868131E-0001 -1.42380952380952E+0000
 327 -1.07032967032967E-0001 -1.39479853479853E+0000
 328 -1.18315018315018E-0001 -1.43267399267399E+0000
 329 -1.05421245421245E-0001 -1.43509157509158E+0000
 330 -1.23150183150183E-0001 -1.40205128205128E+0000
 331 -1.23956043956044E-0001 -1.39076923076923E+0000
 332 -1.26373626373626E-0001 -1.38915750915751E+0000
 333 -1.20732600732600E-0001 -1.35208791208791E+0000
 334 -1.24761904761904E-0001 -1.37948717948718E+0000
 335 -1.23956043956044E-0001 -1.43186813186813E+0000
 336 -1.31208791208791E-0001 -1.43186813186813E+0000
 337 -1.32014652014652E-0001 -1.39721611721612E+0000
 338 -1.28791208791209E-0001 -1.40769230769231E+0000
 339 -1.19926739926739E-0001 -1.38996336996337E+0000
 340 -1.33626373626374E-0001 -1.35934065934066E+0000
 341 -1.23956043956044E-0001 -1.39399267399267E+0000
 342 -1.28791208791209E-0001 -1.39157509157509E+0000
 343 -1.19926739926739E-0001 -1.36014652014652E+0000
 344 -1.31208791208791E-0001 -1.39479853479853E+0000
 345 -1.20732600732600E-0001 -1.38432234432234E+0000
 346 -1.24761904761904E-0001 -1.35047619047619E+0000
 347 -1.17509157509157E-0001 -1.37706959706960E+0000
 348 -1.18315018315018E-0001 -1.42542124542125E+0000
 349 -1.15091575091575E-0001 -1.42219780219780E+0000
 350 -1.13479853479853E-0001 -1.38915750915751E+0000
 351 -1.15897435897435E-0001 -1.37787545787546E+0000
 352 -1.18315018315018E-0001 -1.42703296703297E+0000
 353 -1.05421245421245E-0001 -1.38271062271062E+0000
 354 -1.10256410256410E-0001 -1.37223443223443E+0000
 355 -1.03809523809523E-0001 -1.42058608058608E+0000
 356 -1.05421245421245E-0001 -1.40769230769231E+0000
 357 -1.01391941391941E-0001 -1.37142857142857E+0000
 358 -9.57509157509158E-0002 -1.40285714285714E+0000
 359 -1.01391941391941E-0001 -1.41252747252747E+0000
 360 -9.49450549450549E-0002 -1.37062271062271E+0000
 361 -8.93040293040293E-0002 -1.40285714285714E+0000
 362 -9.17216117216117E-0002 -1.41091575091575E+0000
 363 -7.72161172161172E-0002 -1.40205128205128E+0000
 364 -7.72161172161172E-0002 -1.36659340659341E+0000
 365 -6.91575091575092E-0002 -1.40205128205128E+0000
 366 -5.30402930402930E-0002 -1.40930402930403E+0000
 367 -6.91575091575092E-0002 -1.39479853479853E+0000
 368 -5.94871794871795E-0002 -1.35772893772894E+0000
 369 -5.78754578754579E-0002 -1.38673992673993E+0000
 370 -5.06227106227106E-0002 -1.40043956043956E+0000
 371 -4.98168498168498E-0002 -1.39318681318681E+0000
 372 -3.77289377289377E-0002 -1.36095238095238E+0000
 373 -4.82051282051282E-0002 -1.40124542124542E+0000
 374 -4.09523809523810E-0002 -1.39963369963370E+0000
 375 -3.04761904761905E-0002 -1.36981684981685E+0000
 376 -2.40293040293040E-0002 -1.39963369963370E+0000
 377 -2.56410256410256E-0002 -1.40608058608059E+0000
 378 -1.03296703296703E-0002 -1.37626373626374E+0000
 379 -1.27472527472527E-0002 -1.41575091575092E+0000
 380 -2.27106227106227E-0003 -1.40205128205128E+0000
 381  1.46520146520147E-0004 -1.36498168498168E+0000
 382  7.39926739926740E-0003 -1.40043956043956E+0000
 383  1.38461538461538E-0002 -1.40930402930403E+0000
 384  1.06227106227106E-0002 -1.39963369963370E+0000
 385  1.38461538461538E-0002 -1.40849816849817E+0000
 386  3.31868131868132E-0002 -1.41091575091575E+0000
 387  4.52747252747253E-0002 -1.40205128205128E+0000
 388  3.64102564102564E-0002 -1.36417582417582E+0000
 389  3.64102564102564E-0002 -1.39802197802198E+0000
 390  4.76923076923077E-0002 -1.40769230769231E+0000
 391  4.12454212454212E-0002 -1.35450549450549E+0000
 392  5.41391941391941E-0002 -1.39399267399267E+0000
 393  5.57509157509158E-0002 -1.40769230769231E+0000
 394  5.65567765567766E-0002 -1.39076923076923E+0000
 395  6.54212454212454E-0002 -1.35692307692308E+0000
 396  6.94505494505495E-0002 -1.38835164835165E+0000
 397  7.75091575091575E-0002 -1.37706959706960E+0000
 398  8.31501831501832E-0002 -1.38029304029304E+0000
 399  8.47619047619048E-0002 -1.43589743589744E+0000
 400  9.04029304029304E-0002 -1.42380952380952E+0000
 401  9.20146520146520E-0002 -1.39721611721612E+0000
 402  9.84615384615385E-0002 -1.40849816849817E+0000
 403  9.20146520146520E-0002 -1.38673992673993E+0000
 404  1.06520146520146E-0001 -1.35692307692308E+0000
 405  1.14578754578754E-0001 -1.38271062271062E+0000
 406  1.16996336996337E-0001 -1.38754578754579E+0000
 407  1.26666666666667E-0001 -1.38835164835165E+0000
 408  1.12161172161172E-0001 -1.38029304029304E+0000
 409  1.20219780219780E-0001 -1.42219780219780E+0000
 410  1.24249084249084E-0001 -1.38512820512821E+0000
 411  1.38754578754579E-0001 -1.39560439560440E+0000
 412  1.26666666666667E-0001 -1.37626373626374E+0000
 413  1.33113553113553E-0001 -1.37948717948718E+0000
 414  1.16190476190476E-0001 -1.42380952380952E+0000
 415  1.32307692307692E-0001 -1.43589743589744E+0000
 416  1.37142857142857E-0001 -1.42783882783883E+0000
 417  1.39560439560440E-0001 -1.39076923076923E+0000
 418  1.44395604395604E-0001 -1.38996336996337E+0000
 419  1.37142857142857E-0001 -1.39963369963370E+0000
 420  1.33919413919414E-0001 -1.38432234432234E+0000
 421  1.38754578754579E-0001 -1.35047619047619E+0000
 422  1.37142857142857E-0001 -1.38271062271062E+0000
 423  1.33113553113553E-0001 -1.38754578754579E+0000
 424  1.39560439560440E-0001 -1.37304029304029E+0000
 425  1.39560439560440E-0001 -1.37948717948718E+0000
 426  1.31501831501832E-0001 -1.43025641025641E+0000
 427  1.43589743589744E-0001 -1.41816849816850E+0000
 428  1.36336996336996E-0001 -1.38754578754579E+0000
 429  1.29890109890110E-0001 -1.39721611721612E+0000
 430  1.04102564102564E-0001 -1.38673992673993E+0000
 431  1.36336996336996E-0001 -1.35611721611722E+0000
 432  1.32307692307692E-0001 -1.39076923076923E+0000
 433  1.24249084249084E-0001 -1.40043956043956E+0000
 434  1.33113553113553E-0001 -1.38835164835165E+0000
 435  1.37948717948718E-0001 -1.38271062271062E+0000
 436  1.21831501831501E-0001 -1.38754578754579E+0000
 437  1.25860805860806E-0001 -1.37868131868132E+0000
 438  1.13772893772893E-0001 -1.38593406593407E+0000
 439  1.16190476190476E-0001 -1.39802197802198E+0000
 440  1.14578754578754E-0001 -1.37304029304029E+0000
 441  1.07326007326007E-0001 -1.38593406593407E+0000
 442  9.84615384615385E-0002 -1.39641025641026E+0000
 443  1.07326007326007E-0001 -1.38835164835165E+0000
 444  8.71794871794872E-0002 -1.38835164835165E+0000
 445  7.99267399267399E-0002 -1.36739926739927E+0000
 446  8.63736263736264E-0002 -1.38190476190476E+0000
 447  7.91208791208791E-0002 -1.42783882783883E+0000
 448  8.07326007326007E-0002 -1.40608058608059E+0000
 449  6.30036630036630E-0002 -1.38109890109890E+0000
 450  7.18681318681319E-0002 -1.42703296703297E+0000
 451  7.42857142857143E-0002 -1.41897435897436E+0000
 452  5.97802197802198E-0002 -1.39238095238095E+0000
 453  6.78388278388278E-0002 -1.40930402930403E+0000
 454  4.36630036630037E-0002 -1.36175824175824E+0000
 455  3.80219780219780E-0002 -1.40849816849817E+0000
 456  2.19047619047619E-0002 -1.39479853479853E+0000
 457  2.99633699633700E-0002 -1.35772893772894E+0000
 458  2.10989010989011E-0002 -1.41655677655678E+0000
 459  1.38461538461538E-0002 -1.39560439560440E+0000
 460  7.39926739926740E-0003 -1.36095238095238E+0000
 461 -1.19413919413919E-0002 -1.41736263736264E+0000
 462 -4.68864468864469E-0003 -1.40930402930403E+0000
 463 -7.10622710622711E-0003 -1.37062271062271E+0000
 464  9.52380952380952E-0004 -1.42380952380952E+0000
 465 -1.11355311355311E-0002 -1.37465201465201E+0000
 466 -3.69230769230769E-0002 -1.42542124542125E+0000
 467 -2.88644688644689E-0002 -1.42783882783883E+0000
 468 -3.69230769230769E-0002 -1.39560439560440E+0000
 469 -4.73992673992674E-0002 -1.40769230769231E+0000
 470 -6.10989010989011E-0002 -1.34483516483516E+0000
 471 -6.59340659340659E-0002 -1.38512820512821E+0000
 472 -6.19047619047619E-0002 -1.37626373626374E+0000
 473 -6.67399267399267E-0002 -1.38190476190476E+0000
 474 -6.99633699633700E-0002 -1.38109890109890E+0000
 475 -9.73626373626374E-0002 -1.38915750915751E+0000
 476 -9.49450549450549E-0002 -1.38754578754579E+0000
 477 -8.52747252747253E-0002 -1.37545787545788E+0000
 478 -9.09157509157509E-0002 -1.43106227106227E+0000
 479 -9.97802197802198E-0002 -1.42300366300366E+0000
 480 -1.04615384615384E-0001 -1.39479853479853E+0000
 481 -1.05421245421245E-0001 -1.39802197802198E+0000
 482 -1.11868131868131E-0001 -1.37626373626374E+0000
 483 -1.19120879120879E-0001 -1.38190476190476E+0000
 484 -1.10256410256410E-0001 -1.38271062271062E+0000
 485 -1.10256410256410E-0001 -1.35934065934066E+0000
 486 -1.07838827838827E-0001 -1.41816849816850E+0000
 487 -1.23150183150183E-0001 -1.43186813186813E+0000
 488 -1.23956043956044E-0001 -1.38190476190476E+0000
 489 -1.21538461538461E-0001 -1.43106227106227E+0000
 490 -1.19926739926739E-0001 -1.41575091575092E+0000
 491 -1.24761904761904E-0001 -1.38915750915751E+0000
 492 -1.29597069597070E-0001 -1.36578754578755E+0000
 493 -1.26373626373626E-0001 -1.37706959706960E+0000
 494 -1.35238095238095E-0001 -1.42139194139194E+0000
 495 -1.37655677655678E-0001 -1.42783882783883E+0000
 496 -1.36043956043956E-0001 -1.37706959706960E+0000
 497 -1.31208791208791E-0001 -1.42380952380952E+0000
 498 -1.08644688644688E-0001 -1.40688644688645E+0000
 499 -1.19120879120879E-0001 -1.38351648351648E+0000
 500 -1.15091575091575E-0001 -1.36336996336996E+0000
 501 -1.15091575091575E-0001 -1.36820512820513E+0000
 502 -1.11062271062271E-0001 -1.42058608058608E+0000
 503 -1.13479853479853E-0001 -1.42219780219780E+0000
 504 -1.15897435897435E-0001 -1.37304029304029E+0000
 505 -1.01391941391941E-0001 -1.43025641025641E+0000
 506 -1.05421245421245E-0001 -1.37868131868132E+0000
 507 -9.41391941391941E-0002 -1.43186813186813E+0000
 508 -9.73626373626374E-0002 -1.42622710622711E+0000
 509 -8.60805860805861E-0002 -1.41494505494505E+0000
 510 -6.02930402930403E-0002 -1.40446886446886E+0000
 511 -7.15750915750916E-0002 -1.37384615384615E+0000
 512 -7.96336996336996E-0002 -1.43831501831502E+0000
 513 -6.10989010989011E-0002 -1.39721611721612E+0000
 514 -5.70695970695971E-0002 -1.41010989010989E+0000
 515 -4.09523809523810E-0002 -1.38512820512821E+0000
 516 -3.69230769230769E-0002 -1.40527472527473E+0000
 517 -3.20879120879121E-0002 -1.39157509157509E+0000
 518 -3.12820512820513E-0002 -1.42139194139194E+0000
 519 -2.24175824175824E-0002 -1.41333333333333E+0000
 520 -2.08058608058608E-0002 -1.39560439560440E+0000
 521 -2.24175824175824E-0002 -1.36578754578755E+0000
 522 -8.71794871794872E-0003 -1.41897435897436E+0000
 523  1.75824175824176E-0003 -1.37062271062271E+0000
 524  1.06227106227106E-0002 -1.43106227106227E+0000
 525  8.20512820512821E-0003 -1.40688644688645E+0000
 526  2.75457875457875E-0002 -1.38432234432234E+0000
 527  1.54578754578754E-0002 -1.39641025641026E+0000
 528  3.64102564102564E-0002 -1.36901098901099E+0000
 529  3.07692307692308E-0002 -1.42139194139194E+0000
 530  5.01098901098901E-0002 -1.39882783882784E+0000
 531  5.41391941391941E-0002 -1.37545787545788E+0000
 532  5.25274725274725E-0002 -1.42058608058608E+0000
 533  7.50915750915751E-0002 -1.41010989010989E+0000
 534  5.73626373626374E-0002 -1.36417582417582E+0000
 535  7.18681318681319E-0002 -1.40849816849817E+0000
 536  7.42857142857143E-0002 -1.34886446886447E+0000
 537  8.63736263736264E-0002 -1.40527472527473E+0000
 538  1.00879120879120E-0001 -1.40043956043956E+0000
 539  1.00073260073260E-0001 -1.41494505494505E+0000
 540  8.71794871794872E-0002 -1.38996336996337E+0000
 541  9.76556776556777E-0002 -1.40527472527473E+0000
 542  1.07326007326007E-0001 -1.38190476190476E+0000
 543  1.14578754578754E-0001 -1.39479853479853E+0000
 544  1.13772893772893E-0001 -1.36578754578755E+0000
 545  1.23443223443223E-0001 -1.43025641025641E+0000
 546  1.36336996336996E-0001 -1.41010989010989E+0000
 547  1.32307692307692E-0001 -1.38754578754579E+0000
 548  1.26666666666667E-0001 -1.40124542124542E+0000
 549  1.33113553113553E-0001 -1.39802197802198E+0000
 550  1.33919413919414E-0001 -1.37062271062271E+0000
 551  1.30695970695971E-0001 -1.38512820512821E+0000
 552  1.33919413919414E-0001 -1.39479853479853E+0000
 553  1.33113553113553E-0001 -1.37062271062271E+0000
 554  1.43589743589744E-0001 -1.42300366300366E+0000
 555  1.50842490842491E-0001 -1.37787545787546E+0000
 556  1.36336996336996E-0001 -1.42945054945055E+0000
 557  1.38754578754579E-0001 -1.40608058608059E+0000
 558  1.31501831501832E-0001 -1.39157509157509E+0000
 559  1.34725274725275E-0001 -1.40366300366300E+0000
 560  1.30695970695971E-0001 -1.40366300366300E+0000
 561  1.37948717948718E-0001 -1.37868131868132E+0000
 562  1.39560439560440E-0001 -1.39560439560440E+0000
 563  1.33113553113553E-0001 -1.40366300366300E+0000
 564  1.24249084249084E-0001 -1.40769230769231E+0000
 565  1.30695970695971E-0001 -1.37223443223443E+0000
 566  1.23443223443223E-0001 -1.40688644688645E+0000
 567  1.12161172161172E-0001 -1.38432234432234E+0000
 568  1.27472527472527E-0001 -1.41575091575092E+0000
 569  1.27472527472527E-0001 -1.38593406593407E+0000
 570  1.01684981684981E-0001 -1.42139194139194E+0000
 571  1.03296703296703E-0001 -1.39238095238095E+0000
 572  1.05714285714285E-0001 -1.42139194139194E+0000
 573  8.47619047619048E-0002 -1.38754578754579E+0000
 574  7.26739926739927E-0002 -1.43106227106227E+0000
 575  8.07326007326007E-0002 -1.43347985347985E+0000
 576  7.10622710622711E-0002 -1.40285714285714E+0000
 577  6.94505494505495E-0002 -1.38029304029304E+0000
 578  5.97802197802198E-0002 -1.43589743589744E+0000
 579  7.67032967032967E-0002 -1.43750915750916E+0000
 580  6.30036630036630E-0002 -1.40849816849817E+0000
 581  5.49450549450549E-0002 -1.38915750915751E+0000
 582  4.68864468864469E-0002 -1.39641025641026E+0000
 583  5.25274725274725E-0002 -1.36498168498168E+0000
 584  5.17216117216117E-0002 -1.39157509157509E+0000
 585  2.91575091575092E-0002 -1.39318681318681E+0000
 586  2.83516483516484E-0002 -1.36498168498168E+0000
 587  1.70695970695971E-0002 -1.40205128205128E+0000
 588  1.06227106227106E-0002 -1.39802197802198E+0000
 589  2.56410256410256E-0003 -1.37062271062271E+0000
 590  1.06227106227106E-0002 -1.39399267399267E+0000
 591 -2.27106227106227E-0003 -1.40688644688645E+0000
 592  6.59340659340659E-0003 -1.38996336996337E+0000
 593 -1.59706959706960E-0002 -1.41897435897436E+0000
 594 -4.82051282051282E-0002 -1.40205128205128E+0000
 595 -1.51648351648351E-0002 -1.42864468864469E+0000
 596 -3.45054945054945E-0002 -1.42622710622711E+0000
 597 -4.09523809523810E-0002 -1.40527472527473E+0000
 598 -4.41758241758242E-0002 -1.39721611721612E+0000
 599 -5.22344322344322E-0002 -1.36578754578755E+0000
 600 -4.82051282051282E-0002 -1.39318681318681E+0000
 601 -7.31868131868132E-0002 -1.36498168498168E+0000
 602 -6.91575091575092E-0002 -1.39641025641026E+0000
 603 -8.12454212454212E-0002 -1.35934065934066E+0000
 604 -6.67399267399267E-0002 -1.43992673992674E+0000
 605 -9.17216117216117E-0002 -1.41091575091575E+0000
 606 -8.84981684981685E-0002 -1.41172161172161E+0000
 607 -1.03003663003663E-0001 -1.39076923076923E+0000
 608 -1.04615384615384E-0001 -1.41978021978022E+0000
 609 -9.49450549450549E-0002 -1.39479853479853E+0000
 610 -1.18315018315018E-0001 -1.41736263736264E+0000
 611 -1.24761904761904E-0001 -1.39318681318681E+0000
 612 -1.28791208791209E-0001 -1.43347985347985E+0000
 613 -1.13479853479853E-0001 -1.40769230769231E+0000
 614 -1.23956043956044E-0001 -1.38915750915751E+0000
 615 -1.33626373626374E-0001 -1.39560439560440E+0000
 616 -1.32820512820513E-0001 -1.42783882783883E+0000
 617 -1.19926739926739E-0001 -1.42219780219780E+0000
 618 -1.25567765567766E-0001 -1.39479853479853E+0000
 619 -1.23150183150183E-0001 -1.37142857142857E+0000
 620 -1.31208791208791E-0001 -1.42219780219780E+0000
 621 -1.25567765567766E-0001 -1.37142857142857E+0000
 622 -1.25567765567766E-0001 -1.42139194139194E+0000
 623 -1.26373626373626E-0001 -1.37304029304029E+0000
 624 -1.21538461538461E-0001 -1.42783882783883E+0000
 625 -1.15897435897435E-0001 -1.37706959706960E+0000
 626 -1.15091575091575E-0001 -1.42380952380952E+0000
 627 -8.68864468864469E-0002 -1.38190476190476E+0000
 628 -1.14285714285714E-0001 -1.37626373626374E+0000
 629 -9.89743589743590E-0002 -1.36256410256410E+0000
 630 -8.93040293040293E-0002 -1.39641025641026E+0000
 631 -8.68864468864469E-0002 -1.38835164835165E+0000
 632 -8.68864468864469E-0002 -1.38109890109890E+0000
 633 -7.47985347985348E-0002 -1.37787545787546E+0000
 634 -6.59340659340659E-0002 -1.42783882783883E+0000
 635 -6.10989010989011E-0002 -1.37787545787546E+0000
 636 -5.94871794871795E-0002 -1.42703296703297E+0000
 637 -4.98168498168498E-0002 -1.37384615384615E+0000
 638 -4.09523809523810E-0002 -1.42300366300366E+0000
 639 -2.80586080586081E-0002 -1.37948717948718E+0000
 640 -2.80586080586081E-0002 -1.40285714285714E+0000
 641 -2.16117216117216E-0002 -1.39157509157509E+0000
 642  9.52380952380952E-0004 -1.36256410256410E+0000
 643  1.62637362637363E-0002 -1.42461538461538E+0000
 644  1.62637362637363E-0002 -1.38915750915751E+0000
 645  1.62637362637363E-0002 -1.42300366300366E+0000
 646  3.23809523809524E-0002 -1.39157509157509E+0000
 647  3.64102564102564E-0002 -1.42380952380952E+0000
 648  4.84981684981685E-0002 -1.39238095238095E+0000
 649  5.33333333333333E-0002 -1.38673992673993E+0000
 650  5.89743589743590E-0002 -1.39882783882784E+0000
 651  7.10622710622711E-0002 -1.39238095238095E+0000
 652  7.83150183150183E-0002 -1.34886446886447E+0000
 653  7.91208791208791E-0002 -1.37787545787546E+0000
 654  9.20146520146520E-0002 -1.42622710622711E+0000
 655  9.28205128205128E-0002 -1.38593406593407E+0000
 656  9.36263736263736E-0002 -1.38673992673993E+0000
 657  1.08937728937728E-0001 -1.38512820512821E+0000
 658  1.11355311355311E-0001 -1.38029304029304E+0000
 659  1.12161172161172E-0001 -1.37948717948718E+0000
 660  1.16190476190476E-0001 -1.41978021978022E+0000
 661  1.30695970695971E-0001 -1.39238095238095E+0000
 662  1.26666666666667E-0001 -1.39641025641026E+0000
 663  1.41172161172161E-0001 -1.39641025641026E+0000
 664  1.29084249084249E-0001 -1.39318681318681E+0000
 665  1.35531135531136E-0001 -1.39963369963370E+0000
 666  1.33919413919414E-0001 -1.40608058608059E+0000
 667  1.44395604395604E-0001 -1.37142857142857E+0000
 668  1.52454212454212E-0001 -1.41091575091575E+0000
 669  1.33113553113553E-0001 -1.37465201465201E+0000
 670  1.35531135531136E-0001 -1.42622710622711E+0000
 671  1.32307692307692E-0001 -1.39157509157509E+0000
 672  1.45201465201465E-0001 -1.39157509157509E+0000
 673  1.39560439560440E-0001 -1.39157509157509E+0000
 674  1.25860805860806E-0001 -1.39399267399267E+0000
 675  1.25860805860806E-0001 -1.39721611721612E+0000
 676  1.15384615384615E-0001 -1.40043956043956E+0000
 677  1.19413919413919E-0001 -1.40527472527473E+0000
 678  1.08131868131868E-0001 -1.40446886446886E+0000
 679  1.08937728937728E-0001 -1.41333333333333E+0000
 680  1.05714285714285E-0001 -1.41655677655678E+0000
 681  9.84615384615385E-0002 -1.38029304029304E+0000
 682  8.79853479853480E-0002 -1.42945054945055E+0000
 683  8.55677655677656E-0002 -1.40205128205128E+0000
 684  8.07326007326007E-0002 -1.40769230769231E+0000
 685  8.31501831501832E-0002 -1.36498168498168E+0000
 686  6.21978021978022E-0002 -1.40930402930403E+0000
 687  5.73626373626374E-0002 -1.36659340659341E+0000
 688  5.41391941391941E-0002 -1.41010989010989E+0000
 689  5.01098901098901E-0002 -1.36578754578755E+0000
 690  3.56043956043956E-0002 -1.41736263736264E+0000
 691  3.07692307692308E-0002 -1.37545787545788E+0000
 692  2.35164835164835E-0002 -1.41494505494505E+0000
 693  1.22344322344322E-0002 -1.36659340659341E+0000
 694  4.98168498168498E-0003 -1.41413919413919E+0000
 695 -3.07692307692308E-0003 -1.36095238095238E+0000
 696 -8.71794871794872E-0003 -1.41172161172161E+0000
 697 -1.83882783882784E-0002 -1.36820512820513E+0000
 698 -2.64468864468864E-0002 -1.41897435897436E+0000
 699 -4.41758241758242E-0002 -1.37948717948718E+0000
 700 -4.73992673992674E-0002 -1.43428571428571E+0000
 701 -4.73992673992674E-0002 -1.38835164835165E+0000
 702 -6.91575091575092E-0002 -1.43750915750916E+0000
 703 -6.35164835164835E-0002 -1.39802197802198E+0000
 704 -7.15750915750916E-0002 -1.40527472527473E+0000
 705 -7.64102564102564E-0002 -1.35772893772894E+0000
 706 -9.65567765567766E-0002 -1.40124542124542E+0000
 707 -1.03003663003663E-0001 -1.38835164835165E+0000
 708 -1.05421245421245E-0001 -1.43589743589744E+0000
 709 -1.01391941391941E-0001 -1.39721611721612E+0000
 710 -1.10256410256410E-0001 -1.40205128205128E+0000
 711 -1.11062271062271E-0001 -1.38673992673993E+0000
 712 -1.12673992673992E-0001 -1.40366300366300E+0000
 713 -1.18315018315018E-0001 -1.36095238095238E+0000
 714 -1.11868131868131E-0001 -1.40849816849817E+0000
 715 -1.21538461538461E-0001 -1.39802197802198E+0000
 716 -1.15897435897435E-0001 -1.39560439560440E+0000
 717 -1.28791208791209E-0001 -1.38432234432234E+0000
 718 -1.28791208791209E-0001 -1.39641025641026E+0000
 719 -1.27985347985348E-0001 -1.38512820512821E+0000
 720 -1.26373626373626E-0001 -1.39157509157509E+0000
 721 -1.34432234432234E-0001 -1.38271062271062E+0000
 722 -1.15897435897435E-0001 -1.37626373626374E+0000
 723 -1.18315018315018E-0001 -1.40205128205128E+0000
 724 -1.25567765567766E-0001 -1.41333333333333E+0000
 725 -1.32014652014652E-0001 -1.41736263736264E+0000
