 0 -9.94285714285714E-0001 -2.75457875457875E-0001
 1 -1.04344322344322E+0000 -4.40659340659341E-0001
 2 -1.07648351648352E+0000 -4.80146520146520E-0001
 3 -1.00234432234432E+0000 -3.89084249084249E-0001
 4 -8.96776556776557E-0001 -2.75457875457875E-0001
 5 -1.05150183150183E+0000 -4.25347985347985E-0001
 6 -1.07648351648352E+0000 -4.64835164835165E-0001
 7 -1.00637362637363E+0000 -3.92307692307692E-0001
 8 -8.91941391941392E-0001 -2.89157509157509E-0001
 9 -1.06117216117216E+0000 -4.67252747252747E-0001
 10 -1.07245421245421E+0000 -4.72893772893773E-0001
 11 -1.00153846153846E+0000 -3.81831501831502E-0001
 12 -8.95970695970696E-0001 -2.81098901098901E-0001
 13 -1.05956043956044E+0000 -4.68058608058608E-0001
 14 -1.07326007326007E+0000 -4.68864468864469E-0001
 15 -9.96703296703297E-0001 -3.93919413919414E-0001
 16 -9.00805860805861E-0001 -2.86739926739927E-0001
 17 -1.05391941391941E+0000 -4.49523809523810E-0001
 18 -1.07487179487179E+0000 -4.79340659340659E-0001
 19 -9.95091575091575E-0001 -3.98754578754579E-0001
 20 -8.79853479853480E-0001 -2.76263736263736E-0001
 21 -1.04989010989011E+0000 -4.38241758241758E-0001
 22 -1.07890109890110E+0000 -4.79340659340659E-0001
 23 -9.92673992673993E-0001 -3.82637362637363E-0001
 24 -9.07252747252747E-0001 -3.35091575091575E-0001
 25 -1.04505494505495E+0000 -4.49523809523810E-0001
 26 -1.07164835164835E+0000 -4.74505494505495E-0001
 27 -9.95897435897436E-0001 -4.04395604395604E-0001
 28 -8.97582417582418E-0001 -2.78681318681319E-0001
 29 -1.04102564102564E+0000 -4.53553113553114E-0001
 30 -1.07890109890110E+0000 -4.81758241758242E-0001
 31 -9.91868131868132E-0001 -3.85860805860806E-0001
 32 -8.85494505494505E-0001 -2.46446886446886E-0001
 33 -1.05633699633700E+0000 -4.45494505494505E-0001
 34 -1.07890109890110E+0000 -4.79340659340659E-0001
 35 -1.00315018315018E+0000 -3.88278388278388E-0001
 36 -8.91941391941392E-0001 -2.91575091575092E-0001
 37 -1.04827838827839E+0000 -4.55164835164835E-0001
 38 -1.08373626373626E+0000 -4.84175824175824E-0001
 39 -9.87838827838828E-0001 -3.96336996336996E-0001
 40 -8.98388278388278E-0001 -3.07692307692308E-0001
 41 -1.05794871794872E+0000 -4.44688644688645E-0001
 42 -1.07648351648352E+0000 -4.79340659340659E-0001
 43 -9.94285714285714E-0001 -3.89084249084249E-0001
 44 -8.93553113553114E-0001 -3.08498168498168E-0001
 45 -1.05150183150183E+0000 -4.54358974358974E-0001
 46 -1.07164835164835E+0000 -4.73699633699634E-0001
 47 -9.95897435897436E-0001 -3.88278388278388E-0001
 48 -9.08864468864469E-0001 -3.13333333333333E-0001
 49 -1.05714285714286E+0000 -4.46300366300366E-0001
 50 -1.07164835164835E+0000 -4.79340659340659E-0001
 51 -9.90256410256410E-0001 -3.85054945054945E-0001
 52 -9.06446886446886E-0001 -3.00439560439560E-0001
 53 -1.05714285714286E+0000 -4.58388278388278E-0001
 54 -1.07164835164835E+0000 -4.75311355311355E-0001
 55 -9.84615384615385E-0001 -3.91501831501832E-0001
 56 -9.24981684981685E-0001 -3.11721611721612E-0001
 57 -1.06520146520147E+0000 -4.60000000000000E-0001
 58 -1.07567765567766E+0000 -4.56776556776557E-0001
 59 -9.93479853479853E-0001 -3.78608058608059E-0001
 60 -9.23369963369963E-0001 -2.95604395604396E-0001
 61 -1.06520146520147E+0000 -4.59194139194139E-0001
 62 -1.06681318681319E+0000 -4.72893772893773E-0001
 63 -9.85421245421245E-0001 -3.82637362637363E-0001
 64 -9.01611721611722E-0001 -2.95604395604396E-0001
 65 -1.06761904761905E+0000 -4.68058608058608E-0001
 66 -1.06681318681319E+0000 -4.65641025641026E-0001
 67 -9.90256410256410E-0001 -3.85860805860806E-0001
 68 -9.43516483516484E-0001 -3.19780219780220E-0001
 69 -1.06600732600733E+0000 -4.69670329670330E-0001
 70 -1.06600732600733E+0000 -4.55164835164835E-0001
 71 -9.82197802197802E-0001 -3.69743589743590E-0001
 72 -9.22564102564103E-0001 -3.31062271062271E-0001
 73 -1.06197802197802E+0000 -4.69670329670330E-0001
 74 -1.06600732600733E+0000 -4.68864468864469E-0001
 75 -9.88644688644689E-0001 -3.89084249084249E-0001
 76 -9.26593406593407E-0001 -3.02051282051282E-0001
 77 -1.07084249084249E+0000 -4.63223443223443E-0001
 78 -1.06600732600733E+0000 -4.64835164835165E-0001
 79 -9.90256410256410E-0001 -3.85860805860806E-0001
 80 -9.16117216117216E-0001 -3.02857142857143E-0001
 81 -1.06842490842491E+0000 -4.64835164835165E-0001
 82 -1.06117216117216E+0000 -4.55164835164835E-0001
 83 -9.95897435897436E-0001 -3.85860805860806E-0001
 84 -9.37069597069597E-0001 -3.18974358974359E-0001
 85 -1.06358974358974E+0000 -4.59194139194139E-0001
 86 -1.06681318681319E+0000 -4.59194139194139E-0001
 87 -9.82197802197802E-0001 -3.84249084249084E-0001
 88 -9.28205128205128E-0001 -3.39926739926740E-0001
 89 -1.06600732600733E+0000 -4.63223443223443E-0001
 90 -1.06842490842491E+0000 -4.68864468864469E-0001
 91 -9.92673992673993E-0001 -3.77802197802198E-0001
 92 -9.32234432234432E-0001 -3.15750915750916E-0001
 93 -1.06278388278388E+0000 -4.53553113553114E-0001
 94 -1.07084249084249E+0000 -4.68058608058608E-0001
 95 -9.85421245421245E-0001 -3.89084249084249E-0001
 96 -9.03223443223443E-0001 -3.10109890109890E-0001
 97 -1.06439560439560E+0000 -4.62417582417582E-0001
 98 -1.07164835164835E+0000 -4.76117216117216E-0001
 99 -9.92673992673993E-0001 -3.71355311355311E-0001
 100 -9.25787545787546E-0001 -3.03663003663004E-0001
 101 -1.06600732600733E+0000 -4.64029304029304E-0001
 102 -1.07567765567766E+0000 -4.80952380952381E-0001
 103 -9.84615384615385E-0001 -3.83443223443223E-0001
 104 -9.20952380952381E-0001 -3.06080586080586E-0001
 105 -1.06923076923077E+0000 -4.72087912087912E-0001
 106 -1.08212454212454E+0000 -4.79340659340659E-0001
 107 -9.84615384615385E-0001 -3.68937728937729E-0001
 108 -9.16117216117216E-0001 -3.21391941391941E-0001
 109 -1.07245421245421E+0000 -4.66446886446886E-0001
 110 -1.08293040293040E+0000 -4.66446886446886E-0001
 111 -9.80586080586081E-0001 -3.76190476190476E-0001
 112 -9.29010989010989E-0001 -3.07692307692308E-0001
 113 -1.07084249084249E+0000 -4.72893772893773E-0001
 114 -1.06439560439560E+0000 -4.56776556776557E-0001
 115 -9.82197802197802E-0001 -3.76996336996337E-0001
 116 -9.24175824175824E-0001 -3.32673992673993E-0001
 117 -1.07406593406593E+0000 -4.68864468864469E-0001
 118 -1.07809523809524E+0000 -4.81758241758242E-0001
 119 -9.82197802197802E-0001 -3.86666666666667E-0001
 120 -9.36263736263736E-0001 -3.22197802197802E-0001
 121 -1.06358974358974E+0000 -4.54358974358974E-0001
 122 -1.06681318681319E+0000 -4.62417582417582E-0001
 123 -9.78168498168498E-0001 -3.65714285714286E-0001
 124 -9.23369963369963E-0001 -3.14139194139194E-0001
 125 -1.06923076923077E+0000 -4.79340659340659E-0001
 126 -1.06520146520147E+0000 -4.60000000000000E-0001
 127 -9.78168498168498E-0001 -3.82637362637363E-0001
 128 -9.45934065934066E-0001 -3.10109890109890E-0001
 129 -1.05956043956044E+0000 -4.73699633699634E-0001
 130 -1.07648351648352E+0000 -4.64029304029304E-0001
 131 -9.79780219780220E-0001 -3.80219780219780E-0001
 132 -9.49157509157509E-0001 -3.43150183150183E-0001
 133 -1.06923076923077E+0000 -4.61611721611722E-0001
 134 -1.09824175824176E+0000 -4.74505494505495E-0001
 135 -9.83809523809524E-0001 -3.89084249084249E-0001
 136 -9.44322344322344E-0001 -3.44761904761905E-0001
 137 -1.06842490842491E+0000 -4.77728937728938E-0001
 138 -1.08373626373626E+0000 -4.71282051282051E-0001
 139 -9.82197802197802E-0001 -3.91501831501832E-0001
 140 -9.59633699633700E-0001 -3.62490842490842E-0001
 141 -1.06842490842491E+0000 -4.58388278388278E-0001
 142 -1.08695970695971E+0000 -4.97875457875458E-0001
 143 -9.79780219780220E-0001 -3.72967032967033E-0001
 144 -9.54798534798535E-0001 -3.66520146520147E-0001
 145 -1.06520146520147E+0000 -4.56776556776557E-0001
 146 -1.07970695970696E+0000 -4.84175824175824E-0001
 147 -9.82197802197802E-0001 -3.83443223443223E-0001
 148 -9.34652014652015E-0001 -3.24615384615385E-0001
 149 -1.06681318681319E+0000 -4.58388278388278E-0001
 150 -1.06197802197802E+0000 -4.64835164835165E-0001
 151 -9.76556776556777E-0001 -3.73772893772894E-0001
 152 -9.66886446886447E-0001 -3.34285714285714E-0001
 153 -1.07003663003663E+0000 -4.61611721611722E-0001
 154 -1.08776556776557E+0000 -4.75311355311355E-0001
 155 -9.73333333333333E-0001 -3.63296703296703E-0001
 156 -9.45128205128205E-0001 -3.42344322344322E-0001
 157 -1.06842490842491E+0000 -4.58388278388278E-0001
 158 -1.07164835164835E+0000 -4.76117216117216E-0001
 159 -9.74139194139194E-0001 -3.57655677655678E-0001
 160 -9.43516483516484E-0001 -3.22197802197802E-0001
 161 -1.06761904761905E+0000 -4.73699633699634E-0001
 162 -1.07970695970696E+0000 -4.90622710622711E-0001
 163 -9.75750915750916E-0001 -3.64908424908425E-0001
 164 -9.47545787545788E-0001 -3.56849816849817E-0001
 165 -1.07245421245421E+0000 -4.74505494505495E-0001
 166 -1.07326007326007E+0000 -4.88205128205128E-0001
 167 -9.72527472527473E-0001 -3.81025641025641E-0001
 168 -9.56410256410256E-0001 -3.63296703296703E-0001
 169 -1.06358974358974E+0000 -4.55970695970696E-0001
 170 -1.07648351648352E+0000 -4.81758241758242E-0001
 171 -9.71721611721612E-0001 -3.67326007326007E-0001
 172 -9.66886446886447E-0001 -3.68131868131868E-0001
 173 -1.07567765567766E+0000 -4.82564102564103E-0001
 174 -1.08373626373626E+0000 -4.82564102564103E-0001
 175 -9.73333333333333E-0001 -3.73772893772894E-0001
 176 -9.74945054945055E-0001 -3.64908424908425E-0001
 177 -1.07406593406593E+0000 -4.66446886446886E-0001
 178 -1.06842490842491E+0000 -4.55164835164835E-0001
 179 -9.76556776556777E-0001 -3.71355311355311E-0001
 180 -9.70915750915751E-0001 -3.59267399267399E-0001
 181 -1.07406593406593E+0000 -4.68864468864469E-0001
 182 -1.06842490842491E+0000 -4.75311355311355E-0001
 183 -9.75750915750916E-0001 -3.77802197802198E-0001
 184 -9.58827838827839E-0001 -3.62490842490842E-0001
 185 -1.07326007326007E+0000 -4.78534798534799E-0001
 186 -1.05391941391941E+0000 -4.60000000000000E-0001
 187 -9.80586080586081E-0001 -3.67326007326007E-0001
 188 -9.83809523809524E-0001 -3.71355311355311E-0001
 189 -1.06842490842491E+0000 -4.67252747252747E-0001
 190 -1.05633699633700E+0000 -4.50329670329670E-0001
 191 -9.78974358974359E-0001 -3.70549450549451E-0001
 192 -9.78168498168498E-0001 -3.54432234432234E-0001
 193 -1.07003663003663E+0000 -4.66446886446886E-0001
 194 -1.04424908424908E+0000 -4.47106227106227E-0001
 195 -9.82197802197802E-0001 -3.70549450549451E-0001
 196 -9.70915750915751E-0001 -3.52014652014652E-0001
 197 -1.06520146520147E+0000 -4.68058608058608E-0001
 198 -1.04908424908425E+0000 -4.55164835164835E-0001
 199 -9.82197802197802E-0001 -3.72967032967033E-0001
 200 -9.85421245421245E-0001 -3.56849816849817E-0001
 201 -1.07084249084249E+0000 -4.68864468864469E-0001
 202 -1.04344322344322E+0000 -4.32600732600733E-0001
 203 -9.82197802197802E-0001 -3.74578754578755E-0001
 204 -9.84615384615385E-0001 -4.02783882783883E-0001
 205 -1.06681318681319E+0000 -4.72893772893773E-0001
 206 -1.05150183150183E+0000 -4.38241758241758E-0001
 207 -9.78168498168498E-0001 -3.72967032967033E-0001
 208 -9.88644688644689E-0001 -4.01978021978022E-0001
 209 -1.07326007326007E+0000 -4.82564102564103E-0001
 210 -1.04747252747253E+0000 -4.24542124542125E-0001
 211 -9.78974358974359E-0001 -3.74578754578755E-0001
 212 -9.79780219780220E-0001 -3.54432234432234E-0001
 213 -1.06923076923077E+0000 -4.61611721611722E-0001
 214 -1.04908424908425E+0000 -4.45494505494505E-0001
 215 -9.78974358974359E-0001 -3.72161172161172E-0001
 216 -9.66886446886447E-0001 -3.72967032967033E-0001
 217 -1.07003663003663E+0000 -4.72893772893773E-0001
 218 -1.04747252747253E+0000 -4.54358974358974E-0001
 219 -9.78168498168498E-0001 -3.69743589743590E-0001
 220 -9.88644688644689E-0001 -3.95531135531136E-0001
 221 -1.07567765567766E+0000 -4.78534798534799E-0001
 222 -1.03941391941392E+0000 -4.46300366300366E-0001
 223 -9.72527472527473E-0001 -3.72967032967033E-0001
 224 -9.80586080586081E-0001 -3.81025641025641E-0001
 225 -1.07809523809524E+0000 -4.39853479853480E-0001
 226 -9.74139194139194E-0001 -3.74578754578755E-0001
 227 -9.91868131868132E-0001 -3.88278388278388E-0001
 228 -1.07890109890110E+0000 -4.82564102564103E-0001
 229 -1.04021978021978E+0000 -4.24542124542125E-0001
 230 -9.71721611721612E-0001 -3.58461538461538E-0001
 231 -9.90256410256410E-0001 -3.93113553113553E-0001
 232 -1.07728937728938E+0000 -4.74505494505495E-0001
 233 -1.02329670329670E+0000 -4.32600732600733E-0001
 234 -9.61245421245421E-0001 -3.55238095238095E-0001
 235 -1.00234432234432E+0000 -3.89084249084249E-0001
 236 -1.08212454212454E+0000 -4.80952380952381E-0001
 237 -1.04344322344322E+0000 -4.27765567765568E-0001
 238 -9.66886446886447E-0001 -3.59267399267399E-0001
 239 -9.98315018315018E-0001 -4.01978021978022E-0001
 240 -1.08131868131868E+0000 -4.86593406593407E-0001
 241 -1.01120879120879E+0000 -4.25347985347985E-0001
 242 -9.62857142857143E-0001 -3.52820512820513E-0001
 243 -1.02087912087912E+0000 -4.01978021978022E-0001
 244 -1.07406593406593E+0000 -4.73699633699634E-0001
 245 -1.00476190476190E+0000 -4.10842490842491E-0001
 246 -9.64468864468864E-0001 -3.63296703296703E-0001
 247 -1.02893772893773E+0000 -3.95531135531136E-0001
 248 -1.08695970695971E+0000 -4.84981684981685E-0001
 249 -1.01362637362637E+0000 -4.19706959706960E-0001
 250 -9.63663003663004E-0001 -3.58461538461538E-0001
 251 -1.02490842490842E+0000 -4.08424908424908E-0001
 252 -1.08131868131868E+0000 -4.76923076923077E-0001
 253 -1.01846153846154E+0000 -3.57655677655678E-0001
 254 -1.01282051282051E+0000 -3.97948717948718E-0001
 255 -1.07890109890110E+0000 -4.79340659340659E-0001
 256 -9.88644688644689E-0001 -3.56849816849817E-0001
 257 -1.01120879120879E+0000 -4.14871794871795E-0001
 258 -1.08534798534799E+0000 -4.83369963369963E-0001
 259 -1.00315018315018E+0000 -3.59267399267399E-0001
 260 -1.02652014652015E+0000 -4.19706959706960E-0001
 261 -1.07728937728938E+0000 -4.75311355311355E-0001
 262 -9.89450549450549E-0001 -3.63296703296703E-0001
 263 -1.02893772893773E+0000 -4.29377289377289E-0001
 264 -1.08293040293040E+0000 -4.78534798534799E-0001
 265 -9.84615384615385E-0001 -3.76190476190476E-0001
 266 -9.67692307692308E-0001 -3.67326007326007E-0001
 267 -1.00959706959707E+0000 -4.82564102564103E-0001
 268 -9.99120879120879E-0001 -3.98754578754579E-0001
 269 -9.65274725274725E-0001 -3.63296703296703E-0001
 270 -1.02410256410256E+0000 -4.33406593406593E-0001
 271 -1.08293040293040E+0000 -4.84175824175824E-0001
 272 -1.01282051282051E+0000 -3.57655677655678E-0001
 273 -1.01684981684982E+0000 -3.92307692307692E-0001
 274 -1.08534798534799E+0000 -4.88205128205128E-0001
 275 -9.95091575091575E-0001 -3.83443223443223E-0001
 276 -9.63663003663004E-0001 -3.56043956043956E-0001
 277 -1.01120879120879E+0000 -4.08424908424908E-0001
 278 -1.08051282051282E+0000 -4.81758241758242E-0001
 279 -1.00879120879121E+0000 -3.83443223443223E-0001
 280 -9.62051282051282E-0001 -3.58461538461538E-0001
 281 -1.01201465201465E+0000 -4.27765567765568E-0001
 282 -1.08776556776557E+0000 -4.88205128205128E-0001
 283 -1.00556776556777E+0000 -3.76190476190476E-0001
 284 -9.62051282051282E-0001 -3.55238095238095E-0001
 285 -9.99926739926740E-0001 -4.10842490842491E-0001
 286 -1.08937728937729E+0000 -4.84175824175824E-0001
 287 -1.01443223443223E+0000 -4.27765567765568E-0001
 288 -9.58021978021978E-0001 -3.56043956043956E-0001
 289 -9.99926739926740E-0001 -4.87399267399267E-0001
 290 -1.02571428571429E+0000 -4.05201465201465E-0001
 291 -9.58021978021978E-0001 -3.56043956043956E-0001
 292 -1.02652014652015E+0000 -4.16483516483516E-0001
 293 -1.09098901098901E+0000 -4.89010989010989E-0001
 294 -9.79780219780220E-0001 -3.49597069597070E-0001
 295 -1.02249084249084E+0000 -4.39047619047619E-0001
 296 -1.08293040293040E+0000 -4.01978021978022E-0001
 297 -9.54798534798535E-0001 -3.49597069597070E-0001
 298 -1.00717948717949E+0000 -4.80146520146520E-0001
 299 -1.00879120879121E+0000 -4.21318681318681E-0001
 300 -9.61245421245421E-0001 -4.17289377289377E-0001
 301 -1.08776556776557E+0000 -4.88205128205128E-0001
 302 -1.02329670329670E+0000 -3.54432234432234E-0001
 303 -1.01604395604396E+0000 -4.15677655677656E-0001
 304 -1.08534798534799E+0000 -4.06813186813187E-0001
 305 -9.62051282051282E-0001 -3.58461538461538E-0001
 306 -1.03216117216117E+0000 -4.82564102564103E-0001
 307 -1.01684981684982E+0000 -3.88278388278388E-0001
 308 -9.54798534798535E-0001 -4.13260073260073E-0001
 309 -1.08776556776557E+0000 -4.81758241758242E-0001
 310 -1.00476190476190E+0000 -3.57655677655678E-0001
 311 -1.02974358974359E+0000 -4.51941391941392E-0001
 312 -1.09179487179487E+0000 -4.11648351648352E-0001
 313 -9.45128205128205E-0001 -3.37509157509158E-0001
 314 -1.00315018315018E+0000 -4.02783882783883E-0001
 315 -1.08534798534799E+0000 -4.82564102564103E-0001
 316 -1.01523809523810E+0000 -2.51282051282051E-0001
 317 -1.02087912087912E+0000 -4.42271062271062E-0001
 318 -1.08937728937729E+0000 -4.22930402930403E-0001
 319 -8.69377289377289E-0001 -4.22124542124542E-0001
 320 -1.08857142857143E+0000 -4.88205128205128E-0001
 321 -1.01201465201465E+0000 -4.08424908424908E-0001
 322 -8.63736263736264E-0001 -2.67399267399267E-0001
 323 -1.04183150183150E+0000 -4.20512820512821E-0001
 324 -1.09501831501832E+0000 -4.96263736263736E-0001
 325 -1.00395604395604E+0000 -3.89084249084249E-0001
 326 -8.80659340659341E-0001 -2.55311355311355E-0001
 327 -1.02893772893773E+0000 -4.78534798534799E-0001
 328 -1.01120879120879E+0000 -2.70622710622711E-0001
 329 -1.03457875457875E+0000 -4.85787545787546E-0001
 330 -9.95091575091575E-0001 -3.76996336996337E-0001
 331 -8.95164835164835E-0001 -4.38241758241758E-0001
 332 -1.08615384615385E+0000 -4.01978021978022E-0001
 333 -8.98388278388278E-0001 -3.02857142857143E-0001
 334 -1.04183150183150E+0000 -4.46300366300366E-0001
 335 -1.08615384615385E+0000 -4.88205128205128E-0001
 336 -9.99926739926740E-0001 -4.01172161172161E-0001
 337 -8.97582417582418E-0001 -2.94798534798535E-0001
 338 -1.04908424908425E+0000 -4.81758241758242E-0001
 339 -1.00073260073260E+0000 -2.63369963369963E-0001
 340 -1.05633699633700E+0000 -4.80146520146520E-0001
 341 -1.00234432234432E+0000 -2.85934065934066E-0001
 342 -1.05633699633700E+0000 -4.84981684981685E-0001
 343 -1.00556776556777E+0000 -2.63369963369963E-0001
 344 -1.06197802197802E+0000 -4.82564102564103E-0001
 345 -9.93479853479853E-0001 -2.89157509157509E-0001
 346 -1.06197802197802E+0000 -4.80952380952381E-0001
 347 -9.93479853479853E-0001 -4.01978021978022E-0001
 348 -8.98388278388278E-0001 -2.79487179487179E-0001
 349 -1.05553113553114E+0000 -4.50329670329670E-0001
 350 -1.08857142857143E+0000 -4.87399267399267E-0001
 351 -9.89450549450549E-0001 -3.94725274725275E-0001
 352 -8.85494505494505E-0001 -2.73040293040293E-0001
 353 -1.05794871794872E+0000 -4.51135531135531E-0001
 354 -1.08534798534799E+0000 -4.86593406593407E-0001
 355 -1.01120879120879E+0000 -3.93113553113553E-0001
 356 -9.08864468864469E-0001 -4.51941391941392E-0001
 357 -1.08373626373626E+0000 -3.92307692307692E-0001
 358 -9.16117216117216E-0001 -2.99633699633700E-0001
 359 -1.06036630036630E+0000 -4.65641025641026E-0001
 360 -1.08293040293040E+0000 -4.06007326007326E-0001
 361 -9.08864468864469E-0001 -2.75457875457875E-0001
 362 -1.05875457875458E+0000 -4.55164835164835E-0001
 363 -1.09098901098901E+0000 -4.87399267399267E-0001
 364 -9.96703296703297E-0001 -4.00366300366300E-0001
 365 -9.07252747252747E-0001 -3.11721611721612E-0001
 366 -1.06117216117216E+0000 -4.83369963369963E-0001
 367 -9.92673992673993E-0001 -3.89890109890110E-0001
 368 -9.28205128205128E-0001 -3.12527472527473E-0001
 369 -1.06439560439560E+0000 -4.61611721611722E-0001
 370 -1.07890109890110E+0000 -4.82564102564103E-0001
 371 -9.95091575091575E-0001 -3.02857142857143E-0001
 372 -1.06842490842491E+0000 -4.74505494505495E-0001
 373 -9.91062271062271E-0001 -3.17362637362637E-0001
 374 -1.07003663003663E+0000 -4.61611721611722E-0001
 375 -9.95897435897436E-0001 -3.04468864468864E-0001
 376 -1.07326007326007E+0000 -4.71282051282051E-0001
 377 -1.07245421245421E+0000 -4.68058608058608E-0001
 378 -9.98315018315018E-0001 -3.47985347985348E-0001
 379 -1.07164835164835E+0000 -4.73699633699634E-0001
 380 -1.00717948717949E+0000 -4.71282051282051E-0001
 381 -1.07567765567766E+0000 -3.81831501831502E-0001
 382 -9.22564102564103E-0001 -4.76117216117216E-0001
 383 -1.08212454212454E+0000 -4.74505494505495E-0001
 384 -1.00234432234432E+0000 -3.29450549450549E-0001
 385 -1.06520146520147E+0000 -4.72087912087912E-0001
 386 -9.89450549450549E-0001 -3.18168498168498E-0001
 387 -1.06681318681319E+0000 -4.72087912087912E-0001
 388 -9.99120879120879E-0001 -3.03663003663004E-0001
 389 -1.07487179487179E+0000 -4.83369963369963E-0001
 390 -9.89450549450549E-0001 -3.17362637362637E-0001
 391 -1.07728937728938E+0000 -4.75311355311355E-0001
 392 -1.08534798534799E+0000 -4.79340659340659E-0001
 393 -9.91062271062271E-0001 -3.11721611721612E-0001
 394 -1.07809523809524E+0000 -4.71282051282051E-0001
 395 -9.87032967032967E-0001 -4.81758241758242E-0001
 396 -1.09501831501832E+0000 -3.81831501831502E-0001
 397 -9.25787545787546E-0001 -3.08498168498168E-0001
 398 -1.07890109890110E+0000 -4.93846153846154E-0001
 399 -9.95091575091575E-0001 -3.02857142857143E-0001
 400 -1.08131868131868E+0000 -4.76923076923077E-0001
 401 -9.90256410256410E-0001 -3.78608058608059E-0001
 402 -9.23369963369963E-0001 -4.85787545787546E-0001
 403 -1.07890109890110E+0000 -3.41538461538462E-0001
 404 -1.07728937728938E+0000 -4.85787545787546E-0001
 405 -9.95091575091575E-0001 -3.23003663003663E-0001
 406 -1.07648351648352E+0000 -4.71282051282051E-0001
 407 -1.10388278388278E+0000 -3.76996336996337E-0001
 408 -9.49963369963370E-0001 -4.72893772893773E-0001
 409 -1.10146520146520E+0000 -5.05934065934066E-0001
 410 -9.92673992673993E-0001 -3.67326007326007E-0001
 411 -1.06842490842491E+0000 -4.92234432234432E-0001
 412 -9.89450549450549E-0001 -3.83443223443223E-0001
 413 -9.70109890109890E-0001 -4.64029304029304E-0001
 414 -1.09260073260073E+0000 -3.72161172161172E-0001
 415 -9.64468864468864E-0001 -4.63223443223443E-0001
 416 -1.08051282051282E+0000 -3.81025641025641E-0001
 417 -9.53186813186813E-0001 -4.79340659340659E-0001
 418 -1.09421245421245E+0000 -3.72161172161172E-0001
 419 -9.49963369963370E-0001 -3.34285714285714E-0001
 420 -1.07567765567766E+0000 -4.79340659340659E-0001
 421 -1.08293040293040E+0000 -3.72967032967033E-0001
 422 -9.62857142857143E-0001 -3.59267399267399E-0001
 423 -1.08373626373626E+0000 -4.89010989010989E-0001
 424 -1.08615384615385E+0000 -4.69670329670330E-0001
 425 -9.79780219780220E-0001 -3.71355311355311E-0001
 426 -9.50769230769231E-0001 -4.76117216117216E-0001
 427 -1.09098901098901E+0000 -3.78608058608059E-0001
 428 -9.63663003663004E-0001 -3.53626373626374E-0001
 429 -1.07970695970696E+0000 -4.85787545787546E-0001
 430 -1.07084249084249E+0000 -3.84249084249084E-0001
 431 -9.74945054945055E-0001 -4.72893772893773E-0001
 432 -1.07567765567766E+0000 -3.76190476190476E-0001
 433 -9.83809523809524E-0001 -3.58461538461538E-0001
 434 -1.07970695970696E+0000 -4.75311355311355E-0001
 435 -1.07406593406593E+0000 -3.77802197802198E-0001
 436 -9.92673992673993E-0001 -4.79340659340659E-0001
 437 -1.06197802197802E+0000 -3.85054945054945E-0001
 438 -1.00637362637363E+0000 -4.79340659340659E-0001
 439 -1.06117216117216E+0000 -4.66446886446886E-0001
 440 -9.84615384615385E-0001 -3.79413919413919E-0001
 441 -9.95091575091575E-0001 -4.72087912087912E-0001
 442 -1.05875457875458E+0000 -3.82637362637363E-0001
 443 -9.88644688644689E-0001 -4.79340659340659E-0001
 444 -1.04989010989011E+0000 -3.81025641025641E-0001
 445 -9.83003663003663E-0001 -4.67252747252747E-0001
 446 -1.05956043956044E+0000 -3.81025641025641E-0001
 447 -9.93479853479853E-0001 -4.68864468864469E-0001
 448 -1.05633699633700E+0000 -3.76190476190476E-0001
 449 -9.79780219780220E-0001 -4.70476190476190E-0001
 450 -1.05633699633700E+0000 -3.80219780219780E-0001
 451 -1.00153846153846E+0000 -4.75311355311355E-0001
 452 -1.05553113553114E+0000 -3.84249084249084E-0001
 453 -9.97509157509158E-0001 -4.81758241758242E-0001
 454 -1.04666666666667E+0000 -3.72967032967033E-0001
 455 -9.95091575091575E-0001 -4.72893772893773E-0001
 456 -1.04666666666667E+0000 -3.76190476190476E-0001
 457 -9.98315018315018E-0001 -4.85787545787546E-0001
 458 -1.04263736263736E+0000 -3.72967032967033E-0001
 459 -1.01282051282051E+0000 -4.89816849816850E-0001
 460 -1.03941391941392E+0000 -3.68937728937729E-0001
 461 -1.00315018315018E+0000 -4.84175824175824E-0001
 462 -1.03860805860806E+0000 -3.68937728937729E-0001
 463 -1.00556776556777E+0000 -4.94652014652015E-0001
 464 -1.03377289377289E+0000 -3.60073260073260E-0001
 465 -1.03054945054945E+0000 -4.01978021978022E-0001
 466 -1.09098901098901E+0000 -3.95531135531136E-0001
 467 -9.70915750915751E-0001 -4.06813186813187E-0001
 468 -1.08293040293040E+0000 -4.12454212454212E-0001
 469 -9.72527472527473E-0001 -4.24542124542125E-0001
 470 -1.09018315018315E+0000 -4.11648351648352E-0001
 471 -9.70109890109890E-0001 -4.24542124542125E-0001
 472 -1.08373626373626E+0000 -4.23736263736264E-0001
 473 -9.70109890109890E-0001 -4.26153846153846E-0001
 474 -1.08857142857143E+0000 -4.18901098901099E-0001
 475 -9.76556776556777E-0001 -3.68937728937729E-0001
 476 -1.02571428571429E+0000 -4.83369963369963E-0001
 477 -1.01040293040293E+0000 -3.57655677655678E-0001
 478 -1.02329670329670E+0000 -4.84175824175824E-0001
 479 -1.01765567765568E+0000 -3.68131868131868E-0001
 480 -1.03377289377289E+0000 -4.80952380952381E-0001
 481 -1.01684981684982E+0000 -3.66520146520147E-0001
 482 -1.03135531135531E+0000 -4.98681318681319E-0001
 483 -1.03135531135531E+0000 -3.65714285714286E-0001
 484 -1.02410256410256E+0000 -4.06007326007326E-0001
 485 -1.08937728937729E+0000 -3.93113553113553E-0001
 486 -9.66080586080586E-0001 -4.40659340659341E-0001
 487 -1.09421245421245E+0000 -3.85054945054945E-0001
 488 -9.66886446886447E-0001 -4.02783882783883E-0001
 489 -1.09501831501832E+0000 -4.04395604395604E-0001
 490 -9.61245421245421E-0001 -3.64102564102564E-0001
 491 -1.02329670329670E+0000 -4.97875457875458E-0001
 492 -1.02490842490842E+0000 -3.63296703296703E-0001
 493 -1.00798534798535E+0000 -4.93040293040293E-0001
 494 -1.02249084249084E+0000 -3.59267399267399E-0001
 495 -1.01201465201465E+0000 -4.92234432234432E-0001
 496 -1.00798534798535E+0000 -4.14871794871795E-0001
 497 -9.64468864468864E-0001 -4.34212454212454E-0001
 498 -1.09260073260073E+0000 -4.15677655677656E-0001
 499 -9.65274725274725E-0001 -4.43076923076923E-0001
 500 -1.09260073260073E+0000 -4.14871794871795E-0001
 501 -9.67692307692308E-0001 -3.59267399267399E-0001
 502 -1.04021978021978E+0000 -4.84175824175824E-0001
 503 -1.01120879120879E+0000 -3.56043956043956E-0001
 504 -1.02571428571429E+0000 -4.29377289377289E-0001
 505 -9.62857142857143E-0001 -4.23736263736264E-0001
 506 -1.09501831501832E+0000 -3.37509157509158E-0001
 507 -1.03699633699634E+0000 -4.97069597069597E-0001
 508 -1.02168498168498E+0000 -2.74652014652015E-0001
 509 -1.04424908424908E+0000 -4.19706959706960E-0001
 510 -1.09582417582418E+0000 -3.93113553113553E-0001
 511 -8.78241758241758E-0001 -4.60000000000000E-0001
 512 -1.09824175824176E+0000 -3.98754578754579E-0001
 513 -8.66959706959707E-0001 -2.57728937728938E-0001
 514 -1.04505494505495E+0000 -5.01904761904762E-0001
 515 -1.02249084249084E+0000 -2.58534798534799E-0001
 516 -1.02490842490842E+0000 -4.25347985347985E-0001
 517 -1.09260073260073E+0000 -4.12454212454212E-0001
 518 -8.77435897435897E-0001 -4.55970695970696E-0001
 519 -1.08937728937729E+0000 -4.03589743589744E-0001
 520 -8.83076923076923E-0001 -2.69816849816850E-0001
 521 -1.04666666666667E+0000 -4.93040293040293E-0001
 522 -1.01523809523810E+0000 -2.81904761904762E-0001
 523 -1.05875457875458E+0000 -4.88205128205128E-0001
 524 -1.02007326007326E+0000 -4.60805860805861E-0001
 525 -1.08776556776557E+0000 -4.14871794871795E-0001
 526 -9.07252747252747E-0001 -4.66446886446886E-0001
 527 -1.08937728937729E+0000 -4.05201465201465E-0001
 528 -8.82271062271062E-0001 -2.77069597069597E-0001
 529 -1.06842490842491E+0000 -4.80146520146520E-0001
 530 -1.01443223443223E+0000 -3.10915750915751E-0001
 531 -1.07084249084249E+0000 -4.68864468864469E-0001
 532 -1.09179487179487E+0000 -3.84249084249084E-0001
 533 -9.16117216117216E-0001 -4.76923076923077E-0001
 534 -1.09824175824176E+0000 -3.92307692307692E-0001
 535 -9.05641025641026E-0001 -3.11721611721612E-0001
 536 -1.06197802197802E+0000 -4.92234432234432E-0001
 537 -9.91868131868132E-0001 -3.07692307692308E-0001
 538 -1.04747252747253E+0000 -4.22124542124542E-0001
 539 -9.12087912087912E-0001 -4.53553113553114E-0001
 540 -1.09340659340659E+0000 -3.91501831501832E-0001
 541 -9.04029304029304E-0001 -4.91428571428571E-0001
 542 -1.02087912087912E+0000 -3.14945054945055E-0001
 543 -1.07487179487179E+0000 -4.79340659340659E-0001
 544 -1.01120879120879E+0000 -4.70476190476190E-0001
 545 -1.08534798534799E+0000 -4.03589743589744E-0001
 546 -9.36263736263736E-0001 -4.75311355311355E-0001
 547 -1.09018315018315E+0000 -3.02051282051282E-0001
 548 -1.08293040293040E+0000 -4.81758241758242E-0001
 549 -9.98315018315018E-0001 -3.11721611721612E-0001
 550 -1.07890109890110E+0000 -4.75311355311355E-0001
 551 -1.08212454212454E+0000 -3.93113553113553E-0001
 552 -9.51575091575092E-0001 -4.74505494505495E-0001
 553 -1.07728937728938E+0000 -4.68864468864469E-0001
 554 -1.00798534798535E+0000 -3.50402930402930E-0001
 555 -1.07890109890110E+0000 -4.69670329670330E-0001
 556 -1.00556776556777E+0000 -4.73699633699634E-0001
 557 -1.07809523809524E+0000 -4.05201465201465E-0001
 558 -9.48351648351648E-0001 -4.79340659340659E-0001
 559 -1.08051282051282E+0000 -4.84981684981685E-0001
 560 -1.00798534798535E+0000 -3.31062271062271E-0001
 561 -1.08131868131868E+0000 -4.79340659340659E-0001
 562 -1.00879120879121E+0000 -3.88278388278388E-0001
 563 -9.41098901098901E-0001 -4.83369963369963E-0001
 564 -1.08373626373626E+0000 -3.74578754578755E-0001
 565 -9.45128205128205E-0001 -3.50402930402930E-0001
 566 -1.07809523809524E+0000 -4.80952380952381E-0001
 567 -1.00073260073260E+0000 -4.85787545787546E-0001
 568 -1.08857142857143E+0000 -3.97142857142857E-0001
 569 -9.09670329670330E-0001 -4.76923076923077E-0001
 570 -1.08937728937729E+0000 -4.86593406593407E-0001
 571 -9.95091575091575E-0001 -3.13333333333333E-0001
 572 -1.08534798534799E+0000 -3.94725274725275E-0001
 573 -9.33040293040293E-0001 -4.76117216117216E-0001
 574 -1.08937728937729E+0000 -3.84249084249084E-0001
 575 -9.47545787545788E-0001 -3.24615384615385E-0001
 576 -1.08373626373626E+0000 -4.81758241758242E-0001
 577 -9.93479853479853E-0001 -3.25421245421245E-0001
 578 -1.08454212454212E+0000 -4.83369963369963E-0001
 579 -1.09904761904762E+0000 -3.95531135531136E-0001
 580 -9.58021978021978E-0001 -4.79340659340659E-0001
 581 -9.97509157509158E-0001 -3.77802197802198E-0001
 582 -1.08131868131868E+0000 -3.93919413919414E-0001
 583 -9.70109890109890E-0001 -4.83369963369963E-0001
 584 -1.10227106227106E+0000 -3.60879120879121E-0001
 585 -1.07809523809524E+0000 -4.82564102564103E-0001
 586 -9.98315018315018E-0001 -4.84981684981685E-0001
 587 -1.09018315018315E+0000 -3.78608058608059E-0001
 588 -9.70109890109890E-0001 -5.06739926739927E-0001
 589 -9.90256410256410E-0001 -3.63296703296703E-0001
 590 -1.08615384615385E+0000 -4.94652014652015E-0001
 591 -9.95897435897436E-0001 -3.89084249084249E-0001
 592 -9.72527472527473E-0001 -4.89816849816850E-0001
 593 -1.10146520146520E+0000 -3.85054945054945E-0001
 594 -1.09340659340659E+0000 -4.76117216117216E-0001
 595 -9.90256410256410E-0001 -4.92234432234432E-0001
 596 -1.08212454212454E+0000 -3.85054945054945E-0001
 597 -9.86227106227106E-0001 -4.47912087912088E-0001
 598 -9.95091575091575E-0001 -3.86666666666667E-0001
 599 -1.08293040293040E+0000 -4.80952380952381E-0001
 600 -1.06842490842491E+0000 -3.86666666666667E-0001
 601 -1.00153846153846E+0000 -4.68864468864469E-0001
 602 -9.97509157509158E-0001 -3.98754578754579E-0001
 603 -1.08212454212454E+0000 -3.84249084249084E-0001
 604 -9.91868131868132E-0001 -4.89816849816850E-0001
 605 -1.05794871794872E+0000 -3.85054945054945E-0001
 606 -1.08937728937729E+0000 -4.64835164835165E-0001
 607 -9.87838827838828E-0001 -3.85054945054945E-0001
 608 -9.95091575091575E-0001 -4.80952380952381E-0001
 609 -1.06197802197802E+0000 -4.01172161172161E-0001
 610 -1.08695970695971E+0000 -4.61611721611722E-0001
 611 -9.84615384615385E-0001 -4.88205128205128E-0001
 612 -1.06197802197802E+0000 -3.80219780219780E-0001
 613 -1.00073260073260E+0000 -3.97948717948718E-0001
 614 -1.09179487179487E+0000 -4.43076923076923E-0001
 615 -9.70915750915751E-0001 -4.93846153846154E-0001
 616 -1.05150183150183E+0000 -3.70549450549451E-0001
 617 -1.00234432234432E+0000 -4.33406593406593E-0001
 618 -9.73333333333333E-0001 -4.06007326007326E-0001
 619 -1.09824175824176E+0000 -3.68131868131868E-0001
 620 -1.03860805860806E+0000 -4.93846153846154E-0001
 621 -1.01846153846154E+0000 -4.27765567765568E-0001
 622 -1.09098901098901E+0000 -4.30183150183150E-0001
 623 -9.80586080586081E-0001 -3.70549450549451E-0001
 624 -1.03457875457875E+0000 -4.88205128205128E-0001
 625 -1.02087912087912E+0000 -4.07619047619048E-0001
 626 -1.09421245421245E+0000 -4.21318681318681E-0001
 627 -9.79780219780220E-0001 -4.84981684981685E-0001
 628 -1.02410256410256E+0000 -3.84249084249084E-0001
 629 -1.02168498168498E+0000 -4.33406593406593E-0001
 630 -9.78974358974359E-0001 -4.28571428571429E-0001
 631 -1.09501831501832E+0000 -4.82564102564103E-0001
 632 -1.02410256410256E+0000 -3.72967032967033E-0001
 633 -1.01926739926740E+0000 -4.27765567765568E-0001
 634 -9.77362637362637E-0001 -4.39047619047619E-0001
 635 -1.10065934065934E+0000 -3.69743589743590E-0001
 636 -9.99926739926740E-0001 -4.98681318681319E-0001
 637 -1.02571428571429E+0000 -4.36630036630037E-0001
 638 -1.10146520146520E+0000 -3.68937728937729E-0001
 639 -1.01926739926740E+0000 -5.00293040293040E-0001
 640 -1.01604395604396E+0000 -4.45494505494505E-0001
 641 -1.10388278388278E+0000 -4.23736263736264E-0001
 642 -9.71721611721612E-0001 -4.98681318681319E-0001
 643 -1.00073260073260E+0000 -3.70549450549451E-0001
 644 -1.03296703296703E+0000 -4.06813186813187E-0001
 645 -9.71721611721612E-0001 -4.54358974358974E-0001
 646 -1.10307692307692E+0000 -3.68131868131868E-0001
 647 -1.03699633699634E+0000 -4.98681318681319E-0001
 648 -1.01604395604396E+0000 -4.21318681318681E-0001
 649 -9.70915750915751E-0001 -4.21318681318681E-0001
 650 -1.10630036630037E+0000 -4.27765567765568E-0001
 651 -9.67692307692308E-0001 -3.56043956043956E-0001
 652 -1.05230769230769E+0000 -4.96263736263736E-0001
 653 -1.03216117216117E+0000 -4.22930402930403E-0001
 654 -1.10227106227106E+0000 -3.93919413919414E-0001
 655 -8.81465201465201E-0001 -2.88351648351648E-0001
 656 -1.02732600732601E+0000 -4.99487179487179E-0001
 657 -1.02893772893773E+0000 -4.43882783882784E-0001
 658 -1.10065934065934E+0000 -3.98754578754579E-0001
 659 -8.71794871794872E-0001 -4.97875457875458E-0001
 660 -1.02329670329670E+0000 -2.60146520146520E-0001
 661 -1.03619047619048E+0000 -4.12454212454212E-0001
 662 -9.04835164835165E-0001 -4.56776556776557E-0001
 663 -1.09904761904762E+0000 -2.77069597069597E-0001
 664 -1.06036630036630E+0000 -4.93040293040293E-0001
 665 -1.01362637362637E+0000 -3.91501831501832E-0001
 666 -9.03223443223443E-0001 -4.69670329670330E-0001
 667 -1.09340659340659E+0000 -2.85128205128205E-0001
 668 -1.06600732600733E+0000 -4.96263736263736E-0001
 669 -1.00798534798535E+0000 -4.03589743589744E-0001
 670 -9.09670329670330E-0001 -4.61611721611722E-0001
 671 -1.09421245421245E+0000 -2.96410256410256E-0001
 672 -1.07728937728938E+0000 -4.93040293040293E-0001
 673 -1.00879120879121E+0000 -4.70476190476190E-0001
 674 -1.09582417582418E+0000 -4.19706959706960E-0001
 675 -9.25787545787546E-0001 -5.01098901098901E-0001
 676 -1.02168498168498E+0000 -2.97216117216117E-0001
 677 -1.06761904761905E+0000 -4.09230769230769E-0001
 678 -8.95164835164835E-0001 -4.71282051282051E-0001
 679 -1.09582417582418E+0000 -4.93040293040293E-0001
 680 -1.02087912087912E+0000 -3.14139194139194E-0001
 681 -1.07326007326007E+0000 -4.14871794871795E-0001
 682 -9.13699633699634E-0001 -4.80146520146520E-0001
 683 -1.09582417582418E+0000 -3.00439560439560E-0001
 684 -1.08051282051282E+0000 -4.84981684981685E-0001
 685 -1.01684981684982E+0000 -4.87399267399267E-0001
 686 -1.08776556776557E+0000 -3.93113553113553E-0001
 687 -9.31428571428571E-0001 -4.84175824175824E-0001
 688 -1.00476190476190E+0000 -3.67326007326007E-0001
 689 -1.08454212454212E+0000 -4.86593406593407E-0001
 690 -1.08454212454212E+0000 -3.98754578754579E-0001
 691 -9.37875457875458E-0001 -4.73699633699634E-0001
 692 -1.08857142857143E+0000 -4.85787545787546E-0001
 693 -1.01443223443223E+0000 -3.37509157509158E-0001
 694 -1.07970695970696E+0000 -4.07619047619048E-0001
 695 -9.70109890109890E-0001 -4.71282051282051E-0001
 696 -1.00879120879121E+0000 -3.43150183150183E-0001
 697 -1.08534798534799E+0000 -4.01978021978022E-0001
 698 -9.56410256410256E-0001 -4.79340659340659E-0001
 699 -1.09743589743590E+0000 -3.24615384615385E-0001
 700 -1.08212454212454E+0000 -4.92234432234432E-0001
 701 -1.00234432234432E+0000 -3.98754578754579E-0001
 702 -9.41098901098901E-0001 -4.90622710622711E-0001
 703 -1.09421245421245E+0000 -3.19780219780220E-0001
 704 -1.08615384615385E+0000 -4.88205128205128E-0001
 705 -9.98315018315018E-0001 -4.89010989010989E-0001
 706 -1.09421245421245E+0000 -4.01978021978022E-0001
 707 -9.30622710622711E-0001 -4.97069597069597E-0001
 708 -1.00476190476190E+0000 -3.40732600732601E-0001
 709 -1.09179487179487E+0000 -3.92307692307692E-0001
 710 -9.17728937728938E-0001 -4.87399267399267E-0001
 711 -1.09501831501832E+0000 -4.80952380952381E-0001
 712 -9.99926739926740E-0001 -3.54432234432234E-0001
 713 -1.08454212454212E+0000 -4.07619047619048E-0001
 714 -9.40293040293040E-0001 -4.74505494505495E-0001
 715 -1.08695970695971E+0000 -3.50402930402930E-0001
 716 -1.08534798534799E+0000 -5.28498168498168E-0001
 717 -9.97509157509158E-0001 -3.94725274725275E-0001
 718 -9.67692307692308E-0001 -4.80952380952381E-0001
 719 -1.09098901098901E+0000 -3.64102564102564E-0001
 720 -1.08454212454212E+0000 -5.05128205128205E-0001
 721 -9.96703296703297E-0001 -3.87472527472527E-0001
 722 -9.68498168498168E-0001 -4.82564102564103E-0001
 723 -1.09824175824176E+0000 -3.68937728937729E-0001
 724 -1.08857142857143E+0000 -5.08351648351648E-0001
 725 -9.96703296703297E-0001 -4.92234432234432E-0001
 726 -1.08534798534799E+0000 -3.91501831501832E-0001
 727 -9.88644688644689E-0001 -3.74578754578755E-0001
 728 -1.09098901098901E+0000 -4.98681318681319E-0001
 729 -9.95091575091575E-0001 -4.89010989010989E-0001
 730 -1.10065934065934E+0000 -3.81025641025641E-0001
 731 -9.70915750915751E-0001 -4.84175824175824E-0001
 732 -9.90256410256410E-0001 -4.90622710622711E-0001
 733 -1.07970695970696E+0000 -3.76190476190476E-0001
 734 -9.82197802197802E-0001 -4.71282051282051E-0001
 735 -9.95091575091575E-0001 -4.01978021978022E-0001
 736 -1.08293040293040E+0000 -3.76190476190476E-0001
 737 -9.91868131868132E-0001 -4.81758241758242E-0001
 738 -1.06842490842491E+0000 -3.89084249084249E-0001
 739 -1.08615384615385E+0000 -4.70476190476190E-0001
 740 -9.95897435897436E-0001 -4.86593406593407E-0001
 741 -1.07245421245421E+0000 -3.82637362637363E-0001
 742 -1.01684981684982E+0000 -4.60000000000000E-0001
 743 -9.99120879120879E-0001 -3.85054945054945E-0001
 744 -1.08776556776557E+0000 -4.85787545787546E-0001
 745 -1.05956043956044E+0000 -3.93919413919414E-0001
 746 -1.00315018315018E+0000 -4.65641025641026E-0001
 747 -9.97509157509158E-0001 -3.81025641025641E-0001
 748 -1.09098901098901E+0000 -3.93113553113553E-0001
 749 -1.00717948717949E+0000 -4.89010989010989E-0001
 750 -1.07084249084249E+0000 -4.54358974358974E-0001
 751 -9.99120879120879E-0001 -3.99560439560440E-0001
 752 -1.09340659340659E+0000 -3.86666666666667E-0001
 753 -1.00879120879121E+0000 -4.84175824175824E-0001
 754 -1.06117216117216E+0000 -4.18095238095238E-0001
 755 -1.09824175824176E+0000 -4.43882783882784E-0001
 756 -9.87838827838828E-0001 -4.99487179487179E-0001
 757 -1.06197802197802E+0000 -3.72967032967033E-0001
 758 -1.00879120879121E+0000 -3.89084249084249E-0001
 759 -1.09260073260073E+0000 -3.68131868131868E-0001
 760 -1.02893772893773E+0000 -4.97069597069597E-0001
 761 -1.03780219780220E+0000 -4.34212454212454E-0001
 762 -1.09824175824176E+0000 -4.25347985347985E-0001
 763 -9.85421245421245E-0001 -3.72967032967033E-0001
 764 -1.05714285714286E+0000 -4.92234432234432E-0001
 765 -1.03377289377289E+0000 -4.15677655677656E-0001
 766 -9.84615384615385E-0001 -4.56776556776557E-0001
 767 -1.10227106227106E+0000 -4.98681318681319E-0001
 768 -1.03538461538462E+0000 -3.76996336996337E-0001
 769 -1.05150183150183E+0000 -4.15677655677656E-0001
 770 -9.87032967032967E-0001 -4.10036630036630E-0001
 771 -9.88644688644689E-0001 -4.92234432234432E-0001
 772 -1.02410256410256E+0000 -5.02710622710623E-0001
 773 -1.02490842490842E+0000 -3.76190476190476E-0001
 774 -1.03941391941392E+0000 -4.27765567765568E-0001
 775 -9.80586080586081E-0001 -4.37435897435897E-0001
 776 -1.10307692307692E+0000 -4.99487179487179E-0001
 777 -1.02490842490842E+0000 -3.65714285714286E-0001
 778 -1.04586080586081E+0000 -4.05201465201465E-0001
 779 -9.83003663003663E-0001 -5.13186813186813E-0001
 780 -1.04586080586081E+0000 -3.63296703296703E-0001
 781 -1.05391941391941E+0000 -4.10842490842491E-0001
 782 -9.74945054945055E-0001 -4.31794871794872E-0001
 783 -1.10791208791209E+0000 -5.03516483516484E-0001
 784 -1.01926739926740E+0000 -3.68131868131868E-0001
 785 -1.03377289377289E+0000 -4.30183150183150E-0001
 786 -9.78974358974359E-0001 -4.36630036630037E-0001
 787 -1.10227106227106E+0000 -4.94652014652015E-0001
 788 -1.03054945054945E+0000 -3.70549450549451E-0001
 789 -1.05553113553114E+0000 -4.09230769230769E-0001
 790 -9.80586080586081E-0001 -4.42271062271062E-0001
 791 -1.11355311355311E+0000 -3.55238095238095E-0001
 792 -1.05311355311355E+0000 -4.99487179487179E-0001
 793 -1.02893772893773E+0000 -4.44688644688645E-0001
 794 -9.70915750915751E-0001 -4.22124542124542E-0001
 795 -1.11355311355311E+0000 -3.17362637362637E-0001
 796 -1.04989010989011E+0000 -4.99487179487179E-0001
 797 -1.01523809523810E+0000 -4.53553113553114E-0001
 798 -1.10791208791209E+0000 -4.32600732600733E-0001
 799 -8.93553113553114E-0001 -5.03516483516484E-0001
 800 -1.02571428571429E+0000 -2.74652014652015E-0001
 801 -1.07245421245421E+0000 -4.53553113553114E-0001
 802 -1.11516483516484E+0000 -4.12454212454212E-0001
 803 -8.95970695970696E-0001 -5.03516483516484E-0001
 804 -1.01846153846154E+0000 -2.89963369963370E-0001
 805 -1.06681318681319E+0000 -4.16483516483516E-0001
 806 -9.07252747252747E-0001 -4.55970695970696E-0001
 807 -1.09985347985348E+0000 -3.17362637362637E-0001
 808 -1.07567765567766E+0000 -4.96263736263736E-0001
 809 -1.02893772893773E+0000 -4.66446886446886E-0001
 810 -1.10065934065934E+0000 -3.98754578754579E-0001
 811 -9.21758241758242E-0001 -3.24615384615385E-0001
 812 -1.08212454212454E+0000 -5.03516483516484E-0001
 813 -1.02087912087912E+0000 -4.71282051282051E-0001
 814 -1.10791208791209E+0000 -4.07619047619048E-0001
 815 -9.34652014652015E-0001 -4.88205128205128E-0001
 816 -1.02893772893773E+0000 -2.99633699633700E-0001
 817 -1.08373626373626E+0000 -4.80952380952381E-0001
 818 -1.11113553113553E+0000 -3.99560439560440E-0001
 819 -9.11282051282051E-0001 -5.01098901098901E-0001
 820 -1.01684981684982E+0000 -3.20586080586081E-0001
 821 -1.07648351648352E+0000 -4.69670329670330E-0001
 822 -1.10146520146520E+0000 -3.99560439560440E-0001
 823 -9.02417582417582E-0001 -4.48717948717949E-0001
 824 -1.10871794871795E+0000 -4.96263736263736E-0001
 825 -1.02813186813187E+0000 -2.90769230769231E-0001
 826 -1.08131868131868E+0000 -4.08424908424908E-0001
 827 -9.17728937728938E-0001 -4.85787545787546E-0001
 828 -1.09501831501832E+0000 -4.91428571428571E-0001
 829 -1.02087912087912E+0000 -3.01245421245421E-0001
 830 -1.08615384615385E+0000 -3.96336996336996E-0001
 831 -9.31428571428571E-0001 -4.88205128205128E-0001
 832 -1.09824175824176E+0000 -3.24615384615385E-0001
 833 -1.09098901098901E+0000 -4.89816849816850E-0001
 834 -1.01282051282051E+0000 -4.84175824175824E-0001
 835 -1.09098901098901E+0000 -3.96336996336996E-0001
 836 -9.54798534798535E-0001 -4.93846153846154E-0001
 837 -1.01523809523810E+0000 -3.44761904761905E-0001
 838 -1.09260073260073E+0000 -3.95531135531136E-0001
 839 -9.64468864468864E-0001 -4.77728937728938E-0001
 840 -1.09824175824176E+0000 -4.83369963369963E-0001
 841 -1.01040293040293E+0000 -3.31868131868132E-0001
 842 -1.09098901098901E+0000 -4.14871794871795E-0001
 843 -9.50769230769231E-0001 -4.92234432234432E-0001
 844 -1.09501831501832E+0000 -3.47179487179487E-0001
 845 -1.09018315018315E+0000 -4.89816849816850E-0001
 846 -1.01523809523810E+0000 -4.06813186813187E-0001
 847 -9.37875457875458E-0001 -4.86593406593407E-0001
 848 -1.10146520146520E+0000 -3.39926739926740E-0001
 849 -1.09824175824176E+0000 -4.99487179487179E-0001
 850 -1.00879120879121E+0000 -4.84175824175824E-0001
 851 -1.09985347985348E+0000 -3.97142857142857E-0001
 852 -9.53992673992674E-0001 -4.93846153846154E-0001
 853 -1.01362637362637E+0000 -3.14139194139194E-0001
 854 -1.09421245421245E+0000 -4.80146520146520E-0001
 855 -1.09582417582418E+0000 -3.95531135531136E-0001
 856 -9.73333333333333E-0001 -3.37509157509158E-0001
 857 -1.09985347985348E+0000 -4.93040293040293E-0001
 858 -1.00798534798535E+0000 -4.81758241758242E-0001
 859 -1.12241758241758E+0000 -3.93113553113553E-0001
 860 -9.66080586080586E-0001 -3.67326007326007E-0001
 861 -1.09179487179487E+0000 -5.08351648351648E-0001
 862 -1.00879120879121E+0000 -4.86593406593407E-0001
 863 -1.09824175824176E+0000 -3.97948717948718E-0001
 864 -9.73333333333333E-0001 -3.76190476190476E-0001
 865 -1.09824175824176E+0000 -4.76117216117216E-0001
 866 -1.01201465201465E+0000 -4.89816849816850E-0001
 867 -1.10307692307692E+0000 -3.92307692307692E-0001
 868 -9.89450549450549E-0001 -3.76190476190476E-0001
 869 -1.09663003663004E+0000 -4.84175824175824E-0001
 870 -1.00798534798535E+0000 -4.89010989010989E-0001
 871 -1.10468864468864E+0000 -3.94725274725275E-0001
 872 -9.84615384615385E-0001 -3.76190476190476E-0001
 873 -1.09824175824176E+0000 -5.02710622710623E-0001
 874 -1.00153846153846E+0000 -4.99487179487179E-0001
 875 -1.10791208791209E+0000 -3.89084249084249E-0001
 876 -9.78168498168498E-0001 -4.66446886446886E-0001
 877 -1.00073260073260E+0000 -3.76190476190476E-0001
 878 -1.10227106227106E+0000 -3.89084249084249E-0001
 879 -1.00153846153846E+0000 -4.84981684981685E-0001
 880 -1.06520146520147E+0000 -4.65641025641026E-0001
 881 -1.00637362637363E+0000 -3.83443223443223E-0001
 882 -1.09743589743590E+0000 -3.83443223443223E-0001
 883 -9.90256410256410E-0001 -4.92234432234432E-0001
 884 -1.07487179487179E+0000 -3.98754578754579E-0001
 885 -1.10065934065934E+0000 -4.55164835164835E-0001
 886 -1.00879120879121E+0000 -4.89010989010989E-0001
 887 -1.08776556776557E+0000 -3.93113553113553E-0001
 888 -9.93479853479853E-0001 -4.39853479853480E-0001
 889 -1.00798534798535E+0000 -3.86666666666667E-0001
 890 -1.10388278388278E+0000 -4.87399267399267E-0001
 891 -1.07003663003663E+0000 -3.89084249084249E-0001
 892 -1.00717948717949E+0000 -4.45494505494505E-0001
 893 -1.00395604395604E+0000 -3.90695970695971E-0001
 894 -1.09663003663004E+0000 -4.83369963369963E-0001
 895 -1.07406593406593E+0000 -3.87472527472527E-0001
 896 -1.01846153846154E+0000 -4.55970695970696E-0001
 897 -1.00153846153846E+0000 -4.00366300366300E-0001
 898 -1.09824175824176E+0000 -3.85054945054945E-0001
 899 -1.02732600732601E+0000 -4.94652014652015E-0001
 900 -1.06439560439560E+0000 -4.13260073260073E-0001
 901 -1.10549450549451E+0000 -4.53553113553114E-0001
 902 -9.96703296703297E-0001 -4.95457875457875E-0001
 903 -1.05311355311355E+0000 -4.46300366300366E-0001
 904 -1.11113553113553E+0000 -4.36630036630037E-0001
 905 -9.98315018315018E-0001 -4.95457875457875E-0001
 906 -1.05391941391941E+0000 -3.80219780219780E-0001
 907 -1.03699633699634E+0000 -4.03589743589744E-0001
 908 -9.98315018315018E-0001 -4.50329670329670E-0001
 909 -1.10549450549451E+0000 -3.85054945054945E-0001
 910 -1.05875457875458E+0000 -4.84981684981685E-0001
 911 -1.03457875457875E+0000 -3.98754578754579E-0001
 912 -9.95091575091575E-0001 -4.18901098901099E-0001
 913 -1.11516483516484E+0000 -3.75384615384615E-0001
 914 -1.02893772893773E+0000 -4.95457875457875E-0001
 915 -1.03941391941392E+0000 -4.33406593406593E-0001
 916 -1.10710622710623E+0000 -4.30183150183150E-0001
 917 -9.95897435897436E-0001 -4.94652014652015E-0001
 918 -1.03619047619048E+0000 -3.69743589743590E-0001
 919 -1.05472527472527E+0000 -4.22124542124542E-0001
 920 -9.95897435897436E-0001 -4.20512820512821E-0001
 921 -1.11274725274725E+0000 -5.00293040293040E-0001
 922 -1.04989010989011E+0000 -3.69743589743590E-0001
 923 -1.01765567765568E+0000 -4.07619047619048E-0001
 924 -9.89450549450549E-0001 -4.45494505494505E-0001
 925 -1.11355311355311E+0000 -3.68937728937729E-0001
 926 -1.05875457875458E+0000 -5.00293040293040E-0001
 927 -1.04666666666667E+0000 -4.30989010989011E-0001
 928 -9.84615384615385E-0001 -4.28571428571429E-0001
 929 -1.11838827838828E+0000 -3.64908424908425E-0001
 930 -1.04263736263736E+0000 -4.97875457875458E-0001
 931 -1.02813186813187E+0000 -4.18901098901099E-0001
 932 -1.11113553113553E+0000 -4.28571428571429E-0001
 933 -9.86227106227106E-0001 -5.05128205128205E-0001
 934 -1.02813186813187E+0000 -3.79413919413919E-0001
 935 -1.06117216117216E+0000 -4.16483516483516E-0001
 936 -9.88644688644689E-0001 -4.35018315018315E-0001
 937 -1.11355311355311E+0000 -5.01098901098901E-0001
 938 -1.05150183150183E+0000 -3.51208791208791E-0001
 939 -1.03780219780220E+0000 -4.47106227106227E-0001
 940 -9.82197802197802E-0001 -4.32600732600733E-0001
 941 -1.11355311355311E+0000 -3.56849816849817E-0001
 942 -1.03619047619048E+0000 -4.92234432234432E-0001
 943 -1.04827838827839E+0000 -4.37435897435897E-0001
 944 -9.20146520146520E-0001 -4.42271062271062E-0001
 945 -1.12000000000000E+0000 -2.85934065934066E-0001
 946 -1.04424908424908E+0000 -4.92234432234432E-0001
 947 -1.04344322344322E+0000 -3.99560439560440E-0001
 948 -8.96776556776557E-0001 -4.42271062271062E-0001
 949 -1.11597069597070E+0000 -2.96410256410256E-0001
 950 -1.07164835164835E+0000 -5.06739926739927E-0001
 951 -1.03296703296703E+0000 -3.97142857142857E-0001
 952 -8.84688644688645E-0001 -4.65641025641026E-0001
 953 -1.11516483516484E+0000 -2.88351648351648E-0001
 954 -1.07406593406593E+0000 -4.95457875457875E-0001
 955 -1.01443223443223E+0000 -4.79340659340659E-0001
 956 -1.11355311355311E+0000 -3.98754578754579E-0001
 957 -9.36263736263736E-0001 -2.95604395604396E-0001
 958 -1.08293040293040E+0000 -5.05128205128205E-0001
 959 -1.02087912087912E+0000 -4.70476190476190E-0001
 960 -1.10146520146520E+0000 -3.85860805860806E-0001
 961 -9.16923076923077E-0001 -2.98827838827839E-0001
 962 -1.08373626373626E+0000 -4.93040293040293E-0001
 963 -1.02813186813187E+0000 -4.69670329670330E-0001
 964 -1.10952380952381E+0000 -3.96336996336996E-0001
 965 -9.34652014652015E-0001 -4.98681318681319E-0001
 966 -1.03135531135531E+0000 -2.83516483516484E-0001
 967 -1.08454212454212E+0000 -4.76923076923077E-0001
 968 -1.10791208791209E+0000 -4.27765567765568E-0001
 969 -9.20952380952381E-0001 -4.92234432234432E-0001
 970 -1.01926739926740E+0000 -2.89963369963370E-0001
 971 -1.07164835164835E+0000 -4.06813186813187E-0001
 972 -9.35457875457875E-0001 -4.79340659340659E-0001
 973 -1.11274725274725E+0000 -4.93846153846154E-0001
 974 -1.01765567765568E+0000 -3.17362637362637E-0001
 975 -1.07970695970696E+0000 -4.02783882783883E-0001
 976 -9.10476190476190E-0001 -4.64029304029304E-0001
 977 -1.10710622710623E+0000 -3.48791208791209E-0001
 978 -1.08454212454212E+0000 -4.92234432234432E-0001
 979 -1.01926739926740E+0000 -4.09230769230769E-0001
 980 -9.46739926739927E-0001 -4.82564102564103E-0001
 981 -1.10952380952381E+0000 -3.39926739926740E-0001
 982 -1.09098901098901E+0000 -4.89816849816850E-0001
 983 -1.02893772893773E+0000 -4.88205128205128E-0001
 984 -1.10791208791209E+0000 -4.05201465201465E-0001
 985 -9.36263736263736E-0001 -3.23003663003663E-0001
 986 -1.09663003663004E+0000 -4.83369963369963E-0001
 987 -1.02249084249084E+0000 -4.84981684981685E-0001
 988 -1.10307692307692E+0000 -3.96336996336996E-0001
 989 -9.64468864468864E-0001 -4.83369963369963E-0001
 990 -1.01846153846154E+0000 -3.22197802197802E-0001
 991 -1.09421245421245E+0000 -4.71282051282051E-0001
 992 -1.10146520146520E+0000 -4.04395604395604E-0001
 993 -9.60439560439560E-0001 -4.95457875457875E-0001
 994 -1.02410256410256E+0000 -3.24615384615385E-0001
 995 -1.09179487179487E+0000 -4.90622710622711E-0001
 996 -1.09985347985348E+0000 -4.18901098901099E-0001
 997 -9.58021978021978E-0001 -4.94652014652015E-0001
 998 -1.02249084249084E+0000 -3.64102564102564E-0001
 999 -1.09663003663004E+0000 -4.06007326007326E-0001
 1000 -9.64468864468864E-0001 -4.72087912087912E-0001
 1001 -1.11113553113553E+0000 -3.15750915750916E-0001
 1002 -1.10146520146520E+0000 -4.80146520146520E-0001
 1003 -1.01282051282051E+0000 -3.94725274725275E-0001
 1004 -9.60439560439560E-0001 -4.94652014652015E-0001
 1005 -1.10952380952381E+0000 -3.69743589743590E-0001
 1006 -1.09179487179487E+0000 -4.83369963369963E-0001
 1007 -1.00798534798535E+0000 -3.96336996336996E-0001
 1008 -9.62857142857143E-0001 -4.82564102564103E-0001
 1009 -1.10146520146520E+0000 -3.65714285714286E-0001
 1010 -1.09824175824176E+0000 -5.18827838827839E-0001
 1011 -1.01523809523810E+0000 -4.84175824175824E-0001
 1012 -1.11113553113553E+0000 -4.07619047619048E-0001
 1013 -9.88644688644689E-0001 -3.67326007326007E-0001
 1014 -1.09904761904762E+0000 -5.01098901098901E-0001
 1015 -1.01443223443223E+0000 -4.85787545787546E-0001
 1016 -1.11113553113553E+0000 -4.01172161172161E-0001
 1017 -9.91062271062271E-0001 -4.76117216117216E-0001
 1018 -1.01120879120879E+0000 -3.58461538461538E-0001
 1019 -1.10307692307692E+0000 -3.97142857142857E-0001
 1020 -9.96703296703297E-0001 -4.90622710622711E-0001
 1021 -1.09824175824176E+0000 -4.84981684981685E-0001
 1022 -1.00556776556777E+0000 -3.85054945054945E-0001
 1023 -1.10468864468864E+0000 -4.01172161172161E-0001
 1024 -9.98315018315018E-0001 -4.89010989010989E-0001
 1025 -1.11113553113553E+0000 -3.77802197802198E-0001
 1026 -1.10549450549451E+0000 -4.80952380952381E-0001
 1027 -1.01282051282051E+0000 -3.98754578754579E-0001
 1028 -9.99120879120879E-0001 -4.90622710622711E-0001
 1029 -1.09098901098901E+0000 -3.64102564102564E-0001
 1030 -1.10307692307692E+0000 -4.74505494505495E-0001
 1031 -1.01362637362637E+0000 -4.88205128205128E-0001
 1032 -1.08051282051282E+0000 -4.02783882783883E-0001
 1033 -1.01523809523810E+0000 -4.18901098901099E-0001
 1034 -1.09824175824176E+0000 -4.88205128205128E-0001
 1035 -1.01684981684982E+0000 -4.93846153846154E-0001
 1036 -1.07890109890110E+0000 -3.90695970695971E-0001
 1037 -1.02571428571429E+0000 -4.49523809523810E-0001
 1038 -1.00959706959707E+0000 -3.89084249084249E-0001
 1039 -1.09904761904762E+0000 -4.85787545787546E-0001
 1040 -1.07326007326007E+0000 -3.85860805860806E-0001
 1041 -1.00798534798535E+0000 -4.62417582417582E-0001
 1042 -1.00556776556777E+0000 -4.08424908424908E-0001
 1043 -1.09985347985348E+0000 -3.79413919413919E-0001
 1044 -1.01282051282051E+0000 -4.81758241758242E-0001
 1045 -1.06842490842491E+0000 -4.22124542124542E-0001
 1046 -1.10791208791209E+0000 -4.66446886446886E-0001
 1047 -9.95897435897436E-0001 -5.09157509157509E-0001
 1048 -1.05794871794872E+0000 -3.69743589743590E-0001
 1049 -1.02974358974359E+0000 -4.24542124542125E-0001
 1050 -1.11435897435897E+0000 -4.45494505494505E-0001
 1051 -9.98315018315018E-0001 -4.92234432234432E-0001
 1052 -1.06197802197802E+0000 -3.85860805860806E-0001
 1053 -1.06036630036630E+0000 -4.30183150183150E-0001
 1054 -1.00315018315018E+0000 -5.09157509157509E-0001
 1055 -1.04989010989011E+0000 -3.68131868131868E-0001
 1056 -1.06923076923077E+0000 -3.99560439560440E-0001
 1057 -1.00234432234432E+0000 -4.29377289377289E-0001
 1058 -1.11597069597070E+0000 -3.85054945054945E-0001
 1059 -1.05069597069597E+0000 -4.89010989010989E-0001
 1060 -1.03780219780220E+0000 -4.21318681318681E-0001
 1061 -9.99926739926740E-0001 -4.19706959706960E-0001
 1062 -1.11677655677656E+0000 -3.84249084249084E-0001
 1063 -1.03860805860806E+0000 -5.01098901098901E-0001
 1064 -1.05311355311355E+0000 -4.29377289377289E-0001
 1065 -1.12000000000000E+0000 -4.01978021978022E-0001
 1066 -9.98315018315018E-0001 -4.98681318681319E-0001
 1067 -1.03860805860806E+0000 -3.70549450549451E-0001
 1068 -1.04344322344322E+0000 -4.26959706959707E-0001
 1069 -9.91062271062271E-0001 -4.27765567765568E-0001
 1070 -1.11677655677656E+0000 -3.55238095238095E-0001
 1071 -1.06197802197802E+0000 -5.05934065934066E-0001
 1072 -1.03860805860806E+0000 -4.32600732600733E-0001
 1073 -9.91062271062271E-0001 -4.40659340659341E-0001
 1074 -1.11919413919414E+0000 -3.60073260073260E-0001
 1075 -1.04424908424908E+0000 -5.18021978021978E-0001
 1076 -1.04021978021978E+0000 -4.19706959706960E-0001
 1077 -1.11919413919414E+0000 -4.47106227106227E-0001
 1078 -9.90256410256410E-0001 -3.57655677655678E-0001
 1079 -1.04263736263736E+0000 -5.05934065934066E-0001
 1080 -1.04908424908425E+0000 -4.35018315018315E-0001
 1081 -1.12322344322344E+0000 -4.08424908424908E-0001
 1082 -9.39487179487179E-0001 -5.05128205128205E-0001
 1083 -1.05956043956044E+0000 -2.99633699633700E-0001
 1084 -1.06197802197802E+0000 -3.97948717948718E-0001
 1085 -9.05641025641026E-0001 -4.41465201465201E-0001
 1086 -1.12725274725275E+0000 -5.09963369963370E-0001
 1087 -1.04263736263736E+0000 -2.68205128205128E-0001
 1088 -1.05069597069597E+0000 -4.27765567765568E-0001
 1089 -9.24175824175824E-0001 -4.66446886446886E-0001
 1090 -1.11919413919414E+0000 -5.01904761904762E-0001
 1091 -1.04102564102564E+0000 -2.90769230769231E-0001
 1092 -1.07728937728938E+0000 -4.14871794871795E-0001
 1093 -9.26593406593407E-0001 -4.58388278388278E-0001
 1094 -1.11677655677656E+0000 -2.83516483516484E-0001
 1095 -1.09501831501832E+0000 -4.86593406593407E-0001
 1096 -1.05472527472527E+0000 -4.92234432234432E-0001
 1097 -1.12161172161172E+0000 -4.11648351648352E-0001
 1098 -9.37875457875458E-0001 -3.25421245421245E-0001
 1099 -1.08857142857143E+0000 -4.97875457875458E-0001
 1100 -1.03377289377289E+0000 -4.80146520146520E-0001
 1101 -1.12080586080586E+0000 -3.97142857142857E-0001
 1102 -9.31428571428571E-0001 -5.08351648351648E-0001
 1103 -1.04586080586081E+0000 -3.21391941391941E-0001
 1104 -1.09260073260073E+0000 -4.14871794871795E-0001
 1105 -9.33040293040293E-0001 -4.86593406593407E-0001
 1106 -1.03216117216117E+0000 -4.72087912087912E-0001
 1107 -1.12241758241758E+0000 -4.14871794871795E-0001
 1108 -9.44322344322344E-0001 -5.09963369963370E-0001
 1109 -1.02571428571429E+0000 -3.00439560439560E-0001
 1110 -1.08776556776557E+0000 -4.78534798534799E-0001
 1111 -1.11677655677656E+0000 -4.01978021978022E-0001
 1112 -9.43516483516484E-0001 -5.08351648351648E-0001
 1113 -1.03216117216117E+0000 -3.05274725274725E-0001
 1114 -1.10065934065934E+0000 -4.22124542124542E-0001
 1115 -9.49157509157509E-0001 -4.79340659340659E-0001
 1116 -1.11435897435897E+0000 -4.93040293040293E-0001
 1117 -1.02893772893773E+0000 -3.24615384615385E-0001
 1118 -1.10307692307692E+0000 -4.00366300366300E-0001
 1119 -9.44322344322344E-0001 -4.87399267399267E-0001
 1120 -1.11113553113553E+0000 -3.55238095238095E-0001
 1121 -1.10710622710623E+0000 -4.93040293040293E-0001
 1122 -1.03860805860806E+0000 -4.01978021978022E-0001
 1123 -9.83809523809524E-0001 -5.01904761904762E-0001
 1124 -1.10630036630037E+0000 -3.38315018315018E-0001
 1125 -1.11435897435897E+0000 -4.93846153846154E-0001
 1126 -1.03216117216117E+0000 -4.96263736263736E-0001
 1127 -1.10227106227106E+0000 -4.15677655677656E-0001
 1128 -9.77362637362637E-0001 -3.52014652014652E-0001
 1129 -1.10549450549451E+0000 -4.90622710622711E-0001
 1130 -1.02571428571429E+0000 -4.92234432234432E-0001
 1131 -1.10307692307692E+0000 -4.11648351648352E-0001
 1132 -9.65274725274725E-0001 -4.94652014652015E-0001
 1133 -1.02410256410256E+0000 -3.52014652014652E-0001
 1134 -1.10952380952381E+0000 -4.97875457875458E-0001
 1135 -1.10630036630037E+0000 -4.14871794871795E-0001
 1136 -9.64468864468864E-0001 -5.01904761904762E-0001
 1137 -1.02087912087912E+0000 -3.29450549450549E-0001
 1138 -1.10307692307692E+0000 -4.06007326007326E-0001
 1139 -9.51575091575092E-0001 -4.92234432234432E-0001
 1140 -1.11113553113553E+0000 -3.42344322344322E-0001
 1141 -1.11113553113553E+0000 -4.96263736263736E-0001
 1142 -1.02329670329670E+0000 -5.05128205128205E-0001
 1143 -1.10952380952381E+0000 -3.94725274725275E-0001
 1144 -9.60439560439560E-0001 -4.92234432234432E-0001
 1145 -1.01443223443223E+0000 -3.47179487179487E-0001
 1146 -1.10871794871795E+0000 -5.00293040293040E-0001
 1147 -1.12402930402930E+0000 -4.09230769230769E-0001
 1148 -9.49157509157509E-0001 -5.01904761904762E-0001
 1149 -1.02087912087912E+0000 -3.76190476190476E-0001
 1150 -1.11194139194139E+0000 -4.90622710622711E-0001
 1151 -1.11597069597070E+0000 -4.01978021978022E-0001
 1152 -9.88644688644689E-0001 -5.12380952380952E-0001
 1153 -1.02652014652015E+0000 -3.85860805860806E-0001
 1154 -1.10468864468864E+0000 -4.14871794871795E-0001
 1155 -9.87032967032967E-0001 -4.85787545787546E-0001
 1156 -1.11274725274725E+0000 -5.10769230769231E-0001
 1157 -1.02652014652015E+0000 -3.81831501831502E-0001
 1158 -1.10871794871795E+0000 -4.06813186813187E-0001
 1159 -9.95091575091575E-0001 -4.81758241758242E-0001
 1160 -1.11758241758242E+0000 -3.97948717948718E-0001
 1161 -1.10791208791209E+0000 -4.93846153846154E-0001
 1162 -1.02410256410256E+0000 -4.88205128205128E-0001
 1163 -1.10871794871795E+0000 -4.07619047619048E-0001
 1164 -9.90256410256410E-0001 -3.91501831501832E-0001
 1165 -1.11194139194139E+0000 -5.00293040293040E-0001
 1166 -1.01362637362637E+0000 -5.05934065934066E-0001
 1167 -1.11355311355311E+0000 -3.89084249084249E-0001
 1168 -1.00073260073260E+0000 -3.72967032967033E-0001
 1169 -1.11194139194139E+0000 -4.79340659340659E-0001
 1170 -1.01846153846154E+0000 -4.99487179487179E-0001
 1171 -1.10791208791209E+0000 -3.99560439560440E-0001
 1172 -1.00637362637363E+0000 -4.98681318681319E-0001
 1173 -1.01604395604396E+0000 -3.91501831501832E-0001
 1174 -1.10791208791209E+0000 -4.99487179487179E-0001
 1175 -1.09663003663004E+0000 -3.91501831501832E-0001
 1176 -1.02410256410256E+0000 -4.80146520146520E-0001
 1177 -1.01846153846154E+0000 -3.90695970695971E-0001
 1178 -1.11194139194139E+0000 -4.00366300366300E-0001
 1179 -1.00315018315018E+0000 -4.95457875457875E-0001
 1180 -1.07809523809524E+0000 -4.69670329670330E-0001
 1181 -1.01926739926740E+0000 -3.92307692307692E-0001
 1182 -1.10468864468864E+0000 -4.16483516483516E-0001
 1183 -1.03377289377289E+0000 -5.00293040293040E-0001
 1184 -1.08293040293040E+0000 -4.64835164835165E-0001
 1185 -1.01846153846154E+0000 -3.99560439560440E-0001
 1186 -1.10630036630037E+0000 -4.11648351648352E-0001
 1187 -1.03377289377289E+0000 -4.95457875457875E-0001
 1188 -1.08534798534799E+0000 -4.19706959706960E-0001
 1189 -1.11032967032967E+0000 -4.63223443223443E-0001
 1190 -1.01765567765568E+0000 -4.82564102564103E-0001
 1191 -1.09824175824176E+0000 -3.86666666666667E-0001
 1192 -1.03860805860806E+0000 -4.10842490842491E-0001
 1193 -1.11516483516484E+0000 -4.85787545787546E-0001
 1194 -1.01201465201465E+0000 -5.01904761904762E-0001
 1195 -1.08695970695971E+0000 -3.85860805860806E-0001
 1196 -1.03216117216117E+0000 -4.34212454212454E-0001
 1197 -1.00315018315018E+0000 -5.10769230769231E-0001
 1198 -1.06681318681319E+0000 -3.69743589743590E-0001
 1199 -1.04263736263736E+0000 -4.42271062271062E-0001
 1200 -1.12000000000000E+0000 -4.58388278388278E-0001
 1201 -1.00476190476190E+0000 -5.01098901098901E-0001
 1202 -1.06036630036630E+0000 -3.73772893772894E-0001
 1203 -1.03941391941392E+0000 -4.27765567765568E-0001
 1204 -1.00073260073260E+0000 -4.61611721611722E-0001
 1205 -1.11838827838828E+0000 -3.89084249084249E-0001
 1206 -1.06681318681319E+0000 -5.01904761904762E-0001
 1207 -1.03619047619048E+0000 -4.27765567765568E-0001
 1208 -1.00556776556777E+0000 -4.30183150183150E-0001
 1209 -1.11597069597070E+0000 -3.82637362637363E-0001
 1210 -1.05069597069597E+0000 -4.97875457875458E-0001
 1211 -1.05472527472527E+0000 -4.26153846153846E-0001
 1212 -1.11516483516484E+0000 -4.42271062271062E-0001
 1213 -1.00556776556777E+0000 -5.03516483516484E-0001
 1214 -1.03780219780220E+0000 -3.93919413919414E-0001
 1215 -1.06520146520147E+0000 -4.24542124542125E-0001
 1216 -1.12000000000000E+0000 -4.15677655677656E-0001
 1217 -9.98315018315018E-0001 -5.10769230769231E-0001
 1218 -1.05230769230769E+0000 -3.89890109890110E-0001
 1219 -1.05956043956044E+0000 -4.14871794871795E-0001
 1220 -9.98315018315018E-0001 -4.70476190476190E-0001
 1221 -1.12483516483516E+0000 -5.15604395604396E-0001
 1222 -1.04747252747253E+0000 -3.66520146520147E-0001
 1223 -1.06197802197802E+0000 -4.46300366300366E-0001
 1224 -9.95897435897436E-0001 -4.55970695970696E-0001
 1225 -1.12241758241758E+0000 -5.18021978021978E-0001
 1226 -1.05391941391941E+0000 -3.83443223443223E-0001
 1227 -1.05391941391941E+0000 -4.33406593406593E-0001
 1228 -9.95091575091575E-0001 -4.42271062271062E-0001
 1229 -1.11919413919414E+0000 -3.59267399267399E-0001
 1230 -1.04344322344322E+0000 -5.02710622710623E-0001
 1231 -1.05230769230769E+0000 -4.38241758241758E-0001
 1232 -1.12241758241758E+0000 -4.10842490842491E-0001
 1233 -9.99926739926740E-0001 -5.14798534798535E-0001
 1234 -1.03699633699634E+0000 -3.73772893772894E-0001
 1235 -1.06197802197802E+0000 -4.39853479853480E-0001
 1236 -1.12805860805861E+0000 -4.43076923076923E-0001
 1237 -9.97509157509158E-0001 -5.00293040293040E-0001
 1238 -1.02249084249084E+0000 -3.64102564102564E-0001
 1239 -1.06923076923077E+0000 -4.30183150183150E-0001
 1240 -9.11282051282051E-0001 -4.36630036630037E-0001
 1241 -1.12805860805861E+0000 -5.03516483516484E-0001
 1242 -1.04666666666667E+0000 -2.78681318681319E-0001
 1243 -1.06036630036630E+0000 -3.98754578754579E-0001
 1244 -9.17728937728938E-0001 -4.42271062271062E-0001
 1245 -1.12805860805861E+0000 -2.77069597069597E-0001
 1246 -1.05230769230769E+0000 -5.18827838827839E-0001
 1247 -1.03377289377289E+0000 -4.71282051282051E-0001
 1248 -1.12322344322344E+0000 -4.36630036630037E-0001
 1249 -9.19340659340659E-0001 -2.85128205128205E-0001
 1250 -1.07164835164835E+0000 -5.03516483516484E-0001
 1251 -1.04989010989011E+0000 -4.79340659340659E-0001
 1252 -1.12161172161172E+0000 -4.10842490842491E-0001
 1253 -9.30622710622711E-0001 -4.96263736263736E-0001
 1254 -1.03699633699634E+0000 -3.06080586080586E-0001
 1255 -1.10630036630037E+0000 -4.80146520146520E-0001
 1256 -1.12322344322344E+0000 -4.27765567765568E-0001
 1257 -9.41904761904762E-0001 -5.15604395604396E-0001
 1258 -1.04827838827839E+0000 -2.96410256410256E-0001
 1259 -1.10146520146520E+0000 -4.11648351648352E-0001
 1260 -9.36263736263736E-0001 -4.93846153846154E-0001
 1261 -1.12161172161172E+0000 -5.09157509157509E-0001
 1262 -1.02974358974359E+0000 -3.03663003663004E-0001
 1263 -1.09824175824176E+0000 -4.08424908424908E-0001
 1264 -9.37069597069597E-0001 -4.79340659340659E-0001
 1265 -1.12564102564103E+0000 -3.33479853479853E-0001
 1266 -1.08776556776557E+0000 -4.97875457875458E-0001
 1267 -1.03780219780220E+0000 -4.31794871794872E-0001
 1268 -9.45934065934066E-0001 -4.84981684981685E-0001
 1269 -1.11919413919414E+0000 -2.98021978021978E-0001
 1270 -1.09824175824176E+0000 -5.13186813186813E-0001
 1271 -1.03216117216117E+0000 -5.01098901098901E-0001
 1272 -1.11274725274725E+0000 -3.31062271062271E-0001
 1273 -1.10710622710623E+0000 -4.84175824175824E-0001
 1274 -1.02168498168498E+0000 -5.05934065934066E-0001
 1275 -1.12080586080586E+0000 -4.18095238095238E-0001
 1276 -9.82197802197802E-0001 -3.42344322344322E-0001
 1277 -1.10549450549451E+0000 -4.93040293040293E-0001
 1278 -1.02652014652015E+0000 -4.80146520146520E-0001
 1279 -1.10307692307692E+0000 -4.07619047619048E-0001
 1280 -9.99926739926740E-0001 -4.99487179487179E-0001
 1281 -1.02490842490842E+0000 -3.59267399267399E-0001
 1282 -1.10227106227106E+0000 -4.22930402930403E-0001
 1283 -9.56410256410256E-0001 -4.91428571428571E-0001
 1284 -1.10710622710623E+0000 -4.80952380952381E-0001
 1285 -1.03054945054945E+0000 -3.37509157509158E-0001
 1286 -1.10791208791209E+0000 -4.01978021978022E-0001
 1287 -9.49157509157509E-0001 -4.89816849816850E-0001
 1288 -1.11435897435897E+0000 -3.48791208791209E-0001
 1289 -1.11032967032967E+0000 -5.05128205128205E-0001
 1290 -1.02571428571429E+0000 -3.98754578754579E-0001
 1291 -9.38681318681319E-0001 -4.99487179487179E-0001
 1292 -1.11597069597070E+0000 -3.60073260073260E-0001
 1293 -1.11113553113553E+0000 -5.15604395604396E-0001
 1294 -1.02571428571429E+0000 -4.92234432234432E-0001
 1295 -1.10710622710623E+0000 -4.12454212454212E-0001
 1296 -9.71721611721612E-0001 -3.64908424908425E-0001
 1297 -1.11113553113553E+0000 -4.92234432234432E-0001
 1298 -1.01926739926740E+0000 -4.91428571428571E-0001
 1299 -1.11435897435897E+0000 -3.98754578754579E-0001
 1300 -9.78168498168498E-0001 -4.99487179487179E-0001
 1301 -1.02490842490842E+0000 -3.63296703296703E-0001
 1302 -1.11355311355311E+0000 -3.96336996336996E-0001
 1303 -9.95897435897436E-0001 -4.96263736263736E-0001
 1304 -1.12967032967033E+0000 -5.13992673992674E-0001
 1305 -1.02571428571429E+0000 -3.78608058608059E-0001
 1306 -1.10710622710623E+0000 -4.17289377289377E-0001
 1307 -1.00395604395604E+0000 -5.07545787545788E-0001
 1308 -1.12080586080586E+0000 -5.07545787545788E-0001
 1309 -1.02410256410256E+0000 -3.93919413919414E-0001
 1310 -1.10710622710623E+0000 -3.99560439560440E-0001
 1311 -9.81391941391941E-0001 -3.72161172161172E-0001
 1312 -1.10952380952381E+0000 -4.81758241758242E-0001
 1313 -1.01846153846154E+0000 -4.03589743589744E-0001
 1314 -9.95091575091575E-0001 -5.01098901098901E-0001
 1315 -1.12161172161172E+0000 -3.90695970695971E-0001
 1316 -1.11113553113553E+0000 -5.03516483516484E-0001
 1317 -1.02087912087912E+0000 -4.90622710622711E-0001
 1318 -1.09743589743590E+0000 -4.01978021978022E-0001
 1319 -1.01120879120879E+0000 -3.84249084249084E-0001
 1320 -1.11274725274725E+0000 -4.92234432234432E-0001
 1321 -1.01282051282051E+0000 -5.11575091575092E-0001
 1322 -1.10307692307692E+0000 -3.96336996336996E-0001
 1323 -1.03216117216117E+0000 -4.76117216117216E-0001
 1324 -1.02087912087912E+0000 -3.99560439560440E-0001
 1325 -1.10791208791209E+0000 -3.97948717948718E-0001
 1326 -1.02007326007326E+0000 -4.95457875457875E-0001
 1327 -1.08695970695971E+0000 -4.12454212454212E-0001
 1328 -1.10549450549451E+0000 -4.74505494505495E-0001
 1329 -1.02007326007326E+0000 -4.06813186813187E-0001
 1330 -1.03377289377289E+0000 -4.93846153846154E-0001
 1331 -1.08615384615385E+0000 -3.93919413919414E-0001
 1332 -1.10630036630037E+0000 -4.72893772893773E-0001
 1333 -1.02007326007326E+0000 -5.04322344322344E-0001
 1334 -1.09340659340659E+0000 -3.99560439560440E-0001
 1335 -1.03377289377289E+0000 -4.14871794871795E-0001
 1336 -1.11355311355311E+0000 -4.75311355311355E-0001
 1337 -1.01362637362637E+0000 -5.07545787545788E-0001
 1338 -1.07567765567766E+0000 -3.95531135531136E-0001
 1339 -1.04747252747253E+0000 -4.61611721611722E-0001
 1340 -1.00798534798535E+0000 -4.28571428571429E-0001
 1341 -1.12161172161172E+0000 -3.93919413919414E-0001
 1342 -1.04989010989011E+0000 -5.18021978021978E-0001
 1343 -1.06761904761905E+0000 -4.37435897435897E-0001
 1344 -1.12000000000000E+0000 -4.22124542124542E-0001
 1345 -1.00637362637363E+0000 -3.89084249084249E-0001
 1346 -1.05150183150183E+0000 -5.22051282051282E-0001
 1347 -1.05956043956044E+0000 -4.58388278388278E-0001
 1348 -1.12080586080586E+0000 -4.27765567765568E-0001
 1349 -1.00798534798535E+0000 -5.16410256410256E-0001
 1350 -1.05391941391941E+0000 -4.04395604395604E-0001
 1351 -1.06923076923077E+0000 -4.40659340659341E-0001
 1352 -1.12886446886447E+0000 -4.30183150183150E-0001
 1353 -1.00798534798535E+0000 -5.08351648351648E-0001
 1354 -1.03377289377289E+0000 -3.96336996336996E-0001
 1355 -1.05311355311355E+0000 -4.20512820512821E-0001
 1356 -1.00234432234432E+0000 -4.27765567765568E-0001
 1357 -1.12322344322344E+0000 -5.08351648351648E-0001
 1358 -1.03699633699634E+0000 -3.76190476190476E-0001
 1359 -1.06761904761905E+0000 -4.10842490842491E-0001
 1360 -1.00395604395604E+0000 -4.22930402930403E-0001
 1361 -1.13289377289377E+0000 -3.72161172161172E-0001
 1362 -1.05956043956044E+0000 -5.15604395604396E-0001
 1363 -1.06036630036630E+0000 -4.56776556776557E-0001
 1364 -1.00234432234432E+0000 -4.22124542124542E-0001
 1365 -1.12967032967033E+0000 -3.84249084249084E-0001
 1366 -1.07326007326007E+0000 -5.05128205128205E-0001
 1367 -1.04666666666667E+0000 -4.55970695970696E-0001
 1368 -1.12886446886447E+0000 -4.58388278388278E-0001
 1369 -9.98315018315018E-0001 -5.16410256410256E-0001
 1370 -1.05633699633700E+0000 -3.80219780219780E-0001
 1371 -1.05714285714286E+0000 -4.55970695970696E-0001
 1372 -1.13772893772894E+0000 -4.11648351648352E-0001
 1373 -1.00959706959707E+0000 -5.01904761904762E-0001
 1374 -1.06197802197802E+0000 -4.68864468864469E-0001
 1375 -1.12483516483516E+0000 -4.40659340659341E-0001
 1376 -9.90256410256410E-0001 -5.07545787545788E-0001
 1377 -1.03941391941392E+0000 -3.80219780219780E-0001
 1378 -1.06761904761905E+0000 -4.18095238095238E-0001
 1379 -9.90256410256410E-0001 -5.22051282051282E-0001
 1380 -1.05956043956044E+0000 -2.96410256410256E-0001
 1381 -1.06520146520147E+0000 -4.17289377289377E-0001
 1382 -9.21758241758242E-0001 -5.20439560439560E-0001
 1383 -1.03619047619048E+0000 -3.02051282051282E-0001
 1384 -1.08212454212454E+0000 -4.30183150183150E-0001
 1385 -8.98388278388278E-0001 -4.60805860805861E-0001
 1386 -1.13047619047619E+0000 -5.20439560439560E-0001
 1387 -1.03135531135531E+0000 -2.89963369963370E-0001
 1388 -1.07890109890110E+0000 -4.29377289377289E-0001
 1389 -9.21758241758242E-0001 -4.79340659340659E-0001
 1390 -1.12322344322344E+0000 -3.20586080586081E-0001
 1391 -1.09098901098901E+0000 -4.06813186813187E-0001
 1392 -9.45934065934066E-0001 -4.95457875457875E-0001
 1393 -1.12000000000000E+0000 -3.12527472527473E-0001
 1394 -1.09340659340659E+0000 -5.06739926739927E-0001
 1395 -1.02652014652015E+0000 -4.75311355311355E-0001
 1396 -1.12080586080586E+0000 -4.30183150183150E-0001
 1397 -9.45934065934066E-0001 -5.13186813186813E-0001
 1398 -1.04263736263736E+0000 -3.33479853479853E-0001
 1399 -1.10065934065934E+0000 -4.92234432234432E-0001
 1400 -1.12322344322344E+0000 -4.03589743589744E-0001
 1401 -9.30622710622711E-0001 -5.11575091575092E-0001
 1402 -1.02652014652015E+0000 -3.41538461538462E-0001
 1403 -1.10065934065934E+0000 -4.36630036630037E-0001
 1404 -9.39487179487179E-0001 -4.73699633699634E-0001
 1405 -1.12402930402930E+0000 -4.97875457875458E-0001
 1406 -1.04666666666667E+0000 -3.14139194139194E-0001
 1407 -1.10065934065934E+0000 -4.14065934065934E-0001
 1408 -9.54798534798535E-0001 -4.92234432234432E-0001
 1409 -1.12967032967033E+0000 -3.52820512820513E-0001
 1410 -1.11194139194139E+0000 -5.15604395604396E-0001
 1411 -1.03377289377289E+0000 -4.06007326007326E-0001
 1412 -9.65274725274725E-0001 -4.84981684981685E-0001
 1413 -1.12725274725275E+0000 -3.52014652014652E-0001
 1414 -1.11435897435897E+0000 -4.85787545787546E-0001
 1415 -1.04102564102564E+0000 -4.92234432234432E-0001
 1416 -1.11355311355311E+0000 -4.09230769230769E-0001
 1417 -9.87838827838828E-0001 -3.40732600732601E-0001
 1418 -1.11435897435897E+0000 -5.02710622710623E-0001
 1419 -1.03377289377289E+0000 -5.02710622710623E-0001
 1420 -1.11355311355311E+0000 -4.06007326007326E-0001
 1421 -9.72527472527473E-0001 -5.09157509157509E-0001
 1422 -1.04021978021978E+0000 -3.43150183150183E-0001
 1423 -1.10871794871795E+0000 -4.16483516483516E-0001
 1424 -9.81391941391941E-0001 -4.93040293040293E-0001
 1425 -1.12000000000000E+0000 -5.02710622710623E-0001
 1426 -1.03538461538462E+0000 -3.56043956043956E-0001
 1427 -1.11435897435897E+0000 -4.14871794871795E-0001
 1428 -9.72527472527473E-0001 -4.95457875457875E-0001
 1429 -1.12000000000000E+0000 -3.67326007326007E-0001
 1430 -1.11113553113553E+0000 -5.02710622710623E-0001
 1431 -1.02652014652015E+0000 -4.94652014652015E-0001
 1432 -1.12000000000000E+0000 -4.11648351648352E-0001
 1433 -9.78168498168498E-0001 -3.52820512820513E-0001
 1434 -1.11435897435897E+0000 -5.08351648351648E-0001
 1435 -1.03377289377289E+0000 -5.01904761904762E-0001
 1436 -1.12483516483516E+0000 -4.05201465201465E-0001
 1437 -9.71721611721612E-0001 -3.31868131868132E-0001
 1438 -1.11758241758242E+0000 -4.99487179487179E-0001
 1439 -1.02087912087912E+0000 -4.94652014652015E-0001
 1440 -1.12241758241758E+0000 -3.99560439560440E-0001
 1441 -9.83809523809524E-0001 -3.71355311355311E-0001
 1442 -1.12322344322344E+0000 -5.05934065934066E-0001
 1443 -1.02732600732601E+0000 -4.98681318681319E-0001
 1444 -1.12161172161172E+0000 -3.93919413919414E-0001
 1445 -9.74139194139194E-0001 -5.15604395604396E-0001
 1446 -1.02893772893773E+0000 -3.89084249084249E-0001
 1447 -1.11435897435897E+0000 -4.00366300366300E-0001
 1448 -9.90256410256410E-0001 -4.88205128205128E-0001
 1449 -1.12241758241758E+0000 -5.10769230769231E-0001
 1450 -1.03619047619048E+0000 -3.70549450549451E-0001
 1451 -1.11597069597070E+0000 -4.00366300366300E-0001
 1452 -9.87032967032967E-0001 -5.01904761904762E-0001
 1453 -1.13853479853480E+0000 -3.85054945054945E-0001
 1454 -1.12000000000000E+0000 -4.94652014652015E-0001
 1455 -1.02732600732601E+0000 -4.00366300366300E-0001
 1456 -9.98315018315018E-0001 -4.99487179487179E-0001
 1457 -1.10468864468864E+0000 -3.68937728937729E-0001
 1458 -1.11919413919414E+0000 -5.05934065934066E-0001
 1459 -1.02974358974359E+0000 -5.05128205128205E-0001
 1460 -1.11838827838828E+0000 -4.01978021978022E-0001
 1461 -1.00476190476190E+0000 -3.85054945054945E-0001
 1462 -1.12402930402930E+0000 -5.05128205128205E-0001
 1463 -1.02410256410256E+0000 -5.02710622710623E-0001
 1464 -1.12967032967033E+0000 -4.00366300366300E-0001
 1465 -1.01926739926740E+0000 -5.01098901098901E-0001
 1466 -1.02732600732601E+0000 -5.07545787545788E-0001
 1467 -1.11919413919414E+0000 -4.04395604395604E-0001
 1468 -1.03054945054945E+0000 -4.87399267399267E-0001
 1469 -1.02974358974359E+0000 -3.93919413919414E-0001
 1470 -1.11919413919414E+0000 -4.94652014652015E-0001
 1471 -1.10630036630037E+0000 -3.97142857142857E-0001
 1472 -1.04183150183150E+0000 -4.61611721611722E-0001
 1473 -1.03054945054945E+0000 -4.22930402930403E-0001
 1474 -1.12241758241758E+0000 -4.18095238095238E-0001
 1475 -1.02813186813187E+0000 -4.94652014652015E-0001
 1476 -1.08615384615385E+0000 -4.56776556776557E-0001
 1477 -1.02813186813187E+0000 -3.99560439560440E-0001
 1478 -1.11919413919414E+0000 -3.97142857142857E-0001
 1479 -1.04747252747253E+0000 -4.90622710622711E-0001
 1480 -1.10146520146520E+0000 -4.01978021978022E-0001
 1481 -1.12161172161172E+0000 -4.56776556776557E-0001
 1482 -1.02652014652015E+0000 -3.93919413919414E-0001
 1483 -1.01846153846154E+0000 -5.04322344322344E-0001
 1484 -1.09179487179487E+0000 -4.00366300366300E-0001
 1485 -1.12644688644689E+0000 -4.46300366300366E-0001
 1486 -1.01604395604396E+0000 -5.13992673992674E-0001
 1487 -1.08212454212454E+0000 -3.89890109890110E-0001
 1488 -1.05150183150183E+0000 -4.47106227106227E-0001
 1489 -1.02007326007326E+0000 -4.27765567765568E-0001
 1490 -1.13692307692308E+0000 -5.13186813186813E-0001
 1491 -1.04666666666667E+0000 -3.85054945054945E-0001
 1492 -1.06761904761905E+0000 -4.38241758241758E-0001
 1493 -1.01684981684982E+0000 -4.44688644688645E-0001
 1494 -1.13047619047619E+0000 -5.18021978021978E-0001
 1495 -1.06681318681319E+0000 -3.84249084249084E-0001
 1496 -1.07406593406593E+0000 -4.16483516483516E-0001
 1497 -1.01201465201465E+0000 -4.55164835164835E-0001
 1498 -1.12805860805861E+0000 -3.84249084249084E-0001
 1499 -1.05956043956044E+0000 -4.89010989010989E-0001
 1500 -1.05794871794872E+0000 -4.15677655677656E-0001
 1501 -1.01846153846154E+0000 -4.47912087912088E-0001
 1502 -1.12725274725275E+0000 -3.97948717948718E-0001
 1503 -1.07648351648352E+0000 -5.18021978021978E-0001
 1504 -1.06520146520147E+0000 -4.62417582417582E-0001
 1505 -1.13772893772894E+0000 -4.16483516483516E-0001
 1506 -1.01362637362637E+0000 -3.81025641025641E-0001
 1507 -1.06197802197802E+0000 -5.14798534798535E-0001
 1508 -1.06036630036630E+0000 -3.93113553113553E-0001
 1509 -1.04827838827839E+0000 -4.29377289377289E-0001
 1510 -1.13208791208791E+0000 -4.30989010989011E-0001
 1511 -9.98315018315018E-0001 -5.19633699633700E-0001
 1512 -1.06197802197802E+0000 -3.82637362637363E-0001
 1513 -1.06117216117216E+0000 -4.62417582417582E-0001
 1514 -1.13772893772894E+0000 -4.24542124542125E-0001
 1515 -1.00476190476190E+0000 -5.11575091575092E-0001
 1516 -1.03619047619048E+0000 -3.72161172161172E-0001
 1517 -1.06036630036630E+0000 -4.45494505494505E-0001
 1518 -1.01443223443223E+0000 -4.50329670329670E-0001
 1519 -1.13369963369963E+0000 -3.96336996336996E-0001
 1520 -1.06842490842491E+0000 -4.40659340659341E-0001
 1521 -1.00395604395604E+0000 -4.47106227106227E-0001
 1522 -1.13450549450549E+0000 -3.76190476190476E-0001
 1523 -1.07728937728938E+0000 -5.12380952380952E-0001
 1524 -1.05069597069597E+0000 -4.73699633699634E-0001
 1525 -1.14095238095238E+0000 -3.43150183150183E-0001
 1526 -1.06036630036630E+0000 -5.11575091575092E-0001
 1527 -1.05633699633700E+0000 -4.39047619047619E-0001
 1528 -1.12967032967033E+0000 -4.44688644688645E-0001
 1529 -9.24175824175824E-0001 -5.21245421245421E-0001
 1530 -1.03538461538462E+0000 -2.80293040293040E-0001
 1531 -1.07890109890110E+0000 -4.79340659340659E-0001
 1532 -1.13289377289377E+0000 -4.10036630036630E-0001
 1533 -9.16117216117216E-0001 -5.15604395604396E-0001
 1534 -1.04102564102564E+0000 -2.81098901098901E-0001
 1535 -1.08293040293040E+0000 -4.16483516483516E-0001
 1536 -9.42710622710623E-0001 -4.80146520146520E-0001
 1537 -1.13128205128205E+0000 -3.13333333333333E-0001
 1538 -1.09179487179487E+0000 -5.07545787545788E-0001
 1539 -1.04021978021978E+0000 -4.18901098901099E-0001
 1540 -9.33846153846154E-0001 -4.68864468864469E-0001
 1541 -1.12805860805861E+0000 -3.14945054945055E-0001
 1542 -1.10871794871795E+0000 -5.23663003663004E-0001
 1543 -1.05391941391941E+0000 -4.19706959706960E-0001
 1544 -9.51575091575092E-0001 -4.83369963369963E-0001
 1545 -1.12644688644689E+0000 -3.31062271062271E-0001
 1546 -1.10630036630037E+0000 -5.18827838827839E-0001
 1547 -1.04908424908425E+0000 -4.80146520146520E-0001
 1548 -1.13047619047619E+0000 -3.27032967032967E-0001
 1549 -1.09904761904762E+0000 -4.99487179487179E-0001
 1550 -1.02974358974359E+0000 -4.95457875457875E-0001
 1551 -1.13047619047619E+0000 -4.32600732600733E-0001
 1552 -9.46739926739927E-0001 -5.14798534798535E-0001
 1553 -1.05956043956044E+0000 -3.17362637362637E-0001
 1554 -1.09985347985348E+0000 -4.25347985347985E-0001
 1555 -9.50769230769231E-0001 -4.98681318681319E-0001
 1556 -1.11838827838828E+0000 -4.98681318681319E-0001
 1557 -1.04344322344322E+0000 -3.39926739926740E-0001
 1558 -1.10630036630037E+0000 -4.24542124542125E-0001
 1559 -9.50769230769231E-0001 -4.93846153846154E-0001
 1560 -1.12161172161172E+0000 -3.39926739926740E-0001
 1561 -1.11194139194139E+0000 -5.08351648351648E-0001
 1562 -1.03860805860806E+0000 -4.84981684981685E-0001
 1563 -1.12080586080586E+0000 -4.27765567765568E-0001
 1564 -9.74945054945055E-0001 -3.72967032967033E-0001
 1565 -1.11435897435897E+0000 -5.02710622710623E-0001
 1566 -1.03860805860806E+0000 -5.11575091575092E-0001
 1567 -1.12322344322344E+0000 -4.21318681318681E-0001
 1568 -9.91062271062271E-0001 -5.08351648351648E-0001
 1569 -1.03780219780220E+0000 -3.64908424908425E-0001
 1570 -1.11516483516484E+0000 -5.06739926739927E-0001
 1571 -1.12161172161172E+0000 -4.12454212454212E-0001
 1572 -9.77362637362637E-0001 -4.95457875457875E-0001
 1573 -1.03941391941392E+0000 -3.32673992673993E-0001
 1574 -1.11597069597070E+0000 -4.09230769230769E-0001
 1575 -9.88644688644689E-0001 -4.87399267399267E-0001
 1576 -1.12322344322344E+0000 -3.56849816849817E-0001
 1577 -1.11355311355311E+0000 -5.01098901098901E-0001
 1578 -1.03860805860806E+0000 -3.99560439560440E-0001
 1579 -9.78974358974359E-0001 -4.80952380952381E-0001
 1580 -1.13047619047619E+0000 -3.42344322344322E-0001
 1581 -1.11355311355311E+0000 -5.08351648351648E-0001
 1582 -1.03780219780220E+0000 -4.90622710622711E-0001
 1583 -1.12322344322344E+0000 -4.02783882783883E-0001
 1584 -9.70915750915751E-0001 -3.18168498168498E-0001
 1585 -1.11758241758242E+0000 -5.05934065934066E-0001
 1586 -1.03457875457875E+0000 -4.92234432234432E-0001
 1587 -1.12241758241758E+0000 -4.04395604395604E-0001
 1588 -9.67692307692308E-0001 -3.63296703296703E-0001
 1589 -1.11274725274725E+0000 -5.02710622710623E-0001
 1590 -1.03135531135531E+0000 -5.02710622710623E-0001
 1591 -1.12564102564103E+0000 -4.15677655677656E-0001
 1592 -9.88644688644689E-0001 -5.02710622710623E-0001
 1593 -1.03216117216117E+0000 -3.57655677655678E-0001
 1594 -1.11758241758242E+0000 -4.99487179487179E-0001
 1595 -1.13934065934066E+0000 -4.10842490842491E-0001
 1596 -9.89450549450549E-0001 -5.29304029304029E-0001
 1597 -1.03054945054945E+0000 -3.86666666666667E-0001
 1598 -1.11113553113553E+0000 -4.94652014652015E-0001
