 0  1.26373626373626E+0000 -1.37787545787546E+0000
 1  1.26131868131868E+0000 -1.40527472527473E+0000
 2  1.26534798534799E+0000 -1.40366300366300E+0000
 3  1.26051282051282E+0000 -1.38835164835165E+0000
 4  1.26051282051282E+0000 -1.34725274725275E+0000
 5  1.26131868131868E+0000 -1.37465201465201E+0000
 6  1.26695970695971E+0000 -1.41494505494505E+0000
 7  1.25406593406593E+0000 -1.39318681318681E+0000
 8  1.26131868131868E+0000 -1.36417582417582E+0000
 9  1.25890109890110E+0000 -1.38915750915751E+0000
 10  1.26212454212454E+0000 -1.38109890109890E+0000
 11  1.25487179487179E+0000 -1.40849816849817E+0000
 12  1.26454212454212E+0000 -1.37223443223443E+0000
 13  1.25728937728938E+0000 -1.40366300366300E+0000
 14  1.25487179487179E+0000 -1.40043956043956E+0000
 15  1.25648351648352E+0000 -1.38835164835165E+0000
 16  1.25890109890110E+0000 -1.35531135531136E+0000
 17  1.25728937728938E+0000 -1.38190476190476E+0000
 18  1.25809523809524E+0000 -1.37223443223443E+0000
 19  1.25890109890110E+0000 -1.39238095238095E+0000
 20  1.25890109890110E+0000 -1.36256410256410E+0000
 21  1.25890109890110E+0000 -1.38351648351648E+0000
 22  1.27663003663004E+0000 -1.36578754578755E+0000
 23  1.25809523809524E+0000 -1.39318681318681E+0000
 24  1.25487179487179E+0000 -1.36498168498168E+0000
 25  1.25809523809524E+0000 -1.39479853479853E+0000
 26  1.26051282051282E+0000 -1.38432234432234E+0000
 27  1.25890109890110E+0000 -1.36417582417582E+0000
 28  1.25567765567766E+0000 -1.36901098901099E+0000
 29  1.25890109890110E+0000 -1.39238095238095E+0000
 30  1.25809523809524E+0000 -1.38915750915751E+0000
 31  1.26051282051282E+0000 -1.36498168498168E+0000
 32  1.24842490842491E+0000 -1.37465201465201E+0000
 33  1.26051282051282E+0000 -1.40769230769231E+0000
 34  1.26051282051282E+0000 -1.39963369963370E+0000
 35  1.25406593406593E+0000 -1.38593406593407E+0000
 36  1.26293040293040E+0000 -1.35450549450549E+0000
 37  1.25809523809524E+0000 -1.38593406593407E+0000
 38  1.25648351648352E+0000 -1.38351648351648E+0000
 39  1.25567765567766E+0000 -1.36739926739927E+0000
 40  1.26212454212454E+0000 -1.37465201465201E+0000
 41  1.26131868131868E+0000 -1.40930402930403E+0000
 42  1.25890109890110E+0000 -1.40366300366300E+0000
 43  1.25728937728938E+0000 -1.38593406593407E+0000
 44  1.26131868131868E+0000 -1.35611721611722E+0000
 45  1.25487179487179E+0000 -1.37868131868132E+0000
 46  1.26695970695971E+0000 -1.41413919413919E+0000
 47  1.25567765567766E+0000 -1.38996336996337E+0000
 48  1.26131868131868E+0000 -1.35692307692308E+0000
 49  1.24842490842491E+0000 -1.38029304029304E+0000
 50  1.26695970695971E+0000 -1.41172161172161E+0000
 51  1.25728937728938E+0000 -1.39802197802198E+0000
 52  1.26131868131868E+0000 -1.36820512820513E+0000
 53  1.25567765567766E+0000 -1.40285714285714E+0000
 54  1.25164835164835E+0000 -1.39802197802198E+0000
 55  1.25487179487179E+0000 -1.37787545787546E+0000
 56  1.26695970695971E+0000 -1.38996336996337E+0000
 57  1.25487179487179E+0000 -1.37787545787546E+0000
 58  1.25567765567766E+0000 -1.41413919413919E+0000
 59  1.26131868131868E+0000 -1.38835164835165E+0000
 60  1.25728937728938E+0000 -1.35289377289377E+0000
 61  1.25890109890110E+0000 -1.38351648351648E+0000
 62  1.25809523809524E+0000 -1.37465201465201E+0000
 63  1.26131868131868E+0000 -1.39721611721612E+0000
 64  1.25890109890110E+0000 -1.36498168498168E+0000
 65  1.26695970695971E+0000 -1.39560439560440E+0000
 66  1.26293040293040E+0000 -1.38673992673993E+0000
 67  1.25648351648352E+0000 -1.37142857142857E+0000
 68  1.26131868131868E+0000 -1.37948717948718E+0000
 69  1.26131868131868E+0000 -1.41494505494505E+0000
 70  1.25487179487179E+0000 -1.40769230769231E+0000
 71  1.25406593406593E+0000 -1.38835164835165E+0000
 72  1.26131868131868E+0000 -1.34725274725275E+0000
 73  1.25487179487179E+0000 -1.37948717948718E+0000
 74  1.25890109890110E+0000 -1.41816849816850E+0000
 75  1.25648351648352E+0000 -1.40124542124542E+0000
 76  1.25890109890110E+0000 -1.36498168498168E+0000
 77  1.25809523809524E+0000 -1.39641025641026E+0000
 78  1.25728937728938E+0000 -1.38996336996337E+0000
 79  1.27179487179487E+0000 -1.36256410256410E+0000
 80  1.25406593406593E+0000 -1.36820512820513E+0000
 81  1.26131868131868E+0000 -1.40285714285714E+0000
 82  1.25809523809524E+0000 -1.39802197802198E+0000
 83  1.28630036630037E+0000 -1.37465201465201E+0000
 84  1.25245421245421E+0000 -1.39076923076923E+0000
 85  1.26051282051282E+0000 -1.38271062271062E+0000
 86  1.25809523809524E+0000 -1.37304029304029E+0000
 87  1.25890109890110E+0000 -1.39076923076923E+0000
 88  1.25890109890110E+0000 -1.36095238095238E+0000
 89  1.26131868131868E+0000 -1.39560439560440E+0000
 90  1.26293040293040E+0000 -1.37706959706960E+0000
 91  1.26051282051282E+0000 -1.39560439560440E+0000
 92  1.26695970695971E+0000 -1.35289377289377E+0000
 93  1.26131868131868E+0000 -1.38996336996337E+0000
 94  1.26615384615385E+0000 -1.37948717948718E+0000
 95  1.26131868131868E+0000 -1.40124542124542E+0000
 96  1.24842490842491E+0000 -1.37384615384615E+0000
 97  1.25487179487179E+0000 -1.40527472527473E+0000
 98  1.25809523809524E+0000 -1.40527472527473E+0000
 99  1.25567765567766E+0000 -1.38512820512821E+0000
 100  1.25970695970696E+0000 -1.35531135531136E+0000
 101  1.26131868131868E+0000 -1.39157509157509E+0000
 102  1.26051282051282E+0000 -1.38593406593407E+0000
 103  1.25809523809524E+0000 -1.36578754578755E+0000
 104  1.25487179487179E+0000 -1.37706959706960E+0000
 105  1.25487179487179E+0000 -1.40769230769231E+0000
 106  1.26373626373626E+0000 -1.39721611721612E+0000
 107  1.24923076923077E+0000 -1.37465201465201E+0000
 108  1.26293040293040E+0000 -1.39157509157509E+0000
 109  1.25487179487179E+0000 -1.38835164835165E+0000
 110  1.26051282051282E+0000 -1.37384615384615E+0000
 111  1.25567765567766E+0000 -1.39318681318681E+0000
 112  1.26454212454212E+0000 -1.36659340659341E+0000
 113  1.26131868131868E+0000 -1.40285714285714E+0000
 114  1.26373626373626E+0000 -1.39479853479853E+0000
 115  1.25809523809524E+0000 -1.37062271062271E+0000
 116  1.25890109890110E+0000 -1.37545787545788E+0000
 117  1.25970695970696E+0000 -1.40366300366300E+0000
 118  1.25970695970696E+0000 -1.39802197802198E+0000
 119  1.26131868131868E+0000 -1.37384615384615E+0000
 120  1.25809523809524E+0000 -1.38835164835165E+0000
 121  1.25487179487179E+0000 -1.37626373626374E+0000
 122  1.26695970695971E+0000 -1.40446886446886E+0000
 123  1.26051282051282E+0000 -1.38190476190476E+0000
 124  1.26615384615385E+0000 -1.34644688644689E+0000
 125  1.25890109890110E+0000 -1.38190476190476E+0000
 126  1.30000000000000E+0000 -1.35853479853480E+0000
 127  1.25890109890110E+0000 -1.37545787545788E+0000
 128  1.26212454212454E+0000 -1.38029304029304E+0000
 129  1.26131868131868E+0000 -1.41897435897436E+0000
 130  1.26051282051282E+0000 -1.41897435897436E+0000
 131  1.26131868131868E+0000 -1.40043956043956E+0000
 132  1.26293040293040E+0000 -1.37465201465201E+0000
 133  1.26131868131868E+0000 -1.41575091575092E+0000
 134  1.26293040293040E+0000 -1.40769230769231E+0000
 135  1.26131868131868E+0000 -1.37787545787546E+0000
 136  1.25487179487179E+0000 -1.38996336996337E+0000
 137  1.25728937728938E+0000 -1.38432234432234E+0000
 138  1.26373626373626E+0000 -1.37384615384615E+0000
 139  1.25487179487179E+0000 -1.39157509157509E+0000
 140  1.25809523809524E+0000 -1.36498168498168E+0000
 141  1.26051282051282E+0000 -1.40043956043956E+0000
 142  1.26293040293040E+0000 -1.39560439560440E+0000
 143  1.26695970695971E+0000 -1.36659340659341E+0000
 144  1.25648351648352E+0000 -1.38271062271062E+0000
 145  1.26131868131868E+0000 -1.37062271062271E+0000
 146  1.25890109890110E+0000 -1.40608058608059E+0000
 147  1.25728937728938E+0000 -1.38351648351648E+0000
 148  1.26454212454212E+0000 -1.35047619047619E+0000
 149  1.27663003663004E+0000 -1.38190476190476E+0000
 150  1.26454212454212E+0000 -1.36578754578755E+0000
 151  1.25728937728938E+0000 -1.38029304029304E+0000
 152  1.25245421245421E+0000 -1.40043956043956E+0000
 153  1.25890109890110E+0000 -1.40205128205128E+0000
 154  1.26937728937729E+0000 -1.38915750915751E+0000
 155  1.25890109890110E+0000 -1.35772893772894E+0000
 156  1.26454212454212E+0000 -1.36659340659341E+0000
 157  1.25890109890110E+0000 -1.40608058608059E+0000
 158  1.26212454212454E+0000 -1.40043956043956E+0000
 159  1.25728937728938E+0000 -1.37948717948718E+0000
 160  1.26131868131868E+0000 -1.39479853479853E+0000
 161  1.25487179487179E+0000 -1.38835164835165E+0000
 162  1.26051282051282E+0000 -1.37304029304029E+0000
 163  1.25648351648352E+0000 -1.38915750915751E+0000
 164  1.26534798534799E+0000 -1.35772893772894E+0000
 165  1.26131868131868E+0000 -1.38996336996337E+0000
 166  1.26051282051282E+0000 -1.37868131868132E+0000
 167  1.26131868131868E+0000 -1.39238095238095E+0000
 168  1.25487179487179E+0000 -1.36820512820513E+0000
 169  1.25326007326007E+0000 -1.41172161172161E+0000
 170  1.26131868131868E+0000 -1.40527472527473E+0000
 171  1.26615384615385E+0000 -1.38109890109890E+0000
 172  1.26776556776557E+0000 -1.39318681318681E+0000
 173  1.26131868131868E+0000 -1.39882783882784E+0000
 174  1.26131868131868E+0000 -1.39157509157509E+0000
 175  1.26051282051282E+0000 -1.36659340659341E+0000
 176  1.25809523809524E+0000 -1.38351648351648E+0000
 177  1.26776556776557E+0000 -1.37787545787546E+0000
 178  1.26534798534799E+0000 -1.40608058608059E+0000
 179  1.26857142857143E+0000 -1.38271062271062E+0000
 180  1.26857142857143E+0000 -1.35208791208791E+0000
 181  1.26695970695971E+0000 -1.38835164835165E+0000
 182  1.26454212454212E+0000 -1.37223443223443E+0000
 183  1.26131868131868E+0000 -1.38432234432234E+0000
 184  1.25890109890110E+0000 -1.35853479853480E+0000
 185  1.26857142857143E+0000 -1.39560439560440E+0000
 186  1.26776556776557E+0000 -1.38190476190476E+0000
 187  1.26695970695971E+0000 -1.34644688644689E+0000
 188  1.26776556776557E+0000 -1.36014652014652E+0000
 189  1.27340659340659E+0000 -1.39963369963370E+0000
 190  1.27098901098901E+0000 -1.39318681318681E+0000
 191  1.26857142857143E+0000 -1.36901098901099E+0000
 192  1.26776556776557E+0000 -1.38029304029304E+0000
 193  1.27340659340659E+0000 -1.42139194139194E+0000
 194  1.26454212454212E+0000 -1.41252747252747E+0000
 195  1.26776556776557E+0000 -1.38915750915751E+0000
 196  1.25164835164835E+0000 -1.36175824175824E+0000
 197  1.26131868131868E+0000 -1.40285714285714E+0000
 198  1.26615384615385E+0000 -1.38996336996337E+0000
 199  1.26051282051282E+0000 -1.35934065934066E+0000
 200  1.26695970695971E+0000 -1.37545787545788E+0000
 201  1.27904761904762E+0000 -1.40769230769231E+0000
 202  1.26776556776557E+0000 -1.39157509157509E+0000
 203  1.28630036630037E+0000 -1.35289377289377E+0000
 204  1.26776556776557E+0000 -1.37384615384615E+0000
 205  1.28146520146520E+0000 -1.41172161172161E+0000
 206  1.26857142857143E+0000 -1.40527472527473E+0000
 207  1.27018315018315E+0000 -1.37948717948718E+0000
 208  1.26776556776557E+0000 -1.39882783882784E+0000
 209  1.27985347985348E+0000 -1.39802197802198E+0000
 210  1.26776556776557E+0000 -1.38835164835165E+0000
 211  1.26857142857143E+0000 -1.35128205128205E+0000
 212  1.26534798534799E+0000 -1.36336996336996E+0000
 213  1.27340659340659E+0000 -1.39641025641026E+0000
 214  1.25809523809524E+0000 -1.38512820512821E+0000
 215  1.27179487179487E+0000 -1.35369963369963E+0000
 216  1.26534798534799E+0000 -1.37223443223443E+0000
 217  1.27421245421245E+0000 -1.41091575091575E+0000
 218  1.26454212454212E+0000 -1.40205128205128E+0000
 219  1.26857142857143E+0000 -1.36659340659341E+0000
 220  1.26534798534799E+0000 -1.38835164835165E+0000
 221  1.27421245421245E+0000 -1.37948717948718E+0000
 222  1.27179487179487E+0000 -1.41010989010989E+0000
 223  1.26131868131868E+0000 -1.38351648351648E+0000
 224  1.26373626373626E+0000 -1.35772893772894E+0000
 225  1.27421245421245E+0000 -1.39157509157509E+0000
 226  1.25890109890110E+0000 -1.37948717948718E+0000
 227  1.26857142857143E+0000 -1.39318681318681E+0000
 228  1.26051282051282E+0000 -1.37465201465201E+0000
 229  1.27018315018315E+0000 -1.42058608058608E+0000
 230  1.26695970695971E+0000 -1.40446886446886E+0000
 231  1.26695970695971E+0000 -1.37626373626374E+0000
 232  1.26373626373626E+0000 -1.39157509157509E+0000
 233  1.26857142857143E+0000 -1.39238095238095E+0000
 234  1.26454212454212E+0000 -1.37948717948718E+0000
 235  1.26051282051282E+0000 -1.39318681318681E+0000
 236  1.25970695970696E+0000 -1.37465201465201E+0000
 237  1.27018315018315E+0000 -1.41816849816850E+0000
 238  1.27018315018315E+0000 -1.40769230769231E+0000
 239  1.26695970695971E+0000 -1.37465201465201E+0000
 240  1.26695970695971E+0000 -1.39802197802198E+0000
 241  1.26857142857143E+0000 -1.39963369963370E+0000
 242  1.26695970695971E+0000 -1.39076923076923E+0000
 243  1.27260073260073E+0000 -1.35692307692308E+0000
 244  1.26131868131868E+0000 -1.37223443223443E+0000
 245  1.26695970695971E+0000 -1.41172161172161E+0000
 246  1.26695970695971E+0000 -1.40205128205128E+0000
 247  1.26695970695971E+0000 -1.36739926739927E+0000
 248  1.26534798534799E+0000 -1.39076923076923E+0000
 249  1.25487179487179E+0000 -1.39157509157509E+0000
 250  1.26373626373626E+0000 -1.37384615384615E+0000
 251  1.25970695970696E+0000 -1.38754578754579E+0000
 252  1.26454212454212E+0000 -1.37223443223443E+0000
 253  1.26857142857143E+0000 -1.41172161172161E+0000
 254  1.26776556776557E+0000 -1.40043956043956E+0000
 255  1.26131868131868E+0000 -1.37706959706960E+0000
 256  1.26051282051282E+0000 -1.39882783882784E+0000
 257  1.26776556776557E+0000 -1.39721611721612E+0000
 258  1.25890109890110E+0000 -1.38432234432234E+0000
 259  1.26131868131868E+0000 -1.35289377289377E+0000
 260  1.26615384615385E+0000 -1.37062271062271E+0000
 261  1.26131868131868E+0000 -1.40769230769231E+0000
 262  1.25728937728938E+0000 -1.38835164835165E+0000
 263  1.24842490842491E+0000 -1.35128205128205E+0000
 264  1.27501831501832E+0000 -1.36498168498168E+0000
 265  1.26131868131868E+0000 -1.40285714285714E+0000
 266  1.25809523809524E+0000 -1.38109890109890E+0000
 267  1.26051282051282E+0000 -1.39963369963370E+0000
 268  1.25487179487179E+0000 -1.38432234432234E+0000
 269  1.25487179487179E+0000 -1.38351648351648E+0000
 270  1.26615384615385E+0000 -1.36014652014652E+0000
 271  1.25890109890110E+0000 -1.37304029304029E+0000
 272  1.25728937728938E+0000 -1.39882783882784E+0000
 273  1.26051282051282E+0000 -1.40205128205128E+0000
 274  1.25406593406593E+0000 -1.38271062271062E+0000
 275  1.26131868131868E+0000 -1.34564102564103E+0000
 276  1.25970695970696E+0000 -1.36498168498168E+0000
 277  1.27179487179487E+0000 -1.39641025641026E+0000
 278  1.24842490842491E+0000 -1.38512820512821E+0000
 279  1.26131868131868E+0000 -1.35289377289377E+0000
 280  1.27421245421245E+0000 -1.36417582417582E+0000
 281  1.26131868131868E+0000 -1.40527472527473E+0000
 282  1.26534798534799E+0000 -1.39076923076923E+0000
 283  1.26131868131868E+0000 -1.36175824175824E+0000
 284  1.26534798534799E+0000 -1.38835164835165E+0000
 285  1.25487179487179E+0000 -1.38029304029304E+0000
 286  1.26615384615385E+0000 -1.40366300366300E+0000
 287  1.26131868131868E+0000 -1.37626373626374E+0000
 288  1.26373626373626E+0000 -1.39479853479853E+0000
 289  1.25245421245421E+0000 -1.38835164835165E+0000
 290  1.26293040293040E+0000 -1.36336996336996E+0000
 291  1.26131868131868E+0000 -1.36901098901099E+0000
 292  1.26454212454212E+0000 -1.38432234432234E+0000
 293  1.26131868131868E+0000 -1.38190476190476E+0000
 294  1.25890109890110E+0000 -1.35692307692308E+0000
 295  1.26131868131868E+0000 -1.36256410256410E+0000
 296  1.24842490842491E+0000 -1.38351648351648E+0000
 297  1.26051282051282E+0000 -1.37545787545788E+0000
 298  1.26615384615385E+0000 -1.38190476190476E+0000
 299  1.25890109890110E+0000 -1.34967032967033E+0000
 300  1.26051282051282E+0000 -1.36498168498168E+0000
 301  1.26857142857143E+0000 -1.40285714285714E+0000
 302  1.25487179487179E+0000 -1.38029304029304E+0000
 303  1.25728937728938E+0000 -1.39802197802198E+0000
 304  1.26373626373626E+0000 -1.37948717948718E+0000
 305  1.25728937728938E+0000 -1.42300366300366E+0000
 306  1.26131868131868E+0000 -1.40527472527473E+0000
 307  1.25890109890110E+0000 -1.38029304029304E+0000
 308  1.25970695970696E+0000 -1.40769230769231E+0000
 309  1.25890109890110E+0000 -1.40285714285714E+0000
 310  1.27018315018315E+0000 -1.37868131868132E+0000
 311  1.25648351648352E+0000 -1.39641025641026E+0000
 312  1.25970695970696E+0000 -1.37465201465201E+0000
 313  1.26131868131868E+0000 -1.42058608058608E+0000
 314  1.25487179487179E+0000 -1.39802197802198E+0000
 315  1.25890109890110E+0000 -1.36901098901099E+0000
 316  1.26212454212454E+0000 -1.38673992673993E+0000
 317  1.25809523809524E+0000 -1.38915750915751E+0000
 318  1.25890109890110E+0000 -1.36336996336996E+0000
 319  1.25890109890110E+0000 -1.36901098901099E+0000
 320  1.26293040293040E+0000 -1.38593406593407E+0000
 321  1.26131868131868E+0000 -1.38754578754579E+0000
 322  1.24842490842491E+0000 -1.37304029304029E+0000
 323  1.25809523809524E+0000 -1.38593406593407E+0000
 324  1.26695970695971E+0000 -1.37062271062271E+0000
 325  1.26131868131868E+0000 -1.40849816849817E+0000
 326  1.26131868131868E+0000 -1.38271062271062E+0000
 327  1.25487179487179E+0000 -1.34725274725275E+0000
 328  1.25487179487179E+0000 -1.37384615384615E+0000
 329  1.25809523809524E+0000 -1.39721611721612E+0000
 330  1.24842490842491E+0000 -1.37223443223443E+0000
 331  1.26776556776557E+0000 -1.39238095238095E+0000
 332  1.26131868131868E+0000 -1.39641025641026E+0000
 333  1.25648351648352E+0000 -1.38351648351648E+0000
 334  1.26051282051282E+0000 -1.36659340659341E+0000
 335  1.26051282051282E+0000 -1.40849816849817E+0000
 336  1.25648351648352E+0000 -1.38271062271062E+0000
 337  1.25487179487179E+0000 -1.36578754578755E+0000
 338  1.26131868131868E+0000 -1.40527472527473E+0000
 339  1.25809523809524E+0000 -1.38593406593407E+0000
 340  1.24761904761905E+0000 -1.36095238095238E+0000
 341  1.26293040293040E+0000 -1.37787545787546E+0000
 342  1.25567765567766E+0000 -1.40285714285714E+0000
 343  1.25970695970696E+0000 -1.37142857142857E+0000
 344  1.25809523809524E+0000 -1.39882783882784E+0000
 345  1.26131868131868E+0000 -1.40124542124542E+0000
 346  1.26454212454212E+0000 -1.36981684981685E+0000
 347  1.24842490842491E+0000 -1.37868131868132E+0000
 348  1.25406593406593E+0000 -1.41252747252747E+0000
 349  1.26695970695971E+0000 -1.41413919413919E+0000
 350  1.25164835164835E+0000 -1.38835164835165E+0000
 351  1.25567765567766E+0000 -1.35369963369963E+0000
 352  1.26534798534799E+0000 -1.38190476190476E+0000
 353  1.25809523809524E+0000 -1.37304029304029E+0000
 354  1.25809523809524E+0000 -1.39157509157509E+0000
 355  1.26695970695971E+0000 -1.36336996336996E+0000
 356  1.26131868131868E+0000 -1.38835164835165E+0000
 357  1.25890109890110E+0000 -1.37787545787546E+0000
 358  1.26615384615385E+0000 -1.39399267399267E+0000
 359  1.25809523809524E+0000 -1.36901098901099E+0000
 360  1.26131868131868E+0000 -1.38432234432234E+0000
 361  1.26051282051282E+0000 -1.36014652014652E+0000
 362  1.25326007326007E+0000 -1.37465201465201E+0000
 363  1.27179487179487E+0000 -1.39882783882784E+0000
 364  1.26131868131868E+0000 -1.37626373626374E+0000
 365  1.25487179487179E+0000 -1.38432234432234E+0000
 366  1.25728937728938E+0000 -1.41091575091575E+0000
 367  1.26454212454212E+0000 -1.38835164835165E+0000
 368  1.27340659340659E+0000 -1.35450549450549E+0000
 369  1.26131868131868E+0000 -1.38593406593407E+0000
 370  1.26051282051282E+0000 -1.36095238095238E+0000
 371  1.25809523809524E+0000 -1.37465201465201E+0000
 372  1.25728937728938E+0000 -1.40205128205128E+0000
 373  1.25728937728938E+0000 -1.37465201465201E+0000
 374  1.25728937728938E+0000 -1.39238095238095E+0000
 375  1.25003663003663E+0000 -1.38190476190476E+0000
 376  1.25809523809524E+0000 -1.35128205128205E+0000
 377  1.25245421245421E+0000 -1.36014652014652E+0000
 378  1.24923076923077E+0000 -1.38351648351648E+0000
 379  1.25487179487179E+0000 -1.35531135531136E+0000
 380  1.25890109890110E+0000 -1.39560439560440E+0000
 381  1.26131868131868E+0000 -1.39076923076923E+0000
 382  1.26293040293040E+0000 -1.36256410256410E+0000
 383  1.27340659340659E+0000 -1.40124542124542E+0000
 384  1.27098901098901E+0000 -1.38351648351648E+0000
 385  1.26293040293040E+0000 -1.35772893772894E+0000
 386  1.26051282051282E+0000 -1.36901098901099E+0000
 387  1.24117216117216E+0000 -1.39399267399267E+0000
 388  1.26131868131868E+0000 -1.39479853479853E+0000
 389  1.25164835164835E+0000 -1.37465201465201E+0000
 390  1.25809523809524E+0000 -1.40849816849817E+0000
 391  1.26051282051282E+0000 -1.36739926739927E+0000
 392  1.25809523809524E+0000 -1.38432234432234E+0000
 393  1.25890109890110E+0000 -1.37304029304029E+0000
 394  1.26695970695971E+0000 -1.41172161172161E+0000
 395  1.25970695970696E+0000 -1.38512820512821E+0000
 396  1.25487179487179E+0000 -1.36095238095238E+0000
 397  1.24842490842491E+0000 -1.39318681318681E+0000
 398  1.26131868131868E+0000 -1.39076923076923E+0000
 399  1.25487179487179E+0000 -1.36498168498168E+0000
 400  1.26131868131868E+0000 -1.37706959706960E+0000
 401  1.25406593406593E+0000 -1.40769230769231E+0000
 402  1.25728937728938E+0000 -1.40043956043956E+0000
 403  1.25890109890110E+0000 -1.39157509157509E+0000
 404  1.26454212454212E+0000 -1.38190476190476E+0000
 405  1.26131868131868E+0000 -1.38271062271062E+0000
 406  1.25567765567766E+0000 -1.35208791208791E+0000
 407  1.26293040293040E+0000 -1.42058608058608E+0000
 408  1.26051282051282E+0000 -1.38915750915751E+0000
 409  1.25809523809524E+0000 -1.38835164835165E+0000
 410  1.26131868131868E+0000 -1.37787545787546E+0000
 411  1.25890109890110E+0000 -1.36739926739927E+0000
 412  1.26212454212454E+0000 -1.39963369963370E+0000
 413  1.25728937728938E+0000 -1.40124542124542E+0000
 414  1.24842490842491E+0000 -1.36820512820513E+0000
 415  1.24842490842491E+0000 -1.38754578754579E+0000
 416  1.26212454212454E+0000 -1.37223443223443E+0000
 417  1.26454212454212E+0000 -1.38512820512821E+0000
 418  1.25728937728938E+0000 -1.35934065934066E+0000
 419  1.23391941391941E+0000 -1.39479853479853E+0000
 420  1.25487179487179E+0000 -1.38271062271062E+0000
 421  1.26454212454212E+0000 -1.35611721611722E+0000
 422  1.25487179487179E+0000 -1.38109890109890E+0000
 423  1.27340659340659E+0000 -1.39076923076923E+0000
 424  1.26131868131868E+0000 -1.36498168498168E+0000
 425  1.26293040293040E+0000 -1.39318681318681E+0000
 426  1.24842490842491E+0000 -1.36901098901099E+0000
 427  1.26051282051282E+0000 -1.40849816849817E+0000
 428  1.25890109890110E+0000 -1.39963369963370E+0000
 429  1.25406593406593E+0000 -1.38754578754579E+0000
 430  1.25648351648352E+0000 -1.38512820512821E+0000
 431  1.24842490842491E+0000 -1.39157509157509E+0000
 432  1.26131868131868E+0000 -1.36498168498168E+0000
 433  1.25728937728938E+0000 -1.39963369963370E+0000
 434  1.25970695970696E+0000 -1.39721611721612E+0000
 435  1.26454212454212E+0000 -1.38754578754579E+0000
 436  1.25567765567766E+0000 -1.38432234432234E+0000
 437  1.26131868131868E+0000 -1.38109890109890E+0000
 438  1.25728937728938E+0000 -1.40205128205128E+0000
 439  1.25487179487179E+0000 -1.38512820512821E+0000
 440  1.25487179487179E+0000 -1.35450549450549E+0000
 441  1.25487179487179E+0000 -1.40769230769231E+0000
 442  1.26131868131868E+0000 -1.36095238095238E+0000
 443  1.25567765567766E+0000 -1.38109890109890E+0000
 444  1.26051282051282E+0000 -1.42058608058608E+0000
 445  1.26051282051282E+0000 -1.38512820512821E+0000
 446  1.25890109890110E+0000 -1.39157509157509E+0000
 447  1.25809523809524E+0000 -1.38593406593407E+0000
 448  1.26051282051282E+0000 -1.35853479853480E+0000
 449  1.25567765567766E+0000 -1.37545787545788E+0000
 450  1.25728937728938E+0000 -1.39560439560440E+0000
 451  1.26454212454212E+0000 -1.35369963369963E+0000
 452  1.25003663003663E+0000 -1.40769230769231E+0000
 453  1.25809523809524E+0000 -1.36336996336996E+0000
 454  1.25809523809524E+0000 -1.37626373626374E+0000
 455  1.25648351648352E+0000 -1.39560439560440E+0000
 456  1.26776556776557E+0000 -1.36014652014652E+0000
 457  1.25567765567766E+0000 -1.41897435897436E+0000
 458  1.26131868131868E+0000 -1.38835164835165E+0000
 459  1.25890109890110E+0000 -1.36014652014652E+0000
 460  1.27663003663004E+0000 -1.39318681318681E+0000
 461  1.26131868131868E+0000 -1.36336996336996E+0000
 462  1.25245421245421E+0000 -1.38190476190476E+0000
 463  1.26373626373626E+0000 -1.36739926739927E+0000
 464  1.26937728937729E+0000 -1.36256410256410E+0000
 465  1.25567765567766E+0000 -1.37465201465201E+0000
 466  1.26131868131868E+0000 -1.41494505494505E+0000
 467  1.26695970695971E+0000 -1.39560439560440E+0000
 468  1.26293040293040E+0000 -1.38593406593407E+0000
 469  1.24842490842491E+0000 -1.38351648351648E+0000
 470  1.25970695970696E+0000 -1.36901098901099E+0000
 471  1.26131868131868E+0000 -1.37142857142857E+0000
 472  1.26051282051282E+0000 -1.38673992673993E+0000
 473  1.25890109890110E+0000 -1.38835164835165E+0000
 474  1.25567765567766E+0000 -1.36336996336996E+0000
 475  1.26373626373626E+0000 -1.38512820512821E+0000
 476  1.26051282051282E+0000 -1.37465201465201E+0000
 477  1.26051282051282E+0000 -1.41655677655678E+0000
 478  1.25326007326007E+0000 -1.38351648351648E+0000
 479  1.25648351648352E+0000 -1.36256410256410E+0000
 480  1.26131868131868E+0000 -1.39399267399267E+0000
 481  1.25809523809524E+0000 -1.38673992673993E+0000
 482  1.26293040293040E+0000 -1.37384615384615E+0000
 483  1.26293040293040E+0000 -1.39882783882784E+0000
 484  1.26534798534799E+0000 -1.36901098901099E+0000
 485  1.24842490842491E+0000 -1.37868131868132E+0000
 486  1.26131868131868E+0000 -1.37062271062271E+0000
 487  1.25890109890110E+0000 -1.38996336996337E+0000
 488  1.25809523809524E+0000 -1.38271062271062E+0000
 489  1.25890109890110E+0000 -1.36498168498168E+0000
 490  1.25970695970696E+0000 -1.39318681318681E+0000
 491  1.26293040293040E+0000 -1.38593406593407E+0000
 492  1.26695970695971E+0000 -1.34805860805861E+0000
 493  1.25487179487179E+0000 -1.41172161172161E+0000
 494  1.25890109890110E+0000 -1.37142857142857E+0000
 495  1.25809523809524E+0000 -1.38593406593407E+0000
 496  1.26051282051282E+0000 -1.37706959706960E+0000
 497  1.26373626373626E+0000 -1.41010989010989E+0000
 498  1.25970695970696E+0000 -1.38996336996337E+0000
 499  1.26131868131868E+0000 -1.38109890109890E+0000
 500  1.25890109890110E+0000 -1.42219780219780E+0000
 501  1.25728937728938E+0000 -1.37787545787546E+0000
 502  1.25890109890110E+0000 -1.39238095238095E+0000
 503  1.26131868131868E+0000 -1.34322344322344E+0000
 504  1.25890109890110E+0000 -1.35853479853480E+0000
 505  1.26373626373626E+0000 -1.39238095238095E+0000
 506  1.25970695970696E+0000 -1.38190476190476E+0000
 507  1.25487179487179E+0000 -1.36739926739927E+0000
 508  1.25809523809524E+0000 -1.38915750915751E+0000
 509  1.26051282051282E+0000 -1.36659340659341E+0000
 510  1.26051282051282E+0000 -1.40446886446886E+0000
 511  1.25648351648352E+0000 -1.36417582417582E+0000
 512  1.25728937728938E+0000 -1.38593406593407E+0000
 513  1.25728937728938E+0000 -1.39318681318681E+0000
 514  1.25890109890110E+0000 -1.41494505494505E+0000
 515  1.28468864468864E+0000 -1.39157509157509E+0000
 516  1.26131868131868E+0000 -1.38835164835165E+0000
 517  1.26534798534799E+0000 -1.40285714285714E+0000
 518  1.25970695970696E+0000 -1.39641025641026E+0000
 519  1.25890109890110E+0000 -1.39238095238095E+0000
 520  1.26131868131868E+0000 -1.37304029304029E+0000
 521  1.26051282051282E+0000 -1.38673992673993E+0000
 522  1.27582417582418E+0000 -1.41333333333333E+0000
 523  1.25648351648352E+0000 -1.36739926739927E+0000
 524  1.25164835164835E+0000 -1.39802197802198E+0000
 525  1.25890109890110E+0000 -1.34644688644689E+0000
 526  1.26051282051282E+0000 -1.37223443223443E+0000
 527  1.25809523809524E+0000 -1.41091575091575E+0000
 528  1.25809523809524E+0000 -1.39641025641026E+0000
 529  1.25487179487179E+0000 -1.39076923076923E+0000
 530  1.26051282051282E+0000 -1.37384615384615E+0000
 531  1.25728937728938E+0000 -1.36498168498168E+0000
 532  1.26131868131868E+0000 -1.39157509157509E+0000
 533  1.26051282051282E+0000 -1.38593406593407E+0000
 534  1.26131868131868E+0000 -1.38351648351648E+0000
 535  1.25245421245421E+0000 -1.37304029304029E+0000
 536  1.25970695970696E+0000 -1.40366300366300E+0000
 537  1.26131868131868E+0000 -1.35934065934066E+0000
 538  1.25728937728938E+0000 -1.37706959706960E+0000
 539  1.26051282051282E+0000 -1.36336996336996E+0000
 540  1.25487179487179E+0000 -1.37706959706960E+0000
 541  1.25809523809524E+0000 -1.39641025641026E+0000
 542  1.26131868131868E+0000 -1.36014652014652E+0000
 543  1.26131868131868E+0000 -1.38996336996337E+0000
 544  1.26051282051282E+0000 -1.35611721611722E+0000
 545  1.24842490842491E+0000 -1.38271062271062E+0000
 546  1.26534798534799E+0000 -1.39318681318681E+0000
 547  1.26131868131868E+0000 -1.39157509157509E+0000
 548  1.25970695970696E+0000 -1.36901098901099E+0000
 549  1.26131868131868E+0000 -1.40124542124542E+0000
 550  1.26051282051282E+0000 -1.39157509157509E+0000
 551  1.25567765567766E+0000 -1.37465201465201E+0000
 552  1.25728937728938E+0000 -1.38996336996337E+0000
 553  1.26131868131868E+0000 -1.37465201465201E+0000
 554  1.26534798534799E+0000 -1.39076923076923E+0000
 555  1.25164835164835E+0000 -1.36014652014652E+0000
 556  1.25728937728938E+0000 -1.39076923076923E+0000
 557  1.26131868131868E+0000 -1.38593406593407E+0000
 558  1.26857142857143E+0000 -1.36578754578755E+0000
 559  1.25890109890110E+0000 -1.37545787545788E+0000
 560  1.26051282051282E+0000 -1.40205128205128E+0000
 561  1.25890109890110E+0000 -1.39399267399267E+0000
 562  1.25809523809524E+0000 -1.37948717948718E+0000
 563  1.26212454212454E+0000 -1.38835164835165E+0000
 564  1.25487179487179E+0000 -1.37304029304029E+0000
 565  1.26051282051282E+0000 -1.40849816849817E+0000
 566  1.25487179487179E+0000 -1.38432234432234E+0000
 567  1.26776556776557E+0000 -1.37545787545788E+0000
 568  1.26051282051282E+0000 -1.40688644688645E+0000
 569  1.26051282051282E+0000 -1.39076923076923E+0000
 570  1.24600732600733E+0000 -1.39479853479853E+0000
 571  1.26373626373626E+0000 -1.35531135531136E+0000
 572  1.26051282051282E+0000 -1.36578754578755E+0000
 573  1.26131868131868E+0000 -1.39802197802198E+0000
 574  1.26615384615385E+0000 -1.37142857142857E+0000
 575  1.25406593406593E+0000 -1.41575091575092E+0000
 576  1.27421245421245E+0000 -1.40849816849817E+0000
 577  1.25890109890110E+0000 -1.38593406593407E+0000
 578  1.25970695970696E+0000 -1.39157509157509E+0000
 579  1.25890109890110E+0000 -1.36739926739927E+0000
 580  1.25890109890110E+0000 -1.40930402930403E+0000
 581  1.26534798534799E+0000 -1.37626373626374E+0000
 582  1.25487179487179E+0000 -1.38109890109890E+0000
 583  1.25728937728938E+0000 -1.42703296703297E+0000
 584  1.26534798534799E+0000 -1.39238095238095E+0000
 585  1.25567765567766E+0000 -1.39076923076923E+0000
 586  1.26534798534799E+0000 -1.36175824175824E+0000
 587  1.25809523809524E+0000 -1.41172161172161E+0000
 588  1.25970695970696E+0000 -1.39157509157509E+0000
 589  1.27421245421245E+0000 -1.39479853479853E+0000
 590  1.25890109890110E+0000 -1.35531135531136E+0000
 591  1.25809523809524E+0000 -1.40124542124542E+0000
 592  1.26615384615385E+0000 -1.36095238095238E+0000
 593  1.25487179487179E+0000 -1.40849816849817E+0000
 594  1.26534798534799E+0000 -1.38190476190476E+0000
 595  1.25487179487179E+0000 -1.37223443223443E+0000
 596  1.26051282051282E+0000 -1.39076923076923E+0000
 597  1.26051282051282E+0000 -1.39641025641026E+0000
 598  1.26373626373626E+0000 -1.35692307692308E+0000
 599  1.25487179487179E+0000 -1.39560439560440E+0000
 600  1.26937728937729E+0000 -1.36175824175824E+0000
 601  1.25890109890110E+0000 -1.40688644688645E+0000
 602  1.26051282051282E+0000 -1.37868131868132E+0000
 603  1.26695970695971E+0000 -1.38673992673993E+0000
 604  1.25567765567766E+0000 -1.35531135531136E+0000
 605  1.25164835164835E+0000 -1.39882783882784E+0000
 606  1.26776556776557E+0000 -1.36498168498168E+0000
 607  1.25809523809524E+0000 -1.42058608058608E+0000
 608  1.26293040293040E+0000 -1.38915750915751E+0000
 609  1.26131868131868E+0000 -1.39157509157509E+0000
 610  1.26212454212454E+0000 -1.35772893772894E+0000
 611  1.26212454212454E+0000 -1.40769230769231E+0000
 612  1.26534798534799E+0000 -1.38996336996337E+0000
 613  1.26131868131868E+0000 -1.37384615384615E+0000
 614  1.26131868131868E+0000 -1.41091575091575E+0000
 615  1.26131868131868E+0000 -1.35531135531136E+0000
 616  1.26051282051282E+0000 -1.38351648351648E+0000
 617  1.27018315018315E+0000 -1.36175824175824E+0000
 618  1.25890109890110E+0000 -1.39641025641026E+0000
 619  1.24761904761905E+0000 -1.38593406593407E+0000
 620  1.26131868131868E+0000 -1.36981684981685E+0000
 621  1.26051282051282E+0000 -1.39318681318681E+0000
 622  1.25728937728938E+0000 -1.38512820512821E+0000
 623  1.26776556776557E+0000 -1.36981684981685E+0000
 624  1.26131868131868E+0000 -1.39802197802198E+0000
 625  1.26131868131868E+0000 -1.38835164835165E+0000
 626  1.25809523809524E+0000 -1.36981684981685E+0000
 627  1.26857142857143E+0000 -1.38915750915751E+0000
 628  1.27179487179487E+0000 -1.41413919413919E+0000
 629  1.26131868131868E+0000 -1.34886446886447E+0000
 630  1.26131868131868E+0000 -1.37384615384615E+0000
 631  1.26131868131868E+0000 -1.38835164835165E+0000
 632  1.26131868131868E+0000 -1.38754578754579E+0000
 633  1.26373626373626E+0000 -1.39479853479853E+0000
 634  1.25487179487179E+0000 -1.39641025641026E+0000
 635  1.26051282051282E+0000 -1.34000000000000E+0000
 636  1.25890109890110E+0000 -1.39157509157509E+0000
 637  1.26454212454212E+0000 -1.39479853479853E+0000
 638  1.25487179487179E+0000 -1.39479853479853E+0000
 639  1.26212454212454E+0000 -1.38754578754579E+0000
 640  1.25406593406593E+0000 -1.41010989010989E+0000
 641  1.26454212454212E+0000 -1.37787545787546E+0000
 642  1.25970695970696E+0000 -1.39157509157509E+0000
 643  1.26534798534799E+0000 -1.37948717948718E+0000
 644  1.25890109890110E+0000 -1.36578754578755E+0000
 645  1.26051282051282E+0000 -1.39882783882784E+0000
 646  1.26695970695971E+0000 -1.38593406593407E+0000
 647  1.26534798534799E+0000 -1.38835164835165E+0000
 648  1.25164835164835E+0000 -1.40124542124542E+0000
 649  1.26373626373626E+0000 -1.38190476190476E+0000
 650  1.25487179487179E+0000 -1.36256410256410E+0000
 651  1.26051282051282E+0000 -1.37545787545788E+0000
 652  1.25728937728938E+0000 -1.38996336996337E+0000
 653  1.26454212454212E+0000 -1.37545787545788E+0000
 654  1.26534798534799E+0000 -1.38835164835165E+0000
 655  1.26695970695971E+0000 -1.39802197802198E+0000
 656  1.23553113553114E+0000 -1.38271062271062E+0000
 657  1.25890109890110E+0000 -1.36256410256410E+0000
 658  1.25728937728938E+0000 -1.39560439560440E+0000
 659  1.26534798534799E+0000 -1.38351648351648E+0000
 660  1.26051282051282E+0000 -1.39802197802198E+0000
 661  1.25084249084249E+0000 -1.35692307692308E+0000
 662  1.26212454212454E+0000 -1.41172161172161E+0000
 663  1.25164835164835E+0000 -1.37062271062271E+0000
 664  1.26131868131868E+0000 -1.38351648351648E+0000
 665  1.25487179487179E+0000 -1.37304029304029E+0000
 666  1.25809523809524E+0000 -1.39318681318681E+0000
 667  1.25728937728938E+0000 -1.38271062271062E+0000
 668  1.25890109890110E+0000 -1.36659340659341E+0000
 669  1.26131868131868E+0000 -1.38915750915751E+0000
 670  1.25970695970696E+0000 -1.37304029304029E+0000
 671  1.25809523809524E+0000 -1.39641025641026E+0000
 672  1.26131868131868E+0000 -1.38351648351648E+0000
 673  1.26131868131868E+0000 -1.40124542124542E+0000
 674  1.28146520146520E+0000 -1.39076923076923E+0000
 675  1.25728937728938E+0000 -1.38029304029304E+0000
 676  1.26051282051282E+0000 -1.39479853479853E+0000
 677  1.26212454212454E+0000 -1.41010989010989E+0000
 678  1.26051282051282E+0000 -1.36901098901099E+0000
 679  1.24842490842491E+0000 -1.35853479853480E+0000
 680  1.25809523809524E+0000 -1.38593406593407E+0000
 681  1.26131868131868E+0000 -1.36417582417582E+0000
 682  1.25970695970696E+0000 -1.38915750915751E+0000
 683  1.26131868131868E+0000 -1.38512820512821E+0000
 684  1.27663003663004E+0000 -1.36901098901099E+0000
 685  1.26534798534799E+0000 -1.38351648351648E+0000
 686  1.25487179487179E+0000 -1.37304029304029E+0000
 687  1.26131868131868E+0000 -1.39802197802198E+0000
 688  1.25728937728938E+0000 -1.38029304029304E+0000
 689  1.25809523809524E+0000 -1.37304029304029E+0000
 690  1.24761904761905E+0000 -1.36981684981685E+0000
 691  1.26534798534799E+0000 -1.38029304029304E+0000
 692  1.26131868131868E+0000 -1.38109890109890E+0000
 693  1.26373626373626E+0000 -1.40849816849817E+0000
 694  1.25728937728938E+0000 -1.38512820512821E+0000
 695  1.26051282051282E+0000 -1.38190476190476E+0000
 696  1.26051282051282E+0000 -1.39802197802198E+0000
 697  1.25809523809524E+0000 -1.38996336996337E+0000
 698  1.26131868131868E+0000 -1.36739926739927E+0000
 699  1.24842490842491E+0000 -1.36981684981685E+0000
 700  1.26131868131868E+0000 -1.38351648351648E+0000
 701  1.26051282051282E+0000 -1.37706959706960E+0000
 702  1.26131868131868E+0000 -1.39721611721612E+0000
 703  1.26131868131868E+0000 -1.38593406593407E+0000
 704  1.26131868131868E+0000 -1.36417582417582E+0000
 705  1.25970695970696E+0000 -1.39963369963370E+0000
 706  1.25890109890110E+0000 -1.37868131868132E+0000
 707  1.25567765567766E+0000 -1.37706959706960E+0000
 708  1.25245421245421E+0000 -1.39560439560440E+0000
 709  1.26131868131868E+0000 -1.36256410256410E+0000
 710  1.26695970695971E+0000 -1.42461538461538E+0000
 711  1.25487179487179E+0000 -1.37787545787546E+0000
 712  1.26615384615385E+0000 -1.41091575091575E+0000
 713  1.26212454212454E+0000 -1.35450549450549E+0000
 714  1.25970695970696E+0000 -1.38271062271062E+0000
 715  1.25487179487179E+0000 -1.36659340659341E+0000
 716  1.26695970695971E+0000 -1.38835164835165E+0000
 717  1.24842490842491E+0000 -1.36981684981685E+0000
 718  1.26454212454212E+0000 -1.39479853479853E+0000
 719  1.24842490842491E+0000 -1.37787545787546E+0000
 720  1.25648351648352E+0000 -1.40608058608059E+0000
 721  1.25487179487179E+0000 -1.38754578754579E+0000
 722  1.24681318681319E+0000 -1.38673992673993E+0000
 723  1.26131868131868E+0000 -1.35934065934066E+0000
 724  1.25890109890110E+0000 -1.40124542124542E+0000
 725  1.24842490842491E+0000 -1.39641025641026E+0000
 726  1.26776556776557E+0000 -1.37868131868132E+0000
 727  1.26454212454212E+0000 -1.40446886446886E+0000
 728  1.25890109890110E+0000 -1.38915750915751E+0000
 729  1.25809523809524E+0000 -1.36014652014652E+0000
 730  1.26051282051282E+0000 -1.40446886446886E+0000
 731  1.26776556776557E+0000 -1.38271062271062E+0000
 732  1.26695970695971E+0000 -1.40608058608059E+0000
 733  1.24842490842491E+0000 -1.36578754578755E+0000
 734  1.25809523809524E+0000 -1.37304029304029E+0000
 735  1.25567765567766E+0000 -1.37304029304029E+0000
 736  1.29274725274725E+0000 -1.39238095238095E+0000
 737  1.26776556776557E+0000 -1.40124542124542E+0000
 738  1.25809523809524E+0000 -1.36981684981685E+0000
 739  1.25809523809524E+0000 -1.41010989010989E+0000
 740  1.26131868131868E+0000 -1.38512820512821E+0000
 741  1.25809523809524E+0000 -1.39157509157509E+0000
 742  1.26131868131868E+0000 -1.36014652014652E+0000
 743  1.26776556776557E+0000 -1.40688644688645E+0000
 744  1.25970695970696E+0000 -1.40930402930403E+0000
 745  1.25728937728938E+0000 -1.40285714285714E+0000
 746  1.25809523809524E+0000 -1.39157509157509E+0000
 747  1.24197802197802E+0000 -1.39157509157509E+0000
 748  1.26695970695971E+0000 -1.41655677655678E+0000
 749  1.25406593406593E+0000 -1.36498168498168E+0000
 750  1.29677655677656E+0000 -1.39479853479853E+0000
 751  1.26615384615385E+0000 -1.37142857142857E+0000
 752  1.27340659340659E+0000 -1.40124542124542E+0000
 753  1.26695970695971E+0000 -1.37948717948718E+0000
 754  1.26454212454212E+0000 -1.41575091575092E+0000
 755  1.26776556776557E+0000 -1.40043956043956E+0000
 756  1.26131868131868E+0000 -1.36498168498168E+0000
 757  1.26131868131868E+0000 -1.41333333333333E+0000
 758  1.26051282051282E+0000 -1.35208791208791E+0000
 759  1.25970695970696E+0000 -1.37304029304029E+0000
 760  1.26293040293040E+0000 -1.36739926739927E+0000
 761  1.26051282051282E+0000 -1.37465201465201E+0000
 762  1.25890109890110E+0000 -1.38351648351648E+0000
 763  1.25487179487179E+0000 -1.38996336996337E+0000
 764  1.25809523809524E+0000 -1.38835164835165E+0000
 765  1.23553113553114E+0000 -1.37787545787546E+0000
 766  1.27179487179487E+0000 -1.36417582417582E+0000
 767  1.26373626373626E+0000 -1.39076923076923E+0000
 768  1.26293040293040E+0000 -1.37706959706960E+0000
 769  1.26776556776557E+0000 -1.40769230769231E+0000
 770  1.25970695970696E+0000 -1.37062271062271E+0000
 771  1.25487179487179E+0000 -1.38109890109890E+0000
 772  1.25487179487179E+0000 -1.38673992673993E+0000
 773  1.25567765567766E+0000 -1.40205128205128E+0000
 774  1.26051282051282E+0000 -1.36014652014652E+0000
 775  1.27018315018315E+0000 -1.41413919413919E+0000
 776  1.26937728937729E+0000 -1.36739926739927E+0000
 777  1.28388278388278E+0000 -1.39157509157509E+0000
 778  1.25728937728938E+0000 -1.39238095238095E+0000
 779  1.25003663003663E+0000 -1.40930402930403E+0000
 780  1.26131868131868E+0000 -1.37465201465201E+0000
 781  1.25728937728938E+0000 -1.39238095238095E+0000
 782  1.25970695970696E+0000 -1.35531135531136E+0000
 783  1.26051282051282E+0000 -1.37626373626374E+0000
 784  1.26534798534799E+0000 -1.39963369963370E+0000
 785  1.26212454212454E+0000 -1.39479853479853E+0000
 786  1.26131868131868E+0000 -1.36981684981685E+0000
 787  1.26695970695971E+0000 -1.39721611721612E+0000
 788  1.26454212454212E+0000 -1.38835164835165E+0000
 789  1.26131868131868E+0000 -1.36578754578755E+0000
 790  1.25809523809524E+0000 -1.39479853479853E+0000
 791  1.27098901098901E+0000 -1.37706959706960E+0000
 792  1.26454212454212E+0000 -1.40446886446886E+0000
 793  1.26534798534799E+0000 -1.39560439560440E+0000
 794  1.25809523809524E+0000 -1.38029304029304E+0000
 795  1.26051282051282E+0000 -1.36256410256410E+0000
 796  1.26293040293040E+0000 -1.35289377289377E+0000
 797  1.25970695970696E+0000 -1.41172161172161E+0000
 798  1.25728937728938E+0000 -1.38029304029304E+0000
 799  1.25245421245421E+0000 -1.40527472527473E+0000
 800  1.26534798534799E+0000 -1.39157509157509E+0000
 801  1.26293040293040E+0000 -1.37868131868132E+0000
 802  1.26454212454212E+0000 -1.38512820512821E+0000
 803  1.25406593406593E+0000 -1.39076923076923E+0000
 804  1.26373626373626E+0000 -1.37948717948718E+0000
 805  1.26212454212454E+0000 -1.41494505494505E+0000
 806  1.25728937728938E+0000 -1.37948717948718E+0000
 807  1.25890109890110E+0000 -1.40043956043956E+0000
 808  1.25567765567766E+0000 -1.35853479853480E+0000
 809  1.25406593406593E+0000 -1.40688644688645E+0000
 810  1.25970695970696E+0000 -1.40608058608059E+0000
 811  1.25970695970696E+0000 -1.39157509157509E+0000
 812  1.26454212454212E+0000 -1.38190476190476E+0000
 813  1.25487179487179E+0000 -1.37142857142857E+0000
 814  1.25487179487179E+0000 -1.37062271062271E+0000
 815  1.26131868131868E+0000 -1.38996336996337E+0000
 816  1.27098901098901E+0000 -1.38271062271062E+0000
 817  1.26131868131868E+0000 -1.39721611721612E+0000
 818  1.25809523809524E+0000 -1.35289377289377E+0000
 819  1.25487179487179E+0000 -1.40688644688645E+0000
 820  1.25728937728938E+0000 -1.36901098901099E+0000
 821  1.25970695970696E+0000 -1.38915750915751E+0000
 822  1.25084249084249E+0000 -1.37787545787546E+0000
 823  1.25890109890110E+0000 -1.39641025641026E+0000
 824  1.26051282051282E+0000 -1.34080586080586E+0000
 825  1.26857142857143E+0000 -1.39721611721612E+0000
 826  1.26131868131868E+0000 -1.34725274725275E+0000
 827  1.25567765567766E+0000 -1.37304029304029E+0000
 828  1.26293040293040E+0000 -1.40366300366300E+0000
 829  1.26212454212454E+0000 -1.39479853479853E+0000
 830  1.25890109890110E+0000 -1.38593406593407E+0000
 831  1.25809523809524E+0000 -1.37304029304029E+0000
 832  1.26373626373626E+0000 -1.40124542124542E+0000
 833  1.25809523809524E+0000 -1.38673992673993E+0000
 834  1.26051282051282E+0000 -1.37223443223443E+0000
 835  1.26212454212454E+0000 -1.40527472527473E+0000
 836  1.26857142857143E+0000 -1.39802197802198E+0000
 837  1.25728937728938E+0000 -1.39318681318681E+0000
 838  1.26051282051282E+0000 -1.37465201465201E+0000
 839  1.25406593406593E+0000 -1.36981684981685E+0000
 840  1.26534798534799E+0000 -1.38673992673993E+0000
 841  1.25890109890110E+0000 -1.38432234432234E+0000
 842  1.26131868131868E+0000 -1.35692307692308E+0000
 843  1.26131868131868E+0000 -1.38835164835165E+0000
 844  1.26131868131868E+0000 -1.39318681318681E+0000
 845  1.28065934065934E+0000 -1.38754578754579E+0000
 846  1.26131868131868E+0000 -1.36256410256410E+0000
 847  1.25970695970696E+0000 -1.38835164835165E+0000
 848  1.26131868131868E+0000 -1.35772893772894E+0000
 849  1.25809523809524E+0000 -1.38915750915751E+0000
 850  1.26051282051282E+0000 -1.38109890109890E+0000
 851  1.25648351648352E+0000 -1.37465201465201E+0000
 852  1.25890109890110E+0000 -1.39882783882784E+0000
 853  1.25890109890110E+0000 -1.34725274725275E+0000
 854  1.24842490842491E+0000 -1.41091575091575E+0000
 855  1.25809523809524E+0000 -1.36014652014652E+0000
 856  1.25890109890110E+0000 -1.38996336996337E+0000
 857  1.25487179487179E+0000 -1.36981684981685E+0000
 858  1.25487179487179E+0000 -1.39479853479853E+0000
 859  1.26212454212454E+0000 -1.36014652014652E+0000
 860  1.26534798534799E+0000 -1.39479853479853E+0000
 861  1.26293040293040E+0000 -1.39157509157509E+0000
 862  1.27098901098901E+0000 -1.36739926739927E+0000
 863  1.25728937728938E+0000 -1.41091575091575E+0000
 864  1.25890109890110E+0000 -1.36659340659341E+0000
 865  1.25970695970696E+0000 -1.39721611721612E+0000
 866  1.25487179487179E+0000 -1.40849816849817E+0000
 867  1.26373626373626E+0000 -1.37787545787546E+0000
 868  1.25084249084249E+0000 -1.37465201465201E+0000
 869  1.26776556776557E+0000 -1.41413919413919E+0000
 870  1.25567765567766E+0000 -1.35853479853480E+0000
 871  1.26131868131868E+0000 -1.37706959706960E+0000
 872  1.25728937728938E+0000 -1.37142857142857E+0000
 873  1.26615384615385E+0000 -1.39721611721612E+0000
 874  1.26534798534799E+0000 -1.37465201465201E+0000
 875  1.26131868131868E+0000 -1.37304029304029E+0000
 876  1.27179487179487E+0000 -1.39076923076923E+0000
 877  1.26051282051282E+0000 -1.39076923076923E+0000
 878  1.26695970695971E+0000 -1.36498168498168E+0000
 879  1.25648351648352E+0000 -1.40769230769231E+0000
 880  1.26454212454212E+0000 -1.37706959706960E+0000
 881  1.26373626373626E+0000 -1.38432234432234E+0000
 882  1.26131868131868E+0000 -1.41494505494505E+0000
 883  1.25809523809524E+0000 -1.36256410256410E+0000
 884  1.26776556776557E+0000 -1.38271062271062E+0000
 885  1.26776556776557E+0000 -1.36578754578755E+0000
 886  1.26131868131868E+0000 -1.39479853479853E+0000
 887  1.24842490842491E+0000 -1.37304029304029E+0000
 888  1.26131868131868E+0000 -1.39882783882784E+0000
 889  1.25970695970696E+0000 -1.39641025641026E+0000
 890  1.25890109890110E+0000 -1.38512820512821E+0000
 891  1.25406593406593E+0000 -1.37626373626374E+0000
 892  1.25567765567766E+0000 -1.39882783882784E+0000
 893  1.25406593406593E+0000 -1.38915750915751E+0000
 894  1.25890109890110E+0000 -1.41172161172161E+0000
 895  1.26131868131868E+0000 -1.36498168498168E+0000
 896  1.25970695970696E+0000 -1.39721611721612E+0000
 897  1.24923076923077E+0000 -1.38351648351648E+0000
 898  1.25487179487179E+0000 -1.41010989010989E+0000
 899  1.24520146520147E+0000 -1.35772893772894E+0000
 900  1.26131868131868E+0000 -1.38351648351648E+0000
 901  1.26131868131868E+0000 -1.35934065934066E+0000
 902  1.26131868131868E+0000 -1.39882783882784E+0000
 903  1.26131868131868E+0000 -1.36498168498168E+0000
 904  1.25648351648352E+0000 -1.37626373626374E+0000
 905  1.26131868131868E+0000 -1.40608058608059E+0000
 906  1.26695970695971E+0000 -1.37223443223443E+0000
 907  1.25970695970696E+0000 -1.37948717948718E+0000
 908  1.25326007326007E+0000 -1.39479853479853E+0000
 909  1.25648351648352E+0000 -1.40043956043956E+0000
 910  1.25970695970696E+0000 -1.37626373626374E+0000
 911  1.26212454212454E+0000 -1.37868131868132E+0000
 912  1.27501831501832E+0000 -1.39076923076923E+0000
 913  1.26212454212454E+0000 -1.39560439560440E+0000
 914  1.24278388278388E+0000 -1.39802197802198E+0000
 915  1.26212454212454E+0000 -1.40930402930403E+0000
 916  1.25809523809524E+0000 -1.37706959706960E+0000
 917  1.25567765567766E+0000 -1.38109890109890E+0000
 918  1.26293040293040E+0000 -1.39318681318681E+0000
 919  1.26051282051282E+0000 -1.40527472527473E+0000
 920  1.26212454212454E+0000 -1.37545787545788E+0000
 921  1.25809523809524E+0000 -1.38029304029304E+0000
 922  1.26212454212454E+0000 -1.38593406593407E+0000
 923  1.26051282051282E+0000 -1.39802197802198E+0000
 924  1.26051282051282E+0000 -1.36820512820513E+0000
 925  1.26131868131868E+0000 -1.39560439560440E+0000
 926  1.26776556776557E+0000 -1.37142857142857E+0000
 927  1.25890109890110E+0000 -1.39721611721612E+0000
 928  1.27260073260073E+0000 -1.36901098901099E+0000
 929  1.25567765567766E+0000 -1.42058608058608E+0000
 930  1.25406593406593E+0000 -1.37465201465201E+0000
 931  1.26293040293040E+0000 -1.39479853479853E+0000
 932  1.25809523809524E+0000 -1.37948717948718E+0000
 933  1.26131868131868E+0000 -1.36336996336996E+0000
 934  1.25890109890110E+0000 -1.38190476190476E+0000
 935  1.25728937728938E+0000 -1.36256410256410E+0000
 936  1.26131868131868E+0000 -1.39479853479853E+0000
 937  1.26695970695971E+0000 -1.38432234432234E+0000
 938  1.25809523809524E+0000 -1.39802197802198E+0000
 939  1.26293040293040E+0000 -1.36095238095238E+0000
 940  1.25728937728938E+0000 -1.37787545787546E+0000
 941  1.25809523809524E+0000 -1.41413919413919E+0000
 942  1.26131868131868E+0000 -1.35128205128205E+0000
 943  1.26695970695971E+0000 -1.41091575091575E+0000
 944  1.25970695970696E+0000 -1.36739926739927E+0000
 945  1.27260073260073E+0000 -1.39479853479853E+0000
 946  1.26131868131868E+0000 -1.37223443223443E+0000
 947  1.25890109890110E+0000 -1.40446886446886E+0000
 948  1.26695970695971E+0000 -1.39479853479853E+0000
 949  1.26131868131868E+0000 -1.38512820512821E+0000
 950  1.24842490842491E+0000 -1.38996336996337E+0000
 951  1.25487179487179E+0000 -1.39802197802198E+0000
 952  1.25487179487179E+0000 -1.36336996336996E+0000
 953  1.26212454212454E+0000 -1.41010989010989E+0000
 954  1.26454212454212E+0000 -1.37062271062271E+0000
 955  1.26051282051282E+0000 -1.38673992673993E+0000
 956  1.25890109890110E+0000 -1.38190476190476E+0000
 957  1.27018315018315E+0000 -1.39318681318681E+0000
 958  1.26776556776557E+0000 -1.39802197802198E+0000
 959  1.25728937728938E+0000 -1.41575091575092E+0000
 960  1.25487179487179E+0000 -1.36981684981685E+0000
 961  1.25245421245421E+0000 -1.38432234432234E+0000
 962  1.26051282051282E+0000 -1.38190476190476E+0000
 963  1.26293040293040E+0000 -1.38432234432234E+0000
 964  1.26212454212454E+0000 -1.38271062271062E+0000
 965  1.25970695970696E+0000 -1.38915750915751E+0000
 966  1.26373626373626E+0000 -1.38029304029304E+0000
 967  1.26051282051282E+0000 -1.39963369963370E+0000
 968  1.26131868131868E+0000 -1.36175824175824E+0000
 969  1.25890109890110E+0000 -1.37948717948718E+0000
 970  1.26373626373626E+0000 -1.38351648351648E+0000
 971  1.26131868131868E+0000 -1.39882783882784E+0000
 972  1.25487179487179E+0000 -1.35047619047619E+0000
 973  1.26373626373626E+0000 -1.39882783882784E+0000
 974  1.26454212454212E+0000 -1.35934065934066E+0000
 975  1.25890109890110E+0000 -1.38029304029304E+0000
 976  1.25728937728938E+0000 -1.40930402930403E+0000
 977  1.25567765567766E+0000 -1.40205128205128E+0000
 978  1.25487179487179E+0000 -1.37304029304029E+0000
 979  1.28146520146520E+0000 -1.37384615384615E+0000
 980  1.26051282051282E+0000 -1.39882783882784E+0000
 981  1.26051282051282E+0000 -1.39802197802198E+0000
 982  1.25487179487179E+0000 -1.38109890109890E+0000
 983  1.25728937728938E+0000 -1.37626373626374E+0000
 984  1.26131868131868E+0000 -1.40366300366300E+0000
 985  1.25809523809524E+0000 -1.38996336996337E+0000
 986  1.25487179487179E+0000 -1.36175824175824E+0000
 987  1.25970695970696E+0000 -1.39318681318681E+0000
 988  1.25809523809524E+0000 -1.37787545787546E+0000
 989  1.25970695970696E+0000 -1.37384615384615E+0000
 990  1.26131868131868E+0000 -1.40043956043956E+0000
 991  1.25728937728938E+0000 -1.40043956043956E+0000
 992  1.25728937728938E+0000 -1.38351648351648E+0000
 993  1.25890109890110E+0000 -1.36578754578755E+0000
 994  1.25809523809524E+0000 -1.39157509157509E+0000
 995  1.25809523809524E+0000 -1.38915750915751E+0000
 996  1.25809523809524E+0000 -1.36256410256410E+0000
 997  1.25728937728938E+0000 -1.39318681318681E+0000
 998  1.25487179487179E+0000 -1.36981684981685E+0000
 999  1.25648351648352E+0000 -1.40688644688645E+0000
 1000  1.25890109890110E+0000 -1.41252747252747E+0000
 1001  1.25728937728938E+0000 -1.36820512820513E+0000
 1002  1.25164835164835E+0000 -1.40043956043956E+0000
 1003  1.26131868131868E+0000 -1.35772893772894E+0000
 1004  1.26454212454212E+0000 -1.37465201465201E+0000
 1005  1.25487179487179E+0000 -1.42058608058608E+0000
 1006  1.26051282051282E+0000 -1.36578754578755E+0000
 1007  1.26373626373626E+0000 -1.38190476190476E+0000
 1008  1.25890109890110E+0000 -1.36014652014652E+0000
 1009  1.25728937728938E+0000 -1.38351648351648E+0000
 1010  1.25406593406593E+0000 -1.36095238095238E+0000
 1011  1.25970695970696E+0000 -1.39721611721612E+0000
 1012  1.25648351648352E+0000 -1.39157509157509E+0000
 1013  1.26212454212454E+0000 -1.41413919413919E+0000
 1014  1.26051282051282E+0000 -1.38835164835165E+0000
 1015  1.25487179487179E+0000 -1.37062271062271E+0000
 1016  1.26131868131868E+0000 -1.38915750915751E+0000
 1017  1.25245421245421E+0000 -1.38512820512821E+0000
 1018  1.26131868131868E+0000 -1.38271062271062E+0000
 1019  1.25728937728938E+0000 -1.36981684981685E+0000
 1020  1.26937728937729E+0000 -1.38593406593407E+0000
 1021  1.26051282051282E+0000 -1.37626373626374E+0000
 1022  1.24842490842491E+0000 -1.40043956043956E+0000
 1023  1.25567765567766E+0000 -1.37787545787546E+0000
 1024  1.27179487179487E+0000 -1.37304029304029E+0000
 1025  1.25970695970696E+0000 -1.39076923076923E+0000
 1026  1.25728937728938E+0000 -1.36014652014652E+0000
 1027  1.26454212454212E+0000 -1.39076923076923E+0000
 1028  1.25890109890110E+0000 -1.37787545787546E+0000
 1029  1.26051282051282E+0000 -1.40285714285714E+0000
 1030  1.25326007326007E+0000 -1.38915750915751E+0000
 1031  1.25003663003663E+0000 -1.41252747252747E+0000
 1032  1.25890109890110E+0000 -1.36901098901099E+0000
 1033  1.26051282051282E+0000 -1.38754578754579E+0000
 1034  1.25890109890110E+0000 -1.38029304029304E+0000
 1035  1.25809523809524E+0000 -1.41333333333333E+0000
 1036  1.25728937728938E+0000 -1.39238095238095E+0000
 1037  1.25487179487179E+0000 -1.39882783882784E+0000
 1038  1.25728937728938E+0000 -1.38432234432234E+0000
 1039  1.25890109890110E+0000 -1.37223443223443E+0000
 1040  1.25890109890110E+0000 -1.39238095238095E+0000
 1041  1.26131868131868E+0000 -1.39802197802198E+0000
 1042  1.24761904761905E+0000 -1.39802197802198E+0000
 1043  1.25487179487179E+0000 -1.37304029304029E+0000
 1044  1.25648351648352E+0000 -1.37948717948718E+0000
 1045  1.25487179487179E+0000 -1.40043956043956E+0000
 1046  1.25567765567766E+0000 -1.41010989010989E+0000
 1047  1.26131868131868E+0000 -1.38432234432234E+0000
 1048  1.25728937728938E+0000 -1.38673992673993E+0000
 1049  1.25728937728938E+0000 -1.36659340659341E+0000
 1050  1.25487179487179E+0000 -1.36739926739927E+0000
 1051  1.25567765567766E+0000 -1.40769230769231E+0000
 1052  1.24842490842491E+0000 -1.37787545787546E+0000
 1053  1.24923076923077E+0000 -1.38271062271062E+0000
 1054  1.25164835164835E+0000 -1.38593406593407E+0000
 1055  1.25406593406593E+0000 -1.36014652014652E+0000
 1056  1.25164835164835E+0000 -1.39238095238095E+0000
 1057  1.25406593406593E+0000 -1.36336996336996E+0000
 1058  1.25648351648352E+0000 -1.40446886446886E+0000
 1059  1.25809523809524E+0000 -1.37706959706960E+0000
 1060  1.25728937728938E+0000 -1.37787545787546E+0000
 1061  1.25406593406593E+0000 -1.39076923076923E+0000
 1062  1.25164835164835E+0000 -1.38673992673993E+0000
 1063  1.25406593406593E+0000 -1.35531135531136E+0000
 1064  1.24842490842491E+0000 -1.39963369963370E+0000
 1065  1.25970695970696E+0000 -1.37062271062271E+0000
 1066  1.26051282051282E+0000 -1.41575091575092E+0000
 1067  1.25890109890110E+0000 -1.38835164835165E+0000
 1068  1.26131868131868E+0000 -1.38835164835165E+0000
 1069  1.25567765567766E+0000 -1.39399267399267E+0000
 1070  1.24842490842491E+0000 -1.40446886446886E+0000
 1071  1.25890109890110E+0000 -1.36901098901099E+0000
 1072  1.25406593406593E+0000 -1.41091575091575E+0000
 1073  1.25890109890110E+0000 -1.38271062271062E+0000
 1074  1.24761904761905E+0000 -1.38029304029304E+0000
 1075  1.25567765567766E+0000 -1.40043956043956E+0000
 1076  1.25567765567766E+0000 -1.41655677655678E+0000
 1077  1.24681318681319E+0000 -1.38271062271062E+0000
 1078  1.25245421245421E+0000 -1.38512820512821E+0000
 1079  1.25728937728938E+0000 -1.40285714285714E+0000
 1080  1.25728937728938E+0000 -1.40527472527473E+0000
 1081  1.26051282051282E+0000 -1.37465201465201E+0000
 1082  1.23553113553114E+0000 -1.37948717948718E+0000
 1083  1.26131868131868E+0000 -1.39560439560440E+0000
 1084  1.25648351648352E+0000 -1.40205128205128E+0000
 1085  1.26131868131868E+0000 -1.36739926739927E+0000
 1086  1.25406593406593E+0000 -1.38190476190476E+0000
 1087  1.25487179487179E+0000 -1.38190476190476E+0000
 1088  1.25728937728938E+0000 -1.37706959706960E+0000
 1089  1.26051282051282E+0000 -1.37545787545788E+0000
 1090  1.25487179487179E+0000 -1.38109890109890E+0000
 1091  1.25326007326007E+0000 -1.38835164835165E+0000
 1092  1.25326007326007E+0000 -1.37304029304029E+0000
 1093  1.26131868131868E+0000 -1.38029304029304E+0000
 1094  1.25728937728938E+0000 -1.39238095238095E+0000
 1095  1.25890109890110E+0000 -1.36175824175824E+0000
 1096  1.24923076923077E+0000 -1.37223443223443E+0000
 1097  1.26131868131868E+0000 -1.37465201465201E+0000
 1098  1.25164835164835E+0000 -1.39882783882784E+0000
 1099  1.25648351648352E+0000 -1.35692307692308E+0000
 1100  1.26131868131868E+0000 -1.40446886446886E+0000
 1101  1.25567765567766E+0000 -1.37062271062271E+0000
 1102  1.25567765567766E+0000 -1.37868131868132E+0000
 1103  1.26131868131868E+0000 -1.39560439560440E+0000
 1104  1.25164835164835E+0000 -1.39802197802198E+0000
 1105  1.25487179487179E+0000 -1.36175824175824E+0000
 1106  1.26131868131868E+0000 -1.37626373626374E+0000
 1107  1.25648351648352E+0000 -1.37545787545788E+0000
 1108  1.25728937728938E+0000 -1.37626373626374E+0000
 1109  1.25890109890110E+0000 -1.37384615384615E+0000
 1110  1.25728937728938E+0000 -1.37304029304029E+0000
 1111  1.25728937728938E+0000 -1.35934065934066E+0000
 1112  1.25567765567766E+0000 -1.38915750915751E+0000
 1113  1.27018315018315E+0000 -1.40205128205128E+0000
 1114  1.26131868131868E+0000 -1.35047619047619E+0000
 1115  1.25728937728938E+0000 -1.39238095238095E+0000
 1116  1.25728937728938E+0000 -1.35772893772894E+0000
 1117  1.25728937728938E+0000 -1.37223443223443E+0000
 1118  1.25809523809524E+0000 -1.40366300366300E+0000
 1119  1.25728937728938E+0000 -1.39318681318681E+0000
 1120  1.25890109890110E+0000 -1.38190476190476E+0000
 1121  1.26051282051282E+0000 -1.39963369963370E+0000
 1122  1.26051282051282E+0000 -1.36498168498168E+0000
 1123  1.25567765567766E+0000 -1.37787545787546E+0000
 1124  1.25890109890110E+0000 -1.37062271062271E+0000
 1125  1.25487179487179E+0000 -1.37868131868132E+0000
 1126  1.25406593406593E+0000 -1.37626373626374E+0000
 1127  1.25567765567766E+0000 -1.38432234432234E+0000
 1128  1.25728937728938E+0000 -1.38432234432234E+0000
 1129  1.25809523809524E+0000 -1.41413919413919E+0000
 1130  1.28065934065934E+0000 -1.36014652014652E+0000
 1131  1.25648351648352E+0000 -1.37465201465201E+0000
 1132  1.25809523809524E+0000 -1.38190476190476E+0000
 1133  1.25890109890110E+0000 -1.39560439560440E+0000
 1134  1.25648351648352E+0000 -1.38996336996337E+0000
 1135  1.25487179487179E+0000 -1.39479853479853E+0000
 1136  1.26051282051282E+0000 -1.38673992673993E+0000
 1137  1.25890109890110E+0000 -1.40446886446886E+0000
 1138  1.26131868131868E+0000 -1.36498168498168E+0000
 1139  1.26051282051282E+0000 -1.37706959706960E+0000
 1140  1.26131868131868E+0000 -1.36256410256410E+0000
 1141  1.25890109890110E+0000 -1.41978021978022E+0000
 1142  1.25487179487179E+0000 -1.38271062271062E+0000
 1143  1.25003663003663E+0000 -1.39238095238095E+0000
 1144  1.29758241758242E+0000 -1.37868131868132E+0000
 1145  1.26695970695971E+0000 -1.40285714285714E+0000
 1146  1.25567765567766E+0000 -1.36014652014652E+0000
 1147  1.26051282051282E+0000 -1.38109890109890E+0000
 1148  1.26131868131868E+0000 -1.38673992673993E+0000
 1149  1.25567765567766E+0000 -1.41333333333333E+0000
 1150  1.25487179487179E+0000 -1.37706959706960E+0000
 1151  1.25809523809524E+0000 -1.40124542124542E+0000
 1152  1.25487179487179E+0000 -1.39479853479853E+0000
 1153  1.25567765567766E+0000 -1.41494505494505E+0000
 1154  1.25084249084249E+0000 -1.37626373626374E+0000
 1155  1.26051282051282E+0000 -1.38996336996337E+0000
 1156  1.26131868131868E+0000 -1.38029304029304E+0000
 1157  1.25648351648352E+0000 -1.41172161172161E+0000
 1158  1.26131868131868E+0000 -1.36981684981685E+0000
 1159  1.25890109890110E+0000 -1.39076923076923E+0000
 1160  1.25567765567766E+0000 -1.38754578754579E+0000
 1161  1.25164835164835E+0000 -1.40527472527473E+0000
 1162  1.24842490842491E+0000 -1.36417582417582E+0000
 1163  1.25890109890110E+0000 -1.38593406593407E+0000
 1164  1.25890109890110E+0000 -1.37948717948718E+0000
 1165  1.25648351648352E+0000 -1.40930402930403E+0000
 1166  1.25487179487179E+0000 -1.35450549450549E+0000
 1167  1.26131868131868E+0000 -1.38190476190476E+0000
 1168  1.20813186813187E+0000 -1.36417582417582E+0000
 1169  1.27018315018315E+0000 -1.39721611721612E+0000
 1170  1.27018315018315E+0000 -1.37304029304029E+0000
 1171  1.24842490842491E+0000 -1.38432234432234E+0000
 1172  1.27179487179487E+0000 -1.36417582417582E+0000
 1173  1.26695970695971E+0000 -1.38835164835165E+0000
 1174  1.25890109890110E+0000 -1.36901098901099E+0000
 1175  1.26615384615385E+0000 -1.37868131868132E+0000
 1176  1.26776556776557E+0000 -1.38190476190476E+0000
 1177  1.26454212454212E+0000 -1.38512820512821E+0000
 1178  1.26051282051282E+0000 -1.37948717948718E+0000
 1179  1.25809523809524E+0000 -1.40366300366300E+0000
 1180  1.26212454212454E+0000 -1.40124542124542E+0000
 1181  1.26212454212454E+0000 -1.37948717948718E+0000
 1182  1.26051282051282E+0000 -1.37465201465201E+0000
 1183  1.26212454212454E+0000 -1.39157509157509E+0000
 1184  1.25890109890110E+0000 -1.38512820512821E+0000
 1185  1.26615384615385E+0000 -1.36336996336996E+0000
 1186  1.25809523809524E+0000 -1.40366300366300E+0000
 1187  1.26937728937729E+0000 -1.37948717948718E+0000
 1188  1.25648351648352E+0000 -1.38351648351648E+0000
 1189  1.26454212454212E+0000 -1.39238095238095E+0000
 1190  1.26293040293040E+0000 -1.39318681318681E+0000
 1191  1.26373626373626E+0000 -1.37948717948718E+0000
 1192  1.26373626373626E+0000 -1.38109890109890E+0000
 1193  1.26454212454212E+0000 -1.39963369963370E+0000
 1194  1.26454212454212E+0000 -1.40769230769231E+0000
 1195  1.26373626373626E+0000 -1.37948717948718E+0000
 1196  1.25728937728938E+0000 -1.38673992673993E+0000
 1197  1.26051282051282E+0000 -1.36901098901099E+0000
 1198  1.26131868131868E+0000 -1.40769230769231E+0000
 1199  1.27421245421245E+0000 -1.37948717948718E+0000
 1200  1.28710622710623E+0000 -1.38593406593407E+0000
 1201  1.26695970695971E+0000 -1.39802197802198E+0000
 1202  1.25809523809524E+0000 -1.39963369963370E+0000
 1203  1.26293040293040E+0000 -1.37142857142857E+0000
 1204  1.24842490842491E+0000 -1.36739926739927E+0000
 1205  1.25487179487179E+0000 -1.38512820512821E+0000
 1206  1.26051282051282E+0000 -1.37787545787546E+0000
 1207  1.26695970695971E+0000 -1.38835164835165E+0000
 1208  1.25809523809524E+0000 -1.38190476190476E+0000
 1209  1.25809523809524E+0000 -1.38271062271062E+0000
 1210  1.26212454212454E+0000 -1.38109890109890E+0000
 1211  1.26373626373626E+0000 -1.39802197802198E+0000
 1212  1.25809523809524E+0000 -1.40446886446886E+0000
 1213  1.26131868131868E+0000 -1.38271062271062E+0000
 1214  1.25970695970696E+0000 -1.38432234432234E+0000
 1215  1.25245421245421E+0000 -1.39721611721612E+0000
 1216  1.25809523809524E+0000 -1.36578754578755E+0000
 1217  1.26131868131868E+0000 -1.40124542124542E+0000
 1218  1.25890109890110E+0000 -1.38512820512821E+0000
 1219  1.26776556776557E+0000 -1.41172161172161E+0000
 1220  1.26131868131868E+0000 -1.35692307692308E+0000
 1221  1.26131868131868E+0000 -1.37868131868132E+0000
 1222  1.26131868131868E+0000 -1.35934065934066E+0000
 1223  1.25890109890110E+0000 -1.39238095238095E+0000
 1224  1.24842490842491E+0000 -1.38593406593407E+0000
 1225  1.27340659340659E+0000 -1.40688644688645E+0000
 1226  1.26131868131868E+0000 -1.35692307692308E+0000
 1227  1.26131868131868E+0000 -1.37626373626374E+0000
 1228  1.26131868131868E+0000 -1.34967032967033E+0000
 1229  1.22586080586081E+0000 -1.37465201465201E+0000
 1230  1.20974358974359E+0000 -1.36014652014652E+0000
 1231  1.28307692307692E+0000 -1.38673992673993E+0000
 1232  1.26776556776557E+0000 -1.36901098901099E+0000
 1233  1.26131868131868E+0000 -1.39479853479853E+0000
 1234  1.25487179487179E+0000 -1.37223443223443E+0000
 1235  1.26937728937729E+0000 -1.39963369963370E+0000
 1236  1.25809523809524E+0000 -1.39318681318681E+0000
 1237  1.27018315018315E+0000 -1.38432234432234E+0000
 1238  1.26131868131868E+0000 -1.36901098901099E+0000
 1239  1.26857142857143E+0000 -1.38432234432234E+0000
 1240  1.24600732600733E+0000 -1.37384615384615E+0000
 1241  1.25809523809524E+0000 -1.40124542124542E+0000
 1242  1.26776556776557E+0000 -1.37787545787546E+0000
 1243  1.26051282051282E+0000 -1.40446886446886E+0000
 1244  1.26695970695971E+0000 -1.34725274725275E+0000
 1245  1.25809523809524E+0000 -1.37626373626374E+0000
 1246  1.26051282051282E+0000 -1.36498168498168E+0000
 1247  1.26131868131868E+0000 -1.39641025641026E+0000
 1248  1.25970695970696E+0000 -1.38835164835165E+0000
 1249  1.26695970695971E+0000 -1.40930402930403E+0000
 1250  1.26051282051282E+0000 -1.38190476190476E+0000
 1251  1.26293040293040E+0000 -1.38593406593407E+0000
 1252  1.26695970695971E+0000 -1.38673992673993E+0000
 1253  1.26373626373626E+0000 -1.39479853479853E+0000
 1254  1.26776556776557E+0000 -1.39479853479853E+0000
 1255  1.26293040293040E+0000 -1.39479853479853E+0000
 1256  1.26454212454212E+0000 -1.39802197802198E+0000
 1257  1.26293040293040E+0000 -1.40849816849817E+0000
 1258  1.26937728937729E+0000 -1.36498168498168E+0000
 1259  1.26373626373626E+0000 -1.42058608058608E+0000
 1260  1.26615384615385E+0000 -1.38029304029304E+0000
 1261  1.25487179487179E+0000 -1.39479853479853E+0000
 1262  1.26293040293040E+0000 -1.39157509157509E+0000
 1263  1.26293040293040E+0000 -1.41010989010989E+0000
 1264  1.27904761904762E+0000 -1.37545787545788E+0000
 1265  1.26131868131868E+0000 -1.38754578754579E+0000
 1266  1.26212454212454E+0000 -1.39721611721612E+0000
 1267  1.25487179487179E+0000 -1.40849816849817E+0000
 1268  1.25809523809524E+0000 -1.36014652014652E+0000
 1269  1.26534798534799E+0000 -1.41252747252747E+0000
 1270  1.25890109890110E+0000 -1.37706959706960E+0000
 1271  1.26131868131868E+0000 -1.39318681318681E+0000
 1272  1.26454212454212E+0000 -1.35853479853480E+0000
 1273  1.25890109890110E+0000 -1.40688644688645E+0000
 1274  1.26373626373626E+0000 -1.37304029304029E+0000
 1275  1.25809523809524E+0000 -1.39479853479853E+0000
 1276  1.25728937728938E+0000 -1.38190476190476E+0000
 1277  1.26212454212454E+0000 -1.38512820512821E+0000
 1278  1.24842490842491E+0000 -1.38673992673993E+0000
 1279  1.24842490842491E+0000 -1.40769230769231E+0000
 1280  1.25728937728938E+0000 -1.36417582417582E+0000
 1281  1.26131868131868E+0000 -1.41252747252747E+0000
 1282  1.26615384615385E+0000 -1.37868131868132E+0000
 1283  1.25728937728938E+0000 -1.39721611721612E+0000
 1284  1.26131868131868E+0000 -1.34886446886447E+0000
 1285  1.25970695970696E+0000 -1.40366300366300E+0000
 1286  1.26131868131868E+0000 -1.36175824175824E+0000
 1287  1.25487179487179E+0000 -1.37706959706960E+0000
 1288  1.26131868131868E+0000 -1.37384615384615E+0000
 1289  1.25164835164835E+0000 -1.38996336996337E+0000
 1290  1.27340659340659E+0000 -1.38512820512821E+0000
 1291  1.26051282051282E+0000 -1.39721611721612E+0000
 1292  1.26051282051282E+0000 -1.35047619047619E+0000
 1293  1.26534798534799E+0000 -1.40446886446886E+0000
 1294  1.26212454212454E+0000 -1.39238095238095E+0000
 1295  1.25970695970696E+0000 -1.36901098901099E+0000
 1296  1.26454212454212E+0000 -1.37948717948718E+0000
 1297  1.25567765567766E+0000 -1.40608058608059E+0000
 1298  1.26131868131868E+0000 -1.40205128205128E+0000
 1299  1.26131868131868E+0000 -1.37948717948718E+0000
 1300  1.25970695970696E+0000 -1.36659340659341E+0000
 1301  1.25890109890110E+0000 -1.40205128205128E+0000
 1302  1.25809523809524E+0000 -1.38512820512821E+0000
 1303  1.26131868131868E+0000 -1.36336996336996E+0000
 1304  1.26051282051282E+0000 -1.39076923076923E+0000
 1305  1.26131868131868E+0000 -1.37545787545788E+0000
 1306  1.26131868131868E+0000 -1.35289377289377E+0000
 1307  1.23553113553114E+0000 -1.37787545787546E+0000
 1308  1.25567765567766E+0000 -1.37304029304029E+0000
 1309  1.26695970695971E+0000 -1.39399267399267E+0000
 1310  1.26131868131868E+0000 -1.38271062271062E+0000
 1311  1.25970695970696E+0000 -1.39963369963370E+0000
 1312  1.25890109890110E+0000 -1.39802197802198E+0000
 1313  1.26051282051282E+0000 -1.38673992673993E+0000
 1314  1.25648351648352E+0000 -1.38351648351648E+0000
 1315  1.25890109890110E+0000 -1.40205128205128E+0000
 1316  1.25567765567766E+0000 -1.39318681318681E+0000
 1317  1.26051282051282E+0000 -1.37626373626374E+0000
 1318  1.25728937728938E+0000 -1.36498168498168E+0000
 1319  1.26695970695971E+0000 -1.38835164835165E+0000
 1320  1.25970695970696E+0000 -1.37304029304029E+0000
 1321  1.25890109890110E+0000 -1.39963369963370E+0000
 1322  1.25164835164835E+0000 -1.39318681318681E+0000
 1323  1.25406593406593E+0000 -1.37465201465201E+0000
 1324  1.26131868131868E+0000 -1.37304029304029E+0000
 1325  1.25487179487179E+0000 -1.39963369963370E+0000
 1326  1.26131868131868E+0000 -1.39560439560440E+0000
 1327  1.26131868131868E+0000 -1.37706959706960E+0000
 1328  1.27340659340659E+0000 -1.36739926739927E+0000
 1329  1.25567765567766E+0000 -1.39479853479853E+0000
 1330  1.25970695970696E+0000 -1.38432234432234E+0000
 1331  1.25809523809524E+0000 -1.36336996336996E+0000
 1332  1.25809523809524E+0000 -1.39157509157509E+0000
 1333  1.26131868131868E+0000 -1.36981684981685E+0000
 1334  1.25890109890110E+0000 -1.37465201465201E+0000
 1335  1.26212454212454E+0000 -1.39802197802198E+0000
 1336  1.25567765567766E+0000 -1.39318681318681E+0000
 1337  1.25406593406593E+0000 -1.37545787545788E+0000
 1338  1.26131868131868E+0000 -1.35531135531136E+0000
 1339  1.24842490842491E+0000 -1.42783882783883E+0000
 1340  1.26051282051282E+0000 -1.37868131868132E+0000
 1341  1.26131868131868E+0000 -1.40285714285714E+0000
 1342  1.26534798534799E+0000 -1.39076923076923E+0000
 1343  1.25648351648352E+0000 -1.41010989010989E+0000
 1344  1.25728937728938E+0000 -1.36014652014652E+0000
 1345  1.25970695970696E+0000 -1.38673992673993E+0000
 1346  1.25487179487179E+0000 -1.37626373626374E+0000
 1347  1.26212454212454E+0000 -1.40205128205128E+0000
 1348  1.25728937728938E+0000 -1.39076923076923E+0000
 1349  1.25970695970696E+0000 -1.40124542124542E+0000
 1350  1.26373626373626E+0000 -1.39882783882784E+0000
 1351  1.25487179487179E+0000 -1.37948717948718E+0000
 1352  1.25487179487179E+0000 -1.37062271062271E+0000
 1353  1.25970695970696E+0000 -1.38915750915751E+0000
 1354  1.26131868131868E+0000 -1.37465201465201E+0000
 1355  1.25809523809524E+0000 -1.41091575091575E+0000
 1356  1.25728937728938E+0000 -1.35772893772894E+0000
 1357  1.26293040293040E+0000 -1.42139194139194E+0000
 1358  1.25728937728938E+0000 -1.37142857142857E+0000
 1359  1.26131868131868E+0000 -1.39641025641026E+0000
 1360  1.26131868131868E+0000 -1.37626373626374E+0000
 1361  1.25648351648352E+0000 -1.39318681318681E+0000
 1362  1.25406593406593E+0000 -1.38593406593407E+0000
 1363  1.26534798534799E+0000 -1.41172161172161E+0000
 1364  1.25487179487179E+0000 -1.36578754578755E+0000
 1365  1.25326007326007E+0000 -1.39641025641026E+0000
 1366  1.25487179487179E+0000 -1.38351648351648E+0000
 1367  1.25890109890110E+0000 -1.41010989010989E+0000
 1368  1.26373626373626E+0000 -1.35611721611722E+0000
 1369  1.25164835164835E+0000 -1.37706959706960E+0000
 1370  1.26131868131868E+0000 -1.39238095238095E+0000
 1371  1.25406593406593E+0000 -1.39076923076923E+0000
 1372  1.25487179487179E+0000 -1.35772893772894E+0000
 1373  1.26051282051282E+0000 -1.39479853479853E+0000
 1374  1.26131868131868E+0000 -1.36256410256410E+0000
 1375  1.26131868131868E+0000 -1.39157509157509E+0000
 1376  1.25970695970696E+0000 -1.36336996336996E+0000
 1377  1.25648351648352E+0000 -1.39560439560440E+0000
 1378  1.24520146520147E+0000 -1.36336996336996E+0000
 1379  1.25890109890110E+0000 -1.39560439560440E+0000
 1380  1.26776556776557E+0000 -1.35450549450549E+0000
 1381  1.25809523809524E+0000 -1.39882783882784E+0000
 1382  1.25164835164835E+0000 -1.36901098901099E+0000
 1383  1.27018315018315E+0000 -1.41091575091575E+0000
 1384  1.25890109890110E+0000 -1.38109890109890E+0000
 1385  1.25567765567766E+0000 -1.38593406593407E+0000
 1386  1.25648351648352E+0000 -1.35934065934066E+0000
 1387  1.25567765567766E+0000 -1.39882783882784E+0000
 1388  1.24923076923077E+0000 -1.37545787545788E+0000
 1389  1.26051282051282E+0000 -1.36901098901099E+0000
 1390  1.26051282051282E+0000 -1.37787545787546E+0000
 1391  1.25487179487179E+0000 -1.37384615384615E+0000
 1392  1.25406593406593E+0000 -1.38835164835165E+0000
 1393  1.26131868131868E+0000 -1.38673992673993E+0000
 1394  1.25809523809524E+0000 -1.36256410256410E+0000
 1395  1.25809523809524E+0000 -1.39479853479853E+0000
 1396  1.25567765567766E+0000 -1.36256410256410E+0000
 1397  1.26131868131868E+0000 -1.39641025641026E+0000
 1398  1.26131868131868E+0000 -1.35934065934066E+0000
 1399  1.25487179487179E+0000 -1.40849816849817E+0000
 1400  1.26131868131868E+0000 -1.36820512820513E+0000
 1401  1.26131868131868E+0000 -1.38109890109890E+0000
 1402  1.24842490842491E+0000 -1.40043956043956E+0000
 1403  1.27018315018315E+0000 -1.41736263736264E+0000
 1404  1.26131868131868E+0000 -1.39238095238095E+0000
 1405  1.25567765567766E+0000 -1.39721611721612E+0000
 1406  1.25728937728938E+0000 -1.36820512820513E+0000
 1407  1.25648351648352E+0000 -1.37868131868132E+0000
 1408  1.25728937728938E+0000 -1.38996336996337E+0000
 1409  1.25728937728938E+0000 -1.39479853479853E+0000
 1410  1.25890109890110E+0000 -1.35531135531136E+0000
 1411  1.25406593406593E+0000 -1.41091575091575E+0000
 1412  1.25487179487179E+0000 -1.38835164835165E+0000
 1413  1.25728937728938E+0000 -1.39076923076923E+0000
 1414  1.25406593406593E+0000 -1.35934065934066E+0000
 1415  1.24842490842491E+0000 -1.41333333333333E+0000
 1416  1.26051282051282E+0000 -1.38190476190476E+0000
 1417  1.25728937728938E+0000 -1.37948717948718E+0000
 1418  1.25406593406593E+0000 -1.39802197802198E+0000
 1419  1.26051282051282E+0000 -1.41091575091575E+0000
 1420  1.25728937728938E+0000 -1.38271062271062E+0000
 1421  1.25406593406593E+0000 -1.38351648351648E+0000
 1422  1.26131868131868E+0000 -1.38915750915751E+0000
 1423  1.25406593406593E+0000 -1.39560439560440E+0000
 1424  1.26695970695971E+0000 -1.38432234432234E+0000
 1425  1.25809523809524E+0000 -1.37304029304029E+0000
 1426  1.26454212454212E+0000 -1.39479853479853E+0000
 1427  1.25567765567766E+0000 -1.37787545787546E+0000
 1428  1.26051282051282E+0000 -1.41010989010989E+0000
 1429  1.25809523809524E+0000 -1.35369963369963E+0000
 1430  1.26051282051282E+0000 -1.37465201465201E+0000
 1431  1.26051282051282E+0000 -1.36981684981685E+0000
 1432  1.26131868131868E+0000 -1.39157509157509E+0000
 1433  1.25890109890110E+0000 -1.37223443223443E+0000
 1434  1.26051282051282E+0000 -1.39641025641026E+0000
 1435  1.26534798534799E+0000 -1.37626373626374E+0000
 1436  1.26293040293040E+0000 -1.39882783882784E+0000
 1437  1.25487179487179E+0000 -1.39238095238095E+0000
 1438  1.25890109890110E+0000 -1.37787545787546E+0000
 1439  1.25970695970696E+0000 -1.36417582417582E+0000
 1440  1.26373626373626E+0000 -1.38190476190476E+0000
 1441  1.24681318681319E+0000 -1.36417582417582E+0000
 1442  1.26051282051282E+0000 -1.39238095238095E+0000
 1443  1.25648351648352E+0000 -1.37787545787546E+0000
 1444  1.25890109890110E+0000 -1.40366300366300E+0000
 1445  1.25970695970696E+0000 -1.38835164835165E+0000
 1446  1.25970695970696E+0000 -1.40366300366300E+0000
 1447  1.24842490842491E+0000 -1.39560439560440E+0000
 1448  1.26051282051282E+0000 -1.37787545787546E+0000
 1449  1.25809523809524E+0000 -1.36336996336996E+0000
 1450  1.26937728937729E+0000 -1.38673992673993E+0000
 1451  1.28630036630037E+0000 -1.38029304029304E+0000
 1452  1.25809523809524E+0000 -1.40849816849817E+0000
 1453  1.25809523809524E+0000 -1.39721611721612E+0000
 1454  1.25809523809524E+0000 -1.38673992673993E+0000
 1455  1.26212454212454E+0000 -1.37626373626374E+0000
 1456  1.25809523809524E+0000 -1.39479853479853E+0000
 1457  1.26051282051282E+0000 -1.36901098901099E+0000
 1458  1.25487179487179E+0000 -1.39641025641026E+0000
 1459  1.25890109890110E+0000 -1.37384615384615E+0000
 1460  1.25970695970696E+0000 -1.41091575091575E+0000
 1461  1.26454212454212E+0000 -1.39318681318681E+0000
 1462  1.25809523809524E+0000 -1.38432234432234E+0000
 1463  1.27098901098901E+0000 -1.35853479853480E+0000
 1464  1.26615384615385E+0000 -1.38915750915751E+0000
 1465  1.25487179487179E+0000 -1.36175824175824E+0000
 1466  1.26131868131868E+0000 -1.40043956043956E+0000
 1467  1.25728937728938E+0000 -1.39479853479853E+0000
 1468  1.25970695970696E+0000 -1.37868131868132E+0000
 1469  1.25890109890110E+0000 -1.36901098901099E+0000
 1470  1.26051282051282E+0000 -1.38996336996337E+0000
 1471  1.25245421245421E+0000 -1.37142857142857E+0000
 1472  1.25890109890110E+0000 -1.39802197802198E+0000
 1473  1.25487179487179E+0000 -1.38915750915751E+0000
 1474  1.25890109890110E+0000 -1.36175824175824E+0000
 1475  1.26051282051282E+0000 -1.40043956043956E+0000
 1476  1.25809523809524E+0000 -1.38593406593407E+0000
 1477  1.25728937728938E+0000 -1.37626373626374E+0000
 1478  1.26051282051282E+0000 -1.40849816849817E+0000
 1479  1.26131868131868E+0000 -1.36417582417582E+0000
 1480  1.25890109890110E+0000 -1.37545787545788E+0000
 1481  1.25567765567766E+0000 -1.37223443223443E+0000
 1482  1.25970695970696E+0000 -1.38673992673993E+0000
 1483  1.26131868131868E+0000 -1.38512820512821E+0000
 1484  1.26131868131868E+0000 -1.40446886446886E+0000
 1485  1.26131868131868E+0000 -1.35853479853480E+0000
 1486  1.25890109890110E+0000 -1.42139194139194E+0000
 1487  1.25567765567766E+0000 -1.36820512820513E+0000
 1488  1.25406593406593E+0000 -1.38996336996337E+0000
 1489  1.25809523809524E+0000 -1.38673992673993E+0000
 1490  1.26131868131868E+0000 -1.40446886446886E+0000
 1491  1.25728937728938E+0000 -1.36256410256410E+0000
 1492  1.25567765567766E+0000 -1.41655677655678E+0000
 1493  1.26131868131868E+0000 -1.37626373626374E+0000
 1494  1.26131868131868E+0000 -1.38512820512821E+0000
 1495  1.25970695970696E+0000 -1.37948717948718E+0000
 1496  1.25648351648352E+0000 -1.40446886446886E+0000
 1497  1.25728937728938E+0000 -1.35531135531136E+0000
 1498  1.25326007326007E+0000 -1.37545787545788E+0000
 1499  1.25890109890110E+0000 -1.36014652014652E+0000
 1500  1.25970695970696E+0000 -1.38109890109890E+0000
 1501  1.25648351648352E+0000 -1.37868131868132E+0000
 1502  1.26131868131868E+0000 -1.39157509157509E+0000
 1503  1.25487179487179E+0000 -1.38029304029304E+0000
 1504  1.25487179487179E+0000 -1.40849816849817E+0000
 1505  1.25164835164835E+0000 -1.35692307692308E+0000
 1506  1.25809523809524E+0000 -1.41091575091575E+0000
 1507  1.25084249084249E+0000 -1.36820512820513E+0000
 1508  1.25728937728938E+0000 -1.39479853479853E+0000
 1509  1.25487179487179E+0000 -1.38351648351648E+0000
 1510  1.25567765567766E+0000 -1.40124542124542E+0000
 1511  1.25728937728938E+0000 -1.34241758241758E+0000
 1512  1.25567765567766E+0000 -1.40205128205128E+0000
 1513  1.25084249084249E+0000 -1.34725274725275E+0000
 1514  1.25890109890110E+0000 -1.41252747252747E+0000
 1515  1.25084249084249E+0000 -1.37304029304029E+0000
 1516  1.25164835164835E+0000 -1.39721611721612E+0000
 1517  1.25487179487179E+0000 -1.34080586080586E+0000
 1518  1.25728937728938E+0000 -1.40446886446886E+0000
 1519  1.25890109890110E+0000 -1.35369963369963E+0000
 1520  1.26051282051282E+0000 -1.36578754578755E+0000
 1521  1.25487179487179E+0000 -1.35531135531136E+0000
 1522  1.25728937728938E+0000 -1.38190476190476E+0000
 1523  1.26373626373626E+0000 -1.36014652014652E+0000
 1524  1.25003663003663E+0000 -1.37787545787546E+0000
 1525  1.25487179487179E+0000 -1.36417582417582E+0000
 1526  1.26131868131868E+0000 -1.38593406593407E+0000
 1527  1.25728937728938E+0000 -1.37626373626374E+0000
 1528  1.25084249084249E+0000 -1.40205128205128E+0000
 1529  1.25567765567766E+0000 -1.34000000000000E+0000
 1530  1.25648351648352E+0000 -1.40688644688645E+0000
 1531  1.25648351648352E+0000 -1.39479853479853E+0000
 1532  1.26212454212454E+0000 -1.37626373626374E+0000
 1533  1.25890109890110E+0000 -1.38915750915751E+0000
 1534  1.25728937728938E+0000 -1.37304029304029E+0000
 1535  1.25890109890110E+0000 -1.39963369963370E+0000
 1536  1.25809523809524E+0000 -1.40285714285714E+0000
 1537  1.26051282051282E+0000 -1.37223443223443E+0000
 1538  1.25809523809524E+0000 -1.36659340659341E+0000
 1539  1.25487179487179E+0000 -1.38673992673993E+0000
 1540  1.25890109890110E+0000 -1.38593406593407E+0000
 1541  1.25970695970696E+0000 -1.36256410256410E+0000
 1542  1.25487179487179E+0000 -1.39560439560440E+0000
 1543  1.25245421245421E+0000 -1.36901098901099E+0000
 1544  1.25809523809524E+0000 -1.40285714285714E+0000
 1545  1.26293040293040E+0000 -1.37384615384615E+0000
 1546  1.25164835164835E+0000 -1.37545787545788E+0000
 1547  1.25970695970696E+0000 -1.39076923076923E+0000
 1548  1.25728937728938E+0000 -1.39076923076923E+0000
 1549  1.25326007326007E+0000 -1.36901098901099E+0000
 1550  1.26695970695971E+0000 -1.39641025641026E+0000
 1551  1.26454212454212E+0000 -1.36256410256410E+0000
 1552  1.25970695970696E+0000 -1.38835164835165E+0000
 1553  1.25648351648352E+0000 -1.39479853479853E+0000
 1554  1.25970695970696E+0000 -1.38109890109890E+0000
 1555  1.24681318681319E+0000 -1.40446886446886E+0000
 1556  1.25970695970696E+0000 -1.40930402930403E+0000
 1557  1.25245421245421E+0000 -1.38432234432234E+0000
 1558  1.25890109890110E+0000 -1.37868131868132E+0000
 1559  1.26534798534799E+0000 -1.39963369963370E+0000
 1560  1.25890109890110E+0000 -1.40366300366300E+0000
 1561  1.25809523809524E+0000 -1.38512820512821E+0000
 1562  1.23875457875458E+0000 -1.37868131868132E+0000
 1563  1.24842490842491E+0000 -1.39882783882784E+0000
 1564  1.24923076923077E+0000 -1.40366300366300E+0000
 1565  1.25487179487179E+0000 -1.38029304029304E+0000
 1566  1.25487179487179E+0000 -1.39076923076923E+0000
 1567  1.26776556776557E+0000 -1.36014652014652E+0000
 1568  1.25809523809524E+0000 -1.41172161172161E+0000
 1569  1.24842490842491E+0000 -1.39479853479853E+0000
 1570  1.25084249084249E+0000 -1.38512820512821E+0000
 1571  1.25809523809524E+0000 -1.39479853479853E+0000
 1572  1.26776556776557E+0000 -1.38512820512821E+0000
 1573  1.25809523809524E+0000 -1.39721611721612E+0000
 1574  1.26051282051282E+0000 -1.40608058608059E+0000
 1575  1.25970695970696E+0000 -1.38754578754579E+0000
 1576  1.25487179487179E+0000 -1.39238095238095E+0000
 1577  1.24761904761905E+0000 -1.36578754578755E+0000
 1578  1.25648351648352E+0000 -1.41575091575092E+0000
 1579  1.26534798534799E+0000 -1.38835164835165E+0000
 1580  1.26131868131868E+0000 -1.35047619047619E+0000
 1581  1.25890109890110E+0000 -1.41172161172161E+0000
 1582  1.25648351648352E+0000 -1.35853479853480E+0000
 1583  1.25809523809524E+0000 -1.37948717948718E+0000
 1584  1.25164835164835E+0000 -1.36498168498168E+0000
 1585  1.25809523809524E+0000 -1.39238095238095E+0000
 1586  1.25567765567766E+0000 -1.38432234432234E+0000
 1587  1.25326007326007E+0000 -1.40527472527473E+0000
 1588  1.25084249084249E+0000 -1.35692307692308E+0000
 1589  1.25567765567766E+0000 -1.38190476190476E+0000
 1590  1.25084249084249E+0000 -1.36417582417582E+0000
 1591  1.25890109890110E+0000 -1.38190476190476E+0000
