 0  6.54212454212454E-0002 -7.24322344322344E-0001
 1  8.71794871794872E-0002  4.11941391941392E-0001
 2  5.73626373626374E-0002 -8.86300366300366E-0001
 3  7.39926739926740E-0003  4.03882783882784E-0001
 4  6.13919413919414E-0002 -7.29157509157509E-0001
 5  8.15384615384615E-0002  4.48205128205128E-0001
 6  2.91575091575092E-0002 -4.53553113553114E-0001
 7 -1.46520146520146E-0003  6.45641025641026E-0001
 8  5.25274725274725E-0002 -4.43076923076923E-0001
 9  8.07326007326007E-0002  5.22344322344322E-0001
 10  4.36630036630037E-0002 -1.07406593406593E+0000
 11  9.52380952380952E-0004  3.45054945054945E-0001
 12  5.57509157509158E-0002 -7.26739926739927E-0001
 13  8.07326007326007E-0002  4.49010989010989E-0001
 14  5.33333333333333E-0002 -9.10476190476190E-0001
 15  1.46520146520147E-0004  4.15970695970696E-0001
 16  6.62271062271062E-0002 -7.38021978021978E-0001
 17  8.79853479853480E-0002  4.67545787545788E-0001
 18  3.88278388278388E-0002  5.15897435897436E-0001
 19  6.21978021978022E-0002 -6.55018315018315E-0001
 20  8.15384615384615E-0002  5.04615384615385E-0001
 21  3.64102564102564E-0002 -7.89597069597070E-0001
 22  2.19047619047619E-0002  5.29597069597070E-0001
 23  6.46153846153846E-0002 -6.25201465201465E-0001
 24  7.75091575091575E-0002  5.32014652014652E-0001
 25  4.12454212454212E-0002 -7.86373626373626E-0001
 26  3.36996336996337E-0003  5.38461538461538E-0001
 27  6.70329670329670E-0002 -6.00219780219780E-0001
 28  8.55677655677656E-0002  5.56996336996337E-0001
 29  3.88278388278388E-0002 -7.51721611721612E-0001
 30  1.22344322344322E-0002  5.67472527472527E-0001
 31  6.05860805860806E-0002 -5.76849816849817E-0001
 32  7.58974358974359E-0002  5.88424908424908E-0001
 33  5.25274725274725E-0002 -5.34139194139194E-0001
 34  1.38461538461538E-0002  6.73040293040293E-0001
 35  5.97802197802198E-0002 -4.35018315018315E-0001
 36  7.58974358974359E-0002 -6.82417582417582E-0001
 37  1.22344322344322E-0002  6.08571428571429E-0001
 38  6.70329670329670E-0002 -4.64835164835165E-0001
 39  8.15384615384615E-0002  6.31941391941392E-0001
 40  5.73626373626374E-0002 -7.51721611721612E-0001
 41  1.38461538461538E-0002  5.73919413919414E-0001
 42  6.86446886446886E-0002 -5.18827838827839E-0001
 43  7.26739926739927E-0002  6.03736263736264E-0001
 44  4.84981684981685E-0002 -6.55824175824176E-0001
 45  6.59340659340659E-0003  6.19047619047619E-0001
 46  5.25274725274725E-0002 -4.79340659340659E-0001
 47  7.02564102564103E-0002  6.31135531135531E-0001
 48  4.68864468864469E-0002 -6.14725274725275E-0001
 49  2.56410256410256E-0003  6.29523809523810E-0001
 50  5.49450549450549E-0002 -4.36630036630037E-0001
 51  8.07326007326007E-0002  6.55311355311355E-0001
 52  2.91575091575092E-0002 -4.97069597069597E-0001
 53  9.81684981684982E-0003 -3.47985347985348E-0001
 54  6.86446886446886E-0002  6.77875457875458E-0001
 55  2.91575091575092E-0002 -3.63296703296703E-0001
 56 -1.67765567765568E-0002 -2.34358974358974E-0001
 57  5.81684981684982E-0002  6.89963369963370E-0001
 58  1.54578754578754E-0002 -4.94652014652015E-0001
 59 -2.32234432234432E-0002  6.35164835164835E-0001
 60  3.64102564102564E-0002 -2.56117216117216E-0001
 61  6.54212454212454E-0002  7.09304029304029E-0001
 62  1.30402930402930E-0002 -2.08058608058608E-0002
 63 -2.00000000000000E-0002  7.21391941391941E-0001
 64  4.36630036630037E-0002  1.22344322344322E-0002
 65  6.46153846153846E-0002  7.04468864468864E-0001
 66  2.75457875457875E-0002 -6.37289377289377E-0001
 67 -9.52380952380952E-0003  5.45714285714286E-0001
 68  5.89743589743590E-0002 -2.47252747252747E-0001
 69  8.63736263736264E-0002  6.49670329670330E-0001
 70  4.20512820512821E-0002 -4.66446886446886E-0001
 71 -1.46520146520146E-0003  5.76336996336996E-0001
 72  5.89743589743590E-0002 -2.42417582417582E-0001
 73  6.38095238095238E-0002  6.16630036630037E-0001
 74  2.19047619047619E-0002 -4.37435897435897E-0001
 75 -4.41758241758242E-0002  5.35238095238095E-0001
 76  7.39926739926740E-0003 -2.52087912087912E-0001
 77  2.99633699633700E-0002  5.94065934065934E-0001
 78 -1.43589743589743E-0002 -4.61611721611722E-0001
 79 -5.62637362637363E-0002  5.06227106227106E-0001
 80  2.56410256410256E-0003 -2.39194139194139E-0001
 81  2.27106227106227E-0002 -5.22857142857143E-0001
 82 -5.54578754578755E-0002  4.60293040293040E-0001
 83  4.98168498168498E-0003  5.33626373626374E-0001
 84 -1.51648351648351E-0002 -5.87326007326007E-0001
 85 -5.14285714285714E-0002 -3.24615384615385E-0001
 86  3.23809523809524E-0002  5.30402930402930E-0001
 87 -4.68864468864469E-0003  4.30476190476190E-0001
 88  3.88278388278388E-0002 -2.72234432234432E-0001
 89  7.02564102564103E-0002  5.35238095238095E-0001
 90  3.72161172161172E-0002 -3.70549450549451E-0001
 91 -6.59340659340659E-0004  4.41758241758242E-0001
 92  6.94505494505495E-0002  5.27985347985348E-0001
 93  4.52747252747253E-0002  3.90989010989011E-0001
 94  6.21978021978022E-0002  5.00586080586081E-0001
 95  4.93040293040293E-0002  3.56336996336996E-0001
 96  5.49450549450549E-0002  4.71575091575092E-0001
 97  2.67399267399267E-0002  3.24102564102564E-0001
 98  4.60805860805861E-0002  4.36923076923077E-0001
 99  2.67399267399267E-0002  3.01538461538462E-0001
 100  3.23809523809524E-0002  4.19194139194139E-0001
 101  1.06227106227106E-0002  2.62857142857143E-0001
 102  1.86813186813187E-0002 -2.73040293040293E-0001
 103  5.81684981684982E-0002  3.93406593406593E-0001
 104  1.46520146520146E-0002 -5.11575091575092E-0001
 105 -2.80586080586081E-0002  2.34652014652015E-0001
 106  2.19047619047619E-0002 -2.81904761904762E-0001
 107  5.17216117216117E-0002 -4.09523809523810E-0002
 108 -4.17582417582418E-0002  2.49157509157509E-0001
 109  1.62637362637363E-0002  3.38608058608059E-0001
 110 -2.96703296703297E-0002 -5.56703296703297E-0001
 111 -4.09523809523810E-0002 -2.22271062271062E-0001
 112  4.44688644688645E-0002  3.10402930402930E-0001
 113 -2.27106227106227E-0003 -4.92234432234432E-0001
 114 -3.93406593406593E-0002  1.14578754578754E-0001
 115  1.06227106227106E-0002 -2.62564102564103E-0001
 116  4.93040293040293E-0002  2.94285714285714E-0001
 117  7.39926739926740E-0003 -4.00366300366300E-0001
 118 -4.25641025641026E-0002 -2.36776556776557E-0001
 119  5.01098901098901E-0002 -5.48644688644689E-0001
 120 -4.33699633699634E-0002 -3.02857142857143E-0001
 121  5.25274725274725E-0002  2.28205128205128E-0001
 122  1.30402930402930E-0002  2.67399267399267E-0002
 123  1.78754578754579E-0002  2.10476190476190E-0001
 124  1.38461538461538E-0002 -5.13992673992674E-0001
 125 -4.25641025641026E-0002 -3.02857142857143E-0001
 126  5.81684981684982E-0002 -4.08424908424908E-0001
 127 -4.82051282051282E-0002 -1.59706959706960E-0002
 128  1.46520146520146E-0002 -2.73040293040293E-0001
 129  5.57509157509158E-0002  1.70183150183150E-0001
 130  4.17582417582418E-0003 -3.92307692307692E-0001
 131 -4.73992673992674E-0002 -2.53699633699634E-0001
 132  5.49450549450549E-0002 -2.81098901098901E-0001
 133 -4.73992673992674E-0002 -2.05347985347985E-0001
 134  5.49450549450549E-0002 -2.23076923076923E-0001
 135 -4.73992673992674E-0002 -1.69890109890110E-0001
 136  5.73626373626374E-0002 -2.20659340659341E-0001
 137 -5.14285714285714E-0002 -1.65054945054945E-0001
 138  4.68864468864469E-0002  7.02564102564103E-0002
 139  1.75824175824176E-0003 -1.28791208791209E-0001
 140  1.06227106227106E-0002  5.57509157509158E-0002
 141 -2.27106227106227E-0003 -1.69890109890110E-0001
 142  1.62637362637363E-0002  8.20512820512821E-0003
 143  4.98168498168498E-0003 -2.56923076923077E-0001
 144 -4.09523809523810E-0002 -1.87619047619048E-0001
 145  1.70695970695971E-0002 -2.19853479853480E-0001
 146  6.05860805860806E-0002  2.51282051282051E-0002
 147 -2.27106227106227E-0003 -1.56190476190476E-0001
 148  1.54578754578754E-0002 -8.04395604395604E-0002
 149  1.75824175824176E-0003 -2.41611721611722E-0001
 150  1.54578754578754E-0002 -7.64102564102564E-0002
 151 -2.27106227106227E-0003 -2.59340659340659E-0001
 152  1.54578754578754E-0002 -1.12673992673992E-0001
 153  3.36996336996337E-0003 -2.89963369963370E-0001
 154  3.07692307692308E-0002 -2.77069597069597E-0001
 155  5.25274725274725E-0002 -1.26373626373626E-0001
 156  1.06227106227106E-0002 -3.18974358974359E-0001
 157 -3.28937728937729E-0002 -3.00439560439560E-0001
 158  2.10989010989011E-0002 -2.96410256410256E-0001
 159  6.13919413919414E-0002 -1.44102564102564E-0001
 160  6.59340659340659E-0003 -3.29450549450549E-0001
 161 -2.88644688644689E-0002 -3.11721611721612E-0001
 162  5.89743589743590E-0002 -3.05274725274725E-0001
 163 -2.32234432234432E-0002 -3.01245421245421E-0001
 164  5.89743589743590E-0002 -1.80366300366300E-0001
 165  9.81684981684982E-0003 -3.50402930402930E-0001
 166  3.07692307692308E-0002 -2.05347985347985E-0001
 167  1.46520146520146E-0002 -3.43150183150183E-0001
 168 -2.64468864468864E-0002 -3.57655677655678E-0001
 169  3.07692307692308E-0002 -3.33479853479853E-0001
 170  6.46153846153846E-0002 -2.22271062271062E-0001
 171  1.38461538461538E-0002 -3.64908424908425E-0001
 172 -2.40293040293040E-0002 -3.76190476190476E-0001
 173  3.56043956043956E-0002 -2.47252747252747E-0001
 174  1.54578754578754E-0002 -4.04395604395604E-0001
 175  3.64102564102564E-0002 -3.67326007326007E-0001
 176  6.86446886446886E-0002 -3.92307692307692E-0001
 177 -2.32234432234432E-0002 -3.80219780219780E-0001
 178  7.50915750915751E-0002 -4.36630036630037E-0001
 179 -7.91208791208791E-0003 -4.30183150183150E-0001
 180  3.64102564102564E-0002 -2.86739926739927E-0001
 181  3.64102564102564E-0002 -4.51941391941392E-0001
 182  4.44688644688645E-0002 -4.15677655677656E-0001
 183  8.79853479853480E-0002 -5.05128205128205E-0001
 184 -1.91941391941392E-0002 -4.42271062271062E-0001
 185  7.02564102564103E-0002 -2.73040293040293E-0001
 186  2.67399267399267E-0002 -4.24542124542125E-0001
 187  5.33333333333333E-0002 -3.89084249084249E-0001
 188  8.39560439560440E-0002 -6.09084249084249E-0001
 189 -1.75824175824176E-0002 -5.15604395604396E-0001
 190  4.52747252747253E-0002 -3.06886446886447E-0001
 191  4.04395604395604E-0002 -5.19633699633700E-0001
 192  5.57509157509158E-0002 -4.89010989010989E-0001
 193  8.79853479853480E-0002 -5.09157509157509E-0001
 194  5.41391941391941E-0002 -5.97802197802198E-0001
 195 -6.30036630036630E-0003 -3.02857142857143E-0001
 196  4.60805860805861E-0002 -5.10769230769231E-0001
 197  1.11355311355311E-0001 -5.22051282051282E-0001
 198  5.49450549450549E-0002 -5.69597069597070E-0001
 199  7.39926739926740E-0003 -2.83516483516484E-0001
 200  4.68864468864469E-0002 -6.32454212454212E-0001
 201  1.06227106227106E-0002 -2.89963369963370E-0001
 202  5.25274725274725E-0002 -5.13186813186813E-0001
 203  9.68498168498168E-0002 -4.97069597069597E-0001
 204  4.84981684981685E-0002 -6.21172161172161E-0001
 205 -1.83882783882784E-0002 -5.09963369963370E-0001
 206  3.07692307692308E-0002 -2.77069597069597E-0001
 207  2.02930402930403E-0002 -6.21172161172161E-0001
 208 -1.51648351648351E-0002 -2.27912087912088E-0001
 209  8.39560439560440E-0002 -5.22051282051282E-0001
 210  4.36630036630037E-0002 -2.02124542124542E-0001
 211  8.55677655677656E-0002 -4.36630036630037E-0001
 212  1.22637362637362E-0001 -3.67326007326007E-0001
 213  1.00879120879120E-0001 -3.16556776556777E-0001
 214  1.34725274725275E-0001 -4.60000000000000E-0001
 215  1.16996336996337E-0001 -5.97802197802198E-0001
 216  4.93040293040293E-0002 -4.64835164835165E-0001
 217  1.09743589743589E-0001 -1.84395604395604E-0001
 218  7.50915750915751E-0002 -5.37362637362637E-0001
 219  3.64102564102564E-0002 -1.73113553113553E-0001
 220  7.26739926739927E-0002 -4.09230769230769E-0001
 221  1.08937728937728E-0001 -4.59194139194139E-0001
 222  8.63736263736264E-0002 -5.96996336996337E-0001
 223  2.35164835164835E-0002 -1.40073260073260E-0001
 224  4.60805860805861E-0002 -5.50256410256410E-0001
 225  2.10989010989011E-0002 -1.18315018315018E-0001
 226  4.04395604395604E-0002 -3.76190476190476E-0001
 227  1.02490842490842E-0001 -4.34212454212454E-0001
 228  8.55677655677656E-0002 -6.22783882783883E-0001
 229  9.81684981684982E-0003 -6.02930402930403E-0002
 230  3.88278388278388E-0002 -3.11721611721612E-0001
 231 -5.49450549450549E-0003 -2.99633699633700E-0001
 232  1.10549450549450E-0001 -7.07692307692308E-0002
 233  2.67399267399267E-0002 -3.57655677655678E-0001
 234  9.68498168498168E-0002 -2.54505494505495E-0001
 235  1.01684981684981E-0001 -3.21391941391941E-0001
 236  8.23443223443223E-0002 -3.89084249084249E-0001
 237 -6.30036630036630E-0003  1.06227106227106E-0002
 238  1.14285714285714E-0002 -1.41684981684982E-0001
 239  9.84615384615385E-0002 -3.97142857142857E-0001
 240  7.18681318681319E-0002 -2.91575091575092E-0001
 241 -2.16117216117216E-0002 -7.31868131868132E-0002
 242  2.10989010989011E-0002 -3.14139194139194E-0001
 243 -1.91941391941392E-0002 -8.20512820512821E-0002
 244  1.70695970695971E-0002 -2.48864468864469E-0001
 245 -1.91941391941392E-0002 -9.25274725274725E-0002
 246  2.19047619047619E-0002 -3.05274725274725E-0001
 247 -2.32234432234432E-0002 -5.14285714285714E-0002
 248  7.39926739926740E-0003 -2.48864468864469E-0001
 249 -2.56410256410256E-0002 -6.67399267399267E-0002
 250 -2.27106227106227E-0003 -1.69890109890110E-0001
 251 -2.00000000000000E-0002 -8.20512820512821E-0002
 252  9.52380952380952E-0004 -1.10256410256410E-0001
 253 -3.07692307692308E-0003 -1.99706959706960E-0001
 254  7.75091575091575E-0002 -1.48131868131868E-0001
 255  1.75824175824176E-0003 -2.31941391941392E-0001
 256  7.75091575091575E-0002 -2.72234432234432E-0001
 257 -2.80586080586081E-0002 -4.15677655677656E-0001
 258  6.78388278388278E-0002 -2.28717948717949E-0001
 259 -1.75824175824176E-0002 -3.93113553113553E-0001
 260  7.50915750915751E-0002 -2.15824175824176E-0001
 261 -2.48351648351648E-0002 -3.93919413919414E-0001
 262  7.50915750915751E-0002 -3.77802197802198E-0001
 263 -2.48351648351648E-0002 -4.54358974358974E-0001
 264  7.50915750915751E-0002  5.78754578754579E-0003
 265 -3.45054945054945E-0002 -3.25421245421245E-0001
 266  6.62271062271062E-0002 -3.07692307692308E-0001
 267 -2.40293040293040E-0002 -1.77142857142857E-0001
 268  1.00879120879120E-0001 -1.22344322344322E-0001
 269 -1.35531135531135E-0002 -4.31794871794872E-0001
 270  7.02564102564103E-0002 -1.96483516483516E-0001
 271  7.50915750915751E-0002 -2.48058608058608E-0001
 272 -3.28937728937729E-0002 -1.83589743589744E-0001
 273  6.13919413919414E-0002 -2.98021978021978E-0001
 274 -2.24175824175824E-0002 -4.40659340659341E-0001
 275  6.70329670329670E-0002 -1.20732600732600E-0001
 276 -1.11355311355311E-0002 -4.68864468864469E-0001
 277  7.26739926739927E-0002 -1.57802197802198E-0001
 278 -1.83882783882784E-0002 -2.96410256410256E-0001
 279 -2.72527472527473E-0002 -2.16630036630037E-0001
 280  6.30036630036630E-0002 -3.04468864468864E-0001
 281 -2.24175824175824E-0002 -1.43296703296703E-0001
 282 -7.91208791208791E-0003 -4.90622710622711E-0001
 283  7.10622710622711E-0002 -7.88278388278388E-0002
 284 -1.11355311355311E-0002 -1.61025641025641E-0001
 285 -2.08058608058608E-0002 -1.64249084249084E-0001
 286  9.84615384615385E-0002 -1.27985347985348E-0001
 287 -3.04761904761905E-0002 -4.06813186813187E-0001
 288  4.52747252747253E-0002 -1.56996336996337E-0001
 289 -3.53113553113553E-0002 -4.54358974358974E-0001
 290  5.73626373626374E-0002 -1.51355311355311E-0001
 291  6.21978021978022E-0002 -2.85934065934066E-0001
 292 -3.12820512820513E-0002 -4.97069597069597E-0001
 293  2.27106227106227E-0002 -1.28791208791209E-0001
 294 -5.49450549450549E-0003 -2.81098901098901E-0001
 295 -1.91941391941392E-0002 -1.98095238095238E-0001
 296  6.13919413919414E-0002 -1.72307692307692E-0001
 297 -2.96703296703297E-0002 -5.18021978021978E-0001
 298  3.64102564102564E-0002 -1.83589743589744E-0001
 299  2.67399267399267E-0002  1.35531135531136E-0001
 300 -3.45054945054945E-0002 -3.37509157509158E-0001
 301  3.31868131868132E-0002 -3.89084249084249E-0001
 302 -3.45054945054945E-0002 -2.20659340659341E-0001
 303 -4.09523809523810E-0002 -1.98095238095238E-0001
 304 -2.08058608058608E-0002 -1.25567765567766E-0001
 305 -4.09523809523810E-0002 -2.11794871794872E-0001
 306 -3.85347985347985E-0002 -1.26373626373626E-0001
 307 -3.61172161172161E-0002 -2.06153846153846E-0001
 308 -3.69230769230769E-0002 -3.02051282051282E-0001
 309 -5.38461538461538E-0002 -5.55091575091575E-0001
 310  4.36630036630037E-0002 -5.85714285714286E-0001
 311  4.36630036630037E-0002 -6.01025641025641E-0001
 312  4.93040293040293E-0002 -5.19633699633700E-0001
 313  5.49450549450549E-0002 -4.85787545787546E-0001
 314  4.68864468864469E-0002 -4.83369963369963E-0001
 315  4.68864468864469E-0002 -4.95457875457875E-0001
 316  4.68864468864469E-0002 -6.67399267399267E-0002
 317  2.83516483516484E-0002 -9.25274725274725E-0002
 318  9.44322344322344E-0002  3.62783882783883E-0001
 319 -4.41758241758242E-0002 -2.63369963369963E-0001
 320  4.52747252747253E-0002 -1.97289377289377E-0001
 321 -3.69230769230769E-0002 -1.68278388278388E-0001
 322 -4.98168498168498E-0002  1.46520146520146E-0002
 323  2.10989010989011E-0002 -5.06739926739927E-0001
 324  4.12454212454212E-0002 -1.88424908424908E-0001
 325 -2.24175824175824E-0002 -8.84981684981685E-0002
 326  2.91575091575092E-0002 -5.08351648351648E-0001
 327  3.15750915750916E-0002 -1.20732600732600E-0001
 328 -5.46520146520147E-0002 -1.36849816849817E-0001
 329 -8.84981684981685E-0002 -1.46520146520147E-0001
 330 -3.36996336996337E-0002 -2.32234432234432E-0002
 331  5.41391941391941E-0002 -1.90036630036630E-0001
 332 -3.77289377289377E-0002 -4.49816849816850E-0002
 333  4.93040293040293E-0002 -3.36996336996337E-0002
 334  7.42857142857143E-0002 -5.08351648351648E-0001
 335  7.50915750915751E-0002 -1.01391941391941E-0001
 336  1.06227106227106E-0002 -5.08351648351648E-0001
 337  8.47619047619048E-0002 -5.83296703296703E-0001
 338  1.00073260073260E-0001 -6.01025641025641E-0001
 339  1.13772893772893E-0001 -6.08278388278388E-0001
 340  1.37948717948718E-0001 -6.27106227106227E-0002
 341  1.10549450549450E-0001 -3.29450549450549E-0001
 342  1.25860805860806E-0001 -2.25494505494505E-0001
 343  7.34798534798535E-0002 -1.76336996336996E-0001
 344  3.96336996336996E-0002  2.99633699633700E-0002
 345  1.12967032967033E-0001 -5.57509157509158E-0001
 346  1.22637362637362E-0001 -1.46520146520147E-0001
 347  5.89743589743590E-0002 -9.17216117216117E-0002
 348  5.81684981684982E-0002 -1.31208791208791E-0001
 349  5.41391941391941E-0002 -5.49450549450549E-0001
 350  1.16996336996337E-0001 -6.12307692307692E-0001
 351  1.13772893772893E-0001 -3.69230769230769E-0002
 352  8.79853479853480E-0002  2.27106227106227E-0002
 353  6.30036630036630E-0002 -5.93772893772894E-0001
 354  1.17802197802197E-0001 -8.60805860805861E-0002
 355  6.46153846153846E-0002 -3.82637362637363E-0001
 356  3.15750915750916E-0002 -2.16117216117216E-0002
 357  5.17216117216117E-0002 -3.43956043956044E-0001
 358  2.83516483516484E-0002 -4.17582417582418E-0002
 359  6.78388278388278E-0002 -6.64688644688645E-0001
 360  1.15384615384615E-0001 -3.20879120879121E-0002
 361  7.34798534798535E-0002 -6.75164835164835E-0001
 362  1.10549450549450E-0001 -4.73992673992674E-0002
 363  4.84981684981685E-0002 -4.13260073260073E-0001
 364  9.36263736263736E-0002 -6.67106227106227E-0001
 365  1.11355311355311E-0001 -2.47252747252747E-0001
 366  3.56043956043956E-0002 -3.10109890109890E-0001
 367  1.30402930402930E-0002 -1.77142857142857E-0001
 368  4.52747252747253E-0002 -2.60952380952381E-0001
 369  5.78754578754579E-0003 -1.85201465201465E-0001
 370  2.67399267399267E-0002 -2.43223443223443E-0001
 371 -6.30036630036630E-0003 -5.38461538461538E-0002
 372  3.64102564102564E-0002 -2.08058608058608E-0002
 373  4.93040293040293E-0002 -1.56996336996337E-0001
 374  4.93040293040293E-0002 -1.75824175824176E-0002
 375  4.04395604395604E-0002 -1.35238095238095E-0001
 376  1.38461538461538E-0002  2.28205128205128E-0001
 377  6.46153846153846E-0002 -5.20439560439560E-0001
 378  9.52380952380952E-0002  2.08058608058608E-0001
 379  6.46153846153846E-0002 -5.61538461538462E-0001
 380  9.76556776556777E-0002  1.87912087912088E-0001
 381  6.21978021978022E-0002  2.29816849816850E-0001
 382  6.46153846153846E-0002  2.78974358974359E-0001
 383  4.93040293040293E-0002  3.20073260073260E-0001
 384  5.81684981684982E-0002  6.29523809523810E-0001
 385  4.36630036630037E-0002  4.07912087912088E-0001
 386  3.31868131868132E-0002  2.90256410256410E-0001
 387  4.36630036630037E-0002  3.18461538461538E-0001
 388  4.20512820512821E-0002 -5.43003663003663E-0001
 389  8.55677655677656E-0002 -4.91428571428571E-0001
 390  8.47619047619048E-0002 -5.20439560439560E-0001
 391  7.91208791208791E-0002  8.87912087912088E-0002
 392  4.68864468864469E-0002 -4.30183150183150E-0001
 393 -8.71794871794872E-0003  1.32307692307692E-0001
 394  4.20512820512821E-0002 -5.43003663003663E-0001
 395  7.42857142857143E-0002  5.52161172161172E-0001
 396  5.57509157509158E-0002 -4.28571428571429E-0001
 397 -1.51648351648351E-0002  4.20805860805861E-0001
 398  4.17582417582418E-0003 -5.59926739926740E-0001
 399  5.73626373626374E-0002  8.28571428571429E-0001
 400  5.33333333333333E-0002 -4.18901098901099E-0001
 401  8.79853479853480E-0002 -5.05128205128205E-0001
 402  8.79853479853480E-0002  3.45860805860806E-0001
 403  1.25860805860806E-0001 -6.45347985347985E-0001
 404  9.04029304029304E-0002  5.33626373626374E-0001
 405  2.67399267399267E-0002 -6.44542124542125E-0001
 406 -1.51648351648351E-0002  4.77216117216117E-0001
 407  5.33333333333333E-0002 -6.97728937728938E-0001
 408  9.28205128205128E-0002  5.76336996336996E-0001
 409  8.79853479853480E-0002 -6.92893772893773E-0001
 410  1.10549450549450E-0001  4.69157509157509E-0001
 411  1.91135531135531E-0001 -6.39706959706960E-0001
 412  2.17728937728938E-0001  7.39120879120879E-0001
 413  1.52454212454212E-0001 -2.48864468864469E-0001
 414  3.80219780219780E-0002  1.43589743589744E-0001
 415  8.07326007326007E-0002 -7.83150183150183E-0001
 416  1.19413919413919E-0001  3.14432234432234E-0001
 417  3.56043956043956E-0002  3.96630036630037E-0001
 418  5.17216117216117E-0002  3.47472527472527E-0001
 419  1.03296703296703E-0001 -7.93626373626374E-0001
 420  1.22637362637362E-0001 -8.09743589743590E-0001
 421  1.06520146520146E-0001  7.71355311355311E-0001
 422  6.05860805860806E-0002 -9.56410256410256E-0001
 423 -7.10622710622711E-0003  5.19926739926740E-0001
 424  5.57509157509158E-0002 -8.48424908424908E-0001
 425  5.89743589743590E-0002  8.30989010989011E-0001
 426  6.13919413919414E-0002 -7.61391941391941E-0001
 427  1.83076923076923E-0001  6.46446886446886E-0001
 428  9.44322344322344E-0002 -9.23369963369963E-0001
 429 -1.19413919413919E-0002  6.12600732600733E-0001
 430  5.09157509157509E-0002 -1.09824175824176E+0000
 431 -1.43589743589743E-0002  4.96556776556777E-0001
 432  9.44322344322344E-0002 -9.54798534798535E-0001
 433  1.39560439560440E-0001  1.06468864468864E+0000
 434  1.71794871794872E-0001 -4.01978021978022E-0001
 435  2.19340659340659E-0001  1.27904761904762E+0000
 436  1.82271062271062E-0001 -6.93699633699634E-0001
 437  2.16923076923077E-0001  1.12593406593407E+0000
 438  1.80659340659341E-0001 -7.58974358974359E-0001
 439  2.22564102564103E-0001  1.10498168498168E+0000
 440  1.99194139194139E-0001 -8.74212454212454E-0001
 441  1.21025641025641E-0001  8.28571428571429E-0001
 442  1.55677655677656E-0001 -8.50842490842491E-0001
 443  9.12087912087912E-0002  1.02358974358974E+0000
 444  3.72161172161172E-0002 -1.03457875457875E+0000
 445 -1.43589743589743E-0002  7.55238095238095E-0001
 446  5.73626373626374E-0002 -8.88717948717949E-0001
 447  8.07326007326007E-0002  1.09934065934066E+0000
 448  7.42857142857143E-0002 -9.30622710622711E-0001
 449  2.67399267399267E-0002  8.44688644688645E-0001
 450  8.47619047619048E-0002 -1.11274725274725E+0000
 451  1.70695970695971E-0002  6.35970695970696E-0001
 452  7.67032967032967E-0002 -1.08534798534799E+0000
 453  1.38461538461538E-0002  1.03567765567766E+0000
 454  6.62271062271062E-0002 -1.08131868131868E+0000
 455  1.46520146520146E-0002  1.13157509157509E+0000
 456  5.09157509157509E-0002  1.18234432234432E+0000
 457  4.93040293040293E-0002 -1.00073260073260E+0000
 458  8.31501831501832E-0002  9.72014652014652E-0001
 459  4.04395604395604E-0002 -1.09663003663004E+0000
 460  9.60439560439560E-0002  5.83589743589744E-0001
 461  1.04102564102564E-0001 -1.06439560439560E+0000
 462  1.25054945054945E-0001  5.54578754578755E-0001
 463  1.04908424908424E-0001 -1.07003663003663E+0000
 464  1.26666666666667E-0001 -1.08454212454212E+0000
 465  1.22637362637362E-0001  9.00293040293040E-0001
 466  6.05860805860806E-0002 -7.57362637362637E-0001
 467  7.50915750915751E-0002 -1.12322344322344E+0000
 468  1.40366300366300E-0001 -7.25128205128205E-0001
 469  7.50915750915751E-0002  6.52087912087912E-0001
 470  1.48424908424908E-0001  1.28630036630037E+0000
 471  1.12967032967033E-0001  2.49157509157509E-0001
 472  2.91575091575092E-0002 -3.76190476190476E-0001
 473  1.23443223443223E-0001  1.14124542124542E+0000
 474  9.36263736263736E-0002 -1.19816849816850E+0000
 475  5.17216117216117E-0002  4.87692307692308E-0001
 476  6.13919413919414E-0002  7.45567765567766E-0001
 477  9.76556776556777E-0002 -7.89597069597070E-0001
 478  7.99267399267399E-0002 -1.25619047619048E+0000
 479  2.00805860805861E-0001  6.68205128205128E-0001
 480  8.55677655677656E-0002  9.12087912087912E-0002
 481  1.45201465201465E-0001 -1.21589743589744E+0000
 482  1.92747252747253E-0001  7.51208791208791E-0001
 483  1.50036630036630E-0001  7.89084249084249E-0001
 484  1.59706959706960E-0001  9.73626373626374E-0001
 485  1.50842490842491E-0001 -5.08351648351648E-0001
 486  1.03296703296703E-0001 -4.50329670329670E-0001
 487  1.10549450549450E-0001 -3.40732600732601E-0001
 488  1.00073260073260E-0001  1.61318681318681E-0001
 489  1.44395604395604E-0001 -1.12725274725275E+0000
 490  4.84981684981685E-0002  8.48717948717949E-0001
 491  2.02930402930403E-0002 -3.76190476190476E-0001
 492 -3.36996336996337E-0002  3.53113553113553E-0001
 493  3.64102564102564E-0002 -1.05553113553114E+0000
 494  4.44688644688645E-0002  9.18021978021978E-0001
 495  1.46520146520146E-0002  4.27252747252747E-0001
 496  7.50915750915751E-0002 -9.15311355311355E-0001
 497  1.62124542124542E-0001  1.05501831501832E+0000
 498  1.21025641025641E-0001  5.50549450549451E-0001
 499  1.88717948717949E-0001 -8.08937728937729E-0001
 500  1.80659340659341E-0001  1.18234432234432E+0000
 501  1.26666666666667E-0001  7.39926739926740E-0003
 502  1.00073260073260E-0001  5.88424908424908E-0001
 503  1.78241758241758E-0001 -6.23589743589744E-0001
 504  1.87912087912088E-0001  1.23553113553114E+0000
 505  1.14578754578754E-0001  6.94505494505495E-0002
 506  9.44322344322344E-0002  6.10183150183150E-0001
 507  2.02417582417582E-0001  6.00512820512821E-0001
 508  1.84688644688645E-0001  1.70183150183150E-0001
 509  9.12087912087912E-0002  2.15311355311355E-0001
 510  8.47619047619048E-0002  1.14849816849817E+0000
 511  1.17802197802197E-0001  1.22505494505495E+0000
 512  1.25860805860806E-0001 -5.93772893772894E-0001
 513  2.07252747252747E-0001 -5.51062271062271E-0001
 514  2.36263736263736E-0001  1.30000000000000E+0000
 515  1.31501831501832E-0001  1.27824175824176E+0000
 516  1.51648351648352E-0001  1.30000000000000E+0000
 517  1.57289377289377E-0001  1.30000000000000E+0000
 518  1.60512820512821E-0001  1.30000000000000E+0000
 519  1.65347985347985E-0001  1.30000000000000E+0000
 520  1.67765567765568E-0001  1.30000000000000E+0000
 521  1.59706959706960E-0001  1.30000000000000E+0000
 522  1.62124542124542E-0001 -3.59267399267399E-0001
 523  2.42710622710623E-0001 -3.64908424908425E-0001
 524  1.57289377289377E-0001 -3.91501831501832E-0001
 525  1.77435897435897E-0001 -3.64102564102564E-0001
 526  1.36336996336996E-0001  9.47838827838828E-0001
 527  1.10549450549450E-0001 -3.43150183150183E-0001
 528  1.60512820512821E-0001  8.82564102564103E-0001
 529  1.13772893772893E-0001  8.98681318681319E-0001
 530  1.36336996336996E-0001  9.22051282051282E-0001
 531  1.29890109890110E-0001  4.69963369963370E-0001
 532  2.35164835164835E-0002  8.02783882783883E-0001
 533  1.25860805860806E-0001  5.18315018315018E-0001
 534  3.47985347985348E-0002  9.57509157509158E-0001
 535  1.58901098901099E-0001  5.16703296703297E-0001
 536  3.39926739926740E-0002  5.25567765567766E-0001
 537  3.23809523809524E-0002  1.26131868131868E+0000
 538  2.59340659340659E-0002  5.19120879120879E-0001
 539  2.59340659340659E-0002  1.30000000000000E+0000
 540  4.12454212454212E-0002  1.30000000000000E+0000
 541  2.59340659340659E-0002  1.24197802197802E+0000
 542  4.93040293040293E-0002  1.17912087912088E+0000
 543  1.30402930402930E-0002 -1.86007326007326E-0001
 544  1.13772893772893E-0001  1.11223443223443E+0000
 545  4.93040293040293E-0002 -1.75531135531136E-0001
 546  1.29890109890110E-0001  1.09853479853480E+0000
 547  6.54212454212454E-0002 -1.53772893772894E-0001
 548  1.30695970695971E-0001 -1.31208791208791E-0001
 549  6.13919413919414E-0002 -6.91575091575092E-0002
 550  8.23443223443223E-0002 -6.35164835164835E-0002
 551  1.18608058608058E-0001  8.64029304029304E-0001
 552  1.42783882783883E-0001 -7.23809523809524E-0002
 553  1.52454212454212E-0001  9.05934065934066E-0001
 554  1.53260073260073E-0001 -4.65934065934066E-0002
 555  1.42783882783883E-0001  8.94652014652015E-0001
 556  1.35531135531136E-0001  9.50256410256410E-0001
 557  1.16996336996337E-0001  9.15604395604396E-0001
 558  1.21025641025641E-0001  9.05934065934066E-0001
 559  1.39560439560440E-0001  1.13721611721612E+0000
 560  1.26666666666667E-0001  7.97142857142857E-0001
 561  1.41978021978022E-0001  8.56776556776557E-0001
 562  1.27472527472527E-0001  8.20512820512821E-0001
 563  6.21978021978022E-0002  9.19633699633700E-0001
 564  1.42783882783883E-0001  1.26666666666667E-0001
 565  1.25054945054945E-0001  5.90842490842491E-0001
 566  8.23443223443223E-0002  2.10476190476190E-0001
 567  1.62124542124542E-0001  8.39853479853480E-0001
 568  1.04908424908424E-0001  9.59926739926740E-0001
 569  2.22564102564103E-0001  6.50476190476190E-0001
 570  1.60512820512821E-0001  6.36776556776557E-0001
 571  1.41978021978022E-0001  2.33846153846154E-0001
 572  3.96336996336996E-0002  1.01633699633700E+0000
 573  1.11355311355311E-0001  5.29597069597070E-0001
 574  5.65567765567766E-0002  9.67985347985348E-0001
 575  2.10476190476190E-0001  4.11941391941392E-0001
 576  1.78241758241758E-0001  5.35238095238095E-0001
 577  4.84981684981685E-0002  3.70842490842491E-0001
 578  3.23809523809524E-0002  9.00293040293040E-0001
 579  9.44322344322344E-0002  5.07838827838828E-0001
 580 -2.16117216117216E-0002  4.56263736263736E-0001
 581  7.02564102564103E-0002  8.51941391941392E-0001
 582  1.00879120879120E-0001  5.86007326007326E-0001
 583  3.96336996336996E-0002  5.76336996336996E-0001
 584  1.35531135531136E-0001  4.18388278388278E-0001
 585  3.39926739926740E-0002  8.12454212454212E-0001
 586  1.09743589743589E-0001  4.23223443223443E-0001
 587  3.64102564102564E-0002  6.46446886446886E-0001
 588  5.89743589743590E-0002  3.75677655677656E-0001
 589  4.60805860805861E-0002  8.26959706959707E-0001
 590  1.21831501831501E-0001 -4.27765567765568E-0001
 591  5.25274725274725E-0002  9.06739926739927E-0001
 592  2.55604395604396E-0001  9.77655677655678E-0001
 593  2.13699633699634E-0001  3.97435897435897E-0001
 594  5.89743589743590E-0002  9.96190476190476E-0001
 595  1.12161172161172E-0001  2.29816849816850E-0001
 596  3.88278388278388E-0002  8.71282051282051E-0001
 597  1.42783882783883E-0001  9.21245421245421E-0001
 598  1.37142857142857E-0001  1.09289377289377E+0000
 599  2.40293040293040E-0001  1.14527472527473E+0000
 600  2.37069597069597E-0001 -9.68498168498168E-0001
 601  8.31501831501832E-0002  1.10659340659341E+0000
 602  2.15311355311355E-0001  1.19443223443223E+0000
 603  1.76630036630037E-0001  2.00805860805861E-0001
 604  8.15384615384615E-0002  1.13238095238095E+0000
 605  1.50842490842491E-0001 -8.54065934065934E-0001
 606  4.12454212454212E-0002  1.40366300366300E-0001
 607  5.41391941391941E-0002  1.28630036630037E+0000
 608  9.52380952380952E-0002 -8.21831501831502E-0001
 609  2.75457875457875E-0002  1.13238095238095E+0000
 610  1.16190476190476E-0001  2.19047619047619E-0002
 611  1.14285714285714E-0002 -4.81758241758242E-0001
 612  1.46520146520146E-0002  1.30000000000000E+0000
 613  2.26593406593407E-0001  1.30000000000000E+0000
 614  2.94285714285714E-0001  1.30000000000000E+0000
 615  2.39487179487179E-0001  1.30000000000000E+0000
 616  1.83882783882784E-0001  1.30000000000000E+0000
 617  9.76556776556777E-0002  1.05501831501832E+0000
 618  1.55677655677656E-0001  4.04395604395604E-0002
 619  1.08937728937728E-0001  1.30000000000000E+0000
 620  1.91135531135531E-0001  9.88937728937729E-0001
 621  3.05567765567766E-0001  2.20146520146520E-0001
 622  6.54212454212454E-0002 -4.47106227106227E-0001
 623  8.79853479853480E-0002  1.30000000000000E+0000
 624  4.93040293040293E-0002  7.27838827838828E-0001
 625  1.00879120879120E-0001  3.49890109890110E-0001
 626  5.25274725274725E-0002 -5.82490842490842E-0001
 627  7.91208791208791E-0002  1.30000000000000E+0000
 628  3.80219780219780E-0002  5.61831501831502E-0001
 629  2.59340659340659E-0002 -7.58168498168498E-0001
 630  2.27106227106227E-0002  1.30000000000000E+0000
 631  6.59340659340659E-0003  4.91721611721612E-0001
 632  3.64102564102564E-0002 -8.21831501831502E-0001
 633  1.46520146520146E-0002  1.30000000000000E+0000
 634  9.52380952380952E-0004  3.76483516483516E-0001
 635  3.64102564102564E-0002  6.16630036630037E-0001
 636 -1.51648351648351E-0002 -8.68571428571429E-0001
 637  2.59340659340659E-0002  6.55311355311355E-0001
 638 -2.40293040293040E-0002  2.62051282051282E-0001
 639  3.64102564102564E-0002 -9.98315018315018E-0001
 640  1.46520146520146E-0002 -8.07326007326007E-0001
 641  9.01098901098901E-0003  1.85494505494505E-0001
 642  3.07692307692308E-0002  1.64542124542125E-0001
 643  3.47985347985348E-0002  1.64542124542125E-0001
 644  3.23809523809524E-0002  1.33919413919414E-0001
 645  3.72161172161172E-0002  1.30000000000000E+0000
 646 -1.83882783882784E-0002  1.30000000000000E+0000
 647 -3.61172161172161E-0002  1.30000000000000E+0000
 648 -5.78754578754579E-0002  1.30000000000000E+0000
 649  1.75824175824176E-0003  1.30000000000000E+0000
 650  5.97802197802198E-0002  1.03648351648352E+0000
 651  6.86446886446886E-0002  1.07032967032967E+0000
 652  7.10622710622711E-0002 -1.25377289377289E+0000
 653  1.11355311355311E-0001 -1.24571428571429E+0000
 654  1.00879120879120E-0001  1.38461538461538E-0002
 655  1.32307692307692E-0001  1.30000000000000E+0000
 656  6.94505494505495E-0002  1.12432234432234E+0000
 657  5.09157509157509E-0002 -5.06227106227106E-0002
 658  9.60439560439560E-0002  1.30000000000000E+0000
 659  3.96336996336996E-0002 -8.36630036630037E-0002
 660  9.20146520146520E-0002  1.18395604395604E+0000
 661  3.47985347985348E-0002 -1.26747252747253E+0000
 662  6.62271062271062E-0002  1.30000000000000E+0000
 663 -3.88278388278388E-0003 -1.40879120879121E-0001
 664  8.79853479853480E-0002 -1.28036630036630E+0000
 665  7.34798534798535E-0002  1.30000000000000E+0000
 666  2.56410256410256E-0003  1.27421245421245E+0000
 667 -3.04761904761905E-0002 -1.97289377289377E-0001
 668  1.25054945054945E-0001 -1.14739926739927E+0000
 669  1.57289377289377E-0001 -1.73113553113553E-0001
 670  2.00805860805861E-0001 -1.73919413919414E-0001
 671  2.07252747252747E-0001 -1.96483516483516E-0001
 672  2.09670329670330E-0001 -2.17435897435897E-0001
 673  2.21758241758242E-0001 -2.27912087912088E-0001
 674  2.16117216117216E-0001  1.30000000000000E+0000
 675  1.51648351648352E-0001  1.30000000000000E+0000
 676  1.49230769230769E-0001  1.30000000000000E+0000
 677  1.00073260073260E-0001  1.30000000000000E+0000
 678  3.31868131868132E-0002 -7.16263736263736E-0001
 679  8.07326007326007E-0002 -6.22783882783883E-0001
 680  6.13919413919414E-0002 -5.45421245421245E-0001
 681  1.46520146520146E-0002 -4.23736263736264E-0001
 682  9.81684981684982E-0003 -4.49523809523810E-0001
 683  1.62124542124542E-0001  1.30000000000000E+0000
 684  1.81465201465201E-0001  1.30000000000000E+0000
 685  1.60512820512821E-0001 -3.48791208791209E-0001
 686  2.12893772893773E-0001  1.30000000000000E+0000
 687  1.78241758241758E-0001 -3.20879120879121E-0002
 688  1.96776556776557E-0001 -3.78608058608059E-0001
 689  2.35457875457875E-0001  1.30000000000000E+0000
 690  4.44688644688645E-0002 -7.31868131868132E-0002
 691  8.31501831501832E-0002  1.30000000000000E+0000
 692  1.75824175824176E-0003 -5.09157509157509E-0001
 693  5.49450549450549E-0002  2.29816849816850E-0001
 694  2.19047619047619E-0002 -5.13992673992674E-0001
 695  2.43223443223443E-0002  1.30000000000000E+0000
 696 -4.68864468864469E-0003 -5.18827838827839E-0001
 697  2.83516483516484E-0002  1.30000000000000E+0000
 698 -3.53113553113553E-0002  9.95384615384615E-0001
 699  4.28571428571429E-0002  1.30000000000000E+0000
 700  3.64102564102564E-0002  1.30000000000000E+0000
 701  7.39926739926740E-0003 -5.19633699633700E-0001
 702  9.84615384615385E-0002  3.11208791208791E-0001
 703  2.35164835164835E-0002  1.30000000000000E+0000
 704 -1.46520146520146E-0003 -5.18021978021978E-0001
 705  8.47619047619048E-0002  1.30000000000000E+0000
 706 -3.07692307692308E-0003  4.97362637362637E-0001
 707  6.86446886446886E-0002  1.30000000000000E+0000
 708 -3.20879120879121E-0002  1.30000000000000E+0000
 709 -6.30036630036630E-0003  1.11465201465201E+0000
 710  5.41391941391941E-0002  1.30000000000000E+0000
 711 -9.65567765567766E-0002  1.30000000000000E+0000
 712 -6.59340659340659E-0002  7.00439560439560E-0001
 713  8.55677655677656E-0002  1.30000000000000E+0000
 714 -5.49450549450549E-0003 -5.01098901098901E-0001
 715  1.14578754578754E-0001  7.78608058608059E-0001
 716  9.84615384615385E-0002  1.30000000000000E+0000
 717  1.46520146520147E-0004 -5.28498168498168E-0001
 718  3.64102564102564E-0002  1.28146520146520E+0000
 719 -6.27106227106227E-0002  1.30000000000000E+0000
 720  6.13919413919414E-0002  1.30000000000000E+0000
 721 -4.98168498168498E-0002  1.00989010989011E+0000
 722 -2.00000000000000E-0002  1.16461538461538E+0000
 723  7.26739926739927E-0002 -4.74505494505495E-0001
 724  5.41391941391941E-0002  1.30000000000000E+0000
 725  6.21978021978022E-0002  9.45421245421245E-0001
 726 -7.23809523809524E-0002  8.30989010989011E-0001
 727 -3.36996336996337E-0002  1.30000000000000E+0000
 728 -2.64468864468864E-0002  1.30000000000000E+0000
 729  7.26739926739927E-0002 -4.30183150183150E-0001
 730  5.78754578754579E-0003  1.22102564102564E+0000
 731 -3.36996336996337E-0002  1.30000000000000E+0000
 732  1.10549450549450E-0001 -3.95531135531136E-0001
 733  7.02564102564103E-0002  1.30000000000000E+0000
 734 -6.67399267399267E-0002 -3.01245421245421E-0001
 735  1.66959706959707E-0001  6.02930402930403E-0001
 736  6.59340659340659E-0003  1.30000000000000E+0000
 737  1.55677655677656E-0001 -2.80293040293040E-0001
 738  1.33113553113553E-0001  1.30000000000000E+0000
 739  5.49450549450549E-0002  1.30000000000000E+0000
 740  4.93040293040293E-0002  1.30000000000000E+0000
 741  1.26666666666667E-0001  1.30000000000000E+0000
 742  1.16996336996337E-0001  9.01098901098901E-0003
 743  1.08937728937728E-0001  1.30000000000000E+0000
 744  4.04395604395604E-0002  5.20732600732601E-0001
 745 -3.93406593406593E-0002  1.30000000000000E+0000
 746 -4.68864468864469E-0003  1.30000000000000E+0000
 747  3.64102564102564E-0002  1.30000000000000E+0000
 748 -3.12820512820513E-0002  1.30000000000000E+0000
 749 -4.17582417582418E-0002  1.30000000000000E+0000
 750 -2.40293040293040E-0002  1.30000000000000E+0000
 751  1.94871794871795E-0002  1.30000000000000E+0000
 752 -4.41758241758242E-0002  1.30000000000000E+0000
 753 -5.54578754578755E-0002  1.30000000000000E+0000
 754  9.81684981684982E-0003  1.19120879120879E+0000
 755 -2.80586080586081E-0002  5.74725274725275E-0001
 756 -8.04395604395604E-0002  1.54065934065934E-0001
 757  2.27106227106227E-0002 -4.93040293040293E-0001
 758  2.35164835164835E-0002 -2.63369963369963E-0001
 759  2.83516483516484E-0002 -4.41465201465201E-0001
 760  1.50036630036630E-0001 -1.29003663003663E+0000
 761  1.75824175824176E-0001 -1.44073260073260E+0000
 762  4.44688644688645E-0002 -1.59062271062271E+0000
 763  8.71794871794872E-0002 -1.60915750915751E+0000
 764  2.59340659340659E-0002 -1.58095238095238E+0000
 765  1.33113553113553E-0001 -1.68007326007326E+0000
 766  1.12967032967033E-0001 -1.86864468864469E+0000
 767  1.79853479853480E-0001 -1.93391941391941E+0000
 768  1.29084249084249E-0001 -2.00000000000000E+0000
 769  2.26593406593407E-0001 -2.00000000000000E+0000
 770  3.32967032967033E-0001 -2.00000000000000E+0000
 771  2.67692307692308E-0001 -2.00000000000000E+0000
 772  2.29010989010989E-0001 -2.00000000000000E+0000
 773  3.12820512820513E-0001 -2.00000000000000E+0000
 774  2.91062271062271E-0001 -2.00000000000000E+0000
 775  2.82197802197802E-0001 -2.00000000000000E+0000
 776  3.20073260073260E-0001 -2.00000000000000E+0000
 777  3.62783882783883E-0001 -2.00000000000000E+0000
 778  2.67692307692308E-0001 -2.00000000000000E+0000
 779  2.77362637362637E-0001 -2.00000000000000E+0000
 780  2.66080586080586E-0001 -2.00000000000000E+0000
 781  1.34725274725275E-0001 -2.00000000000000E+0000
 782  1.97582417582418E-0001 -2.00000000000000E+0000
 783  1.91941391941392E-0001 -2.00000000000000E+0000
 784  1.24249084249084E-0001 -1.93230769230769E+0000
 785  1.21025641025641E-0001 -1.93714285714286E+0000
 786  1.14578754578754E-0001 -2.00000000000000E+0000
 787  1.66153846153846E-0001 -2.00000000000000E+0000
 788  7.34798534798535E-0002 -1.69860805860806E+0000
 789  1.35531135531136E-0001 -1.62446886446886E+0000
 790  1.19413919413919E-0001 -2.00000000000000E+0000
 791  5.46520146520147E-0001 -1.95406593406593E+0000
 792  4.40146520146520E-0001 -1.83399267399267E+0000
 793  4.15164835164835E-0001 -1.97985347985348E+0000
 794  2.78168498168498E-0001 -1.25054945054945E+0000
 795  3.21684981684982E-0001 -8.98388278388278E-0001
 796  2.37069597069597E-0001 -1.27714285714286E+0000
 797  7.50915750915751E-0002 -1.57531135531136E+0000
 798  1.12161172161172E-0001 -4.41758241758242E-0002
 799  1.29084249084249E-0001 -3.07692307692308E-0003
 800  9.92673992673993E-0002 -6.80000000000000E-0001
 801 -3.07692307692308E-0003 -1.24761904761904E-0001
 802 -4.57875457875458E-0002  7.71355311355311E-0001
 803  3.39926739926740E-0002 -3.79413919413919E-0001
 804 -1.59706959706960E-0002  1.30000000000000E+0000
 805  1.06227106227106E-0002 -3.27032967032967E-0001
 806  1.54578754578754E-0002  9.08351648351648E-0001
 807  3.64102564102564E-0002 -2.40293040293040E-0002
 808 -2.96703296703297E-0002  1.30000000000000E+0000
 809 -1.91941391941392E-0002  5.77948717948718E-0001
 810  3.36996336996337E-0003 -1.19926739926739E-0001
 811  3.64102564102564E-0002  3.36996336996337E-0003
 812 -3.69230769230769E-0002  4.00659340659341E-0001
 813  2.35164835164835E-0002 -3.91501831501832E-0001
 814  2.51282051282051E-0002  7.50915750915751E-0002
 815  5.78754578754579E-0003  3.14432234432234E-0001
 816  8.23443223443223E-0002  1.30000000000000E+0000
 817  4.44688644688645E-0002 -1.95677655677656E-0001
 818  5.65567765567766E-0002  2.28205128205128E-0001
 819 -2.27106227106227E-0003  1.91135531135531E-0001
 820  5.57509157509158E-0002  1.30000000000000E+0000
 821 -2.64468864468864E-0002  1.11355311355311E-0001
 822 -6.67399267399267E-0002  4.36630036630037E-0002
 823 -4.98168498168498E-0002  4.84468864468864E-0001
 824 -1.31208791208791E-0001  1.52454212454212E-0001
 825 -6.91575091575092E-0002  1.30000000000000E+0000
 826 -7.64102564102564E-0002  5.71501831501832E-0001
 827 -8.76923076923077E-0002 -3.61172161172161E-0002
 828  2.99633699633700E-0002  1.30000000000000E+0000
 829  3.07692307692308E-0002  1.30000000000000E+0000
 830  1.70695970695971E-0002  1.30000000000000E+0000
 831 -6.59340659340659E-0004  8.91428571428571E-0001
 832 -4.82051282051282E-0002  9.45421245421245E-0001
 833 -6.83516483516484E-0002  1.06227106227106E-0002
 834 -2.24175824175824E-0002  1.45201465201465E-0001
 835 -2.00000000000000E-0002  1.53260073260073E-0001
 836  3.36996336996337E-0003 -1.40879120879121E-0001
 837  8.95970695970696E-0002  1.30000000000000E+0000
 838  6.05860805860806E-0002  1.17025641025641E+0000
 839  3.72161172161172E-0002 -2.30329670329670E-0001
 840  1.17802197802197E-0001  1.30000000000000E+0000
 841  6.78388278388278E-0002 -4.57875457875458E-0002
 842  7.42857142857143E-0002 -2.83516483516484E-0001
 843  8.39560439560440E-0002 -7.39926739926740E-0002
 844  4.04395604395604E-0002  1.30000000000000E+0000
 845  2.51282051282051E-0002  1.30000000000000E+0000
 846 -1.67765567765568E-0002  1.30000000000000E+0000
 847  2.91575091575092E-0002 -1.02197802197802E-0001
 848  1.08937728937728E-0001  1.30000000000000E+0000
 849  9.76556776556777E-0002 -3.10915750915751E-0001
 850  1.04908424908424E-0001  1.30000000000000E+0000
 851  3.36996336996337E-0003 -7.11428571428571E-0001
 852 -1.11062271062271E-0001 -5.47032967032967E-0001
 853 -9.65567765567766E-0002  1.30000000000000E+0000
 854 -1.86813186813187E-0001 -4.43076923076923E-0001
 855 -1.40073260073260E-0001  1.30000000000000E+0000
 856 -1.82783882783883E-0001 -5.99413919413919E-0001
 857 -1.34432234432234E-0001 -8.29084249084249E-0001
 858 -1.49743589743590E-0001  1.30000000000000E+0000
 859 -2.15824175824176E-0001 -6.43736263736264E-0001
 860 -1.31208791208791E-0001  1.30000000000000E+0000
 861 -2.06153846153846E-0001 -9.72527472527473E-0001
 862 -1.32014652014652E-0001 -6.54212454212454E-0001
 863 -1.31208791208791E-0001  1.30000000000000E+0000
 864 -1.80366300366300E-0001  1.30000000000000E+0000
 865  7.39926739926740E-0003 -9.84615384615385E-0001
 866  9.44322344322344E-0002 -5.63150183150183E-0001
 867  1.15384615384615E-0001  1.30000000000000E+0000
 868  7.50915750915751E-0002 -6.92893772893773E-0001
 869  1.20219780219780E-0001  1.30000000000000E+0000
 870  3.64102564102564E-0002  1.30000000000000E+0000
 871  4.28571428571429E-0002 -5.77655677655678E-0001
 872  1.26666666666667E-0001  1.30000000000000E+0000
 873  6.62271062271062E-0002 -4.34212454212454E-0001
 874  8.79853479853480E-0002  1.30000000000000E+0000
 875  2.35164835164835E-0002 -6.21172161172161E-0001
 876  8.79853479853480E-0002  1.30000000000000E+0000
 877  3.56043956043956E-0002 -2.11794871794872E-0001
 878  8.07326007326007E-0002 -6.34065934065934E-0001
 879  1.03296703296703E-0001  1.30000000000000E+0000
 880 -1.11355311355311E-0002 -4.49816849816850E-0002
 881  8.71794871794872E-0002  1.30000000000000E+0000
 882  2.35164835164835E-0002  1.30000000000000E+0000
 883  5.78754578754579E-0003 -6.03443223443223E-0001
 884  1.46007326007326E-0001  2.94285714285714E-0001
 885  1.12967032967033E-0001  1.30000000000000E+0000
 886  2.35164835164835E-0002  1.30000000000000E+0000
 887  5.01098901098901E-0002  1.15736263736264E+0000
 888  1.11355311355311E-0001 -5.69597069597070E-0001
 889  1.14578754578754E-0001  1.30000000000000E+0000
 890  4.68864468864469E-0002  1.30000000000000E+0000
 891  7.34798534798535E-0002  1.30000000000000E+0000
 892  1.57289377289377E-0001 -4.64835164835165E-0001
 893  2.04029304029304E-0001  1.30000000000000E+0000
 894  8.15384615384615E-0002  1.30000000000000E+0000
 895  1.97582417582418E-0001  1.30000000000000E+0000
 896  5.73626373626374E-0002 -3.79413919413919E-0001
 897  1.50842490842491E-0001  1.30000000000000E+0000
 898  1.39560439560440E-0001  1.30000000000000E+0000
 899  5.33333333333333E-0002 -2.31941391941392E-0001
 900  1.70183150183150E-0001  1.30000000000000E+0000
 901  1.62124542124542E-0001  1.30000000000000E+0000
 902  2.59340659340659E-0002  1.30000000000000E+0000
 903  1.94871794871795E-0002 -1.56996336996337E-0001
 904  9.60439560439560E-0002  1.30000000000000E+0000
 905  7.10622710622711E-0002  1.30000000000000E+0000
 906  1.45201465201465E-0001  1.30000000000000E+0000
 907  5.17216117216117E-0002 -3.12820512820513E-0002
 908  1.41172161172161E-0001  1.30000000000000E+0000
 909  4.20512820512821E-0002  1.30000000000000E+0000
 910  1.12161172161172E-0001 -3.04761904761905E-0002
 911  1.29084249084249E-0001  1.30000000000000E+0000
 912  5.41391941391941E-0002  1.10336996336996E+0000
 913  8.20512820512821E-0003  1.97582417582418E-0001
 914  1.31501831501832E-0001  1.30000000000000E+0000
 915 -1.59706959706960E-0002  1.30000000000000E+0000
 916 -2.80586080586081E-0002  9.28205128205128E-0002
 917  6.86446886446886E-0002  1.30000000000000E+0000
 918  1.31501831501832E-0001  1.24117216117216E+0000
 919  1.46520146520146E-0002  2.13699633699634E-0001
 920  1.18608058608058E-0001 -4.14871794871795E-0001
 921  3.64102564102564E-0002  1.30000000000000E+0000
 922  1.43589743589744E-0001  2.38681318681319E-0001
 923  1.28278388278388E-0001  1.05582417582418E+0000
 924  5.33333333333333E-0002 -2.64981684981685E-0001
 925  6.30036630036630E-0002  1.14205128205128E+0000
 926  1.44395604395604E-0001  3.12820512820513E-0001
 927  1.59706959706960E-0001  8.64835164835165E-0001
 928  1.09743589743589E-0001  1.07032967032967E+0000
 929  1.89523809523810E-0001 -1.34725274725275E+0000
 930  1.12161172161172E-0001  4.36117216117216E-0001
 931  1.39560439560440E-0001  8.47912087912088E-0001
 932  2.10476190476190E-0001 -1.58739926739927E+0000
 933  3.64102564102564E-0002  4.73992673992674E-0001
 934  5.49450549450549E-0002  5.33626373626374E-0001
 935  1.37948717948718E-0001 -1.45765567765568E+0000
 936  3.64102564102564E-0002  5.71501831501832E-0001
 937  1.22637362637362E-0001  4.12747252747253E-0001
 938  1.00073260073260E-0001 -1.14981684981685E+0000
 939  9.36263736263736E-0002  5.26373626373626E-0001
 940  1.75018315018315E-0001  6.64981684981685E-0001
 941  1.56483516483516E-0001  1.26666666666667E-0001
 942  1.00879120879120E-0001  5.06227106227106E-0001
 943  1.38754578754579E-0001  4.93333333333333E-0001
 944  1.22637362637362E-0001  7.25421245421245E-0001
 945  1.26666666666667E-0001  7.68937728937729E-0001
 946  1.38754578754579E-0001  8.28571428571429E-0001
 947  1.48424908424908E-0001  8.28571428571429E-0001
 948  1.78241758241758E-0001  8.10036630036630E-0001
 949  9.36263736263736E-0002  6.03736263736264E-0001
 950  9.36263736263736E-0002  9.22051282051282E-0001
 951  1.56483516483516E-0001  9.73626373626374E-0001
 952  1.87912087912088E-0001  9.46227106227106E-0001
 953  1.09743589743589E-0001 -1.39267399267399E-0001
 954  1.40366300366300E-0001  1.09128205128205E+0000
 955  1.96776556776557E-0001 -4.85787545787546E-0001
 956  1.63736263736264E-0001  7.35897435897436E-0001
 957  2.41098901098901E-0001 -1.09450549450549E-0001
 958  2.01611721611722E-0001 -2.74652014652015E-0001
 959  1.28278388278388E-0001  8.07619047619048E-0001
 960  1.34725274725275E-0001 -2.23076923076923E-0001
 961  1.59706959706960E-0001  1.30000000000000E+0000
 962  1.38754578754579E-0001 -7.56043956043956E-0002
 963  1.04102564102564E-0001 -4.09523809523810E-0002
 964  1.01684981684981E-0001 -2.06959706959707E-0001
 965  1.46007326007326E-0001  8.54358974358974E-0001
 966  2.10476190476190E-0001  1.75018315018315E-0001
 967  1.31501831501832E-0001  9.09157509157509E-0001
 968  1.85494505494505E-0001  8.79340659340659E-0001
 969  1.16190476190476E-0001  8.68058608058608E-0001
 970  1.20219780219780E-0001  9.16410256410256E-0001
 971  1.62930402930403E-0001  1.30000000000000E+0000
 972  1.91941391941392E-0001  4.51428571428571E-0001
 973  1.52454212454212E-0001 -6.75164835164835E-0001
 974  1.87912087912088E-0001  1.30000000000000E+0000
 975  1.97582417582418E-0001  5.53772893772894E-0001
 976  1.71794871794872E-0001  7.36703296703297E-0001
 977  1.99194139194139E-0001  1.30000000000000E+0000
 978  1.40366300366300E-0001 -3.50402930402930E-0001
 979  1.38754578754579E-0001  6.73846153846154E-0001
 980  1.62124542124542E-0001  1.30000000000000E+0000
 981  1.84688644688645E-0001  6.07765567765568E-0001
 982  2.33040293040293E-0001 -1.02974358974359E+0000
 983  1.32307692307692E-0001  1.30000000000000E+0000
 984  9.44322344322344E-0002  3.82124542124542E-0001
 985  1.91135531135531E-0001 -1.14417582417582E+0000
 986  1.62930402930403E-0001  1.30000000000000E+0000
 987  9.52380952380952E-0002  9.84908424908425E-0001
 988  7.67032967032967E-0002  1.60512820512821E-0001
 989  1.54871794871795E-0001 -7.37216117216117E-0001
 990  1.21025641025641E-0001  1.30000000000000E+0000
 991  1.06520146520146E-0001  1.09128205128205E+0000
 992  9.92673992673993E-0002  1.08483516483516E+0000
 993  6.94505494505495E-0002 -4.27765567765568E-0001
 994  1.16996336996337E-0001  2.19047619047619E-0002
 995  1.46007326007326E-0001  1.30000000000000E+0000
 996  8.07326007326007E-0002  1.30000000000000E+0000
 997  9.84615384615385E-0002  1.12351648351648E+0000
 998  6.70329670329670E-0002  1.14849816849817E+0000
 999  1.24249084249084E-0001  4.55457875457875E-0001
 1000  1.83076923076923E-0001  4.65934065934066E-0001
 1001  1.76630036630037E-0001  4.70769230769231E-0001
 1002  1.50036630036630E-0001  3.15750915750916E-0002
 1003  1.67765567765568E-0001  1.30000000000000E+0000
 1004  1.46007326007326E-0001  1.30000000000000E+0000
 1005  1.52454212454212E-0001  1.27260073260073E+0000
 1006  1.16190476190476E-0001  1.28468864468864E+0000
 1007  1.13772893772893E-0001  1.30000000000000E+0000
 1008  1.11355311355311E-0001  6.17435897435897E-0001
 1009  1.61318681318681E-0001  5.70695970695971E-0001
 1010  1.23443223443223E-0001 -1.21538461538461E-0001
 1011  1.67765567765568E-0001  1.30000000000000E+0000
 1012  1.46813186813187E-0001  6.87545787545788E-0001
 1013  1.56483516483516E-0001 -1.37655677655678E-0001
 1014  1.87106227106227E-0001  1.30000000000000E+0000
 1015  1.16190476190476E-0001  1.30000000000000E+0000
 1016  1.69377289377289E-0001  1.30000000000000E+0000
 1017  1.57289377289377E-0001  1.30000000000000E+0000
 1018  1.12967032967033E-0001  4.27252747252747E-0001
 1019  1.81465201465201E-0001 -1.65860805860806E-0001
 1020  2.16923076923077E-0001  1.30000000000000E+0000
 1021  1.12967032967033E-0001  5.85201465201465E-0001
 1022  1.58901098901099E-0001  1.30000000000000E+0000
 1023  1.34725274725275E-0001 -2.21465201465201E-0001
 1024  1.84688644688645E-0001 -2.34358974358974E-0001
 1025  1.67765567765568E-0001  1.30000000000000E+0000
 1026  7.83150183150183E-0002  6.85128205128205E-0001
 1027  1.32307692307692E-0001  1.30000000000000E+0000
 1028  9.76556776556777E-0002  1.30000000000000E+0000
 1029  9.52380952380952E-0002 -1.53772893772894E-0001
 1030  1.34725274725275E-0001  1.30000000000000E+0000
 1031  3.39926739926740E-0002  9.80073260073260E-0001
 1032  1.00073260073260E-0001  1.30000000000000E+0000
 1033  4.76923076923077E-0002  1.30000000000000E+0000
 1034  1.06227106227106E-0002 -2.85128205128205E-0001
 1035  1.00073260073260E-0001  1.30000000000000E+0000
 1036  4.20512820512821E-0002 -2.55311355311355E-0001
 1037  1.53260073260073E-0001  1.21457875457875E+0000
 1038  1.52454212454212E-0001  1.30000000000000E+0000
 1039  9.92673992673993E-0002  1.30000000000000E+0000
 1040  6.38095238095238E-0002 -2.15018315018315E-0001
 1041  1.45201465201465E-0001  1.30000000000000E+0000
 1042  1.37142857142857E-0001  1.30000000000000E+0000
 1043  5.97802197802198E-0002  1.30000000000000E+0000
 1044  3.47985347985348E-0002 -1.85201465201465E-0001
 1045  1.78241758241758E-0001  1.30000000000000E+0000
 1046  7.50915750915751E-0002  1.24197802197802E+0000
 1047  1.35531135531136E-0001  1.30000000000000E+0000
 1048  5.33333333333333E-0002 -1.73113553113553E-0001
 1049  1.66153846153846E-0001  1.24842490842491E+0000
 1050  3.39926739926740E-0002  1.30000000000000E+0000
 1051  1.83076923076923E-0001  1.30000000000000E+0000
 1052  6.54212454212454E-0002 -7.88278388278388E-0002
 1053  1.71794871794872E-0001  1.09853479853480E+0000
 1054  7.91208791208791E-0002  1.30000000000000E+0000
 1055  1.73406593406593E-0001  1.08131868131868E-0001
 1056  1.75018315018315E-0001  1.27985347985348E+0000
 1057  9.92673992673993E-0002  7.81831501831502E-0001
 1058  4.52747252747253E-0002 -2.27106227106227E-0003
 1059  1.61318681318681E-0001  1.30000000000000E+0000
 1060  1.69377289377289E-0001  3.45860805860806E-0001
 1061  2.35164835164835E-0002  1.30000000000000E+0000
 1062  1.14285714285714E-0002  6.38095238095238E-0002
 1063  2.34652014652015E-0001  2.88644688644689E-0001
 1064  1.17802197802197E-0001  1.30000000000000E+0000
 1065  2.20146520146520E-0001  1.30000000000000E+0000
 1066  1.05714285714285E-0001  1.30000000000000E+0000
 1067  1.75824175824176E-0001  3.52307692307692E-0001
 1068  1.49230769230769E-0001  1.91135531135531E-0001
 1069  1.17802197802197E-0001  2.37069597069597E-0001
 1070  1.44395604395604E-0001  2.20952380952381E-0001
 1071  4.68864468864469E-0002  1.18959706959707E+0000
 1072  4.68864468864469E-0002  2.02930402930403E-0002
 1073  6.78388278388278E-0002  1.30000000000000E+0000
 1074  1.72600732600733E-0001  3.78095238095238E-0001
 1075  1.86300366300366E-0001  1.09611721611722E+0000
 1076  8.79853479853480E-0002  1.30000000000000E+0000
 1077  1.66959706959707E-0001 -2.55311355311355E-0001
 1078  1.04102564102564E-0001  5.11062271062271E-0001
 1079  1.66959706959707E-0001  9.89743589743590E-0001
 1080  1.09743589743589E-0001 -7.33992673992674E-0001
 1081  9.36263736263736E-0002  6.10989010989011E-0001
 1082  1.16190476190476E-0001  8.26959706959707E-0001
 1083  8.47619047619048E-0002  1.30000000000000E+0000
 1084  1.62124542124542E-0001 -1.19494505494505E+0000
 1085  9.52380952380952E-0002  7.71355311355311E-0001
 1086  1.12967032967033E-0001  8.65641025641026E-0001
 1087  1.79853479853480E-0001  1.30000000000000E+0000
 1088  1.93553113553114E-0001  6.00512820512821E-0001
 1089  6.13919413919414E-0002  1.30000000000000E+0000
 1090  1.29084249084249E-0001  1.30000000000000E+0000
 1091  1.16996336996337E-0001  1.30000000000000E+0000
 1092  1.71794871794872E-0001  1.30000000000000E+0000
 1093  8.23443223443223E-0002  1.30000000000000E+0000
 1094  1.35531135531136E-0001  1.30000000000000E+0000
 1095  1.37948717948718E-0001  1.30000000000000E+0000
 1096  1.88717948717949E-0001  1.30000000000000E+0000
 1097  1.05714285714285E-0001  1.30000000000000E+0000
 1098  1.33919413919414E-0001  1.30000000000000E+0000
 1099  1.33919413919414E-0001  9.51868131868132E-0001
 1100  1.81465201465201E-0001  1.19362637362637E+0000
 1101  3.23809523809524E-0002  8.43882783882784E-0001
 1102  1.36336996336996E-0001  3.78095238095238E-0001
 1103  1.61318681318681E-0001  5.09157509157509E-0002
 1104  2.10476190476190E-0001  6.13919413919414E-0002
 1105  1.81465201465201E-0001 -7.51721611721612E-0001
 1106  1.64542124542125E-0001 -9.06446886446886E-0001
 1107  1.60512820512821E-0001 -9.80586080586081E-0001
 1108  1.62124542124542E-0001 -1.06439560439560E+0000
 1109  2.41098901098901E-0001 -1.57772893772894E+0000
 1110  3.07179487179487E-0001 -1.33435897435897E+0000
 1111  2.14505494505495E-0001 -1.40205128205128E+0000
 1112  2.86227106227106E-0001 -2.00000000000000E+0000
 1113  2.93479853479853E-0001 -1.60673992673993E+0000
 1114  2.75750915750916E-0001 -2.00000000000000E+0000
 1115  6.50476190476190E-0001 -2.00000000000000E+0000
 1116  5.65054945054945E-0001 -2.00000000000000E+0000
 1117  8.80952380952381E-0001 -1.98146520146520E+0000
 1118  7.35897435897436E-0001 -2.00000000000000E+0000
 1119  8.02783882783883E-0001 -1.24813186813187E+0000
 1120  7.19780219780220E-0001 -1.07809523809524E+0000
 1121  5.19120879120879E-0001 -2.00000000000000E+0000
 1122  6.98021978021978E-0001 -7.60586080586081E-0001
 1123  6.00512820512821E-0001 -1.18315018315018E-0001
 1124  4.10329670329670E-0001 -1.76791208791209E+0000
 1125  3.45054945054945E-0001  9.30915750915751E-0001
 1126  3.11208791208791E-0001  9.13186813186813E-0001
 1127  2.64468864468864E-0001  7.86666666666667E-0001
 1128  2.42710622710623E-0001 -1.27391941391941E+0000
 1129  1.65347985347985E-0001  1.30000000000000E+0000
 1130  1.49230769230769E-0001  1.22102564102564E+0000
 1131  1.46813186813187E-0001  1.13772893772893E-0001
 1132  1.52454212454212E-0001 -1.41333333333333E+0000
 1133  1.39560439560440E-0001  1.26131868131868E+0000
 1134  8.20512820512821E-0003 -2.00512820512821E-0001
 1135  7.75091575091575E-0002  1.30000000000000E+0000
 1136  3.07692307692308E-0002 -1.48908424908425E+0000
 1137  8.79853479853480E-0002  1.30000000000000E+0000
 1138  3.47985347985348E-0002  1.30000000000000E+0000
 1139  4.12454212454212E-0002 -1.49069597069597E+0000
 1140  1.15384615384615E-0001 -3.12527472527473E-0001
 1141  1.32307692307692E-0001  1.30000000000000E+0000
 1142  1.23443223443223E-0001  1.30000000000000E+0000
 1143  1.08937728937728E-0001 -3.16556776556777E-0001
 1144  2.29816849816850E-0001  1.30000000000000E+0000
 1145  3.72161172161172E-0002  1.30000000000000E+0000
 1146  3.64102564102564E-0002 -4.34212454212454E-0001
 1147  1.02490842490842E-0001  1.30000000000000E+0000
 1148 -1.27472527472527E-0002 -4.43076923076923E-0001
 1149  1.59706959706960E-0001  1.30000000000000E+0000
 1150  1.24249084249084E-0001  2.44322344322344E-0001
 1151  1.76630036630037E-0001 -4.35824175824176E-0001
 1152  1.98388278388278E-0001  1.30000000000000E+0000
 1153  1.46007326007326E-0001  1.30000000000000E+0000
 1154  1.84688644688645E-0001 -5.12380952380952E-0001
 1155  7.50915750915751E-0002  1.30000000000000E+0000
 1156 -1.59706959706960E-0002  1.30000000000000E+0000
 1157  1.39560439560440E-0001  1.30000000000000E+0000
 1158  1.07326007326007E-0001  1.30000000000000E+0000
 1159  1.08937728937728E-0001  1.30000000000000E+0000
 1160  2.12893772893773E-0001  1.30000000000000E+0000
 1161  1.14285714285714E-0002 -5.01098901098901E-0001
 1162  5.49450549450549E-0002  1.30000000000000E+0000
 1163 -2.72527472527473E-0002  1.30000000000000E+0000
 1164  5.97802197802198E-0002 -3.60073260073260E-0001
 1165  6.05860805860806E-0002  1.30000000000000E+0000
 1166  2.35164835164835E-0002  1.30000000000000E+0000
 1167  1.07326007326007E-0001  1.30000000000000E+0000
 1168  1.34725274725275E-0001  1.30000000000000E+0000
 1169 -3.53113553113553E-0002 -4.57582417582418E-0001
 1170  3.47985347985348E-0002  1.30000000000000E+0000
 1171 -4.98168498168498E-0002 -4.34212454212454E-0001
 1172  2.67399267399267E-0002  1.30000000000000E+0000
 1173 -5.06227106227106E-0002 -4.32600732600733E-0001
 1174  4.52747252747253E-0002  1.30000000000000E+0000
 1175  9.52380952380952E-0002  1.30000000000000E+0000
 1176 -2.27106227106227E-0003 -3.85054945054945E-0001
 1177  1.48424908424908E-0001  1.30000000000000E+0000
 1178 -2.24175824175824E-0002  1.30000000000000E+0000
 1179  7.99267399267399E-0002  1.30000000000000E+0000
 1180 -5.22344322344322E-0002  1.30000000000000E+0000
 1181 -4.09523809523810E-0002 -4.35018315018315E-0001
 1182  1.07326007326007E-0001  1.30000000000000E+0000
 1183 -3.20879120879121E-0002  1.30000000000000E+0000
 1184  9.28205128205128E-0002 -3.72161172161172E-0001
 1185  8.79853479853480E-0002  1.30000000000000E+0000
 1186  4.12454212454212E-0002  1.30000000000000E+0000
 1187  8.15384615384615E-0002  1.30000000000000E+0000
 1188  9.20146520146520E-0002  1.30000000000000E+0000
 1189  1.91135531135531E-0001  1.30000000000000E+0000
 1190  2.25787545787546E-0001 -1.32820512820513E-0001
 1191  2.06446886446886E-0001 -1.65860805860806E-0001
 1192  1.09743589743589E-0001  5.77142857142857E-0001
 1193 -2.40293040293040E-0002  1.30000000000000E+0000
 1194 -4.09523809523810E-0002  1.30000000000000E+0000
 1195  6.30036630036630E-0002  5.89743589743590E-0002
 1196 -2.80586080586081E-0002  1.30000000000000E+0000
 1197  7.58974358974359E-0002 -9.81684981684982E-0002
 1198  7.91208791208791E-0002 -6.47765567765568E-0001
 1199 -1.46520146520146E-0003  1.30000000000000E+0000
 1200  4.17582417582418E-0003  1.30000000000000E+0000
 1201  2.49157509157509E-0001 -1.02732600732601E+0000
 1202  1.39560439560440E-0001  1.30000000000000E+0000
 1203  1.14578754578754E-0001  1.30000000000000E+0000
 1204  2.35457875457875E-0001  1.01684981684981E-0001
 1205  2.12087912087912E-0001  1.30000000000000E+0000
 1206  4.93040293040293E-0002  6.54212454212454E-0002
 1207  1.21025641025641E-0001  1.24197802197802E+0000
 1208  1.33919413919414E-0001  1.30000000000000E+0000
 1209  2.42710622710623E-0001 -2.00000000000000E+0000
 1210  1.31501831501832E-0001  1.20974358974359E+0000
 1211  1.65347985347985E-0001  2.20952380952381E-0001
 1212  2.39487179487179E-0001 -2.00000000000000E+0000
 1213  1.08131868131868E-0001  1.30000000000000E+0000
 1214  2.03223443223443E-0001  1.03890109890110E+0000
 1215  4.52747252747253E-0002 -2.00000000000000E+0000
 1216 -2.24175824175824E-0002  2.42710622710623E-0001
 1217  4.68864468864469E-0002  8.79340659340659E-0001
 1218 -5.49450549450549E-0003  1.30000000000000E+0000
 1219  6.78388278388278E-0002  8.79340659340659E-0001
 1220  4.20512820512821E-0002 -1.67362637362637E+0000
 1221  6.46153846153846E-0002  1.30000000000000E+0000
 1222  8.15384615384615E-0002  5.19120879120879E-0001
 1223  6.70329670329670E-0002  7.39120879120879E-0001
 1224  3.88278388278388E-0002 -1.43025641025641E+0000
 1225 -1.11355311355311E-0002  6.45641025641026E-0001
 1226  2.99633699633700E-0002  1.30000000000000E+0000
 1227  1.19413919413919E-0001  5.49743589743590E-0001
 1228  1.20219780219780E-0001  8.42271062271062E-0001
 1229  6.62271062271062E-0002 -9.18534798534799E-0001
 1230 -3.53113553113553E-0002  1.30000000000000E+0000
 1231  6.54212454212454E-0002  3.03150183150183E-0001
 1232  9.81684981684982E-0003 -6.12307692307692E-0001
 1233 -1.46520146520146E-0003  1.05501831501832E+0000
 1234  8.39560439560440E-0002  1.30000000000000E+0000
 1235  1.32307692307692E-0001 -3.28644688644689E-0001
 1236  5.49450549450549E-0002  1.45201465201465E-0001
 1237  1.05714285714285E-0001  1.30000000000000E+0000
 1238 -2.27106227106227E-0003 -2.34358974358974E-0001
 1239 -2.56410256410256E-0002  1.15172161172161E+0000
 1240  4.20512820512821E-0002  1.29274725274725E+0000
 1241 -2.48351648351648E-0002 -6.91575091575092E-0002
 1242  1.75824175824176E-0003  1.03970695970696E+0000
 1243  5.01098901098901E-0002 -1.75824175824176E-0002
 1244 -2.32234432234432E-0002 -1.54578754578755E-0001
 1245  3.07692307692308E-0002  1.30000000000000E+0000
 1246  1.94871794871795E-0002  5.41391941391941E-0002
 1247 -4.33699633699634E-0002  1.30000000000000E+0000
 1248  1.06227106227106E-0002 -2.44835164835165E-0001
 1249  1.04908424908424E-0001  8.86593406593407E-0001
 1250  1.60512820512821E-0001  2.34652014652015E-0001
 1251 -2.48351648351648E-0002 -3.39926739926740E-0001
 1252  3.23809523809524E-0002  1.30000000000000E+0000
 1253  2.56410256410256E-0003  9.92673992673993E-0002
 1254 -2.08058608058608E-0002  6.39194139194139E-0001
 1255  4.52747252747253E-0002  1.30000000000000E+0000
 1256  1.06227106227106E-0002 -4.35018315018315E-0001
 1257  5.57509157509158E-0002  5.12673992673993E-0001
 1258  9.68498168498168E-0002  1.30000000000000E+0000
 1259  1.46520146520146E-0002 -5.49450549450549E-0001
 1260  1.63736263736264E-0001  4.61904761904762E-0001
 1261  1.87912087912088E-0001 -6.43736263736264E-0001
 1262  7.10622710622711E-0002  6.93992673992674E-0001
 1263  4.17582417582418E-0003  2.44322344322344E-0001
 1264  5.17216117216117E-0002  1.30000000000000E+0000
 1265  4.17582417582418E-0003 -6.44542124542125E-0001
 1266  3.07692307692308E-0002  1.65347985347985E-0001
 1267  4.04395604395604E-0002  8.03589743589744E-0001
 1268 -6.30036630036630E-0003 -8.52454212454212E-0001
 1269  2.67399267399267E-0002  1.30000000000000E+0000
 1270 -1.83882783882784E-0002  1.29084249084249E-0001
 1271  7.91208791208791E-0002 -9.78168498168498E-0001
 1272  3.47985347985348E-0002  9.72014652014652E-0001
 1273  1.86813186813187E-0002 -1.43589743589743E-0002
 1274  6.13919413919414E-0002  1.30000000000000E+0000
 1275  2.02930402930403E-0002 -1.12725274725275E+0000
 1276  3.39926739926740E-0002 -6.02930402930403E-0002
 1277  5.33333333333333E-0002  1.07516483516484E+0000
 1278 -9.52380952380952E-0003 -1.17399267399267E+0000
 1279  4.04395604395604E-0002  1.30000000000000E+0000
 1280  2.43223443223443E-0002  1.16380952380952E+0000
 1281  1.46520146520147E-0004 -1.34161172161172E+0000
 1282  9.81684981684982E-0003  1.30000000000000E+0000
 1283 -7.91208791208791E-0003  1.25245421245421E+0000
 1284 -2.32234432234432E-0002 -1.48102564102564E+0000
 1285  1.30402930402930E-0002 -2.47252747252747E-0001
 1286  4.60805860805861E-0002  1.30000000000000E+0000
 1287 -2.88644688644689E-0002  1.29758241758242E+0000
 1288 -5.78754578754579E-0002 -1.56241758241758E+0000
 1289 -1.43589743589743E-0002  1.30000000000000E+0000
 1290 -2.24175824175824E-0002  1.30000000000000E+0000
 1291 -3.28937728937729E-0002  1.30000000000000E+0000
 1292 -1.46520146520146E-0003  1.30000000000000E+0000
 1293  1.62637362637363E-0002  1.30000000000000E+0000
 1294  1.31501831501832E-0001 -1.65428571428571E+0000
 1295  1.39560439560440E-0001  1.30000000000000E+0000
 1296  9.68498168498168E-0002  1.30000000000000E+0000
 1297  7.10622710622711E-0002 -3.43150183150183E-0001
 1298  1.38754578754579E-0001  1.30000000000000E+0000
 1299  9.92673992673993E-0002  1.30000000000000E+0000
 1300  9.76556776556777E-0002  1.30000000000000E+0000
 1301  9.12087912087912E-0002 -1.81787545787546E+0000
 1302  1.38754578754579E-0001 -4.37435897435897E-0001
 1303  7.99267399267399E-0002  1.30000000000000E+0000
 1304 -4.01465201465201E-0002 -1.91216117216117E+0000
 1305 -2.27106227106227E-0003  1.30000000000000E+0000
 1306 -4.65934065934066E-0002  1.30000000000000E+0000
 1307 -6.83516483516484E-0002 -1.80256410256410E+0000
 1308 -9.52380952380952E-0003  1.30000000000000E+0000
 1309 -3.12820512820513E-0002  1.30000000000000E+0000
 1310 -5.78754578754579E-0002 -5.27692307692308E-0001
 1311  3.64102564102564E-0002  1.30000000000000E+0000
 1312 -1.51648351648351E-0002 -1.66637362637363E+0000
 1313  2.27106227106227E-0002  1.30000000000000E+0000
 1314  3.36996336996337E-0003  1.30000000000000E+0000
 1315 -2.27106227106227E-0003 -1.30857142857143E+0000
 1316  1.00879120879120E-0001 -4.79340659340659E-0001
 1317  2.19340659340659E-0001  1.30000000000000E+0000
 1318  2.75457875457875E-0002  1.30000000000000E+0000
 1319  9.52380952380952E-0004  1.30000000000000E+0000
 1320 -3.28937728937729E-0002 -1.11597069597070E+0000
 1321  3.15750915750916E-0002 -5.89743589743590E-0001
 1322  4.60805860805861E-0002  1.30000000000000E+0000
 1323  2.19047619047619E-0002  1.30000000000000E+0000
 1324  2.99633699633700E-0002  1.30000000000000E+0000
 1325  8.15384615384615E-0002  1.30000000000000E+0000
 1326  1.01684981684981E-0001  1.30000000000000E+0000
 1327  4.52747252747253E-0002 -4.30183150183150E-0001
 1328  9.60439560439560E-0002 -5.79267399267399E-0001
 1329  1.10549450549450E-0001  1.30000000000000E+0000
 1330  6.70329670329670E-0002  1.30000000000000E+0000
 1331  6.05860805860806E-0002 -5.82490842490842E-0001
 1332  1.25054945054945E-0001  1.30000000000000E+0000
 1333  6.30036630036630E-0002 -2.32234432234432E-0002
 1334  2.04029304029304E-0001  1.30000000000000E+0000
 1335  4.17582417582418E-0003  2.89450549450549E-0001
 1336  6.94505494505495E-0002 -6.22783882783883E-0001
 1337  6.54212454212454E-0002  1.30000000000000E+0000
 1338 -1.75824175824176E-0002  5.52161172161172E-0001
 1339  7.50915750915751E-0002  1.30000000000000E+0000
 1340  4.44688644688645E-0002 -5.49450549450549E-0001
 1341  1.46813186813187E-0001  8.84175824175824E-0001
 1342  8.79853479853480E-0002  1.30000000000000E+0000
 1343  2.59340659340659E-0002  1.30000000000000E+0000
 1344  2.56410256410256E-0003 -5.19633699633700E-0001
 1345  1.96776556776557E-0001  1.30000000000000E+0000
 1346  1.29890109890110E-0001  8.73699633699634E-0001
 1347  6.21978021978022E-0002  1.30000000000000E+0000
 1348 -5.30402930402930E-0002  1.30000000000000E+0000
 1349 -4.17582417582418E-0002  9.88131868131868E-0001
 1350  4.93040293040293E-0002 -6.05860805860806E-0001
 1351  4.68864468864469E-0002  1.30000000000000E+0000
 1352 -3.45054945054945E-0002  1.30000000000000E+0000
 1353 -1.59706959706960E-0002 -5.00293040293040E-0001
 1354  1.13772893772893E-0001  1.30000000000000E+0000
 1355  6.70329670329670E-0002  1.30000000000000E+0000
 1356  1.98388278388278E-0001  1.30000000000000E+0000
 1357 -2.27106227106227E-0003 -5.11575091575092E-0001
 1358  4.52747252747253E-0002  1.30000000000000E+0000
 1359 -5.22344322344322E-0002  1.30000000000000E+0000
 1360  6.70329670329670E-0002  1.30000000000000E+0000
 1361 -4.09523809523810E-0002  1.30000000000000E+0000
 1362 -4.25641025641026E-0002 -4.55164835164835E-0001
 1363  8.71794871794872E-0002  1.30000000000000E+0000
 1364  1.11355311355311E-0001  1.30000000000000E+0000
 1365 -5.38461538461538E-0002  1.20087912087912E+0000
 1366 -7.39926739926740E-0002 -4.00366300366300E-0001
 1367  2.75457875457875E-0002  1.30000000000000E+0000
 1368 -5.22344322344322E-0002  1.30000000000000E+0000
 1369  5.89743589743590E-0002  8.80952380952381E-0001
 1370 -3.28937728937729E-0002 -3.14139194139194E-0001
 1371  4.93040293040293E-0002  1.30000000000000E+0000
 1372 -2.96703296703297E-0002  1.30000000000000E+0000
 1373  7.50915750915751E-0002  5.11868131868132E-0001
 1374  1.19413919413919E-0001 -8.20512820512821E-0002
 1375  2.61245421245421E-0001  1.30000000000000E+0000
 1376  8.79853479853480E-0002  1.30000000000000E+0000
 1377  8.31501831501832E-0002 -1.65054945054945E-0001
 1378  4.76923076923077E-0002 -1.27179487179487E-0001
 1379 -1.59706959706960E-0002  1.30000000000000E+0000
 1380  1.17802197802197E-0001  1.30000000000000E+0000
 1381  2.15311355311355E-0001 -2.08058608058608E-0002
 1382  2.14505494505495E-0001  1.30000000000000E+0000
 1383  8.87912087912088E-0002  1.30000000000000E+0000
 1384  8.71794871794872E-0002 -8.12454212454212E-0002
 1385  5.41391941391941E-0002 -1.08615384615385E+0000
 1386 -6.75457875457875E-0002  1.30000000000000E+0000
 1387  4.76923076923077E-0002  2.27106227106227E-0002
 1388  4.52747252747253E-0002  1.27260073260073E+0000
 1389 -4.25641025641026E-0002  1.30000000000000E+0000
 1390  6.05860805860806E-0002 -1.67846153846154E+0000
 1391 -6.75457875457875E-0002  1.30000000000000E+0000
 1392  7.50915750915751E-0002  1.50036630036630E-0001
 1393  3.96336996336996E-0002  1.12996336996337E+0000
 1394  8.20512820512821E-0003  1.30000000000000E+0000
 1395  8.95970695970696E-0002 -2.00000000000000E+0000
 1396  1.00073260073260E-0001  1.19040293040293E+0000
 1397  1.66153846153846E-0001  3.49890109890110E-0001
 1398  2.16117216117216E-0001 -2.00000000000000E+0000
 1399  8.47619047619048E-0002  1.30000000000000E+0000
 1400  2.62857142857143E-0001  1.11948717948718E+0000
 1401  1.52454212454212E-0001 -1.98227106227106E+0000
 1402  4.93040293040293E-0002  1.30000000000000E+0000
 1403  2.29010989010989E-0001  1.30000000000000E+0000
 1404  1.75824175824176E-0001  1.30000000000000E+0000
 1405  1.71794871794872E-0001  1.30000000000000E+0000
 1406  2.12893772893773E-0001  1.30000000000000E+0000
 1407  1.80659340659341E-0001  6.38388278388278E-0001
 1408  1.69377289377289E-0001 -1.68007326007326E+0000
 1409  2.35164835164835E-0002 -1.62930402930403E+0000
 1410 -2.27106227106227E-0003  8.11648351648352E-0001
 1411  2.10989010989011E-0002  4.54652014652015E-0001
 1412  7.42857142857143E-0002  7.82637362637363E-0001
 1413  2.59340659340659E-0002  1.30000000000000E+0000
 1414  9.52380952380952E-0002 -1.49472527472527E+0000
 1415  2.75457875457875E-0002  7.60879120879121E-0001
 1416  7.50915750915751E-0002  6.63369963369963E-0001
 1417  2.42710622710623E-0001 -1.32549450549451E+0000
 1418  1.62930402930403E-0001  6.73040293040293E-0001
 1419  1.50842490842491E-0001  1.30000000000000E+0000
 1420  2.10476190476190E-0001 -1.31582417582418E+0000
 1421  1.49230769230769E-0001  8.03589743589744E-0001
 1422  1.77435897435897E-0001  8.35018315018315E-0001
 1423  2.33040293040293E-0001 -9.80586080586081E-0001
 1424  1.57289377289377E-0001 -9.30622710622711E-0001
 1425  7.42857142857143E-0002  5.53772893772894E-0001
