 0  2.34652014652015E-0001  3.36996336996337E-0003
 1  1.30000000000000E+0000  1.30000000000000E+0000
 2  1.30000000000000E+0000  1.03890109890110E+0000
 3 -1.04827838827839E+0000 -8.10549450549451E-0001
 4  1.68571428571429E-0001 -2.08058608058608E-0002
 5  1.30000000000000E+0000  1.30000000000000E+0000
 6  1.30000000000000E+0000  1.07435897435897E+0000
 7 -1.10549450549451E+0000 -8.54871794871795E-0001
 8  9.20146520146520E-0002 -7.72161172161172E-0002
 9  1.30000000000000E+0000  1.30000000000000E+0000
 10  1.30000000000000E+0000  1.10175824175824E+0000
 11 -1.23362637362637E+0000 -8.84688644688645E-0001
 12  1.70989010989011E-0001 -7.88278388278388E-0002
 13  1.30000000000000E+0000  1.30000000000000E+0000
 14  1.30000000000000E+0000  1.15172161172161E+0000
 15 -1.25860805860806E+0000 -9.47545787545788E-0001
 16 -1.09450549450549E-0001 -1.49743589743590E-0001
 17  1.30000000000000E+0000  1.30000000000000E+0000
 18  1.30000000000000E+0000  1.20007326007326E+0000
 19 -1.30937728937729E+0000 -1.01443223443223E+0000
 20 -2.09377289377289E-0001 -1.91648351648352E-0001
 21  1.30000000000000E+0000  1.30000000000000E+0000
 22  1.30000000000000E+0000  1.24036630036630E+0000
 23 -1.36739926739927E+0000 -1.05956043956044E+0000
 24 -2.85934065934066E-0001 -2.22271062271062E-0001
 25  1.30000000000000E+0000  1.30000000000000E+0000
 26  1.30000000000000E+0000  1.27421245421245E+0000
 27 -1.43912087912088E+0000 -1.11355311355311E+0000
 28 -3.56043956043956E-0001 -2.55311355311355E-0001
 29  1.30000000000000E+0000  1.30000000000000E+0000
 30  1.30000000000000E+0000 -1.16432234432234E+0000
 31 -4.27765567765568E-0001 -2.94798534798535E-0001
 32  1.30000000000000E+0000  1.30000000000000E+0000
 33 -1.57853479853480E+0000 -1.21428571428571E+0000
 34 -4.84981684981685E-0001 -3.28644688644689E-0001
 35  1.30000000000000E+0000  1.30000000000000E+0000
 36  1.30000000000000E+0000  1.30000000000000E+0000
 37 -1.64864468864469E+0000 -1.26102564102564E+0000
 38 -5.52673992673993E-0001 -3.64102564102564E-0001
 39  1.30000000000000E+0000  1.30000000000000E+0000
 40  1.30000000000000E+0000  1.30000000000000E+0000
 41 -1.72117216117216E+0000 -1.31421245421245E+0000
 42 -6.11501831501832E-0001 -3.97948717948718E-0001
 43  1.30000000000000E+0000  1.30000000000000E+0000
 44  1.30000000000000E+0000  1.30000000000000E+0000
 45 -1.77758241758242E+0000 -1.35692307692308E+0000
 46 -6.68717948717949E-0001 -4.27765567765568E-0001
 47  1.30000000000000E+0000  1.30000000000000E+0000
 48  1.30000000000000E+0000  1.30000000000000E+0000
 49 -1.84527472527473E+0000 -1.40446886446886E+0000
 50 -7.19487179487179E-0001 -4.51941391941392E-0001
 51  1.30000000000000E+0000  1.30000000000000E+0000
 52  1.30000000000000E+0000  1.30000000000000E+0000
 53 -1.91538461538462E+0000 -1.45201465201465E+0000
 54 -7.76703296703297E-0001 -4.77728937728938E-0001
 55  1.30000000000000E+0000  1.30000000000000E+0000
 56  1.30000000000000E+0000  1.30000000000000E+0000
 57 -1.97743589743590E+0000 -1.49391941391941E+0000
 58 -8.25860805860806E-0001 -5.08351648351648E-0001
 59  1.30000000000000E+0000  1.30000000000000E+0000
 60  1.30000000000000E+0000  1.30000000000000E+0000
 61 -2.00000000000000E+0000 -1.53904761904762E+0000
 62 -8.74212454212454E-0001 -5.32527472527473E-0001
 63  1.30000000000000E+0000  1.30000000000000E+0000
 64  1.30000000000000E+0000  1.30000000000000E+0000
 65 -2.00000000000000E+0000 -1.57611721611722E+0000
 66 -9.00000000000000E-0001 -5.59120879120879E-0001
 67  1.30000000000000E+0000  1.30000000000000E+0000
 68  1.30000000000000E+0000  1.30000000000000E+0000
 69 -2.00000000000000E+0000 -1.59384615384615E+0000
 70 -8.33919413919414E-0001 -5.61538461538462E-0001
 71  1.30000000000000E+0000  1.30000000000000E+0000
 72  1.30000000000000E+0000  1.30000000000000E+0000
 73 -2.00000000000000E+0000 -1.65912087912088E+0000
 74 -9.99926739926740E-0001 -6.01025641025641E-0001
 75  1.30000000000000E+0000  1.30000000000000E+0000
 76  1.30000000000000E+0000  1.30000000000000E+0000
 77 -2.00000000000000E+0000 -1.70666666666667E+0000
 78 -1.03054945054945E+0000 -6.14725274725275E-0001
 79  1.30000000000000E+0000  1.30000000000000E+0000
 80  1.30000000000000E+0000  1.30000000000000E+0000
 81 -2.00000000000000E+0000 -1.74534798534799E+0000
 82 -1.07164835164835E+0000 -6.34065934065934E-0001
 83  1.30000000000000E+0000  1.30000000000000E+0000
 84  1.30000000000000E+0000  1.30000000000000E+0000
 85 -2.00000000000000E+0000 -1.78564102564103E+0000
 86 -1.10227106227106E+0000 -6.53406593406593E-0001
 87  1.30000000000000E+0000  1.30000000000000E+0000
 88 -2.00000000000000E+0000 -1.82029304029304E+0000
 89 -1.14175824175824E+0000 -6.67912087912088E-0001
 90  1.30000000000000E+0000  1.30000000000000E+0000
 91  1.30000000000000E+0000  1.30000000000000E+0000
 92 -2.00000000000000E+0000 -1.85252747252747E+0000
 93 -1.16190476190476E+0000  1.30000000000000E+0000
 94  1.30000000000000E+0000  1.30000000000000E+0000
 95 -2.00000000000000E+0000 -1.88153846153846E+0000
 96 -1.19010989010989E+0000 -6.92087912087912E-0001
 97  1.30000000000000E+0000  1.30000000000000E+0000
 98  1.30000000000000E+0000  1.30000000000000E+0000
 99 -2.00000000000000E+0000 -1.91135531135531E+0000
 100 -1.22315018315018E+0000 -7.06593406593407E-0001
 101  1.30000000000000E+0000  1.30000000000000E+0000
 102  1.30000000000000E+0000  1.30000000000000E+0000
 103 -2.00000000000000E+0000 -1.95245421245421E+0000
 104 -1.25296703296703E+0000 -7.22710622710623E-0001
 105  1.30000000000000E+0000  1.30000000000000E+0000
 106  1.30000000000000E+0000  1.30000000000000E+0000
 107 -2.00000000000000E+0000 -2.00000000000000E+0000
 108 -1.29084249084249E+0000 -7.41245421245421E-0001
 109  1.30000000000000E+0000  1.30000000000000E+0000
 110 -2.00000000000000E+0000 -2.00000000000000E+0000
 111 -1.31824175824176E+0000  1.30000000000000E+0000
 112  1.30000000000000E+0000 -2.00000000000000E+0000
 113 -1.35369963369963E+0000  1.30000000000000E+0000
 114  1.30000000000000E+0000  1.30000000000000E+0000
 115 -2.00000000000000E+0000 -2.00000000000000E+0000
 116 -1.37706959706960E+0000 -7.76703296703297E-0001
 117  1.30000000000000E+0000  1.30000000000000E+0000
 118  1.30000000000000E+0000 -2.00000000000000E+0000
 119 -1.39479853479853E+0000 -7.90402930402930E-0001
 120  1.30000000000000E+0000  1.30000000000000E+0000
 121  1.30000000000000E+0000 -2.00000000000000E+0000
 122 -1.34644688644689E+0000 -7.91208791208791E-0001
 123  1.30000000000000E+0000  1.30000000000000E+0000
 124  1.30000000000000E+0000  1.30000000000000E+0000
 125 -2.00000000000000E+0000 -2.00000000000000E+0000
 126 -1.44315018315018E+0000 -8.08131868131868E-0001
 127  1.30000000000000E+0000  1.30000000000000E+0000
 128  1.30000000000000E+0000  1.30000000000000E+0000
 129 -2.00000000000000E+0000 -2.00000000000000E+0000
 130 -1.46571428571429E+0000  1.30000000000000E+0000
 131  1.30000000000000E+0000 -2.00000000000000E+0000
 132 -1.47941391941392E+0000 -8.22637362637363E-0001
 133  1.30000000000000E+0000  1.30000000000000E+0000
 134  1.30000000000000E+0000 -2.00000000000000E+0000
 135 -1.49069597069597E+0000  1.30000000000000E+0000
 136  1.30000000000000E+0000 -2.00000000000000E+0000
 137 -1.50600732600733E+0000  1.30000000000000E+0000
 138  1.30000000000000E+0000  1.30000000000000E+0000
 139 -2.00000000000000E+0000 -8.44395604395604E-0001
 140  1.30000000000000E+0000  1.30000000000000E+0000
 141  1.30000000000000E+0000 -2.00000000000000E+0000
 142 -1.53098901098901E+0000  1.30000000000000E+0000
 143  1.30000000000000E+0000  1.30000000000000E+0000
 144 -2.00000000000000E+0000 -8.60512820512821E-0001
 145  1.30000000000000E+0000  1.30000000000000E+0000
 146  1.30000000000000E+0000 -2.00000000000000E+0000
 147 -1.55032967032967E+0000  1.30000000000000E+0000
 148  1.30000000000000E+0000  1.30000000000000E+0000
 149 -2.00000000000000E+0000 -8.72600732600733E-0001
 150  1.30000000000000E+0000  1.30000000000000E+0000
 151  1.30000000000000E+0000 -2.00000000000000E+0000
 152 -1.57450549450549E+0000 -8.79047619047619E-0001
 153  1.30000000000000E+0000  1.30000000000000E+0000
 154  1.30000000000000E+0000  1.30000000000000E+0000
 155 -2.00000000000000E+0000 -2.00000000000000E+0000
 156 -1.58578754578755E+0000 -8.84688644688645E-0001
 157  1.30000000000000E+0000  1.30000000000000E+0000
 158  1.30000000000000E+0000 -2.00000000000000E+0000
 159 -1.58336996336996E+0000 -8.83076923076923E-0001
 160  1.30000000000000E+0000  1.30000000000000E+0000
 161 -2.00000000000000E+0000 -2.00000000000000E+0000
 162 -1.58578754578755E+0000 -8.87106227106227E-0001
 163  1.30000000000000E+0000  1.30000000000000E+0000
 164  1.30000000000000E+0000  1.30000000000000E+0000
 165 -2.00000000000000E+0000 -2.00000000000000E+0000
 166 -1.58095238095238E+0000  1.30000000000000E+0000
 167  1.30000000000000E+0000 -2.00000000000000E+0000
 168 -1.58498168498168E+0000  1.30000000000000E+0000
 169  1.30000000000000E+0000  1.30000000000000E+0000
 170 -2.00000000000000E+0000 -8.80659340659341E-0001
 171  1.30000000000000E+0000  1.30000000000000E+0000
 172 -2.00000000000000E+0000 -2.00000000000000E+0000
 173 -1.59706959706960E+0000  1.30000000000000E+0000
 174  1.30000000000000E+0000  1.30000000000000E+0000
 175 -2.00000000000000E+0000 -8.78241758241758E-0001
 176  1.30000000000000E+0000  1.30000000000000E+0000
 177  1.30000000000000E+0000 -2.00000000000000E+0000
 178 -1.58981684981685E+0000 -8.79853479853480E-0001
 179  1.30000000000000E+0000 -2.00000000000000E+0000
 180 -1.59223443223443E+0000  1.30000000000000E+0000
 181  1.30000000000000E+0000  1.30000000000000E+0000
 182 -2.00000000000000E+0000  1.30000000000000E+0000
 183  1.30000000000000E+0000 -8.72600732600733E-0001
 184  1.30000000000000E+0000 -2.00000000000000E+0000
 185 -1.58014652014652E+0000  1.30000000000000E+0000
 186  1.30000000000000E+0000  1.30000000000000E+0000
 187 -2.00000000000000E+0000 -8.59706959706960E-0001
 188  1.30000000000000E+0000  1.30000000000000E+0000
 189  1.30000000000000E+0000 -8.56483516483516E-0001
 190  1.30000000000000E+0000 -2.00000000000000E+0000
 191 -1.56483516483516E+0000  1.30000000000000E+0000
 192  1.30000000000000E+0000  1.30000000000000E+0000
 193 -2.00000000000000E+0000  1.30000000000000E+0000
 194  1.30000000000000E+0000 -8.43589743589744E-0001
 195  1.30000000000000E+0000 -2.00000000000000E+0000
 196 -1.53663003663004E+0000  1.30000000000000E+0000
 197 -2.00000000000000E+0000  1.30000000000000E+0000
 198  1.30000000000000E+0000 -8.30695970695971E-0001
 199  1.30000000000000E+0000 -2.00000000000000E+0000
 200 -1.51487179487179E+0000  1.30000000000000E+0000
 201  1.30000000000000E+0000  1.30000000000000E+0000
 202 -2.00000000000000E+0000 -8.15384615384615E-0001
 203  1.30000000000000E+0000  1.30000000000000E+0000
 204  1.30000000000000E+0000 -2.00000000000000E+0000
 205 -1.48827838827839E+0000  1.30000000000000E+0000
 206  1.30000000000000E+0000 -2.00000000000000E+0000
 207 -1.47054945054945E+0000 -7.92820512820513E-0001
 208  1.30000000000000E+0000  1.30000000000000E+0000
 209 -2.00000000000000E+0000 -7.89597069597070E-0001
 210  1.30000000000000E+0000  1.30000000000000E+0000
 211  1.30000000000000E+0000 -2.00000000000000E+0000
 212 -1.43912087912088E+0000  1.30000000000000E+0000
 213  1.30000000000000E+0000 -1.23684981684982E+0000
 214 -1.40849816849817E+0000  1.30000000000000E+0000
 215 -2.00000000000000E+0000 -1.24761904761904E-0001
 216 -1.40527472527473E+0000  1.30000000000000E+0000
 217 -2.00000000000000E+0000 -1.98095238095238E-0001
 218  1.30000000000000E+0000 -1.23201465201465E+0000
 219  1.30000000000000E+0000 -7.20293040293040E-0001
 220 -2.00000000000000E+0000  1.30000000000000E+0000
 221 -1.32146520146520E+0000  1.30000000000000E+0000
 222 -2.00000000000000E+0000 -6.93699633699634E-0001
 223 -2.00000000000000E+0000  1.30000000000000E+0000
 224 -2.00000000000000E+0000 -6.82417582417582E-0001
 225 -2.00000000000000E+0000  1.30000000000000E+0000
 226 -2.00000000000000E+0000 -6.66300366300366E-0001
 227 -2.00000000000000E+0000  1.30000000000000E+0000
 228 -2.00000000000000E+0000 -6.55824175824176E-0001
 229 -2.00000000000000E+0000 -2.00000000000000E+0000
 230  1.30000000000000E+0000  1.30000000000000E+0000
 231 -1.22153846153846E+0000 -2.00000000000000E+0000
 232  1.30000000000000E+0000  1.30000000000000E+0000
 233 -1.20380952380952E+0000 -6.21978021978022E-0001
 234 -2.00000000000000E+0000  1.30000000000000E+0000
 235 -2.00000000000000E+0000 -6.04249084249084E-0001
 236 -2.00000000000000E+0000 -2.00000000000000E+0000
 237  1.30000000000000E+0000  1.30000000000000E+0000
 238 -2.00000000000000E+0000  1.30000000000000E+0000
 239 -1.13934065934066E+0000 -2.00000000000000E+0000
 240  1.30000000000000E+0000  1.30000000000000E+0000
 241 -1.11194139194139E+0000  1.30000000000000E+0000
 242 -2.00000000000000E+0000 -5.56703296703297E-0001
 243 -2.00000000000000E+0000  1.30000000000000E+0000
 244 -2.00000000000000E+0000  1.30000000000000E+0000
 245 -1.05714285714286E+0000 -2.00000000000000E+0000
 246  1.30000000000000E+0000 -5.24468864468864E-0001
 247 -2.00000000000000E+0000  1.30000000000000E+0000
 248  5.77948717948718E-0001 -2.00000000000000E+0000
 249  1.30000000000000E+0000 -4.92234432234432E-0001
 250 -2.00000000000000E+0000  1.30000000000000E+0000
 251 -1.02732600732601E+0000  1.30000000000000E+0000
 252  1.30000000000000E+0000  1.30000000000000E+0000
 253 -9.13699633699634E-0001  1.30000000000000E+0000
 254  1.30000000000000E+0000  1.30000000000000E+0000
 255  1.30000000000000E+0000 -2.00000000000000E+0000
 256  1.30000000000000E+0000 -2.00000000000000E+0000
 257  1.30000000000000E+0000 -3.97142857142857E-0001
 258 -2.00000000000000E+0000  1.30000000000000E+0000
 259 -8.14578754578755E-0001 -3.76190476190476E-0001
 260 -2.00000000000000E+0000  1.30000000000000E+0000
 261 -7.98461538461538E-0001 -3.68937728937729E-0001
 262 -2.00000000000000E+0000  1.30000000000000E+0000
 263 -7.68644688644689E-0001 -3.50402930402930E-0001
 264 -2.00000000000000E+0000  1.30000000000000E+0000
 265 -7.47692307692308E-0001 -3.31868131868132E-0001
 266 -2.00000000000000E+0000  1.30000000000000E+0000
 267 -7.19487179487179E-0001 -3.18974358974359E-0001
 268 -2.00000000000000E+0000  1.30000000000000E+0000
 269 -6.96923076923077E-0001 -3.01245421245421E-0001
 270 -2.00000000000000E+0000 -2.86739926739927E-0001
 271 -2.00000000000000E+0000  1.30000000000000E+0000
 272 -6.50183150183150E-0001 -2.73040293040293E-0001
 273 -2.00000000000000E+0000  1.30000000000000E+0000
 274 -6.21172161172161E-0001 -2.49670329670330E-0001
 275 -2.00000000000000E+0000 -2.39194139194139E-0001
 276 -2.00000000000000E+0000  1.30000000000000E+0000
 277 -5.47032967032967E-0001 -2.34358974358974E-0001
 278 -2.00000000000000E+0000  1.30000000000000E+0000
 279 -5.23663003663004E-0001 -2.01318681318681E-0001
 280 -2.00000000000000E+0000  1.30000000000000E+0000
 281 -4.94652014652015E-0001 -1.81978021978022E-0001
 282 -2.00000000000000E+0000 -1.69890109890110E-0001
 283 -2.00000000000000E+0000  1.30000000000000E+0000
 284 -4.47912087912088E-0001 -1.49743589743590E-0001
 285 -2.00000000000000E+0000  1.30000000000000E+0000
 286 -4.21318681318681E-0001 -1.26373626373626E-0001
 287 -2.00000000000000E+0000 -1.09450549450549E-0001
 288 -2.00000000000000E+0000 -9.33333333333333E-0002
 289 -2.00000000000000E+0000  1.30000000000000E+0000
 290 -3.33479853479853E-0001 -7.47985347985348E-0002
 291 -2.00000000000000E+0000  1.30000000000000E+0000
 292 -3.14945054945055E-0001 -5.38461538461538E-0002
 293 -2.00000000000000E+0000 -3.04761904761905E-0002
 294 -2.00000000000000E+0000 -1.83882783882784E-0002
 295 -2.00000000000000E+0000  1.30000000000000E+0000
 296 -2.31941391941392E-0001 -3.88278388278388E-0003
 297 -2.00000000000000E+0000  4.17582417582418E-0003
 298 -2.00000000000000E+0000  1.70695970695971E-0002
 299 -2.00000000000000E+0000  2.35164835164835E-0002
 300 -2.00000000000000E+0000  4.84981684981685E-0002
 301 -2.00000000000000E+0000  6.78388278388278E-0002
 302 -2.00000000000000E+0000  8.79853479853480E-0002
 303 -2.00000000000000E+0000  1.12967032967033E-0001
 304 -2.00000000000000E+0000  1.30000000000000E+0000
 305 -2.88644688644689E-0002  1.32307692307692E-0001
 306 -2.00000000000000E+0000  1.54065934065934E-0001
 307 -1.96131868131868E+0000  1.75824175824176E-0001
 308 -1.87509157509158E+0000  1.30000000000000E+0000
 309  7.99267399267399E-0002  8.55164835164835E-0001
 310  1.30000000000000E+0000 -1.29245421245421E+0000
 311  1.30000000000000E+0000  2.49157509157509E-0001
 312 -1.54065934065934E+0000  2.73333333333333E-0001
 313 -1.44717948717949E+0000  3.04761904761905E-0001
 314 -1.33838827838828E+0000  3.28131868131868E-0001
 315 -1.23040293040293E+0000  3.53113553113553E-0001
 316 -1.14256410256410E+0000  3.73260073260073E-0001
 317 -1.08615384615385E+0000 -9.79780219780220E-0001
 318  1.16139194139194E+0000 -9.33846153846154E-0001
 319  1.13076923076923E+0000 -8.73406593406593E-0001
 320  1.09772893772894E+0000 -8.32307692307692E-0001
 321  1.04373626373626E+0000 -7.83956043956044E-0001
 322  1.00344322344322E+0000 -7.26739926739927E-0001
 323  9.52673992673993E-0001  5.52161172161172E-0001
 324  1.30000000000000E+0000  5.19926739926740E-0001
 325  1.30000000000000E+0000  4.92527472527473E-0001
 326  1.30000000000000E+0000  4.49010989010989E-0001
 327  1.30000000000000E+0000  1.30000000000000E+0000
 328  7.18168498168498E-0001  1.30000000000000E+0000
 329  7.58461538461538E-0001  4.06300366300366E-0001
 330  1.30000000000000E+0000  1.30000000000000E+0000
 331  7.88278388278388E-0001  1.30000000000000E+0000
 332  8.34212454212454E-0001  1.30000000000000E+0000
 333  8.61611721611722E-0001  1.30000000000000E+0000
 334  8.91428571428571E-0001  1.30000000000000E+0000
 335  9.19633699633700E-0001  1.29838827838828E+0000
 336  9.60732600732601E-0001  1.25487179487179E+0000
 337  1.00827838827839E+0000  8.28571428571429E-0001
 338  4.23223443223443E-0001  8.51941391941392E-0001
 339  4.98168498168498E-0001  8.92234432234432E-0001
 340  5.90842490842491E-0001 -9.57509157509158E-0002
 341  3.45860805860806E-0001 -5.38461538461538E-0002
 342  3.06373626373626E-0001 -1.83882783882784E-0002
 343  2.69304029304029E-0001  1.21025641025641E-0001
 344  1.30000000000000E+0000  9.12087912087912E-0002
 345  1.30000000000000E+0000  9.84102564102564E-0001
 346  1.25890109890110E+0000  9.42197802197802E-0001
 347  1.30000000000000E+0000  8.95457875457875E-0001
 348  1.30000000000000E+0000  1.06630036630037E+0000
 349  1.02761904761905E+0000  1.09128205128205E+0000
 350  1.10417582417582E+0000  1.13963369963370E+0000
 351  1.19443223443223E+0000  2.52380952380952E-0001
 352 -3.45054945054945E-0002  3.02344322344322E-0001
 353 -1.02197802197802E-0001  1.20974358974359E+0000
 354  1.30000000000000E+0000  6.88351648351648E-0001
 355  1.30000000000000E+0000 -1.83589743589744E-0001
 356  1.30000000000000E+0000 -2.21465201465201E-0001
 357  1.30000000000000E+0000 -2.48058608058608E-0001
 358  1.30000000000000E+0000  5.62637362637363E-0001
 359  1.30000000000000E+0000  5.48937728937729E-0001
 360  1.30000000000000E+0000  4.74798534798535E-0001
 361  1.30000000000000E+0000  1.30000000000000E+0000
 362  1.30000000000000E+0000  1.30000000000000E+0000
 363  1.30000000000000E+0000  6.92380952380952E-0001
 364 -5.51868131868132E-0001  7.35897435897436E-0001
 365 -6.07472527472527E-0001 -5.00293040293040E-0001
 366  7.76996336996337E-0001 -5.37362637362637E-0001
 367  6.93992673992674E-0001 -5.76849816849817E-0001
 368  6.11794871794872E-0001  1.95970695970696E-0001
 369  1.30000000000000E+0000  1.56483516483516E-0001
 370  1.30000000000000E+0000  1.30000000000000E+0000
 371  1.30000000000000E+0000  1.30000000000000E+0000
 372  1.30000000000000E+0000  9.64761904761905E-0001
 373 -9.82197802197802E-0001  1.30000000000000E+0000
 374  1.30000000000000E+0000 -7.91208791208791E-0003
 375  1.30000000000000E+0000  1.30000000000000E+0000
 376  1.30000000000000E+0000  1.30000000000000E+0000
 377  1.30000000000000E+0000  1.30000000000000E+0000
 378  1.30000000000000E+0000  1.30000000000000E+0000
 379  1.30000000000000E+0000  1.17106227106227E+0000
 380 -1.28681318681319E+0000  1.19684981684982E+0000
 381 -1.33516483516484E+0000 -1.01201465201465E+0000
 382 -1.79560439560440E-0001 -1.04183150183150E+0000
 383 -2.34358974358974E-0001  1.24520146520147E+0000
 384 -1.40769230769231E+0000 -2.25494505494505E-0001
 385  1.30000000000000E+0000  1.30000000000000E+0000
 386  1.30000000000000E+0000  1.30000000000000E+0000
 387  1.30000000000000E+0000  1.30000000000000E+0000
 388  1.30000000000000E+0000  1.30000000000000E+0000
 389 -1.57450549450549E+0000  1.30000000000000E+0000
 390 -1.60835164835165E+0000 -1.21670329670330E+0000
 391 -5.09963369963370E-0001  1.30000000000000E+0000
 392 -1.63978021978022E+0000 -1.25296703296703E+0000
 393 -5.83296703296703E-0001  1.30000000000000E+0000
 394 -1.67040293040293E+0000  1.30000000000000E+0000
 395  1.30000000000000E+0000  1.30000000000000E+0000
 396 -1.70586080586081E+0000  1.30000000000000E+0000
 397 -1.77032967032967E+0000 -1.35853479853480E+0000
 398 -6.99340659340659E-0001 -1.38271062271062E+0000
 399 -6.09084249084249E-0001 -4.43076923076923E-0001
 400  1.30000000000000E+0000  1.30000000000000E+0000
 401  1.30000000000000E+0000  1.30000000000000E+0000
 402  1.30000000000000E+0000  1.30000000000000E+0000
 403 -2.00000000000000E+0000  1.30000000000000E+0000
 404 -2.00000000000000E+0000 -1.57208791208791E+0000
 405 -9.21758241758242E-0001 -1.63010989010989E+0000
 406 -9.56410256410256E-0001 -5.75238095238095E-0001
 407  1.30000000000000E+0000 -5.97802197802198E-0001
 408  1.30000000000000E+0000 -1.71069597069597E+0000
 409 -1.03377289377289E+0000  1.30000000000000E+0000
 410 -2.00000000000000E+0000  1.30000000000000E+0000
 411  1.30000000000000E+0000 -6.59853479853480E-0001
 412  1.30000000000000E+0000  1.30000000000000E+0000
 413  1.30000000000000E+0000  1.30000000000000E+0000
 414  1.30000000000000E+0000  1.30000000000000E+0000
 415 -2.00000000000000E+0000  1.30000000000000E+0000
 416 -2.00000000000000E+0000 -1.92505494505495E+0000
 417 -1.22476190476190E+0000 -1.95326007326007E+0000
 418 -1.25699633699634E+0000 -7.27545787545788E-0001
 419  1.30000000000000E+0000 -7.38827838827839E-0001
 420  1.30000000000000E+0000 -2.00000000000000E+0000
 421 -1.32227106227106E+0000 -2.00000000000000E+0000
 422 -1.34644688644689E+0000 -7.63809523809524E-0001
 423  1.30000000000000E+0000 -7.75091575091575E-0001
 424  1.30000000000000E+0000  1.30000000000000E+0000
 425  1.30000000000000E+0000  1.30000000000000E+0000
 426 -2.00000000000000E+0000 -2.00000000000000E+0000
 427 -1.46490842490842E+0000 -8.36336996336996E-0001
 428  1.30000000000000E+0000  1.30000000000000E+0000
 429  1.30000000000000E+0000  1.30000000000000E+0000
 430 -2.00000000000000E+0000  1.30000000000000E+0000
 431 -2.00000000000000E+0000 -2.00000000000000E+0000
 432 -1.54710622710623E+0000  1.30000000000000E+0000
 433 -2.00000000000000E+0000  1.30000000000000E+0000
 434  1.30000000000000E+0000 -8.77435897435897E-0001
 435  1.30000000000000E+0000 -2.00000000000000E+0000
 436 -1.52373626373626E+0000 -8.66959706959707E-0001
 437  1.30000000000000E+0000 -8.93553113553114E-0001
 438  1.30000000000000E+0000  1.30000000000000E+0000
 439  1.30000000000000E+0000  1.30000000000000E+0000
 440 -2.00000000000000E+0000 -2.00000000000000E+0000
 441 -1.59868131868132E+0000 -8.86300366300366E-0001
 442  1.30000000000000E+0000  1.30000000000000E+0000
 443  1.30000000000000E+0000  1.30000000000000E+0000
 444 -2.00000000000000E+0000 -2.00000000000000E+0000
 445 -1.58417582417582E+0000 -8.73406593406593E-0001
 446  1.30000000000000E+0000  1.30000000000000E+0000
 447  1.30000000000000E+0000  1.30000000000000E+0000
 448 -2.00000000000000E+0000 -2.00000000000000E+0000
 449 -1.55919413919414E+0000 -8.46813186813187E-0001
 450  1.30000000000000E+0000 -8.34725274725275E-0001
 451  1.30000000000000E+0000  1.30000000000000E+0000
 452  1.30000000000000E+0000  1.30000000000000E+0000
 453 -2.00000000000000E+0000 -2.00000000000000E+0000
 454 -1.50761904761905E+0000 -8.11355311355311E-0001
 455  1.30000000000000E+0000  1.30000000000000E+0000
 456  1.30000000000000E+0000  1.30000000000000E+0000
 457 -2.00000000000000E+0000 -2.00000000000000E+0000
 458 -1.44073260073260E+0000 -7.78315018315018E-0001
 459  3.52307692307692E-0001  1.30000000000000E+0000
 460  1.30000000000000E+0000  1.30000000000000E+0000
 461 -2.00000000000000E+0000  8.54358974358974E-0001
 462 -1.38109890109890E+0000 -7.19487179487179E-0001
 463 -2.00000000000000E+0000 -2.00000000000000E+0000
 464  1.30000000000000E+0000  1.30000000000000E+0000
 465 -2.00000000000000E+0000  1.30000000000000E+0000
 466 -1.28036630036630E+0000 -6.59853479853480E-0001
 467 -2.00000000000000E+0000 -2.00000000000000E+0000
 468  1.30000000000000E+0000  1.30000000000000E+0000
 469 -2.00000000000000E+0000  1.30000000000000E+0000
 470 -1.18205128205128E+0000 -6.17948717948718E-0001
 471 -2.00000000000000E+0000 -2.00000000000000E+0000
 472  1.30000000000000E+0000  1.30000000000000E+0000
 473 -2.00000000000000E+0000  1.30000000000000E+0000
 474 -1.08937728937729E+0000 -5.34139194139194E-0001
 475 -2.00000000000000E+0000 -2.00000000000000E+0000
 476  1.30000000000000E+0000  1.30000000000000E+0000
 477  1.30000000000000E+0000  1.30000000000000E+0000
 478 -9.93479853479853E-0001 -4.74505494505495E-0001
 479 -2.00000000000000E+0000 -2.00000000000000E+0000
 480  1.30000000000000E+0000  1.30000000000000E+0000
 481  1.30000000000000E+0000  1.30000000000000E+0000
 482 -8.68571428571429E-0001 -4.15677655677656E-0001
 483 -2.00000000000000E+0000 -2.00000000000000E+0000
 484  1.30000000000000E+0000  1.30000000000000E+0000
 485  1.30000000000000E+0000  1.30000000000000E+0000
 486 -7.69450549450549E-0001 -3.56849816849817E-0001
 487 -2.00000000000000E+0000 -2.00000000000000E+0000
 488  1.30000000000000E+0000  1.30000000000000E+0000
 489  1.30000000000000E+0000  1.30000000000000E+0000
 490 -6.75164835164835E-0001 -2.00000000000000E+0000
 491  1.30000000000000E+0000  1.28549450549451E+0000
 492  1.30000000000000E+0000  1.30000000000000E+0000
 493 -5.61538461538462E-0001 -1.89230769230769E-0001
 494 -2.00000000000000E+0000 -2.00000000000000E+0000
 495  1.30000000000000E+0000  1.19684981684982E+0000
 496  1.30000000000000E+0000  1.30000000000000E+0000
 497 -4.33406593406593E-0001 -1.05421245421245E-0001
 498 -2.00000000000000E+0000 -2.00000000000000E+0000
 499  1.30000000000000E+0000  1.12593406593407E+0000
 500  1.30000000000000E+0000  1.30000000000000E+0000
 501 -3.12527472527473E-0001 -3.36996336996337E-0002
 502 -2.00000000000000E+0000 -1.85816849816850E+0000
 503  1.30000000000000E+0000  1.30000000000000E+0000
 504 -1.99706959706960E-0001 -1.67040293040293E+0000
 505  1.30000000000000E+0000  9.65567765567766E-0001
 506  1.30000000000000E+0000 -1.51890109890110E+0000
 507  1.30000000000000E+0000  9.31721611721612E-0001
 508  1.30000000000000E+0000  9.13992673992674E-0001
 509  1.30000000000000E+0000  8.96263736263736E-0001
 510  1.30000000000000E+0000  8.74505494505495E-0001
 511  1.30000000000000E+0000 -1.33919413919414E+0000
 512  1.30000000000000E+0000 -1.29084249084249E+0000
 513  1.30000000000000E+0000  2.41098901098901E-0001
 514 -1.54307692307692E+0000  2.54798534798535E-0001
 515 -1.46329670329670E+0000  1.30000000000000E+0000
 516  1.91941391941392E-0001  1.30000000000000E+0000
 517  2.29816849816850E-0001  7.56043956043956E-0001
 518  1.30000000000000E+0000 -1.07003663003663E+0000
 519  1.17992673992674E+0000  7.23809523809524E-0001
 520  1.30000000000000E+0000 -1.00879120879121E+0000
 521  1.14527472527473E+0000 -9.55604395604396E-0001
 522  1.08080586080586E+0000 -8.87106227106227E-0001
 523  1.04454212454212E+0000 -8.40366300366300E-0001
 524  1.00102564102564E+0000  5.77948717948718E-0001
 525  1.30000000000000E+0000  1.30000000000000E+0000
 526  5.88424908424908E-0001  1.30000000000000E+0000
 527  6.25494505494505E-0001  5.71501831501832E-0001
 528 -2.96410256410256E-0001  6.02930402930403E-0001
 529 -2.01318681318681E-0001  1.30000000000000E+0000
 530  7.17362637362637E-0001  6.51282051282051E-0001
 531 -4.90109890109890E-0002 -4.17289377289377E-0001
 532  6.31941391941392E-0001 -3.82637362637363E-0001
 533  5.94871794871795E-0001  3.49890109890110E-0001
 534  1.30000000000000E+0000  1.30000000000000E+0000
 535  9.02710622710623E-0001  7.68131868131868E-0001
 536  3.55531135531136E-0001 -2.41611721611722E-0001
 537  4.23223443223443E-0001  2.62051282051282E-0001
 538  1.30000000000000E+0000  8.58388278388278E-0001
 539  5.00586080586081E-0001  1.77435897435897E-0001
 540  1.30000000000000E+0000  1.09692307692308E+0000
 541  1.15575091575092E+0000  9.26080586080586E-0001
 542  6.94798534798535E-0001  9.44322344322344E-0002
 543  1.30000000000000E+0000  9.87326007326007E-0001
 544  1.28307692307692E+0000  9.35750915750916E-0001
 545  1.30000000000000E+0000  2.02930402930403E-0002
 546  1.30000000000000E+0000  8.68058608058608E-0001
 547  1.30000000000000E+0000  1.12915750915751E+0000
 548  1.17106227106227E+0000 -1.05421245421245E-0001
 549  1.30000000000000E+0000  1.19282051282051E+0000
 550  1.30000000000000E+0000 -1.72307692307692E-0001
 551  1.30000000000000E+0000  6.87545787545788E-0001
 552  1.30000000000000E+0000  1.26131868131868E+0000
 553  1.30000000000000E+0000  4.13553113553114E-0001
 554 -1.93260073260073E-0001  5.67472527472527E-0001
 555  1.30000000000000E+0000  5.32014652014652E-0001
 556 -3.55238095238095E-0001  4.53040293040293E-0001
 557  1.30000000000000E+0000  6.38388278388278E-0001
 558 -5.13992673992674E-0001  3.56336996336996E-0001
 559  1.30000000000000E+0000  7.14945054945055E-0001
 560 -6.30036630036630E-0001  2.83809523809524E-0001
 561  1.30000000000000E+0000  7.98754578754579E-0001
 562 -7.38021978021978E-0001  2.12893772893773E-0001
 563  1.30000000000000E+0000  8.49523809523810E-0001
 564 -8.08131868131868E-0001  1.32307692307692E-0001
 565  1.30000000000000E+0000  9.47032967032967E-0001
 566 -9.40293040293040E-0001  1.30000000000000E+0000
 567  1.30000000000000E+0000  1.30000000000000E+0000
 568  1.30000000000000E+0000  1.04051282051282E+0000
 569 -1.10146520146520E+0000 -8.48424908424908E-0001
 570  7.67032967032967E-0002  1.30000000000000E+0000
 571  1.30000000000000E+0000 -9.48351648351648E-0001
 572 -5.94871794871795E-0002  1.30000000000000E+0000
 573  1.30000000000000E+0000 -1.01684981684982E+0000
 574 -1.86813186813187E-0001 -1.90842490842491E-0001
 575  1.30000000000000E+0000  1.24600732600733E+0000
 576 -1.42219780219780E+0000 -2.60146520146520E-0001
 577  1.30000000000000E+0000  1.28388278388278E+0000
 578 -1.49069597069597E+0000 -2.78681318681319E-0001
 579  1.30000000000000E+0000  1.30000000000000E+0000
 580  1.30000000000000E+0000 -1.19655677655678E+0000
 581 -4.75311355311355E-0001  1.30000000000000E+0000
 582  1.30000000000000E+0000  1.30000000000000E+0000
 583 -1.66637362637363E+0000 -3.67326007326007E-0001
 584  1.30000000000000E+0000  1.30000000000000E+0000
 585 -1.77194139194139E+0000 -4.45494505494505E-0001
 586  1.30000000000000E+0000  1.30000000000000E+0000
 587  1.30000000000000E+0000 -1.45846153846154E+0000
 588 -8.06520146520147E-0001  1.30000000000000E+0000
 589  1.30000000000000E+0000 -1.57531135531136E+0000
 590 -9.29010989010989E-0001 -5.51868131868132E-0001
 591  1.30000000000000E+0000  1.30000000000000E+0000
 592 -2.00000000000000E+0000 -5.93772893772894E-0001
 593  1.30000000000000E+0000  1.30000000000000E+0000
 594  1.30000000000000E+0000 -1.73326007326007E+0000
 595 -1.06681318681319E+0000  1.30000000000000E+0000
 596  1.30000000000000E+0000  1.30000000000000E+0000
 597 -2.00000000000000E+0000 -6.54212454212454E-0001
 598  1.30000000000000E+0000  1.30000000000000E+0000
 599  1.30000000000000E+0000 -1.86945054945055E+0000
 600 -1.19252747252747E+0000  1.30000000000000E+0000
 601  1.30000000000000E+0000 -7.16263736263736E-0001
 602  1.30000000000000E+0000  1.30000000000000E+0000
 603 -2.00000000000000E+0000  1.30000000000000E+0000
 604  1.30000000000000E+0000 -2.00000000000000E+0000
 605 -1.38512820512821E+0000  1.30000000000000E+0000
 606  1.30000000000000E+0000  1.30000000000000E+0000
 607 -2.00000000000000E+0000 -8.00073260073260E-0001
 608  1.30000000000000E+0000 -2.00000000000000E+0000
 609 -1.44959706959707E+0000  1.30000000000000E+0000
 610  1.30000000000000E+0000 -2.00000000000000E+0000
 611 -1.48586080586081E+0000 -8.29890109890110E-0001
 612  1.30000000000000E+0000  1.30000000000000E+0000
 613 -2.00000000000000E+0000 -8.52454212454212E-0001
 614  1.30000000000000E+0000  1.30000000000000E+0000
 615  1.30000000000000E+0000 -2.00000000000000E+0000
 616 -1.52937728937729E+0000  1.30000000000000E+0000
 617  1.30000000000000E+0000  1.30000000000000E+0000
 618 -2.00000000000000E+0000 -8.58901098901099E-0001
 619  1.30000000000000E+0000  1.30000000000000E+0000
 620 -2.00000000000000E+0000 -2.00000000000000E+0000
 621 -1.56644688644689E+0000  1.30000000000000E+0000
 622  1.30000000000000E+0000 -2.00000000000000E+0000
 623 -1.57934065934066E+0000 -8.76630036630037E-0001
 624  1.30000000000000E+0000  1.30000000000000E+0000
 625 -2.00000000000000E+0000  1.30000000000000E+0000
 626  1.30000000000000E+0000 -2.00000000000000E+0000
 627 -1.57289377289377E+0000 -8.93553113553114E-0001
 628  1.30000000000000E+0000  1.30000000000000E+0000
 629  1.30000000000000E+0000  1.30000000000000E+0000
 630 -2.00000000000000E+0000  1.30000000000000E+0000
 631 -2.00000000000000E+0000 -2.00000000000000E+0000
 632 -1.58739926739927E+0000 -2.00000000000000E+0000
 633 -1.58095238095238E+0000 -8.84688644688645E-0001
 634  1.30000000000000E+0000 -2.00000000000000E+0000
 635 -1.58739926739927E+0000  1.30000000000000E+0000
 636  1.30000000000000E+0000 -2.00000000000000E+0000
 637 -1.57772893772894E+0000 -8.77435897435897E-0001
 638  1.30000000000000E+0000  1.30000000000000E+0000
 639 -2.00000000000000E+0000 -8.54871794871795E-0001
 640  1.30000000000000E+0000  1.30000000000000E+0000
 641  1.30000000000000E+0000 -2.00000000000000E+0000
 642 -1.54065934065934E+0000  1.30000000000000E+0000
 643 -2.00000000000000E+0000 -8.51648351648352E-0001
 644  1.30000000000000E+0000  1.30000000000000E+0000
 645  1.30000000000000E+0000  1.30000000000000E+0000
 646  1.30000000000000E+0000  1.30000000000000E+0000
 647 -2.00000000000000E+0000  1.30000000000000E+0000
 648 -2.00000000000000E+0000 -8.28278388278388E-0001
 649  1.30000000000000E+0000  1.30000000000000E+0000
 650 -2.00000000000000E+0000 -2.00000000000000E+0000
 651 -1.49875457875458E+0000  1.30000000000000E+0000
 652  1.30000000000000E+0000 -8.00879120879121E-0001
 653  1.30000000000000E+0000  1.30000000000000E+0000
 654 -2.00000000000000E+0000 -7.81538461538462E-0001
 655  6.75457875457875E-0001  1.30000000000000E+0000
 656  1.30000000000000E+0000 -1.31179487179487E+0000
 657 -1.41494505494505E+0000  1.19684981684982E+0000
 658  1.30000000000000E+0000 -7.46886446886447E-0001
 659 -2.00000000000000E+0000  1.30000000000000E+0000
 660 -2.00000000000000E+0000 -1.17721611721612E+0000
 661  1.30000000000000E+0000  1.30000000000000E+0000
 662 -1.33355311355311E+0000 -2.00000000000000E+0000
 663  1.30000000000000E+0000  1.30000000000000E+0000
 664 -2.00000000000000E+0000 -6.85641025641026E-0001
 665 -2.00000000000000E+0000  1.30000000000000E+0000
 666 -1.25054945054945E+0000 -2.00000000000000E+0000
 667  1.30000000000000E+0000  1.30000000000000E+0000
 668 -1.20542124542125E+0000 -6.34065934065934E-0001
 669 -2.00000000000000E+0000  1.30000000000000E+0000
 670 -2.00000000000000E+0000  1.30000000000000E+0000
 671 -1.17560439560440E+0000 -2.00000000000000E+0000
 672  1.30000000000000E+0000  1.30000000000000E+0000
 673 -1.10388278388278E+0000  1.30000000000000E+0000
 674 -2.00000000000000E+0000 -5.42197802197802E-0001
 675 -2.00000000000000E+0000 -2.00000000000000E+0000
 676  1.30000000000000E+0000  1.30000000000000E+0000
 677 -1.02974358974359E+0000  1.30000000000000E+0000
 678  1.30000000000000E+0000 -4.80146520146520E-0001
 679 -2.00000000000000E+0000 -2.00000000000000E+0000
 680  1.30000000000000E+0000 -2.00000000000000E+0000
 681  1.30000000000000E+0000 -2.00000000000000E+0000
 682  1.30000000000000E+0000 -2.00000000000000E+0000
 683  1.30000000000000E+0000 -2.00000000000000E+0000
 684  1.30000000000000E+0000  1.30000000000000E+0000
 685  1.30000000000000E+0000  1.30000000000000E+0000
 686 -8.37142857142857E-0001  1.30000000000000E+0000
 687  1.30000000000000E+0000 -3.52820512820513E-0001
 688 -2.00000000000000E+0000  1.30000000000000E+0000
 689 -7.43663003663004E-0001 -2.00000000000000E+0000
 690  1.30000000000000E+0000 -3.22197802197802E-0001
 691 -2.00000000000000E+0000  1.30000000000000E+0000
 692  1.30000000000000E+0000 -2.00000000000000E+0000
 693  1.30000000000000E+0000  1.30000000000000E+0000
 694 -6.21978021978022E-0001 -2.00000000000000E+0000
 695  1.30000000000000E+0000  1.29516483516484E+0000
 696  1.30000000000000E+0000 -2.16630036630037E-0001
 697 -2.00000000000000E+0000  1.26131868131868E+0000
 698  1.30000000000000E+0000  1.30000000000000E+0000
 699 -5.18827838827839E-0001 -2.00000000000000E+0000
 700  1.30000000000000E+0000  1.30000000000000E+0000
 701 -4.85787545787546E-0001 -1.78754578754579E-0001
 702 -2.00000000000000E+0000  1.20974358974359E+0000
 703  1.30000000000000E+0000 -2.00000000000000E+0000
 704  1.30000000000000E+0000  1.30000000000000E+0000
 705 -3.97142857142857E-0001 -2.00000000000000E+0000
 706  1.30000000000000E+0000  1.14527472527473E+0000
 707  1.30000000000000E+0000 -6.99633699633700E-0002
 708 -2.00000000000000E+0000  1.30000000000000E+0000
 709 -2.46446886446886E-0001 -1.83963369963370E+0000
 710  1.30000000000000E+0000  1.30000000000000E+0000
 711 -2.12600732600733E-0001  1.46520146520147E-0004
 712 -2.00000000000000E+0000  1.04534798534799E+0000
 713  1.30000000000000E+0000 -1.70586080586081E+0000
 714  1.30000000000000E+0000  1.30000000000000E+0000
 715 -1.00586080586080E-0001 -1.58095238095238E+0000
 716  1.30000000000000E+0000  9.62344322344322E-0001
 717  1.30000000000000E+0000  1.16190476190476E-0001
 718 -2.00000000000000E+0000  1.30000000000000E+0000
 719 -6.59340659340659E-0004 -1.48263736263736E+0000
 720  1.30000000000000E+0000  2.01611721611722E-0001
 721 -1.70827838827839E+0000  8.33406593406593E-0001
 722  1.30000000000000E+0000  2.61245421245421E-0001
 723 -1.43670329670330E+0000 -1.20058608058608E+0000
 724  1.28952380952381E+0000  1.30000000000000E+0000
 725  2.51575091575092E-0001 -1.09824175824176E+0000
 726  1.21538461538462E+0000  7.43150183150183E-0001
 727  1.30000000000000E+0000  3.44249084249084E-0001
 728 -1.15465201465201E+0000  7.18168498168498E-0001
 729  1.30000000000000E+0000  1.30000000000000E+0000
 730  3.11208791208791E-0001 -1.01201465201465E+0000
 731  1.16139194139194E+0000  1.30000000000000E+0000
 732  2.20146520146520E-0001  3.67619047619048E-0001
 733 -9.04835164835165E-0001  6.82710622710623E-0001
 734  1.30000000000000E+0000 -9.05641025641026E-0001
 735  1.07516483516484E+0000  1.30000000000000E+0000
 736  4.49010989010989E-0001  6.03736263736264E-0001
 737  1.30000000000000E+0000  4.75604395604396E-0001
 738 -6.38901098901099E-0001 -7.83956043956044E-0001
 739  9.64761904761905E-0001  1.30000000000000E+0000
 740  5.52161172161172E-0001 -7.07399267399267E-0001
 741  8.99487179487179E-0001  5.36849816849817E-0001
 742  1.30000000000000E+0000  5.52161172161172E-0001
 743 -3.81025641025641E-0001 -6.21172161172161E-0001
 744  8.22930402930403E-0001  4.94945054945055E-0001
 745  1.30000000000000E+0000  4.86886446886447E-0001
 746  1.30000000000000E+0000  4.80439560439560E-0001
 747  1.30000000000000E+0000  4.72380952380952E-0001
 748  1.30000000000000E+0000  4.64322344322344E-0001
 749  1.30000000000000E+0000  4.49010989010989E-0001
 750  1.30000000000000E+0000  1.30000000000000E+0000
 751  7.47985347985348E-0001 -4.75311355311355E-0001
 752  7.06886446886447E-0001  7.00439560439560E-0001
 753  6.54212454212454E-0002  3.16849816849817E-0001
 754  1.30000000000000E+0000  1.30000000000000E+0000
 755  9.48644688644689E-0001 -2.51282051282051E-0001
 756  5.12673992673993E-0001  8.22930402930403E-0001
 757  3.97435897435897E-0001  2.18534798534799E-0001
 758  1.30000000000000E+0000  8.87399267399267E-0001
 759  5.65054945054945E-0001 -1.05421245421245E-0001
 760  3.54725274725275E-0001  1.09208791208791E+0000
 761  1.15978021978022E+0000  1.18608058608058E-0001
 762  1.30000000000000E+0000  9.78461538461538E-0001
 763  8.10036630036630E-0001  5.97802197802198E-0002
 764  1.30000000000000E+0000  9.51062271062271E-0001
 765  1.30000000000000E+0000  1.23443223443223E-0001
 766  7.10622710622711E-0002  1.08644688644689E+0000
 767  1.08000000000000E+0000 -4.98168498168498E-0002
 768  1.30000000000000E+0000  8.06007326007326E-0001
 769  1.30000000000000E+0000 -1.06227106227106E-0001
 770  1.30000000000000E+0000  1.21538461538462E+0000
 771  1.30000000000000E+0000 -1.74725274725275E-0001
 772  1.30000000000000E+0000  6.65787545787546E-0001
 773  1.30000000000000E+0000  4.29670329670330E-0001
 774 -2.23882783882784E-0001  5.58608058608059E-0001
 775  1.30000000000000E+0000  1.30000000000000E+0000
 776  1.30000000000000E+0000 -2.60952380952381E-0001
 777  1.30000000000000E+0000  5.56190476190476E-0001
 778  1.30000000000000E+0000  5.59413919413919E-0001
 779 -3.65714285714286E-0001  4.40146520146520E-0001
 780  1.30000000000000E+0000  1.30000000000000E+0000
 781  1.30000000000000E+0000 -4.01978021978022E-0001
 782  9.65567765567766E-0001  3.88571428571429E-0001
 783  1.30000000000000E+0000  6.79487179487179E-0001
 784 -5.63150183150183E-0001  3.16849816849817E-0001
 785  1.30000000000000E+0000  1.30000000000000E+0000
 786  1.30000000000000E+0000 -5.03516483516484E-0001
 787  7.56849816849817E-0001  7.78608058608059E-0001
 788 -7.20293040293040E-0001  2.34652014652015E-0001
 789  1.30000000000000E+0000 -5.67985347985348E-0001
 790  7.79413919413919E-0001  1.30000000000000E+0000
 791  1.30000000000000E+0000  1.50842490842491E-0001
 792  1.30000000000000E+0000  9.14798534798535E-0001
 793 -8.88717948717949E-0001  9.74432234432234E-0001
 794 -9.44322344322344E-0001 -9.52380952380952E-0003
 795  1.30000000000000E+0000  1.30000000000000E+0000
 796  1.30000000000000E+0000 -8.37948717948718E-0001
 797  4.93040293040293E-0002  1.30000000000000E+0000
 798  1.30000000000000E+0000  1.10417582417582E+0000
 799 -1.17157509157509E+0000 -1.19926739926739E-0001
 800  1.30000000000000E+0000  1.30000000000000E+0000
 801  1.30000000000000E+0000 -9.56410256410256E-0001
 802 -1.48131868131868E-0001 -1.56996336996337E-0001
 803  1.30000000000000E+0000  1.19684981684982E+0000
 804 -1.35611721611722E+0000 -1.95677655677656E-0001
 805  1.30000000000000E+0000 -1.09824175824176E+0000
 806 -3.29450549450549E-0001  1.30000000000000E+0000
 807  1.30000000000000E+0000 -3.11721611721612E-0001
 808  1.30000000000000E+0000  1.30000000000000E+0000
 809 -1.70263736263736E+0000 -3.76996336996337E-0001
 810  1.30000000000000E+0000  1.30000000000000E+0000
 811  1.30000000000000E+0000 -1.35128205128205E+0000
 812 -6.89670329670330E-0001  1.30000000000000E+0000
 813  1.30000000000000E+0000  1.30000000000000E+0000
 814 -1.91860805860806E+0000 -4.70476190476190E-0001
 815  1.30000000000000E+0000  1.30000000000000E+0000
 816 -2.00000000000000E+0000 -1.51084249084249E+0000
 817 -8.63736263736264E-0001  1.30000000000000E+0000
 818  1.30000000000000E+0000 -5.72820512820513E-0001
 819  1.30000000000000E+0000  1.30000000000000E+0000
 820 -2.00000000000000E+0000  1.30000000000000E+0000
 821  1.30000000000000E+0000 -1.85655677655678E+0000
 822 -1.17238095238095E+0000  1.30000000000000E+0000
 823 -2.00000000000000E+0000 -7.06593406593407E-0001
 824  1.30000000000000E+0000 -2.00000000000000E+0000
 825 -1.29890109890110E+0000  1.30000000000000E+0000
 826  1.30000000000000E+0000 -2.00000000000000E+0000
 827 -1.36336996336996E+0000  1.30000000000000E+0000
 828  1.30000000000000E+0000  1.30000000000000E+0000
 829 -2.00000000000000E+0000 -7.95238095238095E-0001
 830  1.30000000000000E+0000 -2.00000000000000E+0000
 831 -1.34644688644689E+0000  1.30000000000000E+0000
 832  1.30000000000000E+0000 -2.00000000000000E+0000
 833 -1.46087912087912E+0000 -8.24249084249084E-0001
 834  1.30000000000000E+0000  1.30000000000000E+0000
 835 -2.00000000000000E+0000 -2.00000000000000E+0000
 836 -1.48424908424908E+0000  1.30000000000000E+0000
 837  1.30000000000000E+0000 -2.00000000000000E+0000
 838 -1.51084249084249E+0000 -8.46813186813187E-0001
 839  1.30000000000000E+0000  1.30000000000000E+0000
 840 -2.00000000000000E+0000 -2.00000000000000E+0000
 841 -1.52776556776557E+0000  1.30000000000000E+0000
 842  1.30000000000000E+0000 -2.00000000000000E+0000
 843 -1.55113553113553E+0000  1.30000000000000E+0000
 844  1.30000000000000E+0000 -2.00000000000000E+0000
 845 -1.56725274725275E+0000  1.30000000000000E+0000
 846  1.30000000000000E+0000 -2.00000000000000E+0000
 847 -1.59706959706960E+0000 -8.79047619047619E-0001
 848  1.30000000000000E+0000  1.30000000000000E+0000
 849 -2.00000000000000E+0000  1.30000000000000E+0000
 850  1.30000000000000E+0000 -2.00000000000000E+0000
 851 -1.58014652014652E+0000 -8.67765567765568E-0001
 852  1.30000000000000E+0000  1.30000000000000E+0000
 853 -2.00000000000000E+0000 -2.00000000000000E+0000
 854 -1.57289377289377E+0000 -2.00000000000000E+0000
 855 -1.56725274725275E+0000 -2.00000000000000E+0000
 856 -1.56241758241758E+0000 -2.00000000000000E+0000
 857 -1.56080586080586E+0000 -2.00000000000000E+0000
 858 -1.55516483516484E+0000 -2.00000000000000E+0000
 859 -1.54710622710623E+0000 -2.00000000000000E+0000
 860 -1.54952380952381E+0000 -2.00000000000000E+0000
 861 -1.53904761904762E+0000 -8.50036630036630E-0001
 862  1.30000000000000E+0000 -8.36336996336996E-0001
 863  1.30000000000000E+0000 -8.41172161172161E-0001
 864  1.30000000000000E+0000 -8.29890109890110E-0001
 865  1.30000000000000E+0000 -8.32307692307692E-0001
 866  1.30000000000000E+0000 -8.25860805860806E-0001
 867  1.30000000000000E+0000  1.30000000000000E+0000
 868  1.30000000000000E+0000 -2.00000000000000E+0000
 869 -1.48424908424908E+0000  1.30000000000000E+0000
 870 -2.00000000000000E+0000 -8.04102564102564E-0001
 871  1.30000000000000E+0000 -2.00000000000000E+0000
 872 -1.44073260073260E+0000  1.30000000000000E+0000
 873  1.30000000000000E+0000 -1.25699633699634E+0000
 874 -1.40849816849817E+0000 -7.67838827838828E-0001
 875 -1.56886446886447E+0000  1.30000000000000E+0000
 876 -2.00000000000000E+0000 -7.42051282051282E-0001
 877 -2.00000000000000E+0000 -1.43296703296703E-0001
 878  1.30000000000000E+0000  1.20410256410256E+0000
 879 -1.37062271062271E+0000 -1.46974358974359E+0000
 880  1.30000000000000E+0000  1.30000000000000E+0000
 881 -2.00000000000000E+0000 -7.07399267399267E-0001
 882 -2.00000000000000E+0000  1.30000000000000E+0000
 883 -2.00000000000000E+0000  1.30000000000000E+0000
 884 -1.28358974358974E+0000 -2.00000000000000E+0000
 885  1.30000000000000E+0000 -6.66300366300366E-0001
 886 -2.00000000000000E+0000  1.30000000000000E+0000
 887 -2.00000000000000E+0000 -2.00000000000000E+0000
 888  1.30000000000000E+0000  1.30000000000000E+0000
 889 -1.19897435897436E+0000  1.30000000000000E+0000
 890 -2.00000000000000E+0000 -6.17948717948718E-0001
 891 -2.00000000000000E+0000  1.30000000000000E+0000
 892 -1.11597069597070E+0000 -2.00000000000000E+0000
 893  1.30000000000000E+0000 -5.47838827838828E-0001
 894 -2.00000000000000E+0000 -2.00000000000000E+0000
 895  1.30000000000000E+0000  1.30000000000000E+0000
 896 -1.00476190476190E+0000 -5.15604395604396E-0001
 897 -2.00000000000000E+0000  1.30000000000000E+0000
 898  1.30000000000000E+0000 -2.00000000000000E+0000
 899  1.30000000000000E+0000  1.30000000000000E+0000
 900 -8.88717948717949E-0001 -2.00000000000000E+0000
 901  1.30000000000000E+0000  1.30000000000000E+0000
 902  1.30000000000000E+0000 -3.78608058608059E-0001
 903 -2.00000000000000E+0000 -2.00000000000000E+0000
 904  1.30000000000000E+0000  1.30000000000000E+0000
 905 -7.22710622710623E-0001 -2.00000000000000E+0000
 906  1.30000000000000E+0000 -2.60146520146520E-0001
 907 -2.00000000000000E+0000  1.26131868131868E+0000
 908  1.30000000000000E+0000 -1.80366300366300E-0001
 909 -2.00000000000000E+0000 -2.00000000000000E+0000
 910  1.30000000000000E+0000  1.30000000000000E+0000
 911 -3.92307692307692E-0001 -1.97018315018315E+0000
 912  1.30000000000000E+0000  1.11868131868132E+0000
 913  1.30000000000000E+0000 -1.91941391941392E-0002
 914 -2.00000000000000E+0000  1.30000000000000E+0000
 915 -1.25567765567766E-0001 -1.60835164835165E+0000
 916  1.30000000000000E+0000  1.30000000000000E+0000
 917 -2.27106227106227E-0003  1.33919413919414E-0001
 918 -1.94117216117216E+0000  8.84981684981685E-0001
 919  1.30000000000000E+0000  2.08864468864469E-0001
 920 -1.62930402930403E+0000 -1.30212454212454E+0000
 921  1.30000000000000E+0000  1.30000000000000E+0000
 922  2.00000000000000E-0001  7.52820512820513E-0001
 923  1.30000000000000E+0000  3.49084249084249E-0001
 924 -1.07487179487179E+0000 -1.00637362637363E+0000
 925  1.13882783882784E+0000  1.30000000000000E+0000
 926  3.95018315018315E-0001 -8.27472527472527E-0001
 927  9.57509157509158E-0001  6.01318681318681E-0001
 928  1.30000000000000E+0000  5.23956043956044E-0001
 929 -4.88205128205128E-0001  4.85274725274725E-0001
 930  1.30000000000000E+0000  6.16630036630037E-0001
 931 -1.63443223443223E-0001  4.00659340659341E-0001
 932  1.30000000000000E+0000 -3.68937728937729E-0001
 933  5.83589743589744E-0001  1.30000000000000E+0000
 934  9.51868131868132E-0001  2.60439560439560E-0001
 935  1.30000000000000E+0000  8.43882783882784E-0001
 936  5.26373626373626E-0001  1.19040293040293E+0000
 937  1.02761904761905E+0000 -2.00000000000000E-0002
 938  2.64468864468864E-0001  1.00021978021978E+0000
 939  9.05128205128205E-0001  4.98168498168498E-0003
 940  1.30000000000000E+0000  2.34652014652015E-0001
 941 -3.45054945054945E-0002 -7.72161172161172E-0002
 942  1.30000000000000E+0000  1.20571428571429E+0000
 943  1.30000000000000E+0000  6.30329670329670E-0001
 944  1.30000000000000E+0000  4.98168498168498E-0001
 945 -3.69743589743590E-0001  4.68351648351648E-0001
 946  1.30000000000000E+0000  1.30000000000000E+0000
 947  1.30000000000000E+0000 -4.22930402930403E-0001
 948  1.15172161172161E+0000  7.48791208791209E-0001
 949 -6.72747252747253E-0001  2.22564102564103E-0001
 950  1.30000000000000E+0000  8.77728937728938E-0001
 951 -8.50036630036630E-0001 -6.50989010989011E-0001
 952  4.58681318681319E-0001  1.30000000000000E+0000
 953  1.30000000000000E+0000  2.19047619047619E-0002
 954  1.30000000000000E+0000  1.05179487179487E+0000
 955 -1.12000000000000E+0000 -8.38754578754579E-0001
 956  1.20219780219780E-0001  1.30000000000000E+0000
 957  1.30000000000000E+0000 -1.12673992673992E-0001
 958  1.30000000000000E+0000  1.17106227106227E+0000
 959 -1.42139194139194E+0000  1.30000000000000E+0000
 960  1.30000000000000E+0000 -1.12161172161172E+0000
 961 -3.57655677655678E-0001 -1.16109890109890E+0000
 962 -4.16483516483516E-0001 -1.20542124542125E+0000
 963 -4.76923076923077E-0001 -1.24490842490842E+0000
 964 -5.32527472527473E-0001 -1.27553113553114E+0000
 965 -5.71208791208791E-0001  1.30000000000000E+0000
 966  1.30000000000000E+0000  1.30000000000000E+0000
 967 -1.81223443223443E+0000 -4.36630036630037E-0001
 968  1.30000000000000E+0000 -1.45684981684982E+0000
 969 -8.16190476190476E-0001  1.30000000000000E+0000
 970  1.30000000000000E+0000 -5.54285714285714E-0001
 971  1.30000000000000E+0000  1.30000000000000E+0000
 972 -2.00000000000000E+0000  1.30000000000000E+0000
 973  1.30000000000000E+0000 -1.72681318681319E+0000
 974 -1.10146520146520E+0000  1.30000000000000E+0000
 975  1.30000000000000E+0000  1.30000000000000E+0000
 976 -2.00000000000000E+0000 -6.56630036630037E-0001
 977  1.30000000000000E+0000 -1.87267399267399E+0000
 978 -1.19736263736264E+0000  1.30000000000000E+0000
 979  1.30000000000000E+0000 -7.13040293040293E-0001
 980  1.30000000000000E+0000  1.30000000000000E+0000
 981 -2.00000000000000E+0000  1.30000000000000E+0000
 982  1.30000000000000E+0000 -7.75897435897436E-0001
 983  1.30000000000000E+0000  1.30000000000000E+0000
 984 -2.00000000000000E+0000 -2.00000000000000E+0000
 985 -1.41736263736264E+0000 -8.06520146520147E-0001
 986  1.30000000000000E+0000  1.30000000000000E+0000
 987  1.30000000000000E+0000 -2.00000000000000E+0000
 988 -1.46652014652015E+0000 -8.33919413919414E-0001
 989  1.30000000000000E+0000 -2.00000000000000E+0000
 990 -1.52131868131868E+0000  1.30000000000000E+0000
 991  1.30000000000000E+0000 -8.65347985347985E-0001
 992  1.30000000000000E+0000  1.30000000000000E+0000
 993 -2.00000000000000E+0000 -2.00000000000000E+0000
 994 -1.55113553113553E+0000  1.30000000000000E+0000
 995  1.30000000000000E+0000 -8.75018315018315E-0001
 996  1.30000000000000E+0000  1.30000000000000E+0000
 997 -2.00000000000000E+0000  1.30000000000000E+0000
 998  1.30000000000000E+0000 -2.00000000000000E+0000
 999 -1.56967032967033E+0000  1.30000000000000E+0000
 1000 -2.00000000000000E+0000 -8.64542124542125E-0001
 1001  1.30000000000000E+0000 -2.00000000000000E+0000
 1002 -1.57611721611722E+0000  1.30000000000000E+0000
 1003  1.30000000000000E+0000 -8.28278388278388E-0001
 1004  1.30000000000000E+0000  1.30000000000000E+0000
 1005 -2.00000000000000E+0000 -2.00000000000000E+0000
 1006 -1.47860805860806E+0000  1.30000000000000E+0000
 1007  1.30000000000000E+0000 -2.00000000000000E+0000
 1008 -1.42945054945055E+0000 -7.76703296703297E-0001
 1009 -1.59062271062271E+0000  1.30000000000000E+0000
 1010 -2.00000000000000E+0000 -7.66227106227106E-0001
 1011 -1.38835164835165E+0000 -8.06520146520147E-0001
 1012  1.30000000000000E+0000 -7.03369963369963E-0001
 1013 -2.00000000000000E+0000  1.30000000000000E+0000
 1014 -2.00000000000000E+0000 -2.00000000000000E+0000
 1015  1.30000000000000E+0000  1.30000000000000E+0000
 1016 -1.21025641025641E+0000  1.30000000000000E+0000
 1017 -2.00000000000000E+0000 -5.82490842490842E-0001
 1018 -2.00000000000000E+0000 -2.00000000000000E+0000
 1019  1.30000000000000E+0000  1.30000000000000E+0000
 1020 -1.05875457875458E+0000  1.30000000000000E+0000
 1021  5.11062271062271E-0001 -4.71282051282051E-0001
 1022 -2.00000000000000E+0000  1.30000000000000E+0000
 1023  1.30000000000000E+0000  1.30000000000000E+0000
 1024 -8.66153846153846E-0001 -2.00000000000000E+0000
 1025  1.30000000000000E+0000 -3.53626373626374E-0001
 1026 -2.00000000000000E+0000  1.30000000000000E+0000
 1027  1.30000000000000E+0000 -2.00000000000000E+0000
 1028  1.30000000000000E+0000 -2.42417582417582E-0001
 1029 -2.00000000000000E+0000  1.25890109890110E+0000
 1030  1.30000000000000E+0000 -2.00000000000000E+0000
 1031  1.30000000000000E+0000  1.30000000000000E+0000
 1032 -3.66520146520147E-0001  1.11465201465201E+0000
 1033  1.30000000000000E+0000 -2.80586080586081E-0002
 1034 -2.00000000000000E+0000 -1.88717948717949E+0000
 1035  1.30000000000000E+0000  1.30000000000000E+0000
 1036 -1.53772893772894E-0001  2.35164835164835E-0002
 1037 -2.00000000000000E+0000  9.95384615384615E-0001
 1038  1.30000000000000E+0000  1.30000000000000E+0000
 1039 -8.04395604395604E-0002 -1.56967032967033E+0000
 1040  1.30000000000000E+0000  9.54285714285714E-0001
 1041  1.30000000000000E+0000  1.39560439560440E-0001
 1042 -1.97179487179487E+0000  1.30000000000000E+0000
 1043  8.79853479853480E-0002 -1.31340659340659E+0000
 1044  1.30000000000000E+0000  8.43076923076923E-0001
 1045  1.30000000000000E+0000  2.49157509157509E-0001
 1046 -1.48586080586081E+0000  1.30000000000000E+0000
 1047  2.49157509157509E-0001 -1.09340659340659E+0000
 1048  1.09369963369963E+0000  7.32673992673993E-0001
 1049  1.30000000000000E+0000  3.90989010989011E-0001
 1050 -9.61245421245421E-0001  1.30000000000000E+0000
 1051  4.91721611721612E-0001 -7.72673992673993E-0001
 1052  9.76043956043956E-0001  5.75531135531136E-0001
 1053  1.30000000000000E+0000  5.37655677655678E-0001
 1054 -4.41465201465201E-0001  1.30000000000000E+0000
 1055  7.35897435897436E-0001 -4.74505494505495E-0001
 1056  7.03663003663004E-0001  4.07106227106227E-0001
 1057  1.30000000000000E+0000  7.05274725274725E-0001
 1058  1.00073260073260E-0001  1.30000000000000E+0000
 1059  9.72014652014652E-0001 -2.49670329670330E-0001
 1060  3.83736263736264E-0001  2.70915750915751E-0001
 1061  1.30000000000000E+0000  8.71282051282051E-0001
 1062  5.81978021978022E-0001  1.06791208791209E+0000
 1063  1.21619047619048E+0000  5.57509157509158E-0002
 1064  1.81465201465201E-0001  6.30036630036630E-0002
 1065  1.30000000000000E+0000  1.06791208791209E+0000
 1066  1.07435897435897E+0000  8.01978021978022E-0001
 1067  1.30000000000000E+0000 -1.21538461538461E-0001
 1068  1.30000000000000E+0000  1.24358974358974E+0000
 1069  1.30000000000000E+0000  5.77948717948718E-0001
 1070  1.30000000000000E+0000  5.13479853479853E-0001
 1071 -3.78608058608059E-0001  1.30000000000000E+0000
 1072  1.30000000000000E+0000 -4.19706959706960E-0001
 1073  8.93040293040293E-0001  3.57948717948718E-0001
 1074  1.30000000000000E+0000  7.40732600732601E-0001
 1075 -6.25201465201465E-0001  1.30000000000000E+0000
 1076  1.30000000000000E+0000 -6.34065934065934E-0001
 1077  4.53846153846154E-0001  9.38168498168498E-0001
 1078 -9.29816849816850E-0001  3.39926739926740E-0002
 1079  1.30000000000000E+0000  1.30000000000000E+0000
 1080  1.30000000000000E+0000 -8.33919413919414E-0001
 1081  8.39560439560440E-0002  1.11948717948718E+0000
 1082 -1.26102564102564E+0000 -1.44908424908425E-0001
 1083  1.30000000000000E+0000  1.30000000000000E+0000
 1084  1.30000000000000E+0000 -1.06439560439560E+0000
 1085 -2.88351648351648E-0001  1.30000000000000E+0000
 1086  1.30000000000000E+0000  1.30000000000000E+0000
 1087  1.30000000000000E+0000  1.30000000000000E+0000
 1088  1.30000000000000E+0000  1.30000000000000E+0000
 1089  1.30000000000000E+0000  1.30000000000000E+0000
 1090  1.30000000000000E+0000  1.30000000000000E+0000
 1091  1.30000000000000E+0000  1.30000000000000E+0000
 1092 -1.90571428571429E+0000  1.30000000000000E+0000
 1093  1.30000000000000E+0000 -1.55838827838828E+0000
 1094 -9.12087912087912E-0001  1.30000000000000E+0000
 1095 -2.00000000000000E+0000 -6.21172161172161E-0001
 1096  1.30000000000000E+0000  1.30000000000000E+0000
 1097  1.30000000000000E+0000 -1.79611721611722E+0000
 1098 -1.12564102564103E+0000  1.30000000000000E+0000
 1099 -2.00000000000000E+0000 -7.09010989010989E-0001
 1100  1.30000000000000E+0000  1.30000000000000E+0000
 1101  1.30000000000000E+0000 -1.99758241758242E+0000
 1102 -1.28197802197802E+0000  1.30000000000000E+0000
 1103 -2.00000000000000E+0000 -7.71868131868132E-0001
 1104  1.30000000000000E+0000 -2.00000000000000E+0000
 1105 -1.33113553113553E+0000  1.30000000000000E+0000
 1106  1.30000000000000E+0000  1.30000000000000E+0000
 1107 -2.00000000000000E+0000 -8.27472527472527E-0001
 1108  1.30000000000000E+0000  1.30000000000000E+0000
 1109  1.30000000000000E+0000 -2.00000000000000E+0000
 1110 -1.51164835164835E+0000  1.30000000000000E+0000
 1111  1.30000000000000E+0000  1.30000000000000E+0000
 1112 -2.00000000000000E+0000 -8.66153846153846E-0001
 1113  1.30000000000000E+0000  1.30000000000000E+0000
 1114  1.30000000000000E+0000 -2.00000000000000E+0000
 1115 -1.54065934065934E+0000  1.30000000000000E+0000
 1116 -2.00000000000000E+0000 -8.80659340659341E-0001
 1117  1.30000000000000E+0000 -2.00000000000000E+0000
 1118 -1.51970695970696E+0000  1.30000000000000E+0000
 1119  1.30000000000000E+0000  1.30000000000000E+0000
 1120 -2.00000000000000E+0000 -8.69377289377289E-0001
 1121  1.30000000000000E+0000 -2.00000000000000E+0000
 1122 -1.52373626373626E+0000  1.30000000000000E+0000
 1123  1.30000000000000E+0000 -8.33113553113553E-0001
 1124  1.30000000000000E+0000  1.30000000000000E+0000
 1125 -2.00000000000000E+0000 -8.11355311355311E-0001
 1126  3.75677655677656E-0001 -2.00000000000000E+0000
 1127 -1.39479853479853E+0000  1.30000000000000E+0000
 1128  1.30000000000000E+0000 -7.45274725274725E-0001
 1129 -2.00000000000000E+0000  1.30000000000000E+0000
 1130 -2.00000000000000E+0000  1.30000000000000E+0000
 1131 -1.21509157509158E+0000 -2.00000000000000E+0000
 1132  1.30000000000000E+0000 -6.59853479853480E-0001
 1133 -2.00000000000000E+0000  1.30000000000000E+0000
 1134 -2.00000000000000E+0000  1.30000000000000E+0000
 1135 -1.04263736263736E+0000 -2.00000000000000E+0000
 1136  1.30000000000000E+0000 -5.57509157509158E-0001
 1137 -2.00000000000000E+0000  1.30000000000000E+0000
 1138  1.30000000000000E+0000  1.30000000000000E+0000
 1139 -8.43589743589744E-0001 -2.00000000000000E+0000
 1140  1.30000000000000E+0000 -4.33406593406593E-0001
 1141 -2.00000000000000E+0000  1.30000000000000E+0000
 1142  1.30000000000000E+0000  1.30000000000000E+0000
 1143 -6.34065934065934E-0001 -2.00000000000000E+0000
 1144  1.30000000000000E+0000 -3.05274725274725E-0001
 1145 -2.00000000000000E+0000  1.30000000000000E+0000
 1146  1.30000000000000E+0000  1.30000000000000E+0000
 1147 -4.08424908424908E-0001 -2.00000000000000E+0000
 1148  1.30000000000000E+0000  1.25487179487179E+0000
 1149  1.30000000000000E+0000 -1.59413919413919E-0001
 1150 -2.00000000000000E+0000  1.30000000000000E+0000
 1151 -1.48937728937729E-0001 -1.95406593406593E+0000
 1152  1.30000000000000E+0000  1.10659340659341E+0000
 1153  1.30000000000000E+0000  1.86813186813187E-0002
 1154 -1.86945054945055E+0000  9.84908424908425E-0001
 1155  1.30000000000000E+0000  1.30000000000000E+0000
 1156  1.25054945054945E-0001 -1.51084249084249E+0000
 1157  1.27179487179487E+0000  9.31721611721612E-0001
 1158  1.30000000000000E+0000  1.75824175824176E-0001
 1159 -1.16512820512821E+0000  1.30000000000000E+0000
 1160  3.71648351648352E-0001 -1.13128205128205E+0000
 1161  9.97802197802198E-0001  7.52820512820513E-0001
 1162  1.30000000000000E+0000  3.64395604395604E-0001
 1163 -4.99487179487179E-0001  1.30000000000000E+0000
 1164  6.81098901098901E-0001 -7.88791208791209E-0001
 1165  6.16630036630037E-0001  5.65054945054945E-0001
 1166  8.79853479853480E-0002  4.15970695970696E-0001
 1167  1.30000000000000E+0000  1.30000000000000E+0000
 1168  1.04131868131868E+0000 -3.65714285714286E-0001
 1169  4.22417582417582E-0001  7.81025641025641E-0001
 1170  6.85128205128205E-0001  2.16923076923077E-0001
 1171  1.30000000000000E+0000  1.20490842490842E+0000
 1172  1.30000000000000E+0000 -4.90109890109890E-0002
 1173  6.21978021978022E-0002  1.00183150183150E+0000
 1174  1.26776556776557E+0000 -6.30036630036630E-0003
 1175  1.30000000000000E+0000  8.79340659340659E-0001
 1176  1.30000000000000E+0000  2.00805860805861E-0001
 1177 -4.01978021978022E-0001  1.19362637362637E+0000
 1178  1.30000000000000E+0000 -1.89230769230769E-0001
 1179  1.11062271062271E+0000  4.85274725274725E-0001
 1180 -5.31721611721612E-0001  4.65128205128205E-0001
 1181  1.30000000000000E+0000  1.30000000000000E+0000
 1182  1.30000000000000E+0000 -4.14871794871795E-0001
 1183  6.55311355311355E-0001  3.76483516483516E-0001
 1184  1.30000000000000E+0000  7.24615384615385E-0001
 1185 -8.79853479853480E-0001  1.30000000000000E+0000
 1186  1.30000000000000E+0000  1.35531135531136E-0001
 1187  1.30000000000000E+0000  9.54285714285714E-0001
 1188 -1.34483516483516E+0000  1.30000000000000E+0000
 1189  1.30000000000000E+0000 -9.05641025641026E-0001
 1190 -2.59340659340659E-0001 -9.81684981684982E-0002
 1191  1.30000000000000E+0000  1.18073260073260E+0000
 1192 -1.53743589743590E+0000  1.30000000000000E+0000
 1193  1.30000000000000E+0000 -1.13369963369963E+0000
 1194 -5.57509157509158E-0001  1.30000000000000E+0000
 1195 -1.89604395604396E+0000 -3.66520146520147E-0001
 1196  1.30000000000000E+0000  1.30000000000000E+0000
 1197  1.30000000000000E+0000 -1.35692307692308E+0000
 1198 -7.85567765567766E-0001 -4.24542124542125E-0001
 1199  1.30000000000000E+0000  1.30000000000000E+0000
 1200 -2.00000000000000E+0000  1.30000000000000E+0000
 1201  1.30000000000000E+0000 -1.61802197802198E+0000
 1202 -1.05714285714286E+0000  1.30000000000000E+0000
 1203 -2.00000000000000E+0000  1.30000000000000E+0000
 1204  1.30000000000000E+0000 -1.87106227106227E+0000
 1205 -1.26666666666667E+0000 -6.92087912087912E-0001
 1206  1.30000000000000E+0000  1.30000000000000E+0000
 1207 -2.00000000000000E+0000 -1.96615384615385E+0000
 1208 -1.34241758241758E+0000  1.30000000000000E+0000
 1209  1.30000000000000E+0000  1.30000000000000E+0000
 1210 -2.00000000000000E+0000 -7.90402930402930E-0001
 1211  1.30000000000000E+0000 -2.00000000000000E+0000
 1212 -1.49633699633700E+0000  1.30000000000000E+0000
 1213 -2.00000000000000E+0000 -8.58095238095238E-0001
 1214  1.30000000000000E+0000 -2.00000000000000E+0000
 1215 -1.55355311355311E+0000  1.30000000000000E+0000
 1216  1.30000000000000E+0000  1.30000000000000E+0000
 1217 -2.00000000000000E+0000 -8.82271062271062E-0001
 1218  1.30000000000000E+0000 -2.00000000000000E+0000
 1219 -1.54630036630037E+0000  1.30000000000000E+0000
 1220 -2.00000000000000E+0000 -8.68571428571429E-0001
 1221  1.30000000000000E+0000  1.30000000000000E+0000
 1222  1.30000000000000E+0000 -2.00000000000000E+0000
 1223 -1.52776556776557E+0000 -8.73406593406593E-0001
 1224  1.30000000000000E+0000  1.30000000000000E+0000
 1225 -2.00000000000000E+0000 -2.00000000000000E+0000
 1226 -1.49633699633700E+0000 -2.00000000000000E+0000
 1227 -1.47619047619048E+0000 -2.00000000000000E+0000
 1228 -1.45120879120879E+0000 -8.14578754578755E-0001
 1229  1.25860805860806E-0001  1.30000000000000E+0000
 1230  1.30000000000000E+0000 -1.42380952380952E+0000
 1231 -1.35047619047619E+0000 -6.94505494505495E-0001
 1232 -1.96776556776557E+0000 -1.96776556776557E+0000
 1233 -1.92344322344322E+0000  1.30000000000000E+0000
 1234 -2.00000000000000E+0000 -7.00952380952381E-0001
 1235 -2.00000000000000E+0000 -2.00000000000000E+0000
 1236  1.30000000000000E+0000  1.30000000000000E+0000
 1237 -1.16835164835165E+0000  1.30000000000000E+0000
 1238 -2.00000000000000E+0000 -5.67985347985348E-0001
 1239 -2.00000000000000E+0000 -2.00000000000000E+0000
 1240  1.30000000000000E+0000  1.30000000000000E+0000
 1241 -9.33040293040293E-0001  1.30000000000000E+0000
 1242  1.30000000000000E+0000 -4.28571428571429E-0001
 1243 -2.00000000000000E+0000 -2.00000000000000E+0000
 1244  1.30000000000000E+0000 -3.56043956043956E-0001
 1245 -2.00000000000000E+0000  1.30000000000000E+0000
 1246  1.30000000000000E+0000  1.30000000000000E+0000
 1247 -5.18021978021978E-0001  1.30000000000000E+0000
 1248 -4.56776556776557E-0001  1.30000000000000E+0000
 1249 -4.15677655677656E-0001  1.30000000000000E+0000
 1250 -4.08424908424908E-0001  1.30000000000000E+0000
 1251 -2.55311355311355E-0001 -1.11868131868131E-0001
 1252 -2.00000000000000E+0000 -1.94761904761905E+0000
 1253  1.30000000000000E+0000  1.30000000000000E+0000
 1254 -5.78754578754579E-0002 -1.60996336996337E+0000
 1255  1.30000000000000E+0000  1.58095238095238E-0001
 1256 -1.50197802197802E+0000  8.46300366300366E-0001
 1257  1.30000000000000E+0000  1.30000000000000E+0000
 1258  3.12014652014652E-0001 -1.11113553113553E+0000
 1259  1.07677655677656E+0000  3.87765567765568E-0001
 1260 -5.84908424908425E-0001  6.02930402930403E-0001
 1261  1.30000000000000E+0000  1.30000000000000E+0000
 1262  6.19853479853480E-0001 -6.82417582417582E-0001
 1263  6.48864468864469E-0001  6.10183150183150E-0001
 1264  1.91135531135531E-0001  3.84542124542125E-0001
 1265  1.30000000000000E+0000 -3.13333333333333E-0001
 1266  2.91062271062271E-0001  1.30000000000000E+0000
 1267  1.09128205128205E+0000  8.05201465201465E-0001
 1268  7.97142857142857E-0001  1.88717948717949E-0001
 1269  1.30000000000000E+0000 -8.71794871794872E-0003
 1270 -6.30036630036630E-0003  1.01633699633700E+0000
 1271  1.28307692307692E+0000 -9.52380952380952E-0003
 1272  1.30000000000000E+0000  2.49963369963370E-0001
 1273 -2.82710622710623E-0001  7.30256410256410E-0001
 1274  1.30000000000000E+0000  1.20652014652015E+0000
 1275  1.30000000000000E+0000 -2.05347985347985E-0001
 1276  1.30000000000000E+0000  5.07838827838828E-0001
 1277 -5.56703296703297E-0001  4.74798534798535E-0001
 1278  1.30000000000000E+0000  1.30000000000000E+0000
 1279  1.30000000000000E+0000 -4.06007326007326E-0001
 1280  8.42271062271062E-0001  7.18974358974359E-0001
 1281 -8.24249084249084E-0001  2.33846153846154E-0001
 1282  1.30000000000000E+0000  1.30000000000000E+0000
 1283  1.30000000000000E+0000 -6.27619047619048E-0001
 1284  3.32967032967033E-0001  9.30915750915751E-0001
 1285 -1.10468864468864E+0000  4.52747252747253E-0002
 1286  1.30000000000000E+0000  1.30000000000000E+0000
 1287  1.30000000000000E+0000 -8.29084249084249E-0001
 1288  2.11282051282051E-0001  1.11304029304029E+0000
 1289 -1.32630036630037E+0000 -1.23956043956044E-0001
 1290  1.30000000000000E+0000  1.30000000000000E+0000
 1291  1.30000000000000E+0000 -1.02974358974359E+0000
 1292 -3.74578754578755E-0001  1.28227106227106E+0000
 1293 -1.63252747252747E+0000 -3.37509157509158E-0001
 1294  1.30000000000000E+0000  1.30000000000000E+0000
 1295  1.30000000000000E+0000 -1.28600732600733E+0000
 1296 -7.13846153846154E-0001 -3.83443223443223E-0001
 1297  1.30000000000000E+0000  1.30000000000000E+0000
 1298 -2.00000000000000E+0000 -1.37868131868132E+0000
 1299 -8.21831501831502E-0001  1.30000000000000E+0000
 1300  1.30000000000000E+0000 -5.00293040293040E-0001
 1301  1.30000000000000E+0000  1.30000000000000E+0000
 1302 -2.00000000000000E+0000 -1.64139194139194E+0000
 1303 -1.06036630036630E+0000  1.30000000000000E+0000
 1304  1.30000000000000E+0000 -6.46959706959707E-0001
 1305  1.30000000000000E+0000  1.30000000000000E+0000
 1306 -2.00000000000000E+0000 -1.88798534798535E+0000
 1307 -1.28842490842491E+0000  1.30000000000000E+0000
 1308  1.30000000000000E+0000 -7.69450549450549E-0001
 1309  1.30000000000000E+0000  1.30000000000000E+0000
 1310 -2.00000000000000E+0000 -2.00000000000000E+0000
 1311 -1.45443223443223E+0000  1.30000000000000E+0000
 1312  1.30000000000000E+0000 -8.26666666666667E-0001
 1313  1.30000000000000E+0000  1.30000000000000E+0000
 1314 -2.00000000000000E+0000  1.30000000000000E+0000
 1315  1.30000000000000E+0000 -2.00000000000000E+0000
 1316 -1.57289377289377E+0000 -8.80659340659341E-0001
 1317  1.30000000000000E+0000  1.30000000000000E+0000
 1318 -2.00000000000000E+0000 -2.00000000000000E+0000
 1319 -1.57450549450549E+0000  1.30000000000000E+0000
 1320  1.30000000000000E+0000 -8.80659340659341E-0001
 1321  1.30000000000000E+0000  1.30000000000000E+0000
 1322 -2.00000000000000E+0000 -2.00000000000000E+0000
 1323 -1.55113553113553E+0000  1.30000000000000E+0000
 1324  1.30000000000000E+0000  1.30000000000000E+0000
 1325 -2.00000000000000E+0000 -8.49230769230769E-0001
 1326  1.30000000000000E+0000 -2.00000000000000E+0000
 1327 -1.50600732600733E+0000  1.30000000000000E+0000
 1328  1.30000000000000E+0000 -8.27472527472527E-0001
 1329  1.30000000000000E+0000 -2.00000000000000E+0000
 1330 -1.42783882783883E+0000  1.30000000000000E+0000
 1331  1.30000000000000E+0000  1.30000000000000E+0000
 1332 -2.00000000000000E+0000 -7.75897435897436E-0001
 1333 -2.00000000000000E+0000  1.30000000000000E+0000
 1334  1.30000000000000E+0000  2.11282051282051E-0001
 1335 -1.31582417582418E+0000  1.30000000000000E+0000
 1336 -2.00000000000000E+0000 -2.00000000000000E+0000
 1337  1.30000000000000E+0000  1.30000000000000E+0000
 1338 -1.15142857142857E+0000 -6.51794871794872E-0001
 1339 -2.00000000000000E+0000  1.30000000000000E+0000
 1340 -2.00000000000000E+0000  1.30000000000000E+0000
 1341 -1.09582417582418E+0000 -2.00000000000000E+0000
 1342  1.30000000000000E+0000 -2.00000000000000E+0000
 1343  1.30000000000000E+0000  1.30000000000000E+0000
 1344  1.30000000000000E+0000 -2.00000000000000E+0000
 1345  1.30000000000000E+0000  1.30000000000000E+0000
 1346 -8.01684981684982E-0001  1.30000000000000E+0000
 1347  1.30000000000000E+0000 -2.00000000000000E+0000
 1348  1.30000000000000E+0000  1.30000000000000E+0000
 1349 -5.04322344322344E-0001  1.28710622710623E+0000
 1350  1.30000000000000E+0000 -1.86007326007326E-0001
 1351 -2.00000000000000E+0000 -2.00000000000000E+0000
 1352  1.30000000000000E+0000  1.30000000000000E+0000
 1353 -2.39194139194139E-0001  1.10659340659341E+0000
 1354  1.30000000000000E+0000 -1.73326007326007E+0000
 1355  1.30000000000000E+0000  1.30000000000000E+0000
 1356  8.15384615384615E-0002 -1.43750915750916E+0000
 1357  1.29597069597070E+0000  8.96263736263736E-0001
 1358  1.30000000000000E+0000  2.21758241758242E-0001
 1359 -1.09824175824176E+0000 -1.25941391941392E+0000
 1360  1.11948717948718E+0000  1.30000000000000E+0000
 1361  4.45787545787546E-0001  3.09597069597070E-0001
 1362 -7.45274725274725E-0001  6.55311355311355E-0001
 1363  1.30000000000000E+0000  1.30000000000000E+0000
 1364  5.62637362637363E-0001 -7.56556776556777E-0001
 1365  7.42344322344322E-0001  5.55384615384615E-0001
 1366  1.30000000000000E+0000  5.73113553113553E-0001
 1367  7.83150183150183E-0002 -5.75238095238095E-0001
 1368  5.89230769230769E-0001  1.30000000000000E+0000
 1369  9.22051282051282E-0001  2.91868131868132E-0001
 1370  1.30000000000000E+0000  8.47912087912088E-0001
 1371  8.43882783882784E-0001 -1.32014652014652E-0001
 1372  1.64542124542125E-0001  1.08564102564103E+0000
 1373  1.30000000000000E+0000  9.38974358974359E-0001
 1374  1.10095238095238E+0000  4.93040293040293E-0002
 1375  1.30000000000000E+0000  2.00000000000000E-0001
 1376 -1.97289377289377E-0001  7.59267399267399E-0001
 1377  1.30000000000000E+0000  1.16783882783883E+0000
 1378  1.30000000000000E+0000 -1.87619047619048E-0001
 1379  1.23472527472527E+0000  5.00586080586081E-0001
 1380 -5.34139194139194E-0001  4.32087912087912E-0001
 1381  1.30000000000000E+0000  1.30000000000000E+0000
 1382  1.30000000000000E+0000 -4.60000000000000E-0001
 1383  6.64175824175824E-0001  3.13626373626374E-0001
 1384  1.30000000000000E+0000  7.97142857142857E-0001
 1385 -9.64468864468864E-0001  1.30000000000000E+0000
 1386  1.30000000000000E+0000 -7.33992673992674E-0001
 1387  3.45860805860806E-0001  6.78388278388278E-0002
 1388  1.30000000000000E+0000  1.06791208791209E+0000
 1389 -1.30293040293040E+0000 -8.50842490842491E-0001
 1390 -1.12673992673992E-0001  1.30000000000000E+0000
 1391  1.30000000000000E+0000 -2.27912087912088E-0001
 1392  1.30000000000000E+0000 -1.16109890109890E+0000
 1393 -5.59926739926740E-0001  1.30000000000000E+0000
 1394  1.30000000000000E+0000  1.30000000000000E+0000
 1395 -1.81626373626374E+0000 -4.07619047619048E-0001
 1396  1.30000000000000E+0000 -1.41091575091575E+0000
 1397 -8.88717948717949E-0001  1.30000000000000E+0000
 1398  1.30000000000000E+0000  1.30000000000000E+0000
 1399 -2.00000000000000E+0000 -5.47838827838828E-0001
 1400  1.30000000000000E+0000  1.30000000000000E+0000
 1401  1.30000000000000E+0000 -6.01831501831502E-0001
 1402  1.30000000000000E+0000 -1.77355311355311E+0000
 1403 -1.20380952380952E+0000  1.30000000000000E+0000
 1404 -2.00000000000000E+0000  1.30000000000000E+0000
 1405  1.30000000000000E+0000 -7.63003663003663E-0001
 1406  1.30000000000000E+0000  1.30000000000000E+0000
 1407  1.30000000000000E+0000 -7.96043956043956E-0001
 1408  1.30000000000000E+0000  1.30000000000000E+0000
 1409 -2.00000000000000E+0000 -2.00000000000000E+0000
 1410 -1.44879120879121E+0000 -8.10549450549451E-0001
 1411  1.30000000000000E+0000 -2.00000000000000E+0000
 1412 -1.48424908424908E+0000  1.30000000000000E+0000
 1413  1.30000000000000E+0000  1.30000000000000E+0000
 1414 -2.00000000000000E+0000 -8.70183150183150E-0001
 1415  1.30000000000000E+0000  1.30000000000000E+0000
 1416  1.30000000000000E+0000 -8.79853479853480E-0001
 1417  1.30000000000000E+0000 -2.00000000000000E+0000
 1418 -1.57853479853480E+0000  1.30000000000000E+0000
 1419  1.30000000000000E+0000  1.30000000000000E+0000
 1420 -2.00000000000000E+0000  1.30000000000000E+0000
 1421  1.30000000000000E+0000 -2.00000000000000E+0000
 1422 -1.58417582417582E+0000 -8.73406593406593E-0001
 1423  1.30000000000000E+0000 -2.00000000000000E+0000
 1424 -1.55597069597070E+0000  1.30000000000000E+0000
 1425 -2.00000000000000E+0000  1.30000000000000E+0000
 1426  1.30000000000000E+0000 -2.00000000000000E+0000
 1427 -1.42945054945055E+0000 -8.07326007326007E-0001
 1428 -6.88864468864469E-0001 -2.00000000000000E+0000
 1429 -1.37706959706960E+0000  1.30000000000000E+0000
 1430 -2.00000000000000E+0000 -2.00000000000000E+0000
 1431  1.30000000000000E+0000 -6.85641025641026E-0001
 1432 -2.00000000000000E+0000 -2.00000000000000E+0000
 1433  1.30000000000000E+0000  1.30000000000000E+0000
 1434 -1.09663003663004E+0000 -6.23589743589744E-0001
 1435 -2.00000000000000E+0000  1.30000000000000E+0000
 1436 -1.01362637362637E+0000  1.30000000000000E+0000
 1437  1.30000000000000E+0000 -2.00000000000000E+0000
 1438  1.30000000000000E+0000 -4.35018315018315E-0001
 1439 -2.00000000000000E+0000  1.30000000000000E+0000
 1440  1.30000000000000E+0000  1.30000000000000E+0000
 1441 -6.88058608058608E-0001 -3.70549450549451E-0001
 1442 -2.00000000000000E+0000  1.30000000000000E+0000
 1443  1.30000000000000E+0000  1.30000000000000E+0000
 1444 -5.70402930402930E-0001  1.30000000000000E+0000
 1445  1.30000000000000E+0000 -2.00000000000000E+0000
 1446  1.30000000000000E+0000  1.30000000000000E+0000
 1447 -2.67399267399267E-0001 -1.11868131868131E-0001
 1448 -2.00000000000000E+0000 -2.00000000000000E+0000
 1449  1.30000000000000E+0000  1.30000000000000E+0000
 1450 -1.53772893772894E-0001 -4.01465201465201E-0002
 1451 -2.00000000000000E+0000  1.30000000000000E+0000
 1452 -4.41758241758242E-0002  9.70402930402930E-0001
 1453  1.30000000000000E+0000 -1.41816849816850E+0000
 1454  1.24842490842491E+0000  8.35824175824176E-0001
 1455  1.30000000000000E+0000  1.30000000000000E+0000
 1456  3.52307692307692E-0001  2.92673992673993E-0001
 1457 -8.76630036630037E-0001  7.29450549450549E-0001
 1458  1.30000000000000E+0000  1.30000000000000E+0000
 1459  5.27985347985348E-0001  6.22271062271062E-0001
 1460  1.30000000000000E+0000 -6.86446886446886E-0001
 1461  6.95604395604396E-0001  5.97289377289377E-0001
 1462  9.04029304029304E-0002  1.30000000000000E+0000
 1463  9.78461538461538E-0001 -2.93186813186813E-0001
 1464  3.70036630036630E-0001  2.37875457875458E-0001
 1465  1.30000000000000E+0000  9.05934065934066E-0001
 1466  9.25274725274725E-0001  7.26739926739927E-0002
 1467  1.30000000000000E+0000  1.07435897435897E+0000
 1468  1.30000000000000E+0000  1.11868131868132E+0000
 1469  1.30000000000000E+0000  2.49157509157509E-0001
 1470 -2.01318681318681E-0001  3.20879120879121E-0001
 1471 -2.85934065934066E-0001 -1.47326007326007E-0001
 1472  1.29435897435897E+0000 -1.93260073260073E-0001
 1473  1.17831501831502E+0000  6.19853479853480E-0001
 1474  1.30000000000000E+0000  1.30000000000000E+0000
 1475  1.30000000000000E+0000  4.96556776556777E-0001
 1476 -4.84981684981685E-0001  1.30000000000000E+0000
 1477  1.30000000000000E+0000  3.32967032967033E-0001
 1478  1.30000000000000E+0000 -5.47032967032967E-0001
 1479  4.23223443223443E-0001  8.85787545787546E-0001
 1480 -1.02490842490842E+0000  1.30000000000000E+0000
 1481  1.30000000000000E+0000 -2.27106227106227E-0003
 1482  1.30000000000000E+0000 -8.92747252747253E-0001
 1483 -2.05347985347985E-0001  1.17428571428571E+0000
 1484 -1.52131868131868E+0000  1.30000000000000E+0000
 1485  1.30000000000000E+0000 -2.66593406593407E-0001
 1486  1.30000000000000E+0000 -1.25699633699634E+0000
 1487 -7.20293040293040E-0001  1.30000000000000E+0000
 1488 -2.00000000000000E+0000  1.30000000000000E+0000
 1489  1.30000000000000E+0000  1.30000000000000E+0000
 1490 -2.00000000000000E+0000  1.30000000000000E+0000
 1491 -2.00000000000000E+0000  1.30000000000000E+0000
 1492 -2.00000000000000E+0000 -1.70424908424908E+0000
 1493 -1.17399267399267E+0000 -1.76468864468864E+0000
 1494 -1.21831501831502E+0000 -1.83318681318681E+0000
 1495 -1.27311355311355E+0000 -7.06593406593407E-0001
 1496  1.30000000000000E+0000  1.30000000000000E+0000
 1497  1.30000000000000E+0000 -2.00000000000000E+0000
 1498 -1.42542124542125E+0000  1.30000000000000E+0000
 1499  1.30000000000000E+0000  1.30000000000000E+0000
 1500 -2.00000000000000E+0000 -2.00000000000000E+0000
 1501 -1.46249084249084E+0000  1.30000000000000E+0000
 1502  1.30000000000000E+0000  1.30000000000000E+0000
 1503 -2.00000000000000E+0000  1.30000000000000E+0000
 1504  1.30000000000000E+0000 -2.00000000000000E+0000
 1505 -1.47377289377289E+0000 -8.49230769230769E-0001
 1506  1.30000000000000E+0000  1.30000000000000E+0000
 1507  1.30000000000000E+0000  1.30000000000000E+0000
 1508 -2.00000000000000E+0000  1.30000000000000E+0000
 1509  1.30000000000000E+0000 -8.93553113553114E-0001
 1510  1.30000000000000E+0000 -2.00000000000000E+0000
 1511 -1.56805860805861E+0000  1.30000000000000E+0000
 1512 -2.00000000000000E+0000  1.30000000000000E+0000
 1513  1.30000000000000E+0000 -2.00000000000000E+0000
 1514 -1.53421245421245E+0000 -8.66153846153846E-0001
 1515  1.30000000000000E+0000  1.30000000000000E+0000
 1516 -2.00000000000000E+0000 -2.00000000000000E+0000
 1517 -1.47941391941392E+0000 -2.00000000000000E+0000
 1518 -1.45443223443223E+0000 -8.23443223443223E-0001
 1519 -5.47838827838828E-0001  1.30000000000000E+0000
 1520  1.30000000000000E+0000  1.30000000000000E+0000
 1521 -2.00000000000000E+0000 -7.82344322344322E-0001
 1522 -2.00000000000000E+0000  1.30000000000000E+0000
 1523  1.30000000000000E+0000 -7.48498168498168E-0001
 1524 -2.00000000000000E+0000  1.30000000000000E+0000
 1525 -1.25377289377289E+0000  1.30000000000000E+0000
 1526 -2.00000000000000E+0000 -2.00000000000000E+0000
 1527  1.30000000000000E+0000  1.30000000000000E+0000
 1528 -2.00000000000000E+0000 -6.26007326007326E-0001
 1529 -2.00000000000000E+0000 -2.00000000000000E+0000
 1530  1.30000000000000E+0000 -5.96190476190476E-0001
 1531 -2.00000000000000E+0000 -2.00000000000000E+0000
 1532  1.30000000000000E+0000  1.30000000000000E+0000
 1533 -9.35457875457875E-0001 -5.38168498168498E-0001
 1534 -2.00000000000000E+0000  1.30000000000000E+0000
 1535 -8.43589743589744E-0001 -4.80952380952381E-0001
 1536 -2.00000000000000E+0000  1.30000000000000E+0000
 1537 -7.33992673992674E-0001 -4.17289377289377E-0001
 1538 -2.00000000000000E+0000  1.30000000000000E+0000
 1539 -6.54212454212454E-0001 -2.00000000000000E+0000
 1540  1.30000000000000E+0000  1.30000000000000E+0000
 1541  1.30000000000000E+0000 -2.00000000000000E+0000
 1542  1.30000000000000E+0000 -2.25494505494505E-0001
 1543 -2.00000000000000E+0000  1.30000000000000E+0000
 1544 -2.89963369963370E-0001  1.15575091575092E+0000
 1545  1.30000000000000E+0000 -1.88073260073260E+0000
 1546  1.30000000000000E+0000  1.07516483516484E+0000
 1547  1.30000000000000E+0000  2.35164835164835E-0002
 1548 -1.92827838827839E+0000 -1.69860805860806E+0000
 1549  1.30000000000000E+0000  1.00073260073260E-0001
 1550 -1.60351648351648E+0000 -1.43267399267399E+0000
 1551  1.25003663003663E+0000  8.91428571428571E-0001
 1552  1.30000000000000E+0000 -1.25296703296703E+0000
 1553  1.09853479853480E+0000  3.11208791208791E-0001
 1554 -7.14652014652015E-0001  1.30000000000000E+0000
 1555  4.49010989010989E-0001 -8.29890109890110E-0001
 1556  7.72967032967033E-0001  5.98095238095238E-0001
 1557  1.30000000000000E+0000 -6.35677655677656E-0001
 1558  6.25494505494505E-0001  6.29523809523810E-0001
 1559  2.71721611721612E-0001  3.58754578754579E-0001
 1560  1.30000000000000E+0000  1.30000000000000E+0000
 1561  1.08080586080586E+0000  1.30000000000000E+0000
 1562  1.14446886446886E+0000  1.26776556776557E+0000
 1563  1.22183150183150E+0000  1.18073260073260E+0000
 1564  1.27824175824176E+0000  8.48717948717949E-0001
 1565  8.32600732600733E-0001  8.97069597069597E-0001
 1566  9.51868131868132E-0001 -5.22344322344322E-0002
 1567  1.19413919413919E-0001  1.06227106227106E-0002
 1568  5.33333333333333E-0002  8.23443223443223E-0002
 1569  1.30000000000000E+0000  9.28498168498168E-0001
 1570  1.30000000000000E+0000  1.02923076923077E+0000
 1571  1.30000000000000E+0000  2.00805860805861E-0001
 1572 -1.98901098901099E-0001 -4.73992673992674E-0002
 1573  1.30000000000000E+0000  1.18395604395604E+0000
 1574  1.30000000000000E+0000  3.37802197802198E-0001
 1575 -3.13333333333333E-0001  5.92454212454212E-0001
 1576  1.30000000000000E+0000  1.29758241758242E+0000
 1577  1.30000000000000E+0000  4.49010989010989E-0001
 1578  1.30000000000000E+0000 -4.72893772893773E-0001
 1579  5.48937728937729E-0001  8.10036630036630E-0001
 1580 -1.00234432234432E+0000  1.30000000000000E+0000
 1581  1.30000000000000E+0000  9.29304029304029E-0001
 1582 -1.18124542124542E+0000  1.30000000000000E+0000
 1583  1.30000000000000E+0000 -6.67399267399267E-0002
 1584  1.30000000000000E+0000 -9.70109890109890E-0001
 1585 -3.70549450549451E-0001  1.24520146520147E+0000
 1586 -1.63413919413919E+0000  1.30000000000000E+0000
 1587  1.30000000000000E+0000 -3.65714285714286E-0001
 1588  1.30000000000000E+0000 -1.35772893772894E+0000
 1589 -8.30695970695971E-0001  1.30000000000000E+0000
 1590 -2.00000000000000E+0000 -5.26080586080586E-0001
 1591  1.30000000000000E+0000  1.30000000000000E+0000
 1592  1.30000000000000E+0000 -5.78461538461538E-0001
 1593  1.30000000000000E+0000 -1.71714285714286E+0000
 1594 -1.18608058608059E+0000  1.30000000000000E+0000
 1595  1.30000000000000E+0000  1.30000000000000E+0000
 1596 -2.00000000000000E+0000  1.30000000000000E+0000
 1597  1.30000000000000E+0000 -7.50109890109890E-0001
 1598  1.30000000000000E+0000 -2.00000000000000E+0000
 1599 -1.40769230769231E+0000  1.30000000000000E+0000
 1600  1.30000000000000E+0000  1.30000000000000E+0000
 1601 -2.00000000000000E+0000 -8.11355311355311E-0001
 1602  1.30000000000000E+0000  1.30000000000000E+0000
 1603  1.30000000000000E+0000 -2.00000000000000E+0000
 1604 -1.48586080586081E+0000 -8.30695970695971E-0001
 1605  1.30000000000000E+0000 -2.00000000000000E+0000
 1606 -1.51970695970696E+0000  1.30000000000000E+0000
 1607 -2.00000000000000E+0000  1.30000000000000E+0000
 1608  1.30000000000000E+0000 -8.77435897435897E-0001
 1609  1.30000000000000E+0000 -2.00000000000000E+0000
 1610 -1.59062271062271E+0000  1.30000000000000E+0000
 1611 -2.00000000000000E+0000 -2.00000000000000E+0000
 1612 -1.59142857142857E+0000  1.30000000000000E+0000
 1613  1.30000000000000E+0000  1.30000000000000E+0000
 1614 -2.00000000000000E+0000  1.30000000000000E+0000
 1615  1.30000000000000E+0000 -8.86300366300366E-0001
 1616  1.30000000000000E+0000 -2.00000000000000E+0000
 1617 -1.56161172161172E+0000  1.30000000000000E+0000
 1618 -2.00000000000000E+0000 -2.00000000000000E+0000
 1619 -1.53179487179487E+0000  1.30000000000000E+0000
 1620  1.30000000000000E+0000  1.30000000000000E+0000
 1621 -2.00000000000000E+0000  1.30000000000000E+0000
 1622  1.30000000000000E+0000 -8.37948717948718E-0001
 1623  6.40805860805861E-0001 -2.00000000000000E+0000
 1624 -1.42622710622711E+0000  1.30000000000000E+0000
 1625 -2.00000000000000E+0000 -7.88791208791209E-0001
 1626 -2.00000000000000E+0000  1.30000000000000E+0000
 1627  1.30000000000000E+0000  1.30000000000000E+0000
 1628  1.30000000000000E+0000  1.30000000000000E+0000
 1629 -2.00000000000000E+0000  1.30000000000000E+0000
 1630 -2.00000000000000E+0000  1.30000000000000E+0000
 1631 -2.00000000000000E+0000  1.30000000000000E+0000
 1632 -1.25457875457875E+0000  1.30000000000000E+0000
 1633 -1.23684981684982E+0000  1.30000000000000E+0000
 1634 -1.23040293040293E+0000  1.30000000000000E+0000
 1635 -1.16512820512821E+0000 -6.80805860805861E-0001
 1636 -2.00000000000000E+0000 -6.63882783882784E-0001
 1637 -2.00000000000000E+0000 -2.00000000000000E+0000
 1638  1.30000000000000E+0000 -2.00000000000000E+0000
 1639  1.30000000000000E+0000  1.30000000000000E+0000
 1640 -3.39926739926740E-0001  1.30000000000000E+0000
 1641 -9.98315018315018E-0001  1.30000000000000E+0000
 1642 -9.61245421245421E-0001  1.30000000000000E+0000
 1643 -9.24981684981685E-0001 -5.32527472527473E-0001
 1644 -2.00000000000000E+0000 -2.00000000000000E+0000
 1645  1.30000000000000E+0000  1.30000000000000E+0000
 1646  1.30000000000000E+0000 -2.00000000000000E+0000
 1647  1.30000000000000E+0000 -4.08424908424908E-0001
 1648 -2.00000000000000E+0000  1.30000000000000E+0000
 1649 -5.84102564102564E-0001  1.30000000000000E+0000
 1650  1.30000000000000E+0000 -2.00000000000000E+0000
 1651  1.30000000000000E+0000 -1.94065934065934E-0001
 1652 -2.00000000000000E+0000  1.18798534798535E+0000
 1653  1.30000000000000E+0000  1.30000000000000E+0000
 1654 -1.89230769230769E-0001  1.10739926739927E+0000
 1655  1.30000000000000E+0000 -1.75743589743590E+0000
 1656  1.30000000000000E+0000  1.03164835164835E+0000
 1657  1.30000000000000E+0000  8.07326007326007E-0002
 1658 -1.44153846153846E+0000 -1.56805860805861E+0000
 1659  1.25164835164835E+0000  1.55677655677656E-0001
 1660 -1.00879120879121E+0000  1.30000000000000E+0000
 1661  4.20000000000000E-0001  7.64102564102564E-0001
 1662  1.30000000000000E+0000  3.56336996336996E-0001
 1663 -5.09963369963370E-0001 -9.68498168498168E-0001
 1664  8.93040293040293E-0001  4.58681318681319E-0001
 1665 -1.57802197802198E-0001  5.27985347985348E-0001
 1666  1.30000000000000E+0000  1.30000000000000E+0000
 1667  9.26080586080586E-0001  4.20000000000000E-0001
 1668  1.30000000000000E+0000 -3.27838827838828E-0001
 1669  2.49157509157509E-0001  8.18095238095238E-0001
 1670  9.71208791208791E-0001  1.70183150183150E-0001
 1671  1.30000000000000E+0000  1.10659340659341E+0000
 1672  1.30000000000000E+0000  4.60805860805861E-0002
 1673  1.30000000000000E+0000  2.29816849816850E-0001
 1674 -3.33479853479853E-0001  1.20974358974359E+0000
 1675  1.30000000000000E+0000  5.26373626373626E-0001
 1676  1.30000000000000E+0000  5.74725274725275E-0001
 1677 -7.75897435897436E-0001 -3.55238095238095E-0001
 1678  6.46446886446886E-0001  1.30000000000000E+0000
 1679  1.30000000000000E+0000  2.53992673992674E-0001
 1680  1.30000000000000E+0000 -6.05860805860806E-0001
 1681  1.93553113553114E-0001  9.34139194139194E-0001
 1682 -1.28842490842491E+0000  7.39926739926740E-0003
 1683  1.30000000000000E+0000  1.30000000000000E+0000
 1684  1.30000000000000E+0000 -8.66153846153846E-0001
 1685 -2.77875457875458E-0001 -8.52747252747253E-0002
 1686  1.30000000000000E+0000 -9.73333333333333E-0001
 1687 -4.21318681318681E-0001  1.23553113553114E+0000
 1688 -1.73648351648352E+0000  1.30000000000000E+0000
 1689  1.30000000000000E+0000 -3.45567765567766E-0001
 1690  1.30000000000000E+0000 -1.33274725274725E+0000
 1691 -8.50036630036630E-0001  1.30000000000000E+0000
 1692 -2.00000000000000E+0000 -1.39076923076923E+0000
 1693 -8.02490842490842E-0001  1.30000000000000E+0000
 1694 -2.00000000000000E+0000 -5.22051282051282E-0001
 1695  1.30000000000000E+0000  1.30000000000000E+0000
 1696  1.30000000000000E+0000 -5.79267399267399E-0001
 1697  1.30000000000000E+0000 -1.75824175824176E+0000
 1698 -1.24652014652015E+0000  1.30000000000000E+0000
 1699 -2.00000000000000E+0000 -1.83882783882784E+0000
 1700 -1.31260073260073E+0000  1.30000000000000E+0000
 1701 -2.00000000000000E+0000  1.30000000000000E+0000
 1702  1.30000000000000E+0000 -7.72673992673993E-0001
 1703  1.30000000000000E+0000 -2.00000000000000E+0000
 1704 -1.48102564102564E+0000  1.30000000000000E+0000
 1705  1.30000000000000E+0000  1.30000000000000E+0000
 1706 -2.00000000000000E+0000 -8.34725274725275E-0001
 1707  1.30000000000000E+0000  1.30000000000000E+0000
 1708  1.30000000000000E+0000 -2.00000000000000E+0000
 1709 -1.55435897435897E+0000 -8.58095238095238E-0001
 1710  1.30000000000000E+0000  1.30000000000000E+0000
 1711 -2.00000000000000E+0000 -2.00000000000000E+0000
 1712 -1.55516483516484E+0000  1.30000000000000E+0000
 1713 -2.00000000000000E+0000 -2.00000000000000E+0000
 1714 -1.56080586080586E+0000  1.30000000000000E+0000
 1715  1.30000000000000E+0000  1.30000000000000E+0000
 1716 -2.00000000000000E+0000  1.30000000000000E+0000
 1717  1.30000000000000E+0000 -8.79047619047619E-0001
 1718  1.30000000000000E+0000 -2.00000000000000E+0000
 1719 -1.53421245421245E+0000  1.30000000000000E+0000
 1720 -2.00000000000000E+0000 -8.82271062271062E-0001
 1721  1.30000000000000E+0000  1.30000000000000E+0000
 1722  1.30000000000000E+0000 -2.00000000000000E+0000
 1723 -1.44637362637363E+0000  1.30000000000000E+0000
 1724  1.30000000000000E+0000 -2.00000000000000E+0000
 1725 -1.36820512820513E+0000 -8.10549450549451E-0001
 1726 -2.00000000000000E+0000 -2.00000000000000E+0000
 1727 -1.32468864468864E+0000  1.30000000000000E+0000
 1728 -2.00000000000000E+0000 -7.14652014652015E-0001
 1729  1.30000000000000E+0000 -7.24322344322344E-0001
 1730 -2.00000000000000E+0000  1.30000000000000E+0000
 1731 -1.16190476190476E+0000  1.30000000000000E+0000
 1732 -2.00000000000000E+0000 -2.00000000000000E+0000
 1733  1.30000000000000E+0000  1.30000000000000E+0000
 1734 -1.01282051282051E+0000 -6.25201465201465E-0001
 1735 -2.00000000000000E+0000  1.30000000000000E+0000
 1736 -9.33846153846154E-0001 -5.83296703296703E-0001
 1737 -2.00000000000000E+0000  1.30000000000000E+0000
 1738  1.30000000000000E+0000  1.30000000000000E+0000
 1739 -8.59706959706960E-0001 -5.31721611721612E-0001
 1740 -2.00000000000000E+0000 -4.98681318681319E-0001
 1741 -2.00000000000000E+0000 -2.00000000000000E+0000
 1742  1.30000000000000E+0000 -2.00000000000000E+0000
 1743  1.30000000000000E+0000 -2.00000000000000E+0000
 1744  1.30000000000000E+0000 -2.00000000000000E+0000
 1745  1.30000000000000E+0000 -2.00000000000000E+0000
 1746  1.30000000000000E+0000  1.30000000000000E+0000
 1747  1.30000000000000E+0000  1.30000000000000E+0000
 1748 -4.43882783882784E-0001 -2.00000000000000E+0000
 1749  1.30000000000000E+0000  1.28227106227106E+0000
 1750  1.30000000000000E+0000 -2.00000000000000E+0000
 1751  1.30000000000000E+0000 -1.07838827838827E-0001
 1752 -2.00000000000000E+0000  1.10014652014652E+0000
 1753  1.30000000000000E+0000  1.30000000000000E+0000
 1754 -1.46520146520146E-0003  1.04212454212454E+0000
 1755  1.30000000000000E+0000 -1.55355311355311E+0000
 1756  1.30000000000000E+0000  1.30000000000000E+0000
 1757  3.07179487179487E-0001  1.58901098901099E-0001
 1758 -1.17721611721612E+0000  1.30000000000000E+0000
 1759  4.14358974358974E-0001  7.60879120879121E-0001
 1760  1.30000000000000E+0000 -1.02249084249084E+0000
 1761  9.22857142857143E-0001  4.13553113553114E-0001
 1762 -3.00439560439560E-0001  1.30000000000000E+0000
 1763  8.29377289377289E-0001  4.61904761904762E-0001
 1764  1.30000000000000E+0000 -4.17289377289377E-0001
 1765  3.45860805860806E-0001  1.30000000000000E+0000
 1766  1.21619047619048E+0000  7.48791208791209E-0001
 1767  7.58461538461538E-0001  1.20329670329670E+0000
 1768  1.30000000000000E+0000 -2.48351648351648E-0002
 1769 -5.46520146520147E-0002  1.10549450549450E-0001
 1770  1.30000000000000E+0000  1.08937728937728E-0001
 1771 -2.10183150183150E-0001  1.11545787545788E+0000
 1772  1.30000000000000E+0000  7.05274725274725E-0001
 1773  1.30000000000000E+0000 -2.35164835164835E-0001
 1774  9.87326007326007E-0001  5.26373626373626E-0001
 1775  1.30000000000000E+0000  4.74798534798535E-0001
 1776  1.30000000000000E+0000  1.30000000000000E+0000
 1777  1.30000000000000E+0000 -4.73699633699634E-0001
 1778  4.68351648351648E-0001  3.07179487179487E-0001
 1779  1.30000000000000E+0000  8.03589743589744E-0001
 1780 -1.08212454212454E+0000 -5.70402930402930E-0001
 1781  2.55604395604396E-0001  9.08351648351648E-0001
 1782 -1.21912087912088E+0000  1.30000000000000E+0000
 1783  1.30000000000000E+0000 -6.75457875457875E-0002
 1784  1.30000000000000E+0000 -9.93479853479853E-0001
 1785 -4.58388278388278E-0001  1.25487179487179E+0000
 1786 -1.77838827838828E+0000 -2.73040293040293E-0001
 1787  1.30000000000000E+0000  1.30000000000000E+0000
 1788  1.30000000000000E+0000 -3.52014652014652E-0001
 1789  1.30000000000000E+0000 -1.35531135531136E+0000
 1790 -8.44395604395604E-0001  1.30000000000000E+0000
 1791  1.30000000000000E+0000  1.30000000000000E+0000
 1792 -2.00000000000000E+0000  1.30000000000000E+0000
 1793  1.30000000000000E+0000 -5.69597069597070E-0001
 1794  1.30000000000000E+0000  1.30000000000000E+0000
 1795  1.30000000000000E+0000 -1.74534798534799E+0000
 1796 -1.21831501831502E+0000 -6.41318681318681E-0001
 1797  1.30000000000000E+0000 -1.84769230769231E+0000
 1798 -1.29890109890110E+0000  1.30000000000000E+0000
 1799 -2.00000000000000E+0000 -1.94681318681319E+0000
 1800 -1.35208791208791E+0000  1.30000000000000E+0000
 1801  1.30000000000000E+0000  1.30000000000000E+0000
 1802 -2.00000000000000E+0000 -7.82344322344322E-0001
 1803  1.30000000000000E+0000  1.30000000000000E+0000
 1804  1.30000000000000E+0000 -8.12161172161172E-0001
 1805  1.30000000000000E+0000  1.30000000000000E+0000
 1806  1.30000000000000E+0000 -2.00000000000000E+0000
 1807 -1.50761904761905E+0000 -8.33919413919414E-0001
 1808  1.30000000000000E+0000 -2.00000000000000E+0000
 1809 -1.44717948717949E+0000  1.30000000000000E+0000
 1810  1.30000000000000E+0000  1.30000000000000E+0000
 1811 -2.00000000000000E+0000  1.30000000000000E+0000
 1812  1.30000000000000E+0000 -8.76630036630037E-0001
 1813  1.30000000000000E+0000 -2.00000000000000E+0000
 1814 -1.58095238095238E+0000  1.30000000000000E+0000
 1815  1.30000000000000E+0000  1.30000000000000E+0000
 1816 -2.00000000000000E+0000 -2.00000000000000E+0000
 1817 -1.56402930402930E+0000  1.30000000000000E+0000
 1818  1.30000000000000E+0000  1.30000000000000E+0000
 1819 -2.00000000000000E+0000  1.30000000000000E+0000
 1820  1.30000000000000E+0000 -2.00000000000000E+0000
 1821 -1.50036630036630E+0000 -2.00000000000000E+0000
 1822 -1.48102564102564E+0000 -2.00000000000000E+0000
 1823 -1.46168498168498E+0000 -8.52454212454212E-0001
 1824  1.30000000000000E+0000 -8.34725274725275E-0001
 1825 -5.48644688644689E-0001  1.30000000000000E+0000
 1826  1.30000000000000E+0000  1.30000000000000E+0000
 1827  1.30000000000000E+0000  1.30000000000000E+0000
 1828 -2.00000000000000E+0000  1.30000000000000E+0000
 1829 -2.00000000000000E+0000 -2.81904761904762E-0001
 1830 -1.33355311355311E+0000  1.19684981684982E+0000
 1831 -1.29890109890110E+0000 -7.40439560439560E-0001
 1832 -2.00000000000000E+0000  1.30000000000000E+0000
 1833 -2.00000000000000E+0000  1.30000000000000E+0000
 1834 -1.22315018315018E+0000 -2.00000000000000E+0000
 1835  1.30000000000000E+0000  1.30000000000000E+0000
 1836 -2.00000000000000E+0000 -6.42124542124542E-0001
 1837 -2.00000000000000E+0000 -2.00000000000000E+0000
 1838  1.30000000000000E+0000  1.30000000000000E+0000
 1839 -1.05875457875458E+0000 -5.96190476190476E-0001
 1840 -2.00000000000000E+0000  1.30000000000000E+0000
 1841 -2.76263736263736E-0001  1.30000000000000E+0000
 1842 -9.99120879120879E-0001  1.30000000000000E+0000
 1843  1.30000000000000E+0000 -5.24468864468864E-0001
 1844 -2.00000000000000E+0000 -2.00000000000000E+0000
 1845  1.30000000000000E+0000  1.30000000000000E+0000
 1846 -8.14578754578755E-0001 -4.67252747252747E-0001
 1847 -2.00000000000000E+0000 -2.00000000000000E+0000
 1848  1.30000000000000E+0000  1.30000000000000E+0000
 1849 -7.26739926739927E-0001 -4.12454212454212E-0001
 1850 -2.00000000000000E+0000  1.30000000000000E+0000
 1851 -6.13919413919414E-0001 -2.00000000000000E+0000
 1852  1.30000000000000E+0000  1.30000000000000E+0000
 1853  1.30000000000000E+0000 -2.00000000000000E+0000
 1854  1.30000000000000E+0000  1.30000000000000E+0000
 1855 -2.95604395604396E-0001 -1.41684981684982E-0001
 1856 -2.00000000000000E+0000  1.30000000000000E+0000
 1857 -1.61025641025641E-0001  1.04937728937729E+0000
 1858  1.30000000000000E+0000 -1.62849816849817E+0000
 1859  1.30000000000000E+0000  1.30000000000000E+0000
 1860  1.43589743589744E-0001  1.28278388278388E-0001
 1861 -1.48666666666667E+0000  8.56776556776557E-0001
 1862  1.30000000000000E+0000  1.30000000000000E+0000
 1863  2.87838827838828E-0001  7.68937728937729E-0001
 1864  1.30000000000000E+0000 -9.84615384615385E-0001
 1865  9.58315018315018E-0001  1.30000000000000E+0000
 1866  6.52893772893773E-0001  4.49010989010989E-0001
 1867 -2.83516483516484E-0001  1.30000000000000E+0000
 1868  8.26959706959707E-0001  4.10329670329670E-0001
 1869  1.30000000000000E+0000  1.30000000000000E+0000
