 0  4.47399267399267E-0001  4.72124542124542E-0001
 1  2.26593406593407E-0001  2.23113553113553E-0001
 2  2.00000000000000E-0001  1.56227106227106E-0001
 3  3.18461538461538E-0001  3.11758241758242E-0001
 4  4.65934065934066E-0001  4.67289377289377E-0001
 5  2.31428571428571E-0001  2.35201465201465E-0001
 6  1.80659340659341E-0001  1.40109890109890E-0001
 7  3.28937728937729E-0001  3.28681318681319E-0001
 8  4.45787545787546E-0001  4.64871794871795E-0001
 9  2.37069597069597E-0001  2.40036630036630E-0001
 10  1.98388278388278E-0001  1.40915750915751E-0001
 11  3.29743589743590E-0001  3.23040293040293E-0001
 12  4.61904761904762E-0001  4.59230769230769E-0001
 13  2.42710622710623E-0001  2.40036630036630E-0001
 14  1.84688644688645E-0001  1.62673992673993E-0001
 15  3.32161172161172E-0001  3.27069597069597E-0001
 16  4.49010989010989E-0001  4.57619047619048E-0001
 17  2.29010989010989E-0001  2.27142857142857E-0001
 18  1.95164835164835E-0001  1.36080586080586E-0001
 19  3.28937728937729E-0001  3.24652014652015E-0001
 20  4.50622710622711E-0001  4.57619047619048E-0001
 21  2.28205128205128E-0001  2.32783882783883E-0001
 22  1.92747252747253E-0001  1.56227106227106E-0001
 23  3.20073260073260E-0001  3.14175824175824E-0001
 24  4.43369963369963E-0001  4.57619047619048E-0001
 25  2.27399267399267E-0001  2.29560439560440E-0001
 26  1.81465201465201E-0001  1.46556776556777E-0001
 27  3.22490842490842E-0001  3.10952380952381E-0001
 28  4.42564102564103E-0001  4.37472527472527E-0001
 29  2.24175824175824E-0001  2.25531135531136E-0001
 30  2.01611721611722E-0001  1.69120879120879E-0001
 31  3.33772893772894E-0001  3.19816849816850E-0001
 32  4.35311355311355E-0001  4.42307692307692E-0001
 33  2.23369963369963E-0001  2.19890109890110E-0001
 34  2.04029304029304E-0001  1.44139194139194E-0001
 35  3.36996336996337E-0001  3.34322344322344E-0001
 36  4.66739926739927E-0001  4.59230769230769E-0001
 37  2.25787545787546E-0001  2.27948717948718E-0001
 38  2.00000000000000E-0001  1.49780219780220E-0001
 39  3.41831501831502E-0001  3.29487179487179E-0001
 40  4.46593406593407E-0001  4.51978021978022E-0001
 41  2.37875457875458E-0001  2.33589743589744E-0001
 42  1.96776556776557E-0001  1.49780219780220E-0001
 43  3.45860805860806E-0001  3.34322344322344E-0001
 44  4.73186813186813E-0001  4.75347985347985E-0001
 45  2.34652014652015E-0001  2.29560439560440E-0001
 46  1.90329670329670E-0001  1.41721611721612E-0001
 47  3.53113553113553E-0001  3.43186813186813E-0001
 48  4.46593406593407E-0001  4.70512820512821E-0001
 49  2.32234432234432E-0001  2.26336996336996E-0001
 50  2.00000000000000E-0001  1.67509157509158E-0001
 51  3.50695970695971E-0001  3.43186813186813E-0001
 52  4.68351648351648E-0001  4.77765567765568E-0001
 53  2.42710622710623E-0001  2.49706959706960E-0001
 54  1.84688644688645E-0001  1.23992673992674E-0001
 55  3.38608058608059E-0001  3.30293040293040E-0001
 56  4.47399267399267E-0001  4.53589743589744E-0001
 57  2.33846153846154E-0001  2.33589743589744E-0001
 58  2.00000000000000E-0001  1.49780219780220E-0001
 59  3.37802197802198E-0001  3.27875457875458E-0001
 60  4.61904761904762E-0001  4.75347985347985E-0001
 61  2.20952380952381E-0001  2.17472527472527E-0001
 62  1.91941391941392E-0001  1.57838827838828E-0001
 63  3.26520146520147E-0001  3.10952380952381E-0001
 64  4.74798534798535E-0001  4.65677655677656E-0001
 65  2.24981684981685E-0001  2.27142857142857E-0001
 66  1.78241758241758E-0001  1.47362637362637E-0001
 67  3.32161172161172E-0001  3.17399267399267E-0001
 68  4.74798534798535E-0001  4.68095238095238E-0001
 69  2.39487179487179E-0001  2.38424908424908E-0001
 70  1.78241758241758E-0001  1.23992673992674E-0001
 71  3.34578754578755E-0001  3.26263736263736E-0001
 72  4.82857142857143E-0001  4.67289377289377E-0001
 73  2.33040293040293E-0001  2.40036630036630E-0001
 74  1.80659340659341E-0001  1.39304029304029E-0001
 75  3.45860805860806E-0001  3.43186813186813E-0001
 76  4.63516483516484E-0001  4.63260073260073E-0001
 77  2.40293040293040E-0001  2.39230769230769E-0001
 78  1.84688644688645E-0001  1.23186813186813E-0001
 79  3.45860805860806E-0001  3.40769230769231E-0001
 80  4.73992673992674E-0001  4.70512820512821E-0001
 81  2.37875457875458E-0001  2.31172161172161E-0001
 82  1.55677655677656E-0001  1.05457875457875E-0001
 83  3.35384615384615E-0001  3.17399267399267E-0001
 84  4.69963369963370E-0001  4.68095238095238E-0001
 85  2.29816849816850E-0001  2.26336996336996E-0001
 86  1.81465201465201E-0001  1.44139194139194E-0001
 87  3.32967032967033E-0001  3.23846153846154E-0001
 88  4.79633699633700E-0001  4.89853479853480E-0001
 89  2.24175824175824E-0001  2.17472527472527E-0001
 90  1.58095238095238E-0001  1.31245421245421E-0001
 91  3.36190476190476E-0001  3.27069597069597E-0001
 92  4.87692307692308E-0001  4.78571428571429E-0001
 93  2.30622710622711E-0001  2.28754578754579E-0001
 94  1.75824175824176E-0001  1.36080586080586E-0001
 95  3.39413919413919E-0001  3.30293040293040E-0001
 96  4.94139194139194E-0001  4.96300366300366E-0001
 97  2.35457875457875E-0001  2.39230769230769E-0001
 98  1.52454212454212E-0001  1.16739926739926E-0001
 99  3.40219780219780E-0001  4.83406593406593E-0001
 100  2.34652014652015E-0001  2.33589743589744E-0001
 101  1.82271062271062E-0001  1.36080586080586E-0001
 102  3.45860805860806E-0001  3.35934065934066E-0001
 103  4.87692307692308E-0001  4.85018315018315E-0001
 104  2.22564102564103E-0001  2.27142857142857E-0001
 105  1.72600732600733E-0001  1.45750915750916E-0001
 106  3.45860805860806E-0001  3.34322344322344E-0001
 107  4.81245421245421E-0001  4.97912087912088E-0001
 108  2.29010989010989E-0001  1.30439560439560E-0001
 109  3.41831501831502E-0001  3.24652014652015E-0001
 110  4.69963369963370E-0001  2.31978021978022E-0001
 111  1.75824175824176E-0001  1.36080586080586E-0001
 112  3.53919413919414E-0001  3.40769230769231E-0001
 113  4.59487179487179E-0001  2.17472527472527E-0001
 114  1.65347985347985E-0001  1.17545787545787E-0001
 115  3.54725274725275E-0001  4.43113553113553E-0001
 116  2.19340659340659E-0001  2.18278388278388E-0001
 117  1.91941391941392E-0001  1.31245421245421E-0001
 118  3.36996336996337E-0001  3.19816849816850E-0001
 119  4.61098901098901E-0001  4.55201465201465E-0001
 120  2.24175824175824E-0001  2.20695970695971E-0001
 121  1.74212454212454E-0001  3.17399267399267E-0001
 122  4.35311355311355E-0001  4.52783882783883E-0001
 123  2.10476190476190E-0001  1.61868131868132E-0001
 124  3.45860805860806E-0001  3.39963369963370E-0001
 125  4.40952380952381E-0001  4.44725274725275E-0001
 126  2.10476190476190E-0001  2.14249084249084E-0001
 127  2.00000000000000E-0001  1.67509157509158E-0001
 128  3.51501831501832E-0001  3.35934065934066E-0001
 129  4.48205128205128E-0001  4.33443223443223E-0001
 130  2.27399267399267E-0001  2.31172161172161E-0001
 131  2.13699633699634E-0001  1.73150183150183E-0001
 132  3.50695970695971E-0001  4.41501831501832E-0001
 133  2.20146520146520E-0001  1.45750915750916E-0001
 134  3.49890109890110E-0001  3.38351648351648E-0001
 135  4.33699633699634E-0001  4.13296703296703E-0001
 136  2.06446886446886E-0001  2.11025641025641E-0001
 137  2.21758241758242E-0001  1.80402930402930E-0001
 138  3.53919413919414E-0001  3.39157509157509E-0001
 139  4.27252747252747E-0001  4.43919413919414E-0001
 140  2.02417582417582E-0001  1.49780219780220E-0001
 141  3.35384615384615E-0001  3.16593406593407E-0001
 142  4.32087912087912E-0001  2.06996336996337E-0001
 143  2.10476190476190E-0001  1.71538461538462E-0001
 144  3.37802197802198E-0001  4.07655677655678E-0001
 145  2.06446886446886E-0001  2.09413919413919E-0001
 146  2.07252747252747E-0001  3.38351648351648E-0001
 147  4.17582417582418E-0001  4.18131868131868E-0001
 148  2.09670329670330E-0001  1.74761904761905E-0001
 149  3.53919413919414E-0001  3.41575091575092E-0001
 150  4.23223443223443E-0001  4.26996336996337E-0001
 151  2.19340659340659E-0001  2.18278388278388E-0001
 152  2.26593406593407E-0001  3.37545787545788E-0001
 153  4.46593406593407E-0001  2.19084249084249E-0001
 154  2.21758241758242E-0001  1.69926739926740E-0001
 155  3.53113553113553E-0001  3.41575091575092E-0001
 156  4.16776556776557E-0001  4.07655677655678E-0001
 157  2.10476190476190E-0001  1.75567765567766E-0001
 158  3.63589743589744E-0001  3.49633699633700E-0001
 159  4.10329670329670E-0001  4.20549450549451E-0001
 160  2.14505494505495E-0001  2.19890109890110E-0001
 161  2.04029304029304E-0001  3.30293040293040E-0001
 162  4.20000000000000E-0001  4.07655677655678E-0001
 163  2.13699633699634E-0001  2.23113553113553E-0001
 164  2.09670329670330E-0001  1.84432234432234E-0001
 165  3.45860805860806E-0001  4.14102564102564E-0001
 166  2.04029304029304E-0001  2.05384615384615E-0001
 167  2.36263736263736E-0001  2.14249084249084E-0001
 168  3.50695970695971E-0001  3.37545787545788E-0001
 169  4.27252747252747E-0001  2.13443223443223E-0001
 170  2.16923076923077E-0001  3.39157509157509E-0001
 171  4.36117216117216E-0001  4.33443223443223E-0001
 172  2.12087912087912E-0001  2.12637362637363E-0001
 173  2.40293040293040E-0001  1.94102564102564E-0001
 174  3.57948717948718E-0001  4.32637362637363E-0001
 175  2.10476190476190E-0001  2.14249084249084E-0001
 176  2.16923076923077E-0001  1.75567765567766E-0001
 177  3.64395604395604E-0001  3.43186813186813E-0001
 178  4.27252747252747E-0001  2.19084249084249E-0001
 179  2.32234432234432E-0001  3.54468864468864E-0001
 180  4.49010989010989E-0001  4.30219780219780E-0001
 181  2.22564102564103E-0001  1.69926739926740E-0001
 182  3.67619047619048E-0001  4.37472527472527E-0001
 183  2.27399267399267E-0001  1.87655677655678E-0001
 184  3.65201465201465E-0001  3.43186813186813E-0001
 185  4.20805860805861E-0001  4.14102564102564E-0001
 186  2.11282051282051E-0001  2.08608058608059E-0001
 187  2.36263736263736E-0001  3.48827838827839E-0001
 188  4.55457875457875E-0001  2.03772893772894E-0001
 189  2.35457875457875E-0001  2.14249084249084E-0001
 190  3.57948717948718E-0001  3.37545787545788E-0001
 191  4.53040293040293E-0001  4.34249084249084E-0001
 192  2.12893772893773E-0001  2.15860805860806E-0001
 193  2.27399267399267E-0001  3.30293040293040E-0001
 194  4.27252747252747E-0001  2.15054945054945E-0001
 195  2.35457875457875E-0001  3.54468864468864E-0001
 196  4.48205128205128E-0001  2.10219780219780E-0001
 197  2.22564102564103E-0001  1.82014652014652E-0001
 198  3.71648351648352E-0001  3.60109890109890E-0001
 199  4.35311355311355E-0001  4.45531135531136E-0001
 200  2.11282051282051E-0001  2.12637362637363E-0001
 201  1.90329670329670E-0001  1.49780219780220E-0001
 202  3.65201465201465E-0001  3.43186813186813E-0001
 203  4.50622710622711E-0001  4.39890109890110E-0001
 204  2.10476190476190E-0001  2.19084249084249E-0001
 205  2.04029304029304E-0001  1.62673992673993E-0001
 206  3.58754578754579E-0001  3.43186813186813E-0001
 207  4.41758241758242E-0001  2.06190476190476E-0001
 208  2.04029304029304E-0001  3.43186813186813E-0001
 209  4.27252747252747E-0001  4.32637362637363E-0001
 210  2.00805860805861E-0001  2.01355311355311E-0001
 211  2.00000000000000E-0001  1.72344322344322E-0001
 212  3.43443223443223E-0001  3.25457875457875E-0001
 213  4.30476190476190E-0001  4.20549450549451E-0001
 214  1.96776556776557E-0001  2.02967032967033E-0001
 215  1.93553113553114E-0001  3.28681318681319E-0001
 216  4.33699633699634E-0001  2.02967032967033E-0001
 217  2.08058608058608E-0001  1.75567765567766E-0001
 218  3.53919413919414E-0001  3.41575091575092E-0001
 219  4.25641025641026E-0001  1.95714285714286E-0001
 220  2.16923076923077E-0001  3.39963369963370E-0001
 221  4.08717948717949E-0001  4.04432234432234E-0001
 222  2.04029304029304E-0001  2.08608058608059E-0001
 223  2.04029304029304E-0001  3.37545787545788E-0001
 224  4.31282051282051E-0001  2.18278388278388E-0001
 225  2.27399267399267E-0001  3.43186813186813E-0001
 226  4.10329670329670E-0001  2.09413919413919E-0001
 227  2.33040293040293E-0001  3.43186813186813E-0001
 228  4.15970695970696E-0001  2.06190476190476E-0001
 229  2.42710622710623E-0001  3.34322344322344E-0001
 230  4.01465201465201E-0001  2.07802197802198E-0001
 231  2.38681318681319E-0001  3.24652014652015E-0001
 232  4.22417582417582E-0001  4.07655677655678E-0001
 233  2.05641025641026E-0001  2.07802197802198E-0001
 234  2.41904761904762E-0001  2.14249084249084E-0001
 235  3.53113553113553E-0001  4.18131868131868E-0001
 236  1.99194139194139E-0001  2.34395604395604E-0001
 237  3.55531135531136E-0001  3.85091575091575E-0001
 238  2.12087912087912E-0001  2.12637362637363E-0001
 239  3.55531135531136E-0001  4.07655677655678E-0001
 240  2.11282051282051E-0001  2.14249084249084E-0001
 241  3.59560439560440E-0001  3.93150183150183E-0001
 242  2.07252747252747E-0001  2.05384615384615E-0001
 243  3.61978021978022E-0001  3.35128205128205E-0001
 244  3.93406593406593E-0001  3.75421245421245E-0001
 245  2.10476190476190E-0001  2.19890109890110E-0001
 246  2.39487179487179E-0001  3.27875457875458E-0001
 247  3.95824175824176E-0001  2.17472527472527E-0001
 248  2.52380952380952E-0001  3.20622710622711E-0001
 249  3.86959706959707E-0001  2.14249084249084E-0001
 250  2.62051282051282E-0001  3.31098901098901E-0001
 251  3.90989010989011E-0001  2.00549450549451E-0001
 252  2.55604395604396E-0001  2.14249084249084E-0001
 253  3.45860805860806E-0001  3.67362637362637E-0001
 254  1.99194139194139E-0001  2.09413919413919E-0001
 255  3.45860805860806E-0001  3.27875457875458E-0001
 256  3.82124542124542E-0001  2.15054945054945E-0001
 257  2.48351648351648E-0001  3.34322344322344E-0001
 258  3.70036630036630E-0001  2.19890109890110E-0001
 259  2.53186813186813E-0001  3.43186813186813E-0001
 260  3.93406593406593E-0001  2.12637362637363E-0001
 261  2.62051282051282E-0001  2.23919413919414E-0001
 262  3.53919413919414E-0001  3.68974358974359E-0001
 263  2.13699633699634E-0001  2.50512820512821E-0001
 264  3.61172161172161E-0001  3.38351648351648E-0001
 265  3.68424908424908E-0001  2.00549450549451E-0001
 266  2.58827838827839E-0001  3.29487179487179E-0001
 267  3.84542124542125E-0001  3.74615384615385E-0001
 268  2.04029304029304E-0001  2.50512820512821E-0001
 269  3.62783882783883E-0001  3.66556776556777E-0001
 270  2.08864468864469E-0001  2.50512820512821E-0001
 271  3.62783882783883E-0001  3.88315018315018E-0001
 272  2.05641025641026E-0001  2.08608058608059E-0001
 273  2.70915750915751E-0001  3.49633699633700E-0001
 274  3.79706959706960E-0001  2.17472527472527E-0001
 275  2.61245421245421E-0001  3.74615384615385E-0001
 276  2.03223443223443E-0001  2.46483516483516E-0001
 277  3.61978021978022E-0001  3.66556776556777E-0001
 278  1.99194139194139E-0001  2.03772893772894E-0001
 279  2.55604395604396E-0001  3.37545787545788E-0001
 280  3.84542124542125E-0001  1.88461538461538E-0001
 281  2.66886446886447E-0001  3.50439560439560E-0001
 282  4.00659340659341E-0001  3.99597069597070E-0001
 283  2.00000000000000E-0001  2.52124542124542E-0001
 284  3.70842490842491E-0001  3.77032967032967E-0001
 285  2.04029304029304E-0001  2.06996336996337E-0001
 286  2.85421245421245E-0001  3.56080586080586E-0001
 287  4.03076923076923E-0001  2.18278388278388E-0001
 288  2.74139194139194E-0001  2.45677655677656E-0001
 289  3.86153846153846E-0001  3.94761904761905E-0001
 290  1.97582417582418E-0001  2.44065934065934E-0001
 291  3.82124542124542E-0001  3.56080586080586E-0001
 292  3.91794871794872E-0001  2.10219780219780E-0001
 293  2.78168498168498E-0001  3.56080586080586E-0001
 294  4.00659340659341E-0001  3.77838827838828E-0001
 295  2.00805860805861E-0001  2.52124542124542E-0001
 296  3.83736263736264E-0001  1.88461538461538E-0001
 297  2.81391941391941E-0001  3.55274725274725E-0001
 298  3.94212454212454E-0001  1.97326007326007E-0001
 299  2.79780219780220E-0001  2.50512820512821E-0001
 300  3.78901098901099E-0001  3.66556776556777E-0001
 301  1.90329670329670E-0001  2.45677655677656E-0001
 302  3.86153846153846E-0001  3.65750915750916E-0001
 303  3.80512820512821E-0001  1.95714285714286E-0001
 304  2.80586080586081E-0001  3.64139194139194E-0001
 305  3.84542124542125E-0001  3.73003663003663E-0001
 306  1.95164835164835E-0001  2.57765567765568E-0001
 307  3.80512820512821E-0001  3.45604395604396E-0001
 308  1.91135531135531E-0001  1.88461538461538E-0001
 309  2.77362637362637E-0001  3.70586080586081E-0001
 310  3.79706959706960E-0001  2.74688644688645E-0001
 311  3.91794871794872E-0001  3.44798534798535E-0001
 312  1.80659340659341E-0001  1.82014652014652E-0001
 313  2.81391941391941E-0001  3.63333333333333E-0001
 314  3.67619047619048E-0001  2.59377289377289E-0001
 315  3.82124542124542E-0001  3.44798534798535E-0001
 316  1.77435897435897E-0001  3.68974358974359E-0001
 317  3.79706959706960E-0001  1.77985347985348E-0001
 318  2.81391941391941E-0001  2.65018315018315E-0001
 319  3.95018315018315E-0001  3.68168498168498E-0001
 320  1.95970695970696E-0001  3.75421245421245E-0001
 321  3.71648351648352E-0001  2.70659340659341E-0001
 322  3.91794871794872E-0001  3.56080586080586E-0001
 323  1.91135531135531E-0001  3.79450549450549E-0001
 324  3.70842490842491E-0001  1.84432234432234E-0001
 325  2.99120879120879E-0001  2.83553113553114E-0001
 326  3.75677655677656E-0001  3.56080586080586E-0001
 327  1.91135531135531E-0001  3.56080586080586E-0001
 328  3.78095238095238E-0001  1.93296703296703E-0001
 329  3.06373626373626E-0001  3.42380952380952E-0001
 330  1.97582417582418E-0001  3.58498168498168E-0001
 331  3.78095238095238E-0001  1.96520146520147E-0001
 332  3.18461538461538E-0001  3.14175824175824E-0001
 333  3.84542124542125E-0001  3.16593406593407E-0001
 334  2.24175824175824E-0001  2.14249084249084E-0001
 335  2.81391941391941E-0001  3.60915750915751E-0001
 336  3.78901098901099E-0001  2.75494505494505E-0001
 337  3.84542124542125E-0001  3.46410256410256E-0001
 338  2.05641025641026E-0001  1.98131868131868E-0001
 339  2.99926739926740E-0001  3.55274725274725E-0001
 340  3.45054945054945E-0001  3.28681318681319E-0001
 341  2.15311355311355E-0001  2.89194139194139E-0001
 342  3.76483516483516E-0001  1.96520146520147E-0001
 343  3.17655677655678E-0001  3.43186813186813E-0001
 344  3.65201465201465E-0001  3.26263736263736E-0001
 345  2.07252747252747E-0001  2.59377289377289E-0001
 346  3.74871794871795E-0001  3.52051282051282E-0001
 347  3.57142857142857E-0001  1.95714285714286E-0001
 348  2.81391941391941E-0001  3.43186813186813E-0001
 349  2.09670329670330E-0001  3.51245421245421E-0001
 350  3.77289377289377E-0001  1.96520146520147E-0001
 351  2.72527472527473E-0001  3.27875457875458E-0001
 352  2.02417582417582E-0001  3.63333333333333E-0001
 353  3.49890109890110E-0001  2.78717948717949E-0001
 354  3.81318681318681E-0001  3.35128205128205E-0001
 355  2.01611721611722E-0001  1.88461538461538E-0001
 356  2.84615384615385E-0001  3.62527472527473E-0001
 357  3.62783882783883E-0001  3.30293040293040E-0001
 358  1.89523809523810E-0001  3.73003663003663E-0001
 359  3.53113553113553E-0001  1.84432234432234E-0001
 360  2.95897435897436E-0001  2.98864468864469E-0001
 361  3.92600732600733E-0001  3.27875457875458E-0001
 362  1.95164835164835E-0001  1.82014652014652E-0001
 363  2.91062271062271E-0001  3.79450549450549E-0001
 364  3.65201465201465E-0001  3.42380952380952E-0001
 365  1.91135531135531E-0001  2.83553113553114E-0001
 366  3.97435897435897E-0001  3.78644688644689E-0001
 367  3.61172161172161E-0001  1.77179487179487E-0001
 368  3.07179487179487E-0001  3.13369963369963E-0001
 369  3.96630036630037E-0001  3.43186813186813E-0001
 370  2.00805860805861E-0001  1.77985347985348E-0001
 371  3.07985347985348E-0001  3.84285714285714E-0001
 372  3.42637362637363E-0001  3.07728937728938E-0001
 373  2.00000000000000E-0001  3.78644688644689E-0001
 374  3.44249084249084E-0001  1.78791208791209E-0001
 375  3.07179487179487E-0001  3.02087912087912E-0001
 376  3.95018315018315E-0001  3.21428571428571E-0001
 377  1.98388278388278E-0001  1.79597069597070E-0001
 378  2.85421245421245E-0001  3.83479853479853E-0001
 379  3.52307692307692E-0001  3.52857142857143E-0001
 380  1.99194139194139E-0001  2.75494505494505E-0001
 381  3.94212454212454E-0001  3.75421245421245E-0001
 382  3.45860805860806E-0001  2.77106227106227E-0001
 383  3.91794871794872E-0001  1.86849816849817E-0001
 384  3.11208791208791E-0001  3.31098901098901E-0001
 385  1.90329670329670E-0001  3.83479853479853E-0001
 386  3.79706959706960E-0001  2.90000000000000E-0001
 387  4.03882783882784E-0001  1.73150183150183E-0001
 388  2.80586080586081E-0001  3.55274725274725E-0001
 389  1.94358974358974E-0001  4.66483516483516E-0001
 390  3.41831501831502E-0001  2.78717948717949E-0001
 391  4.55457875457875E-0001  1.61062271062271E-0001
 392  2.87838827838828E-0001  3.15787545787546E-0001
 393  2.07252747252747E-0001  5.10805860805861E-0001
 394  3.52307692307692E-0001  2.90000000000000E-0001
 395  5.24761904761905E-0001  1.69120879120879E-0001
 396  2.96703296703297E-0001  3.45604395604396E-0001
 397  2.03223443223443E-0001  5.18864468864469E-0001
 398  3.36190476190476E-0001  2.78717948717949E-0001
 399  4.78021978021978E-0001  1.70732600732601E-0001
 400  2.77362637362637E-0001  3.30293040293040E-0001
 401  2.16117216117216E-0001  5.20476190476190E-0001
 402  3.22490842490842E-0001  3.39157509157509E-0001
 403  2.00000000000000E-0001  5.78498168498168E-0001
 404  3.45860805860806E-0001  2.92417582417582E-0001
 405  5.11062271062271E-0001  1.86043956043956E-0001
 406  2.99926739926740E-0001  3.10952380952381E-0001
 407  1.91135531135531E-0001  4.68095238095238E-0001
 408  3.32967032967033E-0001  2.78717948717949E-0001
 409  5.64249084249084E-0001  5.65604395604396E-0001
 410  3.39413919413919E-0001  2.65824175824176E-0001
 411  4.49010989010989E-0001  1.61868131868132E-0001
 412  3.07179487179487E-0001  3.21428571428571E-0001
 413  1.98388278388278E-0001  5.29340659340659E-0001
 414  3.36190476190476E-0001  2.77106227106227E-0001
 415  5.34432234432234E-0001  5.23699633699634E-0001
 416  3.07179487179487E-0001  2.78717948717949E-0001
 417  4.96556776556777E-0001  1.71538461538462E-0001
 418  2.94285714285714E-0001  3.23846153846154E-0001
 419  1.97582417582418E-0001  5.39816849816850E-0001
 420  3.41831501831502E-0001  3.49633699633700E-0001
 421  2.10476190476190E-0001  5.15641025641026E-0001
 422  3.38608058608059E-0001  2.90000000000000E-0001
 423  5.00586080586081E-0001  1.71538461538462E-0001
 424  3.05567765567766E-0001  2.85164835164835E-0001
 425  4.78021978021978E-0001  1.75567765567766E-0001
 426  2.83809523809524E-0001  3.15787545787546E-0001
 427  2.12893772893773E-0001  4.97912087912088E-0001
 428  3.32161172161172E-0001  3.04505494505495E-0001
 429  4.90915750915751E-0001  1.87655677655678E-0001
 430  3.14432234432234E-0001  3.02087912087912E-0001
 431  5.00586080586081E-0001  1.75567765567766E-0001
 432  3.01538461538462E-0001  2.99670329670330E-0001
 433  2.12893772893773E-0001  5.06776556776557E-0001
 434  2.55604395604396E-0001  3.34322344322344E-0001
 435  4.96556776556777E-0001  1.65897435897436E-0001
 436  3.06373626373626E-0001  2.98058608058608E-0001
 437  5.00586080586081E-0001  1.78791208791209E-0001
 438  3.22490842490842E-0001  2.56959706959707E-0001
 439  2.06446886446886E-0001  2.40842490842491E-0001
 440  2.10476190476190E-0001  5.16446886446886E-0001
 441  2.45128205128205E-0001  3.43186813186813E-0001
 442  5.00586080586081E-0001  4.97912087912088E-0001
 443  2.33846153846154E-0001  3.39963369963370E-0001
 444  4.90109890109890E-0001  1.77179487179487E-0001
 445  3.41025641025641E-0001  1.72344322344322E-0001
 446  3.28937728937729E-0001  2.20695970695971E-0001
 447  2.12087912087912E-0001  5.19670329670330E-0001
 448  2.29816849816850E-0001  3.55274725274725E-0001
 449  5.25567765567766E-0001  5.14835164835165E-0001
 450  2.29816849816850E-0001  3.46410256410256E-0001
 451  5.23956043956044E-0001  1.16739926739926E-0001
 452  3.45860805860806E-0001  3.55274725274725E-0001
 453  4.84468864468864E-0001  8.53113553113553E-0002
 454  3.43443223443223E-0001  2.36007326007326E-0001
 455  1.63736263736264E-0001  1.07875457875457E-0001
 456  3.32967032967033E-0001  2.46483516483516E-0001
 457  1.34725274725275E-0001  4.65677655677656E-0001
 458  2.59633699633700E-0001  2.52930402930403E-0001
 459  1.37142857142857E-0001  4.62454212454212E-0001
 460  2.56410256410256E-0001  2.49706959706960E-0001
 461  1.75824175824176E-0001  4.64871794871795E-0001
 462  2.37069597069597E-0001  3.09340659340659E-0001
 463  4.92527472527473E-0001  4.97912087912088E-0001
 464  2.51575091575092E-0001  5.14029304029304E-0001
 465  2.53186813186813E-0001  5.06776556776557E-0001
 466  2.54798534798535E-0001  3.20622710622711E-0001
 467  4.82857142857143E-0001  3.25457875457875E-0001
 468  4.89304029304029E-0001  1.29633699633700E-0001
 469  3.20073260073260E-0001  3.14981684981685E-0001
 470  5.00586080586081E-0001  1.27216117216117E-0001
 471  3.20073260073260E-0001  2.52930402930403E-0001
 472  1.56483516483516E-0001  9.41758241758242E-0002
 473  3.29743589743590E-0001  2.36813186813187E-0001
 474  1.77435897435897E-0001  2.31172161172161E-0001
 475  2.08864468864469E-0001  4.70512820512821E-0001
 476  2.29816849816850E-0001  4.67289377289377E-0001
 477  2.29010989010989E-0001  3.39963369963370E-0001
 478  4.54652014652015E-0001  4.60036630036630E-0001
 479  2.37875457875458E-0001  3.33516483516484E-0001
 480  4.47399267399267E-0001  3.28681318681319E-0001
 481  4.42564102564103E-0001  1.33663003663004E-0001
 482  3.43443223443223E-0001  1.34468864468864E-0001
 483  3.36996336996337E-0001  2.23113553113553E-0001
 484  1.71794871794872E-0001  1.42527472527473E-0001
 485  3.25714285714286E-0001  2.04578754578755E-0001
 486  1.83076923076923E-0001  1.31245421245421E-0001
 487  3.28131868131868E-0001  2.27142857142857E-0001
 488  1.79047619047619E-0001  2.34395604395604E-0001
 489  1.86300366300366E-0001  4.70512820512821E-0001
 490  2.35457875457875E-0001  2.42454212454212E-0001
 491  1.86300366300366E-0001  4.62454212454212E-0001
 492  2.26593406593407E-0001  4.44725274725275E-0001
 493  2.24175824175824E-0001  4.81794871794872E-0001
 494  2.26593406593407E-0001  2.30366300366300E-0001
 495  1.86300366300366E-0001  4.74542124542125E-0001
 496  2.14505494505495E-0001  4.59230769230769E-0001
 497  2.25787545787546E-0001  4.64871794871795E-0001
 498  2.20952380952381E-0001  3.19010989010989E-0001
 499  4.73186813186813E-0001  4.72124542124542E-0001
 500  2.23369963369963E-0001  4.72124542124542E-0001
 501  2.10476190476190E-0001  3.38351648351648E-0001
 502  4.69963369963370E-0001  4.81794871794872E-0001
 503  2.16923076923077E-0001  3.40769230769231E-0001
 504  4.54652014652015E-0001  3.42380952380952E-0001
 505  4.41758241758242E-0001  1.61062271062271E-0001
 506  3.55531135531136E-0001  3.42380952380952E-0001
 507  4.56263736263736E-0001  1.75567765567766E-0001
 508  3.45860805860806E-0001  1.65897435897436E-0001
 509  3.41831501831502E-0001  1.72344322344322E-0001
 510  3.56336996336996E-0001  1.88461538461538E-0001
 511  3.58754578754579E-0001  2.11025641025641E-0001
 512  2.34652014652015E-0001  1.79597069597070E-0001
 513  3.55531135531136E-0001  2.32783882783883E-0001
 514  2.38681318681319E-0001  1.74761904761905E-0001
 515  3.54725274725275E-0001  2.22307692307692E-0001
 516  2.42710622710623E-0001  2.12637362637363E-0001
 517  2.29816849816850E-0001  2.14249084249084E-0001
 518  2.23369963369963E-0001  2.14249084249084E-0001
 519  2.37875457875458E-0001  2.06190476190476E-0001
 520  2.26593406593407E-0001  2.08608058608059E-0001
 521  2.36263736263736E-0001  4.37472527472527E-0001
 522  2.13699633699634E-0001  2.21501831501832E-0001
 523  2.27399267399267E-0001  4.07655677655678E-0001
 524  2.10476190476190E-0001  4.07655677655678E-0001
 525  2.07252747252747E-0001  4.27802197802198E-0001
 526  2.07252747252747E-0001  4.22161172161172E-0001
 527  2.06446886446886E-0001  3.27875457875458E-0001
 528  4.49010989010989E-0001  4.45531135531136E-0001
 529  1.95164835164835E-0001  3.41575091575092E-0001
 530  4.49010989010989E-0001  3.29487179487179E-0001
 531  4.28058608058608E-0001  3.27875457875458E-0001
 532  4.35311355311355E-0001  3.43186813186813E-0001
 533  4.25641025641026E-0001  1.77985347985348E-0001
 534  3.62783882783883E-0001  3.46410256410256E-0001
 535  4.25641025641026E-0001  3.48021978021978E-0001
 536  4.24835164835165E-0001  1.88461538461538E-0001
 537  3.56336996336996E-0001  3.40769230769231E-0001
 538  4.10329670329670E-0001  2.19084249084249E-0001
 539  3.64395604395604E-0001  3.45604395604396E-0001
 540  4.13553113553114E-0001  2.04578754578755E-0001
 541  3.53113553113553E-0001  3.30293040293040E-0001
 542  4.15164835164835E-0001  1.95714285714286E-0001
 543  3.49084249084249E-0001  3.30293040293040E-0001
 544  3.90989010989011E-0001  2.30366300366300E-0001
 545  3.51501831501832E-0001  3.40769230769231E-0001
 546  4.04688644688645E-0001  3.52857142857143E-0001
 547  3.95018315018315E-0001  2.14249084249084E-0001
 548  3.58754578754579E-0001  3.40769230769231E-0001
 549  3.93406593406593E-0001  2.26336996336996E-0001
 550  3.57948717948718E-0001  3.38351648351648E-0001
 551  3.89377289377289E-0001  3.52857142857143E-0001
 552  3.90183150183150E-0001  3.37545787545788E-0001
 553  3.90183150183150E-0001  3.43186813186813E-0001
 554  3.97435897435897E-0001  3.42380952380952E-0001
 555  3.91794871794872E-0001  3.43992673992674E-0001
 556  3.90183150183150E-0001  3.30293040293040E-0001
 557  3.74065934065934E-0001  3.47216117216117E-0001
 558  3.99853479853480E-0001  3.53663003663004E-0001
 559  3.92600732600733E-0001  3.48827838827839E-0001
 560  3.91794871794872E-0001  3.53663003663004E-0001
 561  3.83736263736264E-0001  3.43992673992674E-0001
 562  3.86959706959707E-0001  3.49633699633700E-0001
 563  3.77289377289377E-0001  3.55274725274725E-0001
 564  3.70842490842491E-0001  3.55274725274725E-0001
 565  3.65201465201465E-0001  3.67362637362637E-0001
 566  3.65201465201465E-0001  3.56080586080586E-0001
 567  3.69230769230769E-0001  3.48827838827839E-0001
 568  3.80512820512821E-0001  3.48827838827839E-0001
 569  3.58754578754579E-0001  3.53663003663004E-0001
 570  3.76483516483516E-0001  3.51245421245421E-0001
 571  3.54725274725275E-0001  3.62527472527473E-0001
 572  3.76483516483516E-0001  3.77032967032967E-0001
 573  3.67619047619048E-0001  3.68974358974359E-0001
 574  3.45860805860806E-0001  3.30293040293040E-0001
 575  1.84688644688645E-0001  3.59304029304029E-0001
 576  1.78241758241758E-0001  3.52051282051282E-0001
 577  1.77435897435897E-0001  3.43186813186813E-0001
 578  1.78241758241758E-0001  3.23846153846154E-0001
 579  1.77435897435897E-0001  3.27069597069597E-0001
 580  1.80659340659341E-0001  3.48827838827839E-0001
 581  1.87106227106227E-0001  3.43186813186813E-0001
 582  2.01611721611722E-0001  1.98937728937729E-0001
 583  2.74139194139194E-0001  3.27069597069597E-0001
 584  1.94358974358974E-0001  1.88461538461538E-0001
 585  2.92673992673993E-0001  1.90073260073260E-0001
 586  2.76556776556777E-0001  1.90073260073260E-0001
 587  2.80586080586081E-0001  1.98131868131868E-0001
 588  2.83809523809524E-0001  2.83553113553114E-0001
 589  3.76483516483516E-0001  2.91611721611722E-0001
 590  3.71648351648352E-0001  2.52930402930403E-0001
 591  3.71648351648352E-0001  3.60109890109890E-0001
 592  3.62783882783883E-0001  3.48021978021978E-0001
 593  3.74065934065934E-0001  3.49633699633700E-0001
 594  3.44249084249084E-0001  3.24652014652015E-0001
 595  2.02417582417582E-0001  3.61721611721612E-0001
 596  1.95164835164835E-0001  3.67362637362637E-0001
 597  1.97582417582418E-0001  3.59304029304029E-0001
 598  2.04029304029304E-0001  3.59304029304029E-0001
 599  2.04029304029304E-0001  3.40769230769231E-0001
 600  2.07252747252747E-0001  3.35934065934066E-0001
 601  1.99194139194139E-0001  1.85238095238095E-0001
 602  2.94285714285714E-0001  1.94908424908425E-0001
 603  3.07985347985348E-0001  1.75567765567766E-0001
 604  2.91062271062271E-0001  3.15787545787546E-0001
 605  4.03076923076923E-0001  3.68974358974359E-0001
 606  3.45860805860806E-0001  3.49633699633700E-0001
 607  2.02417582417582E-0001  3.38351648351648E-0001
 608  1.97582417582418E-0001  3.43186813186813E-0001
 609  2.02417582417582E-0001  1.85238095238095E-0001
 610  3.16043956043956E-0001  3.01282051282051E-0001
 611  4.03076923076923E-0001  2.88388278388278E-0001
 612  4.07106227106227E-0001  3.09340659340659E-0001
 613  4.10329670329670E-0001  3.90732600732601E-0001
 614  3.56336996336996E-0001  4.07655677655678E-0001
 615  3.39413919413919E-0001  3.88315018315018E-0001
 616  3.38608058608059E-0001  3.20622710622711E-0001
 617  1.88717948717949E-0001  3.43186813186813E-0001
 618  1.83076923076923E-0001  3.34322344322344E-0001
 619  1.91135531135531E-0001  3.32710622710623E-0001
 620  1.91135531135531E-0001  1.64285714285714E-0001
 621  2.92673992673993E-0001  1.66703296703297E-0001
 622  2.85421245421245E-0001  1.69926739926740E-0001
 623  3.03150183150183E-0001  1.86043956043956E-0001
 624  2.88644688644689E-0001  2.78717948717949E-0001
 625  5.54578754578755E-0001  2.79523809523810E-0001
 626  4.91721611721612E-0001  3.00476190476190E-0001
 627  5.28791208791209E-0001  2.91611721611722E-0001
 628  6.25494505494505E-0001  2.85164835164835E-0001
 629  4.61904761904762E-0001  4.85018315018315E-0001
 630  3.34578754578755E-0001  4.29413919413919E-0001
 631  3.51501831501832E-0001  5.36593406593407E-0001
 632  3.28937728937729E-0001  3.43186813186813E-0001
 633  2.14505494505495E-0001  3.23846153846154E-0001
 634  1.95164835164835E-0001  1.68315018315018E-0001
 635  3.04761904761905E-0001  1.71538461538462E-0001
 636  2.72527472527473E-0001  1.66703296703297E-0001
 637  2.91062271062271E-0001  1.71538461538462E-0001
 638  2.83809523809524E-0001  2.68241758241758E-0001
 639  5.27985347985348E-0001  3.00476190476190E-0001
 640  5.19120879120879E-0001  3.03699633699634E-0001
 641  5.13479853479853E-0001  2.80329670329670E-0001
 642  5.03003663003663E-0001  5.26923076923077E-0001
 643  3.16043956043956E-0001  4.90659340659341E-0001
 644  3.25714285714286E-0001  5.34175824175824E-0001
 645  3.19267399267399E-0001  5.29340659340659E-0001
 646  3.32967032967033E-0001  2.91611721611722E-0001
 647  1.95970695970696E-0001  3.19816849816850E-0001
 648  2.09670329670330E-0001  3.06117216117216E-0001
 649  2.04029304029304E-0001  3.13369963369963E-0001
 650  2.04029304029304E-0001  3.10146520146520E-0001
 651  2.14505494505495E-0001  1.75567765567766E-0001
 652  2.99926739926740E-0001  1.68315018315018E-0001
 653  3.07179487179487E-0001  1.69120879120879E-0001
 654  2.80586080586081E-0001  1.66703296703297E-0001
 655  3.12014652014652E-0001  1.75567765567766E-0001
 656  2.94285714285714E-0001  1.73956043956044E-0001
 657  3.16043956043956E-0001  3.18205128205128E-0001
 658  4.84468864468864E-0001  3.20622710622711E-0001
 659  4.87692307692308E-0001  3.15787545787546E-0001
 660  4.86886446886447E-0001  3.42380952380952E-0001
 661  4.73992673992674E-0001  4.84212454212454E-0001
 662  2.42710622710623E-0001  5.04358974358974E-0001
 663  2.37069597069597E-0001  5.06776556776557E-0001
 664  2.34652014652015E-0001  5.33369963369963E-0001
 665  2.17728937728938E-0001  2.15860805860806E-0001
 666  1.95970695970696E-0001  2.30366300366300E-0001
 667  1.97582417582418E-0001  2.20695970695971E-0001
 668  1.96776556776557E-0001  1.61062271062271E-0001
 669  3.32967032967033E-0001  1.40109890109890E-0001
 670  3.36190476190476E-0001  1.37692307692308E-0001
 671  3.26520146520147E-0001  3.36739926739927E-0001
 672  4.92527472527473E-0001  3.43186813186813E-0001
 673  4.74798534798535E-0001  3.35128205128205E-0001
 674  4.73992673992674E-0001  3.12564102564103E-0001
 675  4.92527472527473E-0001  4.89853479853480E-0001
 676  2.39487179487179E-0001  4.67289377289377E-0001
 677  2.42710622710623E-0001  4.83406593406593E-0001
 678  2.34652014652015E-0001  4.54395604395604E-0001
 679  2.52380952380952E-0001  2.60989010989011E-0001
 680  1.46007326007326E-0001  2.65018315018315E-0001
 681  1.32307692307692E-0001  2.59377289377289E-0001
 682  1.95970695970696E-0001  2.69853479853480E-0001
 683  1.56483516483516E-0001  2.65018315018315E-0001
 684  1.75824175824176E-0001  2.63406593406593E-0001
 685  1.81465201465201E-0001  1.37692307692308E-0001
 686  3.06373626373626E-0001  1.29633699633700E-0001
 687  3.01538461538462E-0001  1.15128205128205E-0001
 688  3.15238095238095E-0001  1.18351648351648E-0001
 689  3.22490842490842E-0001  3.23040293040293E-0001
 690  4.61098901098901E-0001  3.23040293040293E-0001
 691  4.66739926739927E-0001  3.31098901098901E-0001
 692  4.61098901098901E-0001  4.40695970695971E-0001
 693  2.49963369963370E-0001  4.59230769230769E-0001
 694  2.42710622710623E-0001  4.47948717948718E-0001
 695  2.27399267399267E-0001  4.39084249084249E-0001
 696  2.20146520146520E-0001  4.43919413919414E-0001
 697  2.18534798534799E-0001  2.35201465201465E-0001
 698  1.95164835164835E-0001  2.27142857142857E-0001
 699  2.04029304029304E-0001  2.23113553113553E-0001
 700  1.77435897435897E-0001  2.38424908424908E-0001
 701  1.78241758241758E-0001  2.47289377289377E-0001
 702  1.85494505494505E-0001  1.55421245421245E-0001
 703  3.44249084249084E-0001  1.39304029304029E-0001
 704  3.38608058608059E-0001  1.15934065934065E-0001
 705  3.20879120879121E-0001  1.34468864468864E-0001
 706  3.32161172161172E-0001  1.30439560439560E-0001
 707  3.40219780219780E-0001  3.39157509157509E-0001
 708  4.56263736263736E-0001  3.35934065934066E-0001
 709  4.67545787545788E-0001  3.27875457875458E-0001
 710  4.74798534798535E-0001  3.30293040293040E-0001
 711  4.39340659340659E-0001  4.69706959706960E-0001
 712  2.33040293040293E-0001  4.32637362637363E-0001
 713  2.28205128205128E-0001  4.26996336996337E-0001
 714  2.24981684981685E-0001  4.20549450549451E-0001
 715  2.08058608058608E-0001  2.24725274725275E-0001
 716  1.95970695970696E-0001  2.31172161172161E-0001
 717  2.08864468864469E-0001  2.40036630036630E-0001
 718  1.99194139194139E-0001  2.44065934065934E-0001
 719  2.04029304029304E-0001  1.71538461538462E-0001
 720  3.49890109890110E-0001  1.49780219780220E-0001
 721  3.45860805860806E-0001  1.48974358974359E-0001
 722  3.52307692307692E-0001  3.49633699633700E-0001
 723  4.41758241758242E-0001  3.61721611721612E-0001
 724  4.32893772893773E-0001  3.37545787545788E-0001
 725  4.50622710622711E-0001  3.43186813186813E-0001
 726  4.59487179487179E-0001  4.50366300366300E-0001
 727  2.04029304029304E-0001  4.55201465201465E-0001
 728  2.00805860805861E-0001  4.63260073260073E-0001
 729  2.09670329670330E-0001  4.14102564102564E-0001
 730  2.16923076923077E-0001  3.99597069597070E-0001
 731  2.08058608058608E-0001  2.10219780219780E-0001
 732  2.16923076923077E-0001  2.11025641025641E-0001
 733  2.07252747252747E-0001  2.04578754578755E-0001
 734  2.04029304029304E-0001  1.60256410256410E-0001
 735  3.41025641025641E-0001  1.83626373626374E-0001
 736  3.51501831501832E-0001  1.62673992673993E-0001
 737  3.62783882783883E-0001  1.71538461538462E-0001
 738  3.57142857142857E-0001  1.81208791208791E-0001
 739  3.55531135531136E-0001  1.97326007326007E-0001
 740  3.53919413919414E-0001  3.37545787545788E-0001
 741  4.08717948717949E-0001  3.33516483516484E-0001
 742  3.90183150183150E-0001  3.35128205128205E-0001
 743  3.90989010989011E-0001  3.30293040293040E-0001
 744  3.93406593406593E-0001  3.28681318681319E-0001
 745  3.87765567765568E-0001  3.88315018315018E-0001
 746  1.99194139194139E-0001  3.88315018315018E-0001
 747  2.02417582417582E-0001  3.64139194139194E-0001
 748  2.08058608058608E-0001  3.81062271062271E-0001
 749  2.09670329670330E-0001  2.19890109890110E-0001
 750  2.61245421245421E-0001  2.15860805860806E-0001
 751  2.60439560439560E-0001  2.05384615384615E-0001
 752  2.71721611721612E-0001  1.93296703296703E-0001
 753  2.64468864468864E-0001  2.13443223443223E-0001
 754  3.70842490842491E-0001  2.31172161172161E-0001
 755  3.64395604395604E-0001  2.36007326007326E-0001
 756  3.70036630036630E-0001  2.52930402930403E-0001
 757  3.83736263736264E-0001  2.62600732600733E-0001
 758  3.86959706959707E-0001  3.60109890109890E-0001
 759  3.95018315018315E-0001  3.63333333333333E-0001
 760  3.90989010989011E-0001  3.68974358974359E-0001
 761  3.95018315018315E-0001  3.68974358974359E-0001
 762  3.79706959706960E-0001  3.75421245421245E-0001
 763  1.91135531135531E-0001  3.47216117216117E-0001
 764  1.86300366300366E-0001  3.47216117216117E-0001
 765  1.87912087912088E-0001  3.43186813186813E-0001
 766  1.94358974358974E-0001  3.78644688644689E-0001
 767  2.03223443223443E-0001  1.98937728937729E-0001
 768  2.81391941391941E-0001  2.03772893772894E-0001
 769  2.83003663003663E-0001  2.06996336996337E-0001
 770  2.74945054945055E-0001  2.03772893772894E-0001
 771  2.81391941391941E-0001  2.60989010989011E-0001
 772  3.78901098901099E-0001  2.85970695970696E-0001
 773  3.79706959706960E-0001  2.72271062271062E-0001
 774  3.75677655677656E-0001  3.01282051282051E-0001
 775  3.76483516483516E-0001  2.76300366300366E-0001
 776  3.82930402930403E-0001  3.60915750915751E-0001
 777  3.71648351648352E-0001  3.64139194139194E-0001
 778  3.53113553113553E-0001  3.63333333333333E-0001
 779  3.56336996336996E-0001  3.64945054945055E-0001
 780  3.71648351648352E-0001  3.67362637362637E-0001
 781  3.66813186813187E-0001  3.30293040293040E-0001
 782  1.99194139194139E-0001  3.39963369963370E-0001
 783  1.95970695970696E-0001  3.48021978021978E-0001
 784  1.91135531135531E-0001  3.43186813186813E-0001
 785  1.91135531135531E-0001  3.50439560439560E-0001
 786  1.98388278388278E-0001  1.85238095238095E-0001
 787  3.12014652014652E-0001  1.92490842490842E-0001
 788  2.84615384615385E-0001  1.84432234432234E-0001
 789  2.81391941391941E-0001  1.84432234432234E-0001
 790  3.10402930402930E-0001  2.65824175824176E-0001
 791  3.90989010989011E-0001  3.12564102564103E-0001
 792  3.83736263736264E-0001  2.76300366300366E-0001
 793  3.91794871794872E-0001  2.52930402930403E-0001
 794  3.92600732600733E-0001  3.68974358974359E-0001
 795  3.45860805860806E-0001  3.75421245421245E-0001
 796  3.69230769230769E-0001  3.81868131868132E-0001
 797  3.55531135531136E-0001  3.88315018315018E-0001
 798  3.61978021978022E-0001  3.61721611721612E-0001
 799  1.87106227106227E-0001  3.20622710622711E-0001
 800  1.78241758241758E-0001  3.46410256410256E-0001
 801  1.91135531135531E-0001  3.26263736263736E-0001
 802  1.86300366300366E-0001  1.57838827838828E-0001
 803  2.87838827838828E-0001  1.64285714285714E-0001
 804  3.05567765567766E-0001  2.77106227106227E-0001
 805  4.71575091575092E-0001  2.98864468864469E-0001
 806  5.52161172161172E-0001  2.68241758241758E-0001
 807  5.46520146520147E-0001  5.20476190476190E-0001
 808  3.44249084249084E-0001  5.39816849816850E-0001
 809  3.64395604395604E-0001  3.40769230769231E-0001
 810  1.87912087912088E-0001  3.49633699633700E-0001
 811  2.12893772893773E-0001  3.21428571428571E-0001
 812  2.11282051282051E-0001  3.36739926739927E-0001
 813  2.12893772893773E-0001  1.75567765567766E-0001
 814  3.07179487179487E-0001  1.73956043956044E-0001
 815  2.74139194139194E-0001  1.76373626373626E-0001
 816  3.05567765567766E-0001  1.79597069597070E-0001
 817  2.92673992673993E-0001  2.89194139194139E-0001
 818  5.36849816849817E-0001  2.78717948717949E-0001
 819  5.42490842490842E-0001  3.14981684981685E-0001
 820  6.02930402930403E-0001  2.90000000000000E-0001
 821  5.31208791208791E-0001  5.38205128205128E-0001
 822  3.48278388278388E-0001  5.14029304029304E-0001
 823  3.40219780219780E-0001  5.14029304029304E-0001
 824  3.25714285714286E-0001  5.30146520146520E-0001
 825  3.03150183150183E-0001  5.38205128205128E-0001
 826  3.49084249084249E-0001  3.33516483516484E-0001
 827  2.07252747252747E-0001  3.17399267399267E-0001
 828  2.12087912087912E-0001  3.22234432234432E-0001
 829  2.09670329670330E-0001  3.30293040293040E-0001
 830  2.13699633699634E-0001  1.77985347985348E-0001
 831  2.95091575091575E-0001  1.64285714285714E-0001
 832  2.96703296703297E-0001  1.75567765567766E-0001
 833  2.97509157509158E-0001  1.67509157509158E-0001
 834  3.03956043956044E-0001  3.15787545787546E-0001
 835  5.05421245421245E-0001  2.92417582417582E-0001
 836  4.87692307692308E-0001  2.88388278388278E-0001
 837  4.94139194139194E-0001  4.97912087912088E-0001
 838  3.03150183150183E-0001  5.19670329670330E-0001
 839  3.12014652014652E-0001  4.97912087912088E-0001
 840  3.32161172161172E-0001  5.10805860805861E-0001
 841  3.03956043956044E-0001  5.10805860805861E-0001
 842  3.02344322344322E-0001  3.04505494505495E-0001
 843  2.16117216117216E-0001  3.20622710622711E-0001
 844  2.17728937728938E-0001  3.03699633699634E-0001
 845  2.16117216117216E-0001  3.02087912087912E-0001
 846  2.12893772893773E-0001  3.28681318681319E-0001
 847  2.10476190476190E-0001  1.66703296703297E-0001
 848  3.38608058608059E-0001  1.69120879120879E-0001
 849  3.32967032967033E-0001  1.71538461538462E-0001
 850  3.30549450549451E-0001  3.13369963369963E-0001
 851  4.90915750915751E-0001  3.13369963369963E-0001
 852  4.95750915750916E-0001  3.21428571428571E-0001
 853  5.12673992673993E-0001  3.17399267399267E-0001
 854  5.00586080586081E-0001  3.35934065934066E-0001
 855  5.05421245421245E-0001  3.36739926739927E-0001
 856  4.97362637362637E-0001  5.10000000000000E-0001
 857  2.48351648351648E-0001  5.14835164835165E-0001
 858  2.33040293040293E-0001  5.14835164835165E-0001
 859  2.23369963369963E-0001  5.17252747252747E-0001
 860  2.19340659340659E-0001  5.27728937728938E-0001
 861  2.16923076923077E-0001  2.14249084249084E-0001
 862  2.07252747252747E-0001  2.31172161172161E-0001
 863  2.00805860805861E-0001  2.21501831501832E-0001
 864  1.97582417582418E-0001  2.26336996336996E-0001
 865  1.97582417582418E-0001  1.55421245421245E-0001
 866  3.36190476190476E-0001  1.35274725274725E-0001
 867  3.25714285714286E-0001  7.88644688644689E-0002
 868  3.25714285714286E-0001  1.06263736263736E-0001
 869  3.25714285714286E-0001  1.13516483516483E-0001
 870  3.28131868131868E-0001  3.23846153846154E-0001
 871  5.09450549450549E-0001  3.21428571428571E-0001
 872  4.96556776556777E-0001  3.30293040293040E-0001
 873  4.82051282051282E-0001  3.17399267399267E-0001
 874  4.42564102564103E-0001  4.29413919413919E-0001
 875  2.47545787545788E-0001  4.71318681318681E-0001
 876  2.45128205128205E-0001  4.68095238095238E-0001
 877  2.42710622710623E-0001  4.74542124542125E-0001
 878  2.49157509157509E-0001  2.63406593406593E-0001
 879  1.39560439560440E-0001  2.63406593406593E-0001
 880  1.46007326007326E-0001  2.72271062271062E-0001
 881  1.72600732600733E-0001  2.72271062271062E-0001
 882  1.81465201465201E-0001  2.65824175824176E-0001
 883  1.39560439560440E-0001  1.03040293040293E-0001
 884  3.13626373626374E-0001  9.73992673992674E-0002
 885  3.07179487179487E-0001  9.73992673992674E-0002
 886  3.07179487179487E-0001  3.00476190476190E-0001
 887  4.40146520146520E-0001  6.75824175824176E-0002
 888  3.06373626373626E-0001  3.02893772893773E-0001
 889  4.92527472527473E-0001  3.12564102564103E-0001
 890  4.88498168498168E-0001  3.19816849816850E-0001
 891  4.65934065934066E-0001  3.12564102564103E-0001
 892  4.64322344322344E-0001  4.64065934065934E-0001
 893  2.53186813186813E-0001  4.33443223443223E-0001
 894  2.51575091575092E-0001  4.33443223443223E-0001
 895  2.34652014652015E-0001  2.40036630036630E-0001
 896  1.62124542124542E-0001  2.53736263736264E-0001
 897  1.75018315018315E-0001  2.42454212454212E-0001
 898  1.91135531135531E-0001  2.35201465201465E-0001
 899  2.08058608058608E-0001  2.48095238095238E-0001
 900  1.80659340659341E-0001  1.41721611721612E-0001
 901  3.19267399267399E-0001  1.44139194139194E-0001
 902  3.17655677655678E-0001  1.48168498168498E-0001
 903  3.17655677655678E-0001  3.17399267399267E-0001
 904  4.26446886446886E-0001  3.17399267399267E-0001
 905  4.49010989010989E-0001  3.17399267399267E-0001
 906  4.35311355311355E-0001  3.15787545787546E-0001
 907  4.38534798534799E-0001  3.23846153846154E-0001
 908  4.17582417582418E-0001  3.26263736263736E-0001
 909  4.36117216117216E-0001  4.22967032967033E-0001
 910  2.16117216117216E-0001  4.39084249084249E-0001
 911  2.04029304029304E-0001  4.60842490842491E-0001
 912  2.16117216117216E-0001  4.46336996336996E-0001
 913  2.01611721611722E-0001  2.14249084249084E-0001
 914  1.79047619047619E-0001  2.26336996336996E-0001
 915  1.84688644688645E-0001  2.44065934065934E-0001
 916  1.61318681318681E-0001  2.40036630036630E-0001
 917  1.91941391941392E-0001  2.38424908424908E-0001
 918  1.70989010989011E-0001  2.40036630036630E-0001
 919  1.76630036630037E-0001  1.36886446886447E-0001
 920  3.20073260073260E-0001  1.28021978021978E-0001
 921  3.20073260073260E-0001  1.27216117216117E-0001
 922  3.24102564102564E-0001  1.22380952380952E-0001
 923  3.30549450549451E-0001  1.20769230769230E-0001
 924  3.29743589743590E-0001  3.44798534798535E-0001
 925  4.67545787545788E-0001  3.39157509157509E-0001
 926  4.59487179487179E-0001  3.21428571428571E-0001
 927  4.58681318681319E-0001  3.22234432234432E-0001
 928  4.61904761904762E-0001  4.54395604395604E-0001
 929  2.27399267399267E-0001  4.46336996336996E-0001
 930  2.29816849816850E-0001  4.46336996336996E-0001
 931  2.37875457875458E-0001  4.65677655677656E-0001
 932  2.29816849816850E-0001  4.51978021978022E-0001
 933  2.37875457875458E-0001  2.49706959706960E-0001
 934  2.04029304029304E-0001  2.45677655677656E-0001
 935  1.65347985347985E-0001  2.44065934065934E-0001
 936  1.80659340659341E-0001  2.51318681318681E-0001
 937  1.83076923076923E-0001  1.17545787545787E-0001
 938  3.52307692307692E-0001  1.36886446886447E-0001
 939  3.57142857142857E-0001  1.36886446886447E-0001
 940  3.58754578754579E-0001  1.51391941391941E-0001
 941  3.58754578754579E-0001  1.56227106227106E-0001
 942  3.62783882783883E-0001  1.78791208791209E-0001
 943  3.57948717948718E-0001  1.30439560439560E-0001
 944  3.49084249084249E-0001  3.41575091575092E-0001
 945  4.60293040293040E-0001  3.48827838827839E-0001
 946  4.57069597069597E-0001  3.52857142857143E-0001
 947  4.53846153846154E-0001  3.52051282051282E-0001
 948  4.49010989010989E-0001  3.50439560439560E-0001
 949  4.39340659340659E-0001  4.02014652014652E-0001
 950  2.12893772893773E-0001  4.26996336996337E-0001
 951  2.00000000000000E-0001  4.06849816849817E-0001
 952  2.05641025641026E-0001  4.46336996336996E-0001
 953  2.03223443223443E-0001  4.33443223443223E-0001
 954  1.96776556776557E-0001  2.13443223443223E-0001
 955  2.19340659340659E-0001  2.21501831501832E-0001
 956  2.07252747252747E-0001  2.27142857142857E-0001
 957  2.04029304029304E-0001  2.14249084249084E-0001
 958  2.31428571428571E-0001  2.26336996336996E-0001
 959  2.26593406593407E-0001  1.67509157509158E-0001
 960  3.57142857142857E-0001  1.47362637362637E-0001
 961  3.56336996336996E-0001  1.95714285714286E-0001
 962  3.58754578754579E-0001  1.77985347985348E-0001
 963  3.58754578754579E-0001  3.41575091575092E-0001
 964  4.38534798534799E-0001  3.43992673992674E-0001
 965  4.21611721611722E-0001  3.53663003663004E-0001
 966  4.16776556776557E-0001  3.46410256410256E-0001
 967  3.97435897435897E-0001  3.30293040293040E-0001
 968  4.03882783882784E-0001  3.84285714285714E-0001
 969  2.04029304029304E-0001  3.87509157509158E-0001
 970  1.97582417582418E-0001  4.17326007326007E-0001
 971  2.08864468864469E-0001  3.73809523809524E-0001
 972  2.11282051282051E-0001  3.77838827838828E-0001
 973  2.06446886446886E-0001  2.14249084249084E-0001
 974  2.29010989010989E-0001  2.20695970695971E-0001
 975  2.51575091575092E-0001  2.28754578754579E-0001
 976  2.54798534798535E-0001  2.09413919413919E-0001
 977  2.49963369963370E-0001  2.00549450549451E-0001
 978  2.66080586080586E-0001  2.12637362637363E-0001
 979  2.61245421245421E-0001  2.12637362637363E-0001
 980  2.68498168498168E-0001  2.31978021978022E-0001
 981  3.66813186813187E-0001  2.39230769230769E-0001
 982  3.65201465201465E-0001  2.40036630036630E-0001
 983  3.71648351648352E-0001  2.44871794871795E-0001
 984  3.67619047619048E-0001  2.35201465201465E-0001
 985  3.58754578754579E-0001  3.37545787545788E-0001
 986  4.03882783882784E-0001  3.45604395604396E-0001
 987  3.93406593406593E-0001  3.45604395604396E-0001
 988  3.74871794871795E-0001  3.52051282051282E-0001
 989  3.90183150183150E-0001  3.61721611721612E-0001
 990  3.74871794871795E-0001  3.60915750915751E-0001
 991  1.90329670329670E-0001  3.49633699633700E-0001
 992  1.78241758241758E-0001  3.73003663003663E-0001
 993  1.82271062271062E-0001  1.86043956043956E-0001
 994  2.66080586080586E-0001  1.88461538461538E-0001
 995  2.73333333333333E-0001  2.00549450549451E-0001
 996  2.78974358974359E-0001  2.58571428571429E-0001
 997  3.84542124542125E-0001  2.45677655677656E-0001
 998  3.94212454212454E-0001  2.48095238095238E-0001
 999  3.87765567765568E-0001  2.38424908424908E-0001
 1000  3.78095238095238E-0001  2.59377289377289E-0001
 1001  3.78095238095238E-0001  3.56080586080586E-0001
 1002  3.68424908424908E-0001  3.65750915750916E-0001
 1003  3.78901098901099E-0001  3.70586080586081E-0001
 1004  3.80512820512821E-0001  3.73809523809524E-0001
 1005  3.74065934065934E-0001  3.81062271062271E-0001
 1006  3.72454212454212E-0001  3.59304029304029E-0001
 1007  1.95970695970696E-0001  3.42380952380952E-0001
 1008  1.99194139194139E-0001  3.48827838827839E-0001
 1009  2.01611721611722E-0001  3.37545787545788E-0001
 1010  1.89523809523810E-0001  3.31904761904762E-0001
 1011  1.96776556776557E-0001  1.95714285714286E-0001
 1012  2.83003663003663E-0001  2.01355311355311E-0001
 1013  2.85421245421245E-0001  1.97326007326007E-0001
 1014  2.78168498168498E-0001  1.96520146520147E-0001
 1015  2.93479853479853E-0001  1.98131868131868E-0001
 1016  2.93479853479853E-0001  1.93296703296703E-0001
 1017  2.83809523809524E-0001  2.69853479853480E-0001
 1018  3.71648351648352E-0001  2.62600732600733E-0001
 1019  3.79706959706960E-0001  2.81135531135531E-0001
 1020  3.68424908424908E-0001  2.74688644688645E-0001
 1021  3.71648351648352E-0001  2.56959706959707E-0001
 1022  3.81318681318681E-0001  3.60915750915751E-0001
 1023  3.55531135531136E-0001  3.60915750915751E-0001
 1024  3.57142857142857E-0001  3.56080586080586E-0001
 1025  3.63589743589744E-0001  3.56080586080586E-0001
 1026  3.42637362637363E-0001  3.56080586080586E-0001
 1027  3.43443223443223E-0001  3.51245421245421E-0001
 1028  3.61172161172161E-0001  3.59304029304029E-0001
 1029  3.72454212454212E-0001  3.70586080586081E-0001
 1030  3.41831501831502E-0001  3.26263736263736E-0001
 1031  1.87106227106227E-0001 -2.27747252747253E+0000
 1032 -1.99516483516484E+0000 -2.56516483516484E+0000
 1033  1.96776556776557E-0001  3.30293040293040E-0001
 1034  1.95164835164835E-0001  3.68974358974359E-0001
 1035  1.95164835164835E-0001  1.75567765567766E-0001
 1036  3.01538461538462E-0001  3.48827838827839E-0001
 1037  1.91135531135531E-0001  1.75567765567766E-0001
 1038  2.99926739926740E-0001  3.43186813186813E-0001
 1039  1.91941391941392E-0001  1.76373626373626E-0001
 1040  2.90256410256410E-0001  1.86043956043956E-0001
 1041  2.81391941391941E-0001  1.72344322344322E-0001
 1042  2.99120879120879E-0001  1.79597069597070E-0001
 1043  3.04761904761905E-0001  1.67509157509158E-0001
 1044  2.81391941391941E-0001  1.71538461538462E-0001
 1045  3.04761904761905E-0001  1.60256410256410E-0001
 1046  2.78974358974359E-0001  1.69926739926740E-0001
 1047  2.84615384615385E-0001  1.56227106227106E-0001
 1048  2.94285714285714E-0001  2.98864468864469E-0001
 1049  4.01465201465201E-0001  2.89194139194139E-0001
 1050  4.55457875457875E-0001  2.81941391941392E-0001
 1051  4.86080586080586E-0001  4.59230769230769E-0001
 1052  3.44249084249084E-0001  2.72271062271062E-0001
 1053  5.49743589743590E-0001  5.18864468864469E-0001
 1054  3.52307692307692E-0001  5.22087912087912E-0001
 1055  3.37802197802198E-0001  4.97912087912088E-0001
 1056  3.57948717948718E-0001  4.94688644688645E-0001
 1057  3.32967032967033E-0001  5.05970695970696E-0001
 1058  3.54725274725275E-0001  4.78571428571429E-0001
 1059  3.49890109890110E-0001  4.52783882783883E-0001
 1060  3.40219780219780E-0001  4.85018315018315E-0001
 1061  3.44249084249084E-0001  4.85018315018315E-0001
 1062  3.23296703296703E-0001  5.15641025641026E-0001
 1063  3.45054945054945E-0001  4.33443223443223E-0001
 1064  3.42637362637363E-0001  3.14175824175824E-0001
 1065  2.00805860805861E-0001  3.12564102564103E-0001
 1066  1.95970695970696E-0001  3.13369963369963E-0001
 1067  1.99194139194139E-0001  3.43186813186813E-0001
 1068  2.04029304029304E-0001  3.33516483516484E-0001
 1069  2.13699633699634E-0001  3.43186813186813E-0001
 1070  2.04029304029304E-0001  3.10952380952381E-0001
 1071  2.14505494505495E-0001  3.02893772893773E-0001
 1072  2.14505494505495E-0001  3.15787545787546E-0001
 1073  2.13699633699634E-0001  3.33516483516484E-0001
 1074  2.09670329670330E-0001  3.17399267399267E-0001
 1075  2.14505494505495E-0001  3.30293040293040E-0001
 1076  2.12893772893773E-0001  1.75567765567766E-0001
 1077  2.98315018315018E-0001  3.31904761904762E-0001
 1078  2.08864468864469E-0001  1.74761904761905E-0001
 1079  3.06373626373626E-0001  1.80402930402930E-0001
 1080  2.87838827838828E-0001  1.82014652014652E-0001
 1081  2.93479853479853E-0001  1.75567765567766E-0001
 1082  3.24102564102564E-0001  2.86776556776557E-0001
 1083  2.10476190476190E-0001  1.69120879120879E-0001
 1084  2.90256410256410E-0001  1.75567765567766E-0001
 1085  3.31355311355311E-0001  1.75567765567766E-0001
 1086  2.98315018315018E-0001  1.73150183150183E-0001
 1087  3.12820512820513E-0001  1.85238095238095E-0001
 1088  3.06373626373626E-0001  1.75567765567766E-0001
 1089  3.28131868131868E-0001  1.75567765567766E-0001
 1090  3.03956043956044E-0001  1.73150183150183E-0001
 1091  3.32967032967033E-0001  1.70732600732601E-0001
 1092  3.22490842490842E-0001  1.73150183150183E-0001
 1093  3.35384615384615E-0001  1.68315018315018E-0001
 1094  3.21684981684982E-0001  1.72344322344322E-0001
 1095  3.18461538461538E-0001  1.62673992673993E-0001
 1096  3.22490842490842E-0001  1.67509157509158E-0001
 1097  3.23296703296703E-0001  1.66703296703297E-0001
 1098  3.21684981684982E-0001  1.69120879120879E-0001
 1099  3.38608058608059E-0001  3.30293040293040E-0001
 1100  4.87692307692308E-0001  3.37545787545788E-0001
 1101  4.88498168498168E-0001  3.40769230769231E-0001
 1102  4.96556776556777E-0001  3.19816849816850E-0001
 1103  5.13479853479853E-0001  3.26263736263736E-0001
 1104  5.19120879120879E-0001  3.48827838827839E-0001
 1105  4.99780219780220E-0001  3.52051282051282E-0001
 1106  5.19926739926740E-0001  3.41575091575092E-0001
 1107  4.74798534798535E-0001  5.01135531135531E-0001
 1108  2.33040293040293E-0001  5.05164835164835E-0001
 1109  2.36263736263736E-0001  5.26117216117216E-0001
 1110  2.35457875457875E-0001  3.23846153846154E-0001
 1111  4.74798534798535E-0001  5.06776556776557E-0001
 1112  2.42710622710623E-0001  5.00329670329670E-0001
 1113  2.46739926739927E-0001  4.33443223443223E-0001
 1114  2.53186813186813E-0001  4.96300366300366E-0001
 1115  2.58827838827839E-0001  4.72124542124542E-0001
 1116  2.55604395604396E-0001  4.78571428571429E-0001
 1117  2.58021978021978E-0001  4.64871794871795E-0001
 1118  2.55604395604396E-0001  4.77765567765568E-0001
 1119  2.51575091575092E-0001  4.96300366300366E-0001
 1120  2.38681318681319E-0001  2.40036630036630E-0001
 1121  1.91135531135531E-0001  2.43260073260073E-0001
 1122  1.69377289377289E-0001  2.56959706959707E-0001
 1123  1.59706959706960E-0001  2.58571428571429E-0001
 1124  1.33919413919414E-0001  2.58571428571429E-0001
 1125  1.87912087912088E-0001  2.52930402930403E-0001
 1126  1.79047619047619E-0001  2.36813186813187E-0001
 1127  1.56483516483516E-0001  2.32783882783883E-0001
 1128  1.77435897435897E-0001  2.38424908424908E-0001
 1129  1.60512820512821E-0001  2.36007326007326E-0001
 1130  1.78241758241758E-0001  2.27142857142857E-0001
 1131  1.96776556776557E-0001  2.27142857142857E-0001
 1132  2.01611721611722E-0001  2.39230769230769E-0001
 1133  1.98388278388278E-0001  2.26336996336996E-0001
 1134  1.70183150183150E-0001  2.16666666666667E-0001
 1135  1.98388278388278E-0001  2.14249084249084E-0001
 1136  1.84688644688645E-0001  2.17472527472527E-0001
 1137  1.91135531135531E-0001  2.15054945054945E-0001
 1138  1.81465201465201E-0001  2.14249084249084E-0001
 1139  1.62124542124542E-0001  2.30366300366300E-0001
 1140  1.87912087912088E-0001  2.21501831501832E-0001
 1141  1.45201465201465E-0001  2.18278388278388E-0001
 1142  1.69377289377289E-0001  2.20695970695971E-0001
 1143  1.48424908424908E-0001  2.20695970695971E-0001
 1144  1.77435897435897E-0001  2.24725274725275E-0001
 1145  1.92747252747253E-0001  2.24725274725275E-0001
 1146  1.88717948717949E-0001  2.36813186813187E-0001
 1147  1.62124542124542E-0001  2.27142857142857E-0001
 1148  2.04029304029304E-0001  1.94102564102564E-0001
 1149  3.45860805860806E-0001  1.66703296703297E-0001
 1150  3.41831501831502E-0001  1.11904761904761E-0001
 1151  3.32967032967033E-0001  1.53003663003663E-0001
 1152  3.26520146520147E-0001  1.55421245421245E-0001
 1153  3.23296703296703E-0001  1.57838827838828E-0001
 1154  3.32161172161172E-0001  1.55421245421245E-0001
 1155  3.35384615384615E-0001  1.67509157509158E-0001
 1156  3.43443223443223E-0001  1.65091575091575E-0001
 1157  3.42637362637363E-0001  3.30293040293040E-0001
 1158  4.49010989010989E-0001  1.67509157509158E-0001
 1159  3.39413919413919E-0001  3.29487179487179E-0001
 1160  4.36117216117216E-0001  3.30293040293040E-0001
 1161  4.42564102564103E-0001  3.27875457875458E-0001
 1162  4.54652014652015E-0001  3.35128205128205E-0001
 1163  4.57875457875458E-0001  3.51245421245421E-0001
 1164  4.53040293040293E-0001  3.49633699633700E-0001
 1165  4.57875457875458E-0001  3.49633699633700E-0001
 1166  4.44175824175824E-0001  3.49633699633700E-0001
 1167  4.28864468864469E-0001  3.55274725274725E-0001
 1168  4.31282051282051E-0001  3.34322344322344E-0001
 1169  4.57875457875458E-0001  3.35934065934066E-0001
 1170  4.44175824175824E-0001  3.43186813186813E-0001
 1171  4.58681318681319E-0001  3.57692307692308E-0001
 1172  4.36117216117216E-0001  3.39157509157509E-0001
 1173  4.29670329670330E-0001  3.50439560439560E-0001
 1174  4.36117216117216E-0001  3.53663003663004E-0001
 1175  4.43369963369963E-0001  4.18131868131868E-0001
 1176  2.08058608058608E-0001  3.38351648351648E-0001
 1177  4.48205128205128E-0001  4.39890109890110E-0001
 1178  2.11282051282051E-0001  4.24578754578755E-0001
 1179  2.03223443223443E-0001  4.06043956043956E-0001
 1180  1.91135531135531E-0001  3.98791208791209E-0001
 1181  2.04029304029304E-0001  3.88315018315018E-0001
 1182  2.13699633699634E-0001  4.06849816849817E-0001
 1183  2.04029304029304E-0001  3.87509157509158E-0001
 1184  2.06446886446886E-0001  3.80256410256410E-0001
 1185  2.09670329670330E-0001  2.13443223443223E-0001
 1186  2.42710622710623E-0001  3.81868131868132E-0001
 1187  2.09670329670330E-0001  2.14249084249084E-0001
 1188  2.55604395604396E-0001  2.00549450549451E-0001
 1189  2.65274725274725E-0001  2.12637362637363E-0001
 1190  2.66080586080586E-0001  2.11025641025641E-0001
 1191  2.62051282051282E-0001  2.11831501831502E-0001
 1192  2.47545787545788E-0001  2.06190476190476E-0001
 1193  2.52380952380952E-0001  2.21501831501832E-0001
 1194  2.65274725274725E-0001  1.98937728937729E-0001
 1195  2.68498168498168E-0001  1.88461538461538E-0001
 1196  2.54798534798535E-0001  1.93296703296703E-0001
 1197  2.68498168498168E-0001  2.48095238095238E-0001
 1198  3.58754578754579E-0001  2.37619047619048E-0001
 1199  3.75677655677656E-0001  2.40036630036630E-0001
 1200  3.82124542124542E-0001  2.36813186813187E-0001
 1201  3.79706959706960E-0001  3.73003663003663E-0001
 1202  3.71648351648352E-0001  3.56080586080586E-0001
 1203  1.85494505494505E-0001  3.71391941391941E-0001
 1204  3.71648351648352E-0001  3.52857142857143E-0001
 1205  1.74212454212454E-0001  3.29487179487179E-0001
 1206  1.80659340659341E-0001  3.52857142857143E-0001
 1207  1.79047619047619E-0001  3.68974358974359E-0001
 1208  1.79853479853480E-0001  3.48827838827839E-0001
 1209  1.80659340659341E-0001  3.43186813186813E-0001
 1210  1.91135531135531E-0001  3.26263736263736E-0001
 1211  1.85494505494505E-0001  3.56080586080586E-0001
 1212  1.85494505494505E-0001  3.43186813186813E-0001
 1213  1.91135531135531E-0001  3.33516483516484E-0001
 1214  1.81465201465201E-0001  3.23040293040293E-0001
 1215  1.79853479853480E-0001  3.27069597069597E-0001
 1216  1.90329670329670E-0001  1.82820512820513E-0001
 1217  2.64468864468864E-0001  1.98937728937729E-0001
 1218  2.84615384615385E-0001  2.01355311355311E-0001
 1219  2.81391941391941E-0001  2.00549450549451E-0001
 1220  2.81391941391941E-0001  1.98937728937729E-0001
 1221  2.74139194139194E-0001  1.88461538461538E-0001
 1222  2.98315018315018E-0001  1.87655677655678E-0001
 1223  2.78168498168498E-0001  1.88461538461538E-0001
 1224  2.81391941391941E-0001  1.94102564102564E-0001
 1225  2.91062271062271E-0001  1.88461538461538E-0001
 1226  2.81391941391941E-0001  1.94908424908425E-0001
 1227  3.07179487179487E-0001  2.01355311355311E-0001
 1228  2.87838827838828E-0001  2.76300366300366E-0001
 1229  3.78095238095238E-0001  2.65824175824176E-0001
 1230  3.79706959706960E-0001  2.91611721611722E-0001
 1231  3.86153846153846E-0001  2.52930402930403E-0001
 1232  3.81318681318681E-0001  2.52930402930403E-0001
 1233  3.83736263736264E-0001  2.61794871794872E-0001
 1234  3.91794871794872E-0001  2.61794871794872E-0001
 1235  3.97435897435897E-0001  2.75494505494505E-0001
 1236  3.97435897435897E-0001  2.74688644688645E-0001
 1237  3.90183150183150E-0001  2.81941391941392E-0001
 1238  3.90989010989011E-0001  3.02087912087912E-0001
 1239  3.95824175824176E-0001  2.68241758241758E-0001
 1240  3.94212454212454E-0001  2.68241758241758E-0001
 1241  3.97435897435897E-0001  2.69853479853480E-0001
 1242  3.97435897435897E-0001  2.89194139194139E-0001
 1243  4.03076923076923E-0001  2.70659340659341E-0001
 1244  4.06300366300366E-0001  2.72271062271062E-0001
 1245  4.97362637362637E-0001  2.96446886446886E-0001
 1246  5.08644688644689E-0001  2.86776556776557E-0001
 1247  5.21538461538462E-0001  2.89194139194139E-0001
 1248  5.12673992673993E-0001  2.95641025641026E-0001
 1249  5.46520146520147E-0001  2.85164835164835E-0001
 1250  5.15091575091575E-0001  2.78717948717949E-0001
 1251  5.72307692307692E-0001  2.68241758241758E-0001
 1252  5.06227106227106E-0001  2.76300366300366E-0001
 1253  4.82051282051282E-0001  4.95494505494505E-0001
 1254  3.30549450549451E-0001  3.10146520146520E-0001
 1255  4.59487179487179E-0001  4.71318681318681E-0001
 1256  3.37802197802198E-0001  5.64798534798535E-0001
 1257  3.35384615384615E-0001  5.85750915750916E-0001
 1258  3.41025641025641E-0001  5.47875457875458E-0001
 1259  3.45054945054945E-0001  5.37399267399267E-0001
 1260  3.16849816849817E-0001  5.10805860805861E-0001
 1261  3.32967032967033E-0001  5.10000000000000E-0001
 1262  3.24102564102564E-0001  5.32564102564103E-0001
 1263  3.37802197802198E-0001  5.10805860805861E-0001
 1264  3.32967032967033E-0001  5.07582417582418E-0001
 1265  3.16043956043956E-0001  5.10000000000000E-0001
 1266  3.32967032967033E-0001  3.14175824175824E-0001
 1267  2.08058608058608E-0001  5.31758241758242E-0001
 1268  3.20879120879121E-0001  3.12564102564103E-0001
 1269  2.15311355311355E-0001  2.96446886446886E-0001
 1270  2.08058608058608E-0001  3.04505494505495E-0001
 1271  2.02417582417582E-0001  2.91611721611722E-0001
 1272  2.14505494505495E-0001  1.76373626373626E-0001
 1273  3.07179487179487E-0001  1.80402930402930E-0001
 1274  3.13626373626374E-0001  1.70732600732601E-0001
 1275  3.19267399267399E-0001  1.81208791208791E-0001
 1276  3.11208791208791E-0001  1.73956043956044E-0001
 1277  3.20073260073260E-0001  1.66703296703297E-0001
 1278  3.06373626373626E-0001  1.72344322344322E-0001
 1279  3.11208791208791E-0001  1.82014652014652E-0001
 1280  3.13626373626374E-0001  1.71538461538462E-0001
 1281  3.24908424908425E-0001  1.69926739926740E-0001
 1282  3.17655677655678E-0001  1.69120879120879E-0001
 1283  3.26520146520147E-0001  1.68315018315018E-0001
 1284  3.22490842490842E-0001  1.73150183150183E-0001
 1285  3.24102564102564E-0001  1.65091575091575E-0001
 1286  3.29743589743590E-0001  1.58644688644689E-0001
 1287  3.31355311355311E-0001  3.27875457875458E-0001
 1288  4.85274725274725E-0001  3.14981684981685E-0001
 1289  5.07838827838828E-0001  3.23846153846154E-0001
 1290  5.09450549450549E-0001  3.30293040293040E-0001
 1291  4.98974358974359E-0001  3.30293040293040E-0001
 1292  5.00586080586081E-0001  3.34322344322344E-0001
 1293  4.65128205128205E-0001  3.44798534798535E-0001
 1294  5.05421245421245E-0001  3.29487179487179E-0001
 1295  5.17509157509158E-0001  3.42380952380952E-0001
 1296  4.93333333333333E-0001  3.31098901098901E-0001
 1297  4.96556776556777E-0001  3.28681318681319E-0001
 1298  4.74798534798535E-0001  3.22234432234432E-0001
 1299  4.29670329670330E-0001  3.04505494505495E-0001
 1300  4.64322344322344E-0001  2.94835164835165E-0001
 1301  4.49010989010989E-0001  3.03699633699634E-0001
 1302  4.80439560439560E-0001  3.04505494505495E-0001
 1303  4.74798534798535E-0001  2.97252747252747E-0001
 1304  4.32087912087912E-0001  3.02087912087912E-0001
 1305  4.67545787545788E-0001  2.97252747252747E-0001
 1306  4.72380952380952E-0001  2.98058608058608E-0001
 1307  4.65128205128205E-0001  4.64871794871795E-0001
 1308  2.46739926739927E-0001  4.46336996336996E-0001
 1309  2.46739926739927E-0001  2.47289377289377E-0001
 1310  1.69377289377289E-0001  4.65677655677656E-0001
 1311  2.42710622710623E-0001  2.42454212454212E-0001
 1312  1.76630036630037E-0001  4.25384615384615E-0001
 1313  2.33040293040293E-0001  2.40842490842491E-0001
 1314  1.50842490842491E-0001  2.27142857142857E-0001
 1315  1.87106227106227E-0001  2.27142857142857E-0001
 1316  1.67765567765568E-0001  2.32783882783883E-0001
 1317  1.66153846153846E-0001  2.44065934065934E-0001
 1318  1.74212454212454E-0001  2.23919413919414E-0001
 1319  1.78241758241758E-0001  2.33589743589744E-0001
 1320  1.83076923076923E-0001  2.23919413919414E-0001
 1321  1.87912087912088E-0001  2.04578754578755E-0001
 1322  1.91135531135531E-0001  2.10219780219780E-0001
 1323  1.79047619047619E-0001  2.20695970695971E-0001
 1324  1.88717948717949E-0001  1.49780219780220E-0001
 1325  3.26520146520147E-0001  1.54615384615385E-0001
 1326  3.43443223443223E-0001  1.36886446886447E-0001
 1327  3.32967032967033E-0001  1.29633699633700E-0001
 1328  3.32967032967033E-0001  1.52197802197802E-0001
 1329  3.36190476190476E-0001  1.15934065934065E-0001
 1330  3.32161172161172E-0001  1.27216117216117E-0001
 1331  3.24102564102564E-0001  9.82051282051282E-0002
 1332  3.28937728937729E-0001  1.40109890109890E-0001
 1333  3.32967032967033E-0001  1.07875457875457E-0001
 1334  3.40219780219780E-0001  1.18351648351648E-0001
 1335  3.32967032967033E-0001  3.25457875457875E-0001
 1336  4.69157509157509E-0001  1.42527472527473E-0001
 1337  3.38608058608059E-0001  3.29487179487179E-0001
 1338  4.69157509157509E-0001  1.27216117216117E-0001
 1339  3.36190476190476E-0001  3.27069597069597E-0001
 1340  4.71575091575092E-0001  3.08534798534799E-0001
 1341  4.65128205128205E-0001  3.23040293040293E-0001
 1342  4.49010989010989E-0001  3.17399267399267E-0001
 1343  4.40952380952381E-0001  3.28681318681319E-0001
 1344  4.62710622710623E-0001  3.30293040293040E-0001
 1345  4.55457875457875E-0001  3.39157509157509E-0001
 1346  4.65128205128205E-0001  3.29487179487179E-0001
 1347  4.45787545787546E-0001  4.46336996336996E-0001
 1348  2.32234432234432E-0001  4.46336996336996E-0001
 1349  2.29816849816850E-0001  4.46336996336996E-0001
 1350  2.04029304029304E-0001  3.30293040293040E-0001
 1351  4.40952380952381E-0001  4.60036630036630E-0001
 1352  2.27399267399267E-0001  4.62454212454212E-0001
 1353  2.29010989010989E-0001  4.37472527472527E-0001
 1354  2.20952380952381E-0001  4.59230769230769E-0001
 1355  2.25787545787546E-0001  4.46336996336996E-0001
 1356  2.21758241758242E-0001  4.36666666666667E-0001
 1357  2.07252747252747E-0001  2.01355311355311E-0001
 1358  2.12893772893773E-0001  4.28608058608059E-0001
 1359  1.93553113553114E-0001  1.93296703296703E-0001
 1360  2.19340659340659E-0001  2.06996336996337E-0001
 1361  2.03223443223443E-0001  2.24725274725275E-0001
 1362  2.12087912087912E-0001  2.20695970695971E-0001
 1363  2.12087912087912E-0001  2.14249084249084E-0001
 1364  2.20952380952381E-0001  2.06190476190476E-0001
 1365  2.05641025641026E-0001  2.01355311355311E-0001
 1366  1.97582417582418E-0001  1.91684981684982E-0001
 1367  2.32234432234432E-0001  1.94102564102564E-0001
 1368  2.18534798534799E-0001  2.01355311355311E-0001
 1369  2.20952380952381E-0001  1.96520146520147E-0001
 1370  3.58754578754579E-0001  2.01355311355311E-0001
 1371  3.58754578754579E-0001  1.99743589743590E-0001
 1372  3.57142857142857E-0001  1.97326007326007E-0001
 1373  3.58754578754579E-0001  1.98131868131868E-0001
 1374  3.58754578754579E-0001  2.09413919413919E-0001
 1375  3.43443223443223E-0001  2.18278388278388E-0001
 1376  3.41025641025641E-0001  2.13443223443223E-0001
 1377  3.52307692307692E-0001  2.12637362637363E-0001
 1378  3.58754578754579E-0001  3.35934065934066E-0001
 1379  3.84542124542125E-0001  2.20695970695971E-0001
 1380  3.55531135531136E-0001  3.27875457875458E-0001
 1381  3.74871794871795E-0001  3.30293040293040E-0001
 1382  3.88571428571429E-0001  3.19816849816850E-0001
 1383  3.90989010989011E-0001  3.73003663003663E-0001
 1384  1.86300366300366E-0001  3.76227106227106E-0001
 1385  1.90329670329670E-0001  1.84432234432234E-0001
 1386  2.36263736263736E-0001  1.84432234432234E-0001
 1387  2.41098901098901E-0001  2.00549450549451E-0001
 1388  2.41098901098901E-0001  1.93296703296703E-0001
 1389  2.62857142857143E-0001  1.94908424908425E-0001
 1390  2.57216117216117E-0001  1.93296703296703E-0001
 1391  2.62857142857143E-0001  1.82014652014652E-0001
 1392  2.66080586080586E-0001  1.70732600732601E-0001
 1393  2.69304029304029E-0001  1.75567765567766E-0001
 1394  2.68498168498168E-0001  1.81208791208791E-0001
 1395  2.54798534798535E-0001  1.85238095238095E-0001
 1396  2.69304029304029E-0001  2.49706959706960E-0001
 1397  3.84542124542125E-0001  2.28754578754579E-0001
 1398  3.81318681318681E-0001  2.40036630036630E-0001
 1399  3.71648351648352E-0001  2.40036630036630E-0001
 1400  3.71648351648352E-0001  2.51318681318681E-0001
 1401  3.78901098901099E-0001  2.44871794871795E-0001
 1402  3.70842490842491E-0001  2.68241758241758E-0001
 1403  3.80512820512821E-0001  2.37619047619048E-0001
 1404  3.84542124542125E-0001  3.55274725274725E-0001
 1405  3.73260073260073E-0001  2.50512820512821E-0001
 1406  3.82124542124542E-0001  3.47216117216117E-0001
 1407  3.57142857142857E-0001  3.50439560439560E-0001
 1408  3.65201465201465E-0001  3.48827838827839E-0001
 1409  3.67619047619048E-0001  3.49633699633700E-0001
 1410  3.66007326007326E-0001  3.42380952380952E-0001
 1411  3.61172161172161E-0001  3.55274725274725E-0001
 1412  3.54725274725275E-0001  3.52051282051282E-0001
 1413  3.45860805860806E-0001  3.53663003663004E-0001
 1414  3.45860805860806E-0001  3.49633699633700E-0001
 1415  3.39413919413919E-0001  3.48021978021978E-0001
 1416  3.39413919413919E-0001  3.41575091575092E-0001
 1417  3.40219780219780E-0001  3.31904761904762E-0001
 1418  3.58754578754579E-0001  3.39963369963370E-0001
 1419  3.66007326007326E-0001  3.51245421245421E-0001
 1420  3.43443223443223E-0001  3.50439560439560E-0001
 1421  3.45860805860806E-0001  3.48021978021978E-0001
 1422  3.45860805860806E-0001  3.36739926739927E-0001
 1423  3.72454212454212E-0001  3.49633699633700E-0001
 1424  1.91135531135531E-0001  3.21428571428571E-0001
 1425  1.87106227106227E-0001  3.13369963369963E-0001
 1426  1.90329670329670E-0001  3.26263736263736E-0001
 1427  1.94358974358974E-0001  3.50439560439560E-0001
 1428  1.93553113553114E-0001  3.23846153846154E-0001
 1429  2.00805860805861E-0001  3.37545787545788E-0001
 1430  1.93553113553114E-0001  3.41575091575092E-0001
 1431  1.92747252747253E-0001  1.75567765567766E-0001
 1432  2.98315018315018E-0001  3.34322344322344E-0001
 1433  1.92747252747253E-0001  1.75567765567766E-0001
 1434  2.78168498168498E-0001  1.65897435897436E-0001
 1435  2.89450549450549E-0001  1.70732600732601E-0001
 1436  2.74139194139194E-0001  1.73150183150183E-0001
 1437  2.90256410256410E-0001  1.74761904761905E-0001
 1438  2.94285714285714E-0001  1.76373626373626E-0001
 1439  2.84615384615385E-0001  1.75567765567766E-0001
 1440  2.64468864468864E-0001  1.73150183150183E-0001
 1441  3.08791208791209E-0001  1.64285714285714E-0001
 1442  3.03956043956044E-0001  1.69120879120879E-0001
 1443  2.81391941391941E-0001  2.78717948717949E-0001
 1444  3.81318681318681E-0001  2.72271062271062E-0001
 1445  3.84542124542125E-0001  1.69926739926740E-0001
 1446  3.03956043956044E-0001  2.81941391941392E-0001
 1447  3.87765567765568E-0001  2.60989010989011E-0001
 1448  3.91794871794872E-0001  1.66703296703297E-0001
 1449  2.76556776556777E-0001  2.63406593406593E-0001
 1450  4.03882783882784E-0001  2.91611721611722E-0001
 1451  3.99853479853480E-0001  2.90805860805861E-0001
 1452  4.09523809523810E-0001  1.43333333333333E-0001
 1453  2.83809523809524E-0001  2.83553113553114E-0001
 1454  4.03882783882784E-0001  2.69047619047619E-0001
 1455  4.10329670329670E-0001  2.83553113553114E-0001
 1456  3.99047619047619E-0001  2.58571428571429E-0001
 1457  4.10329670329670E-0001  2.68241758241758E-0001
 1458  4.53040293040293E-0001  2.85970695970696E-0001
 1459  5.25567765567766E-0001  2.72271062271062E-0001
 1460  4.98168498168498E-0001  4.76959706959707E-0001
 1461  3.32967032967033E-0001  2.81941391941392E-0001
 1462  5.12673992673993E-0001  4.97106227106227E-0001
 1463  3.32967032967033E-0001  5.44652014652015E-0001
 1464  3.50695970695971E-0001  5.17252747252747E-0001
 1465  3.41025641025641E-0001  4.59230769230769E-0001
 1466  3.54725274725275E-0001  5.17252747252747E-0001
 1467  3.32967032967033E-0001  5.45457875457875E-0001
 1468  3.32161172161172E-0001  4.47948717948718E-0001
 1469  3.33772893772894E-0001  4.76153846153846E-0001
 1470  3.45054945054945E-0001  4.84212454212454E-0001
 1471  3.28937728937729E-0001  2.85164835164835E-0001
 1472  2.14505494505495E-0001  4.95494505494505E-0001
 1473  3.49890109890110E-0001  3.29487179487179E-0001
 1474  1.97582417582418E-0001  3.33516483516484E-0001
 1475  2.13699633699634E-0001  2.91611721611722E-0001
 1476  2.04029304029304E-0001  3.06117216117216E-0001
 1477  1.92747252747253E-0001  2.91611721611722E-0001
 1478  2.04029304029304E-0001  3.19010989010989E-0001
 1479  1.94358974358974E-0001  3.26263736263736E-0001
 1480  1.95164835164835E-0001  3.16593406593407E-0001
 1481  2.00805860805861E-0001  3.16593406593407E-0001
 1482  2.01611721611722E-0001  3.39157509157509E-0001
 1483  1.92747252747253E-0001  1.53003663003663E-0001
 1484  2.87838827838828E-0001  3.09340659340659E-0001
 1485  2.01611721611722E-0001  1.66703296703297E-0001
 1486  2.85421245421245E-0001  1.65091575091575E-0001
 1487  2.87032967032967E-0001  1.67509157509158E-0001
 1488  3.09597069597070E-0001  1.72344322344322E-0001
 1489  3.01538461538462E-0001  1.62673992673993E-0001
 1490  3.05567765567766E-0001  1.68315018315018E-0001
 1491  3.03150183150183E-0001  1.67509157509158E-0001
 1492  3.18461538461538E-0001  1.67509157509158E-0001
 1493  3.34578754578755E-0001  1.72344322344322E-0001
 1494  3.10402930402930E-0001  1.67509157509158E-0001
 1495  3.20073260073260E-0001  1.65091575091575E-0001
 1496  3.21684981684982E-0001  1.55421245421245E-0001
 1497  3.28131868131868E-0001  3.23040293040293E-0001
 1498  5.07032967032967E-0001  3.20622710622711E-0001
 1499  4.87692307692308E-0001  3.14981684981685E-0001
 1500  4.99780219780220E-0001  3.26263736263736E-0001
 1501  5.03809523809524E-0001  3.17399267399267E-0001
 1502  5.01391941391941E-0001  3.10952380952381E-0001
 1503  4.92527472527473E-0001  3.30293040293040E-0001
 1504  5.09450549450549E-0001  3.14981684981685E-0001
 1505  4.74798534798535E-0001  3.17399267399267E-0001
 1506  5.04615384615385E-0001  3.23040293040293E-0001
 1507  4.93333333333333E-0001  5.08388278388278E-0001
 1508  2.29010989010989E-0001  3.13369963369963E-0001
 1509  4.32087912087912E-0001  4.45531135531136E-0001
 1510  2.34652014652015E-0001  4.41501831501832E-0001
 1511  2.31428571428571E-0001  4.59230769230769E-0001
 1512  2.37875457875458E-0001  4.69706959706960E-0001
 1513  2.29816849816850E-0001  4.79377289377289E-0001
 1514  2.24981684981685E-0001  4.89853479853480E-0001
 1515  2.35457875457875E-0001  4.43919413919414E-0001
 1516  2.36263736263736E-0001  5.07582417582418E-0001
 1517  2.50769230769231E-0001  2.48095238095238E-0001
 1518  1.43589743589744E-0001  4.76153846153846E-0001
 1519  2.37875457875458E-0001  2.38424908424908E-0001
 1520  1.39560439560440E-0001  2.28754578754579E-0001
 1521  1.52454212454212E-0001  2.33589743589744E-0001
 1522  1.51648351648352E-0001  2.27142857142857E-0001
 1523  1.56483516483516E-0001  2.17472527472527E-0001
 1524  1.83076923076923E-0001  2.15054945054945E-0001
 1525  1.86300366300366E-0001  2.14249084249084E-0001
 1526  1.58901098901099E-0001  2.22307692307692E-0001
 1527  1.87106227106227E-0001  2.19084249084249E-0001
 1528  1.65347985347985E-0001  2.12637362637363E-0001
 1529  1.74212454212454E-0001  2.17472527472527E-0001
 1530  1.98388278388278E-0001  1.71538461538462E-0001
 1531  3.26520146520147E-0001  2.11831501831502E-0001
 1532  1.95164835164835E-0001  1.47362637362637E-0001
 1533  3.24908424908425E-0001  1.94102564102564E-0001
 1534  1.58901098901099E-0001  1.11098901098901E-0001
 1535  3.20073260073260E-0001  2.05384615384615E-0001
 1536  1.63736263736264E-0001  1.17545787545787E-0001
 1537  3.16043956043956E-0001  1.31245421245421E-0001
 1538  3.19267399267399E-0001  1.29633699633700E-0001
 1539  3.30549450549451E-0001  1.23992673992674E-0001
 1540  3.29743589743590E-0001  1.39304029304029E-0001
 1541  3.26520146520147E-0001  1.29633699633700E-0001
 1542  3.28131868131868E-0001  1.32857142857143E-0001
 1543  3.31355311355311E-0001  1.23186813186813E-0001
 1544  3.29743589743590E-0001  3.07728937728938E-0001
 1545  4.59487179487179E-0001  3.10146520146520E-0001
 1546  4.47399267399267E-0001  1.40915750915751E-0001
 1547  3.37802197802198E-0001  3.24652014652015E-0001
 1548  4.65128205128205E-0001  3.34322344322344E-0001
 1549  4.48205128205128E-0001  3.23846153846154E-0001
 1550  4.47399267399267E-0001  3.35934065934066E-0001
 1551  4.26446886446886E-0001  3.30293040293040E-0001
 1552  4.36117216117216E-0001  3.21428571428571E-0001
 1553  4.49010989010989E-0001  4.36666666666667E-0001
 1554  2.05641025641026E-0001  4.51172161172161E-0001
 1555  2.04029304029304E-0001  4.20549450549451E-0001
 1556  2.04029304029304E-0001  4.31025641025641E-0001
 1557  2.15311355311355E-0001  4.20549450549451E-0001
 1558  2.08058608058608E-0001  4.31831501831502E-0001
 1559  2.01611721611722E-0001  4.15714285714286E-0001
 1560  2.09670329670330E-0001  4.33443223443223E-0001
 1561  2.04029304029304E-0001  4.33443223443223E-0001
 1562  1.91135531135531E-0001  4.26190476190476E-0001
 1563  2.04029304029304E-0001  4.43919413919414E-0001
 1564  2.07252747252747E-0001  2.00549450549451E-0001
 1565  1.96776556776557E-0001  4.16520146520147E-0001
 1566  2.10476190476190E-0001  2.07802197802198E-0001
 1567  2.11282051282051E-0001  4.33443223443223E-0001
 1568  2.16923076923077E-0001  2.14249084249084E-0001
 1569  2.16923076923077E-0001  4.30219780219780E-0001
 1570  2.21758241758242E-0001  2.15860805860806E-0001
 1571  2.17728937728938E-0001  1.96520146520147E-0001
 1572  2.09670329670330E-0001  1.88461538461538E-0001
 1573  2.04029304029304E-0001  1.94908424908425E-0001
 1574  2.09670329670330E-0001  2.07802197802198E-0001
 1575  2.27399267399267E-0001  2.13443223443223E-0001
 1576  2.23369963369963E-0001  1.97326007326007E-0001
 1577  2.16923076923077E-0001  2.13443223443223E-0001
 1578  2.29010989010989E-0001  1.99743589743590E-0001
 1579  2.32234432234432E-0001  1.94908424908425E-0001
 1580  2.36263736263736E-0001  2.00549450549451E-0001
 1581  2.49963369963370E-0001  2.11025641025641E-0001
 1582  3.41831501831502E-0001  2.09413919413919E-0001
 1583  3.58754578754579E-0001  2.00549450549451E-0001
 1584  3.61978021978022E-0001  2.06996336996337E-0001
 1585  3.58754578754579E-0001  2.27142857142857E-0001
 1586  3.59560439560440E-0001  2.23113553113553E-0001
 1587  3.61172161172161E-0001  2.07802197802198E-0001
 1588  3.45054945054945E-0001  2.20695970695971E-0001
 1589  3.44249084249084E-0001  2.08608058608059E-0001
 1590  3.58754578754579E-0001  2.14249084249084E-0001
 1591  3.63589743589744E-0001  2.13443223443223E-0001
 1592  3.69230769230769E-0001  2.24725274725275E-0001
 1593  3.67619047619048E-0001  3.39157509157509E-0001
 1594  3.83736263736264E-0001  2.52930402930403E-0001
 1595  3.71648351648352E-0001  3.42380952380952E-0001
 1596  3.71648351648352E-0001  3.34322344322344E-0001
 1597  3.84542124542125E-0001  3.35934065934066E-0001
 1598  3.84542124542125E-0001  3.42380952380952E-0001
 1599  3.70036630036630E-0001  2.26336996336996E-0001
 1600  3.70036630036630E-0001  3.43186813186813E-0001
 1601  3.70842490842491E-0001  3.51245421245421E-0001
 1602  3.71648351648352E-0001  3.52051282051282E-0001
 1603  3.65201465201465E-0001  3.52051282051282E-0001
 1604  3.79706959706960E-0001  3.40769230769231E-0001
 1605  3.71648351648352E-0001  3.48021978021978E-0001
 1606  3.69230769230769E-0001  3.43186813186813E-0001
 1607  3.70036630036630E-0001  3.43186813186813E-0001
 1608  3.57142857142857E-0001  3.41575091575092E-0001
 1609  3.53113553113553E-0001  3.52857142857143E-0001
 1610  3.49890109890110E-0001  3.47216117216117E-0001
 1611  1.90329670329670E-0001  3.30293040293040E-0001
 1612  1.91135531135531E-0001  3.24652014652015E-0001
 1613  1.91135531135531E-0001  3.10952380952381E-0001
 1614  1.90329670329670E-0001  3.36739926739927E-0001
 1615  1.85494505494505E-0001  3.48021978021978E-0001
 1616  1.95970695970696E-0001  3.62527472527473E-0001
 1617  1.91135531135531E-0001  3.27875457875458E-0001
 1618  1.91135531135531E-0001  1.78791208791209E-0001
 1619  2.76556776556777E-0001  3.47216117216117E-0001
 1620  1.94358974358974E-0001  1.84432234432234E-0001
 1621  2.70109890109890E-0001  1.88461538461538E-0001
 1622  2.76556776556777E-0001  1.82820512820513E-0001
 1623  2.91062271062271E-0001  1.75567765567766E-0001
 1624  3.01538461538462E-0001  1.73150183150183E-0001
 1625  2.94285714285714E-0001  1.75567765567766E-0001
 1626  2.96703296703297E-0001  1.69926739926740E-0001
 1627  3.01538461538462E-0001  2.90000000000000E-0001
 1628  3.78901098901099E-0001  1.81208791208791E-0001
 1629  2.91062271062271E-0001  2.78717948717949E-0001
 1630  3.79706959706960E-0001  2.62600732600733E-0001
 1631  3.80512820512821E-0001  2.55347985347985E-0001
 1632  3.80512820512821E-0001  2.46483516483516E-0001
 1633  3.84542124542125E-0001  2.58571428571429E-0001
 1634  3.76483516483516E-0001  2.69853479853480E-0001
 1635  3.73260073260073E-0001  3.43186813186813E-0001
 1636  3.56336996336996E-0001  3.52051282051282E-0001
 1637  3.56336996336996E-0001  3.43186813186813E-0001
 1638  3.36996336996337E-0001  3.52857142857143E-0001
 1639  3.50695970695971E-0001  3.54468864468864E-0001
 1640  3.32967032967033E-0001  3.60109890109890E-0001
 1641  3.32967032967033E-0001  2.88388278388278E-0001
 1642  1.75824175824176E-0001  3.75421245421245E-0001
 1643  3.37802197802198E-0001  3.36739926739927E-0001
 1644  1.85494505494505E-0001  3.26263736263736E-0001
 1645  1.84688644688645E-0001  3.04505494505495E-0001
 1646  1.84688644688645E-0001  3.19816849816850E-0001
 1647  1.78241758241758E-0001  3.27875457875458E-0001
 1648  1.82271062271062E-0001  3.23040293040293E-0001
 1649  1.87106227106227E-0001  3.46410256410256E-0001
 1650  1.98388278388278E-0001  3.20622710622711E-0001
 1651  1.95164835164835E-0001  3.02893772893773E-0001
 1652  1.90329670329670E-0001  3.10146520146520E-0001
 1653  2.01611721611722E-0001  3.27069597069597E-0001
 1654  2.04029304029304E-0001  3.27069597069597E-0001
 1655  1.91135531135531E-0001  3.28681318681319E-0001
 1656  1.83882783882784E-0001  3.02087912087912E-0001
 1657  1.98388278388278E-0001  3.21428571428571E-0001
 1658  1.88717948717949E-0001  1.47362637362637E-0001
 1659  3.04761904761905E-0001  1.71538461538462E-0001
 1660  2.81391941391941E-0001  1.62673992673993E-0001
 1661  2.84615384615385E-0001  1.62673992673993E-0001
 1662  2.76556776556777E-0001  1.45750915750916E-0001
 1663  2.87838827838828E-0001  1.53809523809524E-0001
 1664  3.06373626373626E-0001  1.54615384615385E-0001
 1665  3.07179487179487E-0001  1.64285714285714E-0001
 1666  2.78974358974359E-0001  2.73882783882784E-0001
 1667  5.07032967032967E-0001  2.74688644688645E-0001
 1668  5.19926739926740E-0001  3.03699633699634E-0001
 1669  5.14285714285714E-0001  2.83553113553114E-0001
 1670  4.94139194139194E-0001  2.96446886446886E-0001
 1671  5.19926739926740E-0001  2.89194139194139E-0001
 1672  4.94139194139194E-0001  2.84358974358974E-0001
 1673  4.90109890109890E-0001  2.96446886446886E-0001
 1674  4.93333333333333E-0001  2.78717948717949E-0001
 1675  4.71575091575092E-0001  2.95641025641026E-0001
 1676  4.73992673992674E-0001  4.90659340659341E-0001
 1677  3.13626373626374E-0001  4.97106227106227E-0001
 1678  2.99926739926740E-0001  5.04358974358974E-0001
 1679  2.85421245421245E-0001  4.89047619047619E-0001
 1680  3.06373626373626E-0001  4.97912087912088E-0001
 1681  2.94285714285714E-0001  4.65677655677656E-0001
 1682  2.81391941391941E-0001  4.74542124542125E-0001
 1683  3.08791208791209E-0001  4.72124542124542E-0001
 1684  2.70109890109890E-0001  2.68241758241758E-0001
 1685  2.01611721611722E-0001  2.67435897435897E-0001
 1686  2.01611721611722E-0001  2.26336996336996E-0001
 1687  2.02417582417582E-0001  2.24725274725275E-0001
 1688  2.02417582417582E-0001  2.14249084249084E-0001
 1689  2.01611721611722E-0001  2.12637362637363E-0001
 1690  2.03223443223443E-0001  2.14249084249084E-0001
 1691  2.03223443223443E-0001  2.20695970695971E-0001
 1692  2.04029304029304E-0001  2.09413919413919E-0001
 1693  2.00000000000000E-0001  1.57032967032967E-0001
 1694  3.41025641025641E-0001  2.11831501831502E-0001
 1695  1.95970695970696E-0001  1.58644688644689E-0001
 1696  3.27326007326007E-0001  1.62673992673993E-0001
 1697  3.31355311355311E-0001  1.57032967032967E-0001
 1698  3.23296703296703E-0001  1.69120879120879E-0001
 1699  3.18461538461538E-0001  1.28827838827839E-0001
 1700  3.42637362637363E-0001  1.19157509157509E-0001
 1701  3.12820512820513E-0001  1.23992673992674E-0001
 1702  3.20073260073260E-0001  8.53113553113553E-0002
 1703  3.16043956043956E-0001  1.01428571428571E-0001
 1704  3.19267399267399E-0001  3.04505494505495E-0001
 1705  4.64322344322344E-0001  3.03699633699634E-0001
 1706  4.39340659340659E-0001  3.02087912087912E-0001
 1707  4.45787545787546E-0001  2.93223443223443E-0001
 1708  4.40952380952381E-0001  4.39084249084249E-0001
 1709  2.33040293040293E-0001  4.79377289377289E-0001
 1710  2.47545787545788E-0001  4.85018315018315E-0001
 1711  2.49963369963370E-0001  4.62454212454212E-0001
 1712  2.55604395604396E-0001  4.76153846153846E-0001
 1713  2.44322344322344E-0001  4.76959706959707E-0001
 1714  2.36263736263736E-0001  2.31978021978022E-0001
 1715  1.66153846153846E-0001  2.40036630036630E-0001
 1716  1.46813186813187E-0001  2.23919413919414E-0001
 1717  1.61318681318681E-0001  2.21501831501832E-0001
 1718  1.77435897435897E-0001  2.31172161172161E-0001
 1719  1.73406593406593E-0001  2.12637362637363E-0001
 1720  2.03223443223443E-0001  1.83626373626374E-0001
 1721  3.20073260073260E-0001  1.49780219780220E-0001
 1722  3.36190476190476E-0001  1.58644688644689E-0001
 1723  3.32967032967033E-0001  1.49780219780220E-0001
 1724  3.36996336996337E-0001  1.31245421245421E-0001
 1725  3.41831501831502E-0001  3.35934065934066E-0001
 1726  4.33699633699634E-0001  3.10952380952381E-0001
 1727  4.48205128205128E-0001  3.17399267399267E-0001
 1728  4.60293040293040E-0001  3.27875457875458E-0001
 1729  4.74798534798535E-0001  4.76153846153846E-0001
 1730  2.04029304029304E-0001  4.81794871794872E-0001
 1731  2.20146520146520E-0001  4.55201465201465E-0001
 1732  2.20952380952381E-0001  4.68095238095238E-0001
 1733  2.14505494505495E-0001  2.14249084249084E-0001
 1734  1.84688644688645E-0001  4.62454212454212E-0001
 1735  2.19340659340659E-0001  2.23919413919414E-0001
 1736  1.62930402930403E-0001  2.19890109890110E-0001
 1737  1.69377289377289E-0001  2.12637362637363E-0001
 1738  1.79853479853480E-0001  2.01355311355311E-0001
 1739  1.94358974358974E-0001  2.14249084249084E-0001
 1740  1.77435897435897E-0001  2.25531135531136E-0001
 1741  1.95164835164835E-0001  2.14249084249084E-0001
 1742  1.87912087912088E-0001  2.14249084249084E-0001
 1743  1.74212454212454E-0001  1.12710622710622E-0001
 1744  3.12014652014652E-0001  1.23992673992674E-0001
 1745  3.15238095238095E-0001  1.40915750915751E-0001
 1746  3.22490842490842E-0001  1.11904761904761E-0001
 1747  3.17655677655678E-0001  3.05311355311355E-0001
 1748  4.36117216117216E-0001  1.25604395604396E-0001
 1749  3.24908424908425E-0001  3.02893772893773E-0001
 1750  4.61904761904762E-0001  3.27875457875458E-0001
 1751  4.58681318681319E-0001  3.30293040293040E-0001
 1752  4.49010989010989E-0001  3.36739926739927E-0001
 1753  4.34505494505495E-0001  4.52783882783883E-0001
 1754  2.13699633699634E-0001  3.94761904761905E-0001
 1755  1.91941391941392E-0001  4.20549450549451E-0001
 1756  1.83076923076923E-0001  4.09267399267399E-0001
 1757  1.82271062271062E-0001  4.20549450549451E-0001
 1758  1.86300366300366E-0001  1.88461538461538E-0001
 1759  2.02417582417582E-0001  1.95714285714286E-0001
 1760  2.21758241758242E-0001  2.01355311355311E-0001
 1761  2.22564102564103E-0001  2.01355311355311E-0001
 1762  2.16117216117216E-0001  2.01355311355311E-0001
 1763  2.32234432234432E-0001  1.96520146520147E-0001
 1764  2.13699633699634E-0001  2.01355311355311E-0001
 1765  2.18534798534799E-0001  1.94908424908425E-0001
 1766  2.33846153846154E-0001  1.92490842490842E-0001
 1767  2.34652014652015E-0001  2.01355311355311E-0001
 1768  2.40293040293040E-0001  1.98131868131868E-0001
 1769  3.32967032967033E-0001  2.12637362637363E-0001
 1770  2.35457875457875E-0001  2.10219780219780E-0001
 1771  3.51501831501832E-0001  2.21501831501832E-0001
 1772  3.51501831501832E-0001  1.88461538461538E-0001
 1773  3.42637362637363E-0001  2.25531135531136E-0001
 1774  3.42637362637363E-0001  2.48901098901099E-0001
 1775  3.53113553113553E-0001  2.31172161172161E-0001
 1776  3.52307692307692E-0001  2.37619047619048E-0001
 1777  3.43443223443223E-0001  2.23919413919414E-0001
 1778  3.54725274725275E-0001  2.24725274725275E-0001
 1779  3.69230769230769E-0001  2.36813186813187E-0001
 1780  3.66813186813187E-0001  3.43992673992674E-0001
 1781  3.68424908424908E-0001  3.47216117216117E-0001
 1782  3.75677655677656E-0001  3.55274725274725E-0001
 1783  3.72454212454212E-0001  3.40769230769231E-0001
 1784  3.84542124542125E-0001  3.37545787545788E-0001
