 0 -5.84908424908425E-0001 -3.02857142857143E-0001
 1 -1.55435897435897E+0000 -3.11721611721612E-0001
 2  1.30402930402930E-0002 -1.98952380952381E+0000
 3  2.34652014652015E-0001 -7.27545787545788E-0001
 4 -5.30915750915751E-0001 -3.02857142857143E-0001
 5 -1.41978021978022E+0000 -3.06080586080586E-0001
 6 -3.61172161172161E-0002 -1.98710622710623E+0000
 7  2.33846153846154E-0001 -7.30769230769231E-0001
 8 -4.84981684981685E-0001 -2.96410256410256E-0001
 9 -1.32630036630037E+0000 -3.06080586080586E-0001
 10 -7.39926739926740E-0002 -1.98710622710623E+0000
 11  2.33846153846154E-0001 -7.30769230769231E-0001
 12 -4.42271062271062E-0001 -2.98021978021978E-0001
 13 -1.20219780219780E+0000 -3.06080586080586E-0001
 14 -1.23956043956044E-0001 -1.98468864468864E+0000
 15  2.31428571428571E-0001 -7.37216117216117E-0001
 16 -4.01978021978022E-0001 -3.06080586080586E-0001
 17 -1.10952380952381E+0000 -1.98630036630037E+0000
 18  2.31428571428571E-0001 -7.38021978021978E-0001
 19 -3.47179487179487E-0001 -3.04468864468864E-0001
 20 -1.00879120879121E+0000 -3.08498168498168E-0001
 21 -2.08571428571429E-0001 -1.98549450549451E+0000
 22  2.31428571428571E-0001 -7.37216117216117E-0001
 23 -2.97216117216117E-0001 -3.05274725274725E-0001
 24 -8.83882783882784E-0001 -3.05274725274725E-0001
 25 -2.63369963369963E-0001 -1.98710622710623E+0000
 26  2.29010989010989E-0001 -7.38021978021978E-0001
 27 -2.42417582417582E-0001 -2.97216117216117E-0001
 28 -7.79120879120879E-0001 -1.88234432234432E+0000
 29  2.29010989010989E-0001 -7.34798534798535E-0001
 30 -1.90842490842491E-0001 -2.98827838827839E-0001
 31 -6.87252747252747E-0001 -3.10915750915751E-0001
 32 -3.58461538461538E-0001 -1.49069597069597E+0000
 33  2.26593406593407E-0001 -7.33992673992674E-0001
 34 -1.51355311355311E-0001 -3.06080586080586E-0001
 35 -5.98608058608059E-0001 -3.12527472527473E-0001
 36 -3.97142857142857E-0001 -1.64219780219780E+0000
 37  2.29816849816850E-0001 -7.31575091575092E-0001
 38 -1.05421245421245E-0001 -3.06080586080586E-0001
 39 -5.08351648351648E-0001 -3.13333333333333E-0001
 40 -4.53553113553114E-0001 -1.40205128205128E+0000
 41  2.27399267399267E-0001 -7.28351648351648E-0001
 42 -5.46520146520147E-0002 -3.06080586080586E-0001
 43 -4.22124542124542E-0001 -3.10915750915751E-0001
 44 -5.04322344322344E-0001 -1.13047619047619E+0000
 45  2.24981684981685E-0001 -7.24322344322344E-0001
 46 -1.27472527472527E-0002 -3.13333333333333E-0001
 47 -5.48644688644689E-0001 -8.12161172161172E-0001
 48  1.25860805860806E-0001 -7.16263736263736E-0001
 49  4.52747252747253E-0002 -2.98021978021978E-0001
 50 -2.52893772893773E-0001 -3.20586080586081E-0001
 51 -6.00219780219780E-0001 -5.92161172161172E-0001
 52  1.78754578754579E-0002 -7.09010989010989E-0001
 53  1.00879120879120E-0001 -3.07692307692308E-0001
 54 -1.52967032967033E-0001 -3.14945054945055E-0001
 55 -6.59853479853480E-0001 -3.52820512820513E-0001
 56 -7.96336996336996E-0002 -6.86446886446886E-0001
 57  1.52454212454212E-0001 -3.12527472527473E-0001
 58 -7.56043956043956E-0002 -3.15750915750916E-0001
 59 -7.11428571428571E-0001 -3.47179487179487E-0001
 60 -1.72307692307692E-0001 -6.78388278388278E-0001
 61  2.08864468864469E-0001 -3.16556776556777E-0001
 62 -7.58974358974359E-0001 -3.47985347985348E-0001
 63 -2.45641025641026E-0001 -6.65494505494505E-0001
 64  2.36263736263736E-0001 -3.26227106227106E-0001
 65  6.78388278388278E-0002 -3.18168498168498E-0001
 66 -8.06520146520147E-0001 -3.38315018315018E-0001
 67 -3.43956043956044E-0001 -6.49377289377289E-0001
 68  2.36263736263736E-0001 -3.30256410256410E-0001
 69  1.48424908424908E-0001 -3.19780219780220E-0001
 70 -8.62930402930403E-0001 -6.30036630036630E-0001
 71  2.35457875457875E-0001 -6.55018315018315E-0001
 72  2.33846153846154E-0001 -3.33479853479853E-0001
 73 -5.05934065934066E-0001 -1.19172161172161E+0000
 74  2.33040293040293E-0001 -3.21391941391941E-0001
 75 -9.74945054945055E-0001 -3.25421245421245E-0001
 76 -5.78461538461538E-0001 -5.87326007326007E-0001
 77  2.29816849816850E-0001 -1.45604395604396E+0000
 78  2.34652014652015E-0001 -3.24615384615385E-0001
 79 -1.03135531135531E+0000 -3.23003663003663E-0001
 80 -6.46153846153846E-0001 -1.79934065934066E+0000
 81  2.33040293040293E-0001 -3.21391941391941E-0001
 82 -1.07326007326007E+0000 -3.17362637362637E-0001
 83 -7.22710622710623E-0001 -5.22857142857143E-0001
 84  2.35457875457875E-0001 -1.97663003663004E+0000
 85  2.32234432234432E-0001 -3.22197802197802E-0001
 86 -1.14578754578755E+0000 -3.24615384615385E-0001
 87 -8.02490842490842E-0001 -5.05934065934066E-0001
 88  2.35457875457875E-0001 -1.96212454212454E+0000
 89  2.32234432234432E-0001 -3.22197802197802E-0001
 90 -8.66959706959707E-0001 -4.81758241758242E-0001
 91  2.29816849816850E-0001 -1.96131868131868E+0000
 92  2.29010989010989E-0001 -3.31868131868132E-0001
 93 -9.16117216117216E-0001 -4.39047619047619E-0001
 94  2.32234432234432E-0001 -1.96373626373626E+0000
 95  2.28205128205128E-0001 -3.29450549450549E-0001
 96 -1.29970695970696E+0000 -3.18168498168498E-0001
 97 -9.70915750915751E-0001 -4.21318681318681E-0001
 98  2.33846153846154E-0001 -1.96212454212454E+0000
 99  2.29816849816850E-0001 -3.27032967032967E-0001
 100 -1.33677655677656E+0000 -3.91501831501832E-0001
 101  2.33846153846154E-0001 -1.96454212454212E+0000
 102  2.38681318681319E-0001 -3.18168498168498E-0001
 103 -1.38835164835165E+0000 -4.06813186813187E-0001
 104  2.33846153846154E-0001 -1.96373626373626E+0000
 105  2.27399267399267E-0001 -3.20586080586081E-0001
 106 -1.11516483516484E+0000 -3.60879120879121E-0001
 107  2.33846153846154E-0001 -1.96212454212454E+0000
 108  2.32234432234432E-0001 -3.14139194139194E-0001
 109 -1.15626373626374E+0000 -3.39120879120879E-0001
 110  2.29816849816850E-0001 -1.96695970695971E+0000
 111  2.29816849816850E-0001 -3.30256410256410E-0001
 112 -1.53260073260073E+0000 -3.36703296703297E-0001
 113  2.30622710622711E-0001 -1.96776556776557E+0000
 114  2.24175824175824E-0001 -3.11721611721612E-0001
 115 -1.23120879120879E+0000 -3.35897435897436E-0001
 116  2.33846153846154E-0001 -3.31062271062271E-0001
 117 -1.63010989010989E+0000 -3.10915750915751E-0001
 118 -1.27391941391941E+0000 -1.96373626373626E+0000
 119  2.34652014652015E-0001 -3.24615384615385E-0001
 120 -1.68974358974359E+0000 -3.33479853479853E-0001
 121  2.34652014652015E-0001 -1.87428571428571E+0000
 122  2.28205128205128E-0001 -3.33479853479853E-0001
 123 -1.74051282051282E+0000 -3.06886446886447E-0001
 124 -1.34080586080586E+0000 -3.38315018315018E-0001
 125  2.33846153846154E-0001 -3.31868131868132E-0001
 126 -1.79369963369963E+0000 -3.04468864468864E-0001
 127 -1.37142857142857E+0000 -1.64300366300366E+0000
 128  2.24981684981685E-0001 -3.35091575091575E-0001
 129 -1.84205128205128E+0000 -3.32673992673993E-0001
 130  2.30622710622711E-0001 -1.56402930402930E+0000
 131  2.26593406593407E-0001 -3.37509157509158E-0001
 132 -1.88717948717949E+0000 -3.08498168498168E-0001
 133 -1.43509157509158E+0000 -1.51084249084249E+0000
 134  2.27399267399267E-0001 -3.35897435897436E-0001
 135 -1.94036630036630E+0000 -3.05274725274725E-0001
 136 -1.46410256410256E+0000 -3.30256410256410E-0001
 137  2.29816849816850E-0001 -3.35091575091575E-0001
 138 -1.99919413919414E+0000 -3.08498168498168E-0001
 139 -1.48424908424908E+0000 -1.30695970695971E+0000
 140  2.25787545787546E-0001 -3.11721611721612E-0001
 141 -1.50761904761905E+0000 -1.23040293040293E+0000
 142  2.26593406593407E-0001 -3.37509157509158E-0001
 143 -2.00000000000000E+0000 -3.27032967032967E-0001
 144  2.33846153846154E-0001 -3.40732600732601E-0001
 145 -2.00000000000000E+0000 -3.13333333333333E-0001
 146 -1.54630036630037E+0000 -3.27032967032967E-0001
 147  2.27399267399267E-0001 -1.08695970695971E+0000
 148  2.25787545787546E-0001 -3.09304029304029E-0001
 149 -1.55919413919414E+0000 -1.03377289377289E+0000
 150  2.29816849816850E-0001 -3.35897435897436E-0001
 151 -2.00000000000000E+0000 -3.10915750915751E-0001
 152 -1.58095238095238E+0000 -9.12087912087912E-0001
 153  2.31428571428571E-0001 -3.34285714285714E-0001
 154 -2.00000000000000E+0000 -3.11721611721612E-0001
 155 -1.58417582417582E+0000 -3.24615384615385E-0001
 156  2.26593406593407E-0001 -8.47619047619048E-0001
 157  2.23369963369963E-0001 -3.41538461538462E-0001
 158 -2.00000000000000E+0000 -3.23003663003663E-0001
 159  2.28205128205128E-0001 -7.92014652014652E-0001
 160  2.24175824175824E-0001 -3.42344322344322E-0001
 161 -2.00000000000000E+0000 -3.10915750915751E-0001
 162 -1.59626373626374E+0000 -3.15750915750916E-0001
 163  2.27399267399267E-0001 -7.29963369963370E-0001
 164  2.24175824175824E-0001 -3.43150183150183E-0001
 165 -2.00000000000000E+0000 -3.13333333333333E-0001
 166 -1.60351648351648E+0000 -3.18974358974359E-0001
 167  2.26593406593407E-0001 -3.46373626373626E-0001
 168 -2.00000000000000E+0000 -3.11721611721612E-0001
 169 -1.60835164835165E+0000 -5.65567765567766E-0001
 170  2.20952380952381E-0001 -3.45567765567766E-0001
 171 -2.00000000000000E+0000 -3.10109890109890E-0001
 172 -1.60512820512821E+0000 -3.18168498168498E-0001
 173  2.29816849816850E-0001 -5.05128205128205E-0001
 174  2.23369963369963E-0001 -3.43150183150183E-0001
 175 -2.00000000000000E+0000 -3.11721611721612E-0001
 176 -1.60351648351648E+0000 -3.16556776556777E-0001
 177  2.23369963369963E-0001 -4.40659340659341E-0001
 178  2.18534798534799E-0001 -3.50402930402930E-0001
 179 -2.00000000000000E+0000 -3.11721611721612E-0001
 180 -1.59948717948718E+0000 -3.16556776556777E-0001
 181  2.29010989010989E-0001 -3.50402930402930E-0001
 182 -2.00000000000000E+0000 -3.11721611721612E-0001
 183 -1.60029304029304E+0000 -3.47179487179487E-0001
 184  2.21758241758242E-0001 -3.46373626373626E-0001
 185 -2.00000000000000E+0000 -3.16556776556777E-0001
 186  2.20146520146520E-0001 -3.53626373626374E-0001
 187  2.20146520146520E-0001 -3.06886446886447E-0001
 188 -1.58336996336996E+0000 -3.13333333333333E-0001
 189  2.23369963369963E-0001 -3.50402930402930E-0001
 190 -2.00000000000000E+0000 -3.05274725274725E-0001
 191 -1.57450549450549E+0000 -3.11721611721612E-0001
 192  2.23369963369963E-0001 -3.45567765567766E-0001
 193  2.19340659340659E-0001 -3.06080586080586E-0001
 194 -1.55516483516484E+0000 -3.01245421245421E-0001
 195  2.22564102564103E-0001 -4.53553113553114E-0001
 196 -2.00000000000000E+0000 -3.08498168498168E-0001
 197  2.22564102564103E-0001 -3.47985347985348E-0001
 198  2.19340659340659E-0001 -3.03663003663004E-0001
 199 -1.53663003663004E+0000 -3.52820512820513E-0001
 200  2.17728937728938E-0001 -4.99487179487179E-0001
 201 -2.00000000000000E+0000 -3.02857142857143E-0001
 202 -1.52615384615385E+0000 -3.06886446886447E-0001
 203  2.24981684981685E-0001 -5.38974358974359E-0001
 204 -2.00000000000000E+0000 -3.03663003663004E-0001
 205 -1.51084249084249E+0000 -3.06080586080586E-0001
 206  2.21758241758242E-0001 -3.46373626373626E-0001
 207  2.16923076923077E-0001 -2.99633699633700E-0001
 208 -1.49311355311355E+0000 -3.44761904761905E-0001
 209  2.16923076923077E-0001 -3.01245421245421E-0001
 210 -1.47457875457875E+0000 -3.47985347985348E-0001
 211  2.17728937728938E-0001 -3.01245421245421E-0001
 212 -1.45523809523810E+0000 -3.46373626373626E-0001
 213  2.16923076923077E-0001 -3.02857142857143E-0001
 214 -1.43912087912088E+0000 -3.43150183150183E-0001
 215  2.18534798534799E-0001 -3.02857142857143E-0001
 216 -1.42300366300366E+0000 -3.04468864468864E-0001
 217 -1.71230769230769E+0000 -3.43956043956044E-0001
 218  2.16117216117216E-0001 -7.88791208791209E-0001
 219 -2.00000000000000E+0000 -3.01245421245421E-0001
 220 -1.40205128205128E+0000 -3.02857142857143E-0001
 221 -2.00000000000000E+0000 -8.09743589743590E-0001
 222 -2.00000000000000E+0000 -3.05274725274725E-0001
 223 -2.00000000000000E+0000 -8.51648351648352E-0001
 224 -2.00000000000000E+0000 -3.02051282051282E-0001
 225 -1.36095238095238E+0000 -3.17362637362637E-0001
 226  2.16117216117216E-0001 -3.02051282051282E-0001
 227 -1.33435897435897E+0000 -3.14139194139194E-0001
 228  2.15311355311355E-0001 -3.25421245421245E-0001
 229 -1.30857142857143E+0000 -3.17362637362637E-0001
 230  2.14505494505495E-0001 -9.97509157509158E-0001
 231  2.45128205128205E-0001 -2.99633699633700E-0001
 232 -2.00000000000000E+0000 -3.14139194139194E-0001
 233  2.14505494505495E-0001 -1.05069597069597E+0000
 234  2.45128205128205E-0001 -4.24542124542125E-0001
 235 -1.25135531135531E+0000 -3.00439560439560E-0001
 236 -2.00000000000000E+0000 -1.10791208791209E+0000
 237  2.49963369963370E-0001 -2.98827838827839E-0001
 238 -2.00000000000000E+0000 -1.16190476190476E+0000
 239  2.41098901098901E-0001 -3.02051282051282E-0001
 240 -2.00000000000000E+0000 -1.22073260073260E+0000
 241  2.40293040293040E-0001 -4.95457875457875E-0001
 242 -1.14578754578755E+0000 -3.06886446886447E-0001
 243  2.12893772893773E-0001 -5.38974358974359E-0001
 244 -1.11355311355311E+0000 -3.08498168498168E-0001
 245  2.12087912087912E-0001 -5.73626373626374E-0001
 246 -1.07245421245421E+0000 -3.05274725274725E-0001
 247  2.12893772893773E-0001 -5.87326007326007E-0001
 248 -1.03135531135531E+0000 -3.04468864468864E-0001
 249  2.12893772893773E-0001 -5.99413919413919E-0001
 250 -9.90256410256410E-0001 -3.02857142857143E-0001
 251  2.12087912087912E-0001 -6.21172161172161E-0001
 252 -9.50769230769231E-0001 -3.05274725274725E-0001
 253  2.05641025641026E-0001 -6.32454212454212E-0001
 254 -9.08058608058608E-0001 -3.05274725274725E-0001
 255  2.10476190476190E-0001 -6.42930402930403E-0001
 256 -8.66959706959707E-0001 -3.11721611721612E-0001
 257  2.05641025641026E-0001 -6.55018315018315E-0001
 258 -8.31501831501832E-0001 -3.07692307692308E-0001
 259  2.09670329670330E-0001 -6.79194139194139E-0001
 260 -7.94432234432234E-0001 -3.11721611721612E-0001
 261  2.04029304029304E-0001 -7.09816849816850E-0001
 262 -7.54945054945055E-0001 -3.09304029304029E-0001
 263  2.07252747252747E-0001 -7.19487179487179E-0001
 264 -7.18681318681319E-0001 -3.07692307692308E-0001
 265  1.46813186813187E-0001 -7.01758241758242E-0001
 266 -6.78388278388278E-0001 -3.07692307692308E-0001
 267  1.07326007326007E-0001 -7.02564102564103E-0001
 268 -6.28424908424908E-0001 -3.08498168498168E-0001
 269  6.62271062271062E-0002 -1.82593406593407E+0000
 270  2.35457875457875E-0001 -2.99633699633700E-0001
 271 -1.58981684981685E+0000 -7.17069597069597E-0001
 272 -5.44615384615385E-0001 -1.96695970695971E+0000
 273  2.34652014652015E-0001 -3.06886446886447E-0001
 274 -6.67399267399267E-0002 -7.24322344322344E-0001
 275 -4.56776556776557E-0001 -2.97216117216117E-0001
 276 -1.23282051282051E+0000 -1.68893772893773E+0000
 277  2.33040293040293E-0001 -3.02051282051282E-0001
 278 -1.59413919413919E-0001 -2.97216117216117E-0001
 279 -1.01684981684982E+0000 -7.22710622710623E-0001
 280 -3.10109890109890E-0001 -1.06036630036630E+0000
 281  2.27399267399267E-0001 -3.13333333333333E-0001
 282 -3.18168498168498E-0001 -7.13846153846154E-0001
 283 -1.96483516483516E-0001 -2.98827838827839E-0001
 284 -6.81611721611722E-0001 -1.64139194139194E+0000
 285  2.29816849816850E-0001 -2.98021978021978E-0001
 286 -5.75238095238095E-0001 -7.05787545787546E-0001
 287 -9.57509157509158E-0002 -3.12527472527473E-0001
 288 -4.82564102564103E-0001 -6.90476190476190E-0001
 289 -4.57875457875458E-0002 -3.03663003663004E-0001
 290 -3.76190476190476E-0001 -3.37509157509158E-0001
 291  1.91135531135531E-0001 -3.10109890109890E-0001
 292 -2.79487179487179E-0001 -6.82417582417582E-0001
 293  5.33333333333333E-0002 -3.16556776556777E-0001
 294 -6.42930402930403E-0001 -6.81611721611722E-0001
 295  1.17802197802197E-0001 -3.39120879120879E-0001
 296 -8.52747252747253E-0002 -2.98021978021978E-0001
 297 -3.04761904761905E-0002 -6.51794871794872E-0001
 298  2.37069597069597E-0001 -3.19780219780220E-0001
 299 -7.98461538461538E-0001 -3.11721611721612E-0001
 300  1.10549450549450E-0001 -3.28644688644689E-0001
 301 -3.89890109890110E-0001 -3.19780219780220E-0001
 302 -9.00000000000000E-0001 -5.84102564102564E-0001
 303  2.35457875457875E-0001 -3.28644688644689E-0001
 304 -5.30109890109890E-0001 -3.22197802197802E-0001
 305 -1.00798534798535E+0000 -3.06886446886447E-0001
 306  2.29816849816850E-0001 -3.14945054945055E-0001
 307  2.29010989010989E-0001 -4.53553113553114E-0001
 308  2.34652014652015E-0001 -3.24615384615385E-0001
 309  2.29816849816850E-0001 -4.27765567765568E-0001
 310  2.34652014652015E-0001 -4.51135531135531E-0001
 311  2.29816849816850E-0001 -1.10952380952381E+0000
 312  2.29010989010989E-0001 -1.61238095238095E+0000
 313  2.27399267399267E-0001 -3.27838827838828E-0001
 314 -1.33677655677656E+0000 -3.27838827838828E-0001
 315 -1.38996336996337E+0000 -3.17362637362637E-0001
 316 -1.06439560439560E+0000 -3.18168498168498E-0001
 317 -1.12161172161172E+0000 -3.12527472527473E-0001
 318 -1.18043956043956E+0000 -3.37509157509158E-0001
 319  2.33846153846154E-0001 -3.14139194139194E-0001
 320 -1.23362637362637E+0000 -3.37509157509158E-0001
 321  2.31428571428571E-0001 -3.07692307692308E-0001
 322 -1.27230769230769E+0000 -3.31868131868132E-0001
 323 -1.67201465201465E+0000 -1.96776556776557E+0000
 324  2.27399267399267E-0001 -3.35091575091575E-0001
 325  2.31428571428571E-0001 -3.06080586080586E-0001
 326 -1.37384615384615E+0000 -3.37509157509158E-0001
 327  2.31428571428571E-0001 -3.33479853479853E-0001
 328 -1.84043956043956E+0000 -3.12527472527473E-0001
 329 -1.40608058608059E+0000 -3.37509157509158E-0001
 330 -1.89040293040293E+0000 -1.55758241758242E+0000
 331  2.26593406593407E-0001 -3.31868131868132E-0001
 332  2.29010989010989E-0001 -3.06080586080586E-0001
 333 -1.49311355311355E+0000 -3.37509157509158E-0001
 334 -2.00000000000000E+0000 -3.11721611721612E-0001
 335 -1.51164835164835E+0000 -1.31501831501832E+0000
 336  2.24175824175824E-0001 -3.41538461538462E-0001
 337 -2.00000000000000E+0000 -1.25296703296703E+0000
 338  2.24981684981685E-0001 -3.26227106227106E-0001
 339  2.29010989010989E-0001 -3.11721611721612E-0001
 340 -1.57047619047619E+0000 -3.45567765567766E-0001
 341 -2.00000000000000E+0000 -9.80586080586081E-0001
 342  2.22564102564103E-0001 -8.67765567765568E-0001
 343  2.28205128205128E-0001 -3.24615384615385E-0001
 344  2.27399267399267E-0001 -3.09304029304029E-0001
 345 -1.60109890109890E+0000 -3.26227106227106E-0001
 346  2.21758241758242E-0001 -3.23003663003663E-0001
 347  2.24175824175824E-0001 -3.23003663003663E-0001
 348  2.25787545787546E-0001 -5.78461538461538E-0001
 349  2.22564102564103E-0001 -4.79340659340659E-0001
 350  2.20952380952381E-0001 -3.47985347985348E-0001
 351 -2.00000000000000E+0000 -3.47985347985348E-0001
 352 -2.00000000000000E+0000 -3.51208791208791E-0001
 353 -2.00000000000000E+0000 -3.52820512820513E-0001
 354 -2.00000000000000E+0000 -3.52820512820513E-0001
 355 -2.00000000000000E+0000 -3.49597069597070E-0001
 356 -2.00000000000000E+0000 -3.03663003663004E-0001
 357 -1.55919413919414E+0000 -3.05274725274725E-0001
 358 -1.54791208791209E+0000 -3.01245421245421E-0001
 359 -1.53501831501832E+0000 -3.11721611721612E-0001
 360  2.23369963369963E-0001 -3.11721611721612E-0001
 361  2.23369963369963E-0001 -3.11721611721612E-0001
 362  2.21758241758242E-0001 -3.12527472527473E-0001
 363  2.20952380952381E-0001 -3.45567765567766E-0001
 364  2.12893772893773E-0001 -3.06080586080586E-0001
 365  2.16923076923077E-0001 -3.05274725274725E-0001
 366 -8.80659340659341E-0001 -7.61391941391941E-0001
 367 -2.00000000000000E+0000 -3.35091575091575E-0001
 368  2.15311355311355E-0001 -3.06080586080586E-0001
 369 -2.00000000000000E+0000 -3.01245421245421E-0001
 370 -1.37384615384615E+0000 -3.02051282051282E-0001
 371 -1.34886446886447E+0000 -9.30622710622711E-0001
 372 -2.00000000000000E+0000 -3.14139194139194E-0001
 373  2.13699633699634E-0001 -3.02857142857143E-0001
 374 -2.00000000000000E+0000 -3.85860805860806E-0001
 375 -1.24652014652015E+0000 -3.00439560439560E-0001
 376 -2.00000000000000E+0000 -1.08776556776557E+0000
 377  2.42710622710623E-0001 -4.47912087912088E-0001
 378 -1.21428571428571E+0000 -1.12644688644689E+0000
 379  2.41904761904762E-0001 -1.18527472527473E+0000
 380  2.40293040293040E-0001 -3.06886446886447E-0001
 381  2.11282051282051E-0001 -2.98021978021978E-0001
 382 -2.00000000000000E+0000 -1.29164835164835E+0000
 383  2.42710622710623E-0001 -3.01245421245421E-0001
 384  2.07252747252747E-0001 -2.90769230769231E-0001
 385 -2.00000000000000E+0000 -6.04249084249084E-0001
 386 -9.83809523809524E-0001 -1.47780219780220E+0000
 387  2.41098901098901E-0001 -3.07692307692308E-0001
 388  2.09670329670330E-0001 -1.54468864468864E+0000
 389  2.41904761904762E-0001 -3.09304029304029E-0001
 390  2.11282051282051E-0001 -3.11721611721612E-0001
 391  2.10476190476190E-0001 -3.01245421245421E-0001
 392 -2.00000000000000E+0000 -6.77582417582418E-0001
 393 -7.47692307692308E-0001 -2.97216117216117E-0001
 394 -2.00000000000000E+0000 -6.91282051282051E-0001
 395 -7.01758241758242E-0001 -2.95604395604396E-0001
 396 -1.87509157509158E+0000 -7.00952380952381E-0001
 397 -6.49377289377289E-0001 -7.24322344322344E-0001
 398 -6.04249084249084E-0001 -7.21904761904762E-0001
 399 -5.57509157509158E-0001 -7.24322344322344E-0001
 400 -5.01904761904762E-0001 -7.25128205128205E-0001
 401 -4.56776556776557E-0001 -7.24322344322344E-0001
 402 -4.04395604395604E-0001 -7.30769230769231E-0001
 403 -3.59267399267399E-0001 -7.38021978021978E-0001
 404 -3.06080586080586E-0001 -2.98827838827839E-0001
 405 -8.88717948717949E-0001 -7.38827838827839E-0001
 406 -2.56117216117216E-0001 -7.33186813186813E-0001
 407 -1.98901098901099E-0001 -7.30769230769231E-0001
 408 -1.43296703296703E-0001 -7.19487179487179E-0001
 409 -8.76923076923077E-0002 -4.53553113553114E-0001
 410  2.24981684981685E-0001 -3.13333333333333E-0001
 411 -5.43809523809524E-0001 -3.16556776556777E-0001
 412 -6.01831501831502E-0001 -3.20586080586081E-0001
 413 -6.68717948717949E-0001 -3.08498168498168E-0001
 414 -7.24322344322344E-0001 -3.17362637362637E-0001
 415 -7.93626373626374E-0001 -3.24615384615385E-0001
 416 -8.40366300366300E-0001 -3.19780219780220E-0001
 417 -8.97582417582418E-0001 -3.21391941391941E-0001
 418 -9.50769230769231E-0001 -3.23003663003663E-0001
 419 -1.00798534798535E+0000 -3.22197802197802E-0001
 420 -1.06842490842491E+0000 -3.24615384615385E-0001
 421 -1.12886446886447E+0000 -3.21391941391941E-0001
 422 -7.76703296703297E-0001 -3.14945054945055E-0001
 423 -8.43589743589744E-0001 -3.30256410256410E-0001
 424 -1.24249084249084E+0000 -3.20586080586081E-0001
 425 -9.13699633699634E-0001 -3.21391941391941E-0001
 426 -9.85421245421245E-0001 -3.28644688644689E-0001
 427 -1.36578754578755E+0000 -3.27838827838828E-0001
 428 -1.04021978021978E+0000 -3.30256410256410E-0001
 429 -1.42461538461538E+0000 -1.96454212454212E+0000
 430  2.29816849816850E-0001 -3.39120879120879E-0001
 431  2.32234432234432E-0001 -3.27838827838828E-0001
 432 -1.54146520146520E+0000 -3.17362637362637E-0001
 433 -1.19655677655678E+0000 -3.31868131868132E-0001
 434 -1.60996336996337E+0000 -1.96937728937729E+0000
 435  2.27399267399267E-0001 -3.33479853479853E-0001
 436  2.31428571428571E-0001 -3.09304029304029E-0001
 437 -1.32549450549451E+0000 -3.06080586080586E-0001
 438 -1.36578754578755E+0000 -3.11721611721612E-0001
 439 -1.39963369963370E+0000 -3.10109890109890E-0001
 440 -1.43106227106227E+0000 -3.02857142857143E-0001
 441 -1.46007326007326E+0000 -3.31062271062271E-0001
 442  2.24981684981685E-0001 -3.28644688644689E-0001
 443  2.29010989010989E-0001 -1.27714285714286E+0000
 444  2.24175824175824E-0001 -1.19575091575092E+0000
 445  2.24175824175824E-0001 -1.16029304029304E+0000
 446  2.24981684981685E-0001 -1.11758241758242E+0000
 447  2.21758241758242E-0001 -3.26227106227106E-0001
 448  2.27399267399267E-0001 -3.08498168498168E-0001
 449 -1.59304029304029E+0000 -3.24615384615385E-0001
 450  2.29010989010989E-0001 -3.12527472527473E-0001
 451 -1.60190476190476E+0000 -3.46373626373626E-0001
 452 -2.00000000000000E+0000 -7.64615384615385E-0001
 453  2.23369963369963E-0001 -3.25421245421245E-0001
 454  2.25787545787546E-0001 -3.18974358974359E-0001
 455  2.32234432234432E-0001 -3.18974358974359E-0001
 456  2.23369963369963E-0001 -3.13333333333333E-0001
 457 -1.60754578754579E+0000 -3.11721611721612E-0001
 458 -1.60109890109890E+0000 -3.50402930402930E-0001
 459 -2.00000000000000E+0000 -3.50402930402930E-0001
 460 -2.00000000000000E+0000 -3.50402930402930E-0001
 461  2.19340659340659E-0001 -3.47985347985348E-0001
 462  2.19340659340659E-0001 -3.10109890109890E-0001
 463  2.21758241758242E-0001 -3.10915750915751E-0001
 464  2.21758241758242E-0001 -3.47179487179487E-0001
 465  2.19340659340659E-0001 -5.09157509157509E-0001
 466 -2.00000000000000E+0000 -3.01245421245421E-0001
 467 -1.47941391941392E+0000 -3.05274725274725E-0001
 468  2.21758241758242E-0001 -3.46373626373626E-0001
 469  2.16117216117216E-0001 -6.97728937728938E-0001
 470 -2.00000000000000E+0000 -3.01245421245421E-0001
 471 -1.41655677655678E+0000 -3.04468864468864E-0001
 472 -2.00000000000000E+0000 -3.20586080586081E-0001
 473  2.14505494505495E-0001 -3.19780219780220E-0001
 474  2.12087912087912E-0001 -8.91941391941392E-0001
 475  1.94358974358974E-0001 -3.22197802197802E-0001
 476 -1.27794871794872E+0000 -1.97582417582418E+0000
 477 -1.83076923076923E+0000 -3.02051282051282E-0001
 478 -2.00000000000000E+0000 -3.12527472527473E-0001
 479  2.12087912087912E-0001 -1.07084249084249E+0000
 480  2.43516483516484E-0001 -3.01245421245421E-0001
 481 -2.00000000000000E+0000 -3.09304029304029E-0001
 482  2.12087912087912E-0001 -1.28197802197802E+0000
 483  2.37069597069597E-0001 -5.45421245421245E-0001
 484 -1.03538461538462E+0000 -3.00439560439560E-0001
 485 -2.00000000000000E+0000 -1.41413919413919E+0000
 486  2.38681318681319E-0001 -6.21978021978022E-0001
 487 -8.68571428571429E-0001 -3.11721611721612E-0001
 488  2.10476190476190E-0001 -1.59384615384615E+0000
 489  2.40293040293040E-0001 -6.51794871794872E-0001
 490 -7.39633699633700E-0001 -3.02051282051282E-0001
 491 -1.91054945054945E+0000 -1.74534798534799E+0000
 492  2.35457875457875E-0001 -7.04981684981685E-0001
 493 -5.69597069597070E-0001 -3.11721611721612E-0001
 494 -5.62637362637363E-0002 -7.21904761904762E-0001
 495 -4.29377289377289E-0001 -3.05274725274725E-0001
 496 -1.01120879120879E+0000 -1.87428571428571E+0000
 497  2.28205128205128E-0001 -7.15457875457875E-0001
 498 -2.09377289377289E-0001 -3.09304029304029E-0001
 499 -6.73553113553114E-0001 -3.12527472527473E-0001
 500 -4.29377289377289E-0001 -7.15457875457875E-0001
 501 -3.61172161172161E-0002 -3.14139194139194E-0001
 502 -5.89743589743590E-0001 -3.50402930402930E-0001
 503 -5.22344322344322E-0002 -3.07692307692308E-0001
 504 -1.91941391941392E-0002 -3.19780219780220E-0001
 505 -8.12161172161172E-0001 -6.01831501831502E-0001
 506  2.33846153846154E-0001 -3.22197802197802E-0001
 507 -9.83003663003663E-0001 -5.37362637362637E-0001
 508  2.33846153846154E-0001 -3.26227106227106E-0001
 509 -1.14659340659341E+0000 -4.47912087912088E-0001
 510  2.29010989010989E-0001 -3.33479853479853E-0001
 511  2.24175824175824E-0001 -3.29450549450549E-0001
 512 -1.06923076923077E+0000 -1.57208791208791E+0000
 513  2.26593406593407E-0001 -3.12527472527473E-0001
 514 -1.21267399267399E+0000 -1.96695970695971E+0000
 515  2.26593406593407E-0001 -3.31868131868132E-0001
 516 -1.70183150183150E+0000 -3.14139194139194E-0001
 517 -1.36739926739927E+0000 -3.09304029304029E-0001
 518 -1.39721611721612E+0000 -3.04468864468864E-0001
 519 -1.41575091575092E+0000 -3.37509157509158E-0001
 520  2.33846153846154E-0001 -3.31868131868132E-0001
 521  2.26593406593407E-0001 -1.54227106227106E+0000
 522  2.23369963369963E-0001 -3.39926739926740E-0001
 523 -2.00000000000000E+0000 -3.07692307692308E-0001
 524 -1.51648351648352E+0000 -1.26989010989011E+0000
 525  2.24175824175824E-0001 -1.19091575091575E+0000
 526  2.22564102564103E-0001 -1.10871794871795E+0000
 527  2.21758241758242E-0001 -1.01523809523810E+0000
 528  2.22564102564103E-0001 -9.59633699633700E-0001
 529  2.22564102564103E-0001 -8.73406593406593E-0001
 530  2.21758241758242E-0001 -8.11355311355311E-0001
 531  2.20952380952381E-0001 -7.70256410256410E-0001
 532  2.29010989010989E-0001 -6.97728937728938E-0001
 533  2.19340659340659E-0001 -3.15750915750916E-0001
 534 -1.60109890109890E+0000 -3.20586080586081E-0001
 535  2.23369963369963E-0001 -4.14871794871795E-0001
 536  2.16923076923077E-0001 -3.54432234432234E-0001
 537  2.18534798534799E-0001 -3.51208791208791E-0001
 538 -2.00000000000000E+0000 -3.52014652014652E-0001
 539 -2.00000000000000E+0000 -3.02051282051282E-0001
 540 -1.54710622710623E+0000 -2.99633699633700E-0001
 541 -1.52051282051282E+0000 -3.11721611721612E-0001
 542  2.16923076923077E-0001 -3.50402930402930E-0001
 543  2.16117216117216E-0001 -3.50402930402930E-0001
 544  2.13699633699634E-0001 -6.21172161172161E-0001
 545 -2.00000000000000E+0000 -2.99633699633700E-0001
 546 -1.40527472527473E+0000 -3.00439560439560E-0001
 547 -1.37706959706960E+0000 -3.06886446886447E-0001
 548 -2.00000000000000E+0000 -8.75824175824176E-0001
 549  2.42710622710623E-0001 -3.44761904761905E-0001
 550 -1.23765567765568E+0000 -3.03663003663004E-0001
 551 -2.00000000000000E+0000 -3.02857142857143E-0001
 552  2.11282051282051E-0001 -4.36630036630037E-0001
 553 -1.12805860805861E+0000 -3.02857142857143E-0001
 554 -2.00000000000000E+0000 -1.30293040293040E+0000
 555  2.39487179487179E-0001 -5.53479853479853E-0001
 556 -9.62051282051282E-0001 -2.96410256410256E-0001
 557 -2.00000000000000E+0000 -3.07692307692308E-0001
 558  2.08864468864469E-0001 -1.53179487179487E+0000
 559  2.36263736263736E-0001 -6.26007326007326E-0001
 560 -7.92820512820513E-0001 -3.02051282051282E-0001
 561  1.78241758241758E-0001 -6.76776556776557E-0001
 562 -6.47765567765568E-0001 -3.07692307692308E-0001
 563  2.27106227106227E-0002 -7.13846153846154E-0001
 564 -4.75311355311355E-0001 -2.96410256410256E-0001
 565 -1.25538461538462E+0000 -2.98827838827839E-0001
 566 -1.12644688644689E+0000 -3.10915750915751E-0001
 567 -1.67472527472527E-0001 -3.10915750915751E-0001
 568 -2.29523809523810E-0001 -1.58336996336996E+0000
 569  2.25787545787546E-0001 -7.22710622710623E-0001
 570 -1.73919413919414E-0001 -3.11721611721612E-0001
 571 -4.95457875457875E-0001 -3.04468864468864E-0001
 572 -3.96336996336996E-0001 -3.07692307692308E-0001
 573 -2.81904761904762E-0001 -3.14139194139194E-0001
 574 -5.89743589743590E-0001 -3.15750915750916E-0001
 575 -6.56630036630037E-0001 -3.19780219780220E-0001
 576 -7.11428571428571E-0001 -3.18168498168498E-0001
 577 -7.58168498168498E-0001 -3.21391941391941E-0001
 578 -8.22637362637363E-0001 -3.03663003663004E-0001
 579  1.54871794871795E-0001 -3.04468864468864E-0001
 580  2.23369963369963E-0001 -3.13333333333333E-0001
 581  2.31428571428571E-0001 -3.19780219780220E-0001
 582  2.30622710622711E-0001 -5.54285714285714E-0001
 583  2.29816849816850E-0001 -3.27838827838828E-0001
 584  2.28205128205128E-0001 -3.35897435897436E-0001
 585  2.29010989010989E-0001 -3.27032967032967E-0001
 586 -1.25296703296703E+0000 -3.19780219780220E-0001
 587 -1.31018315018315E+0000 -3.19780219780220E-0001
 588 -1.03780219780220E+0000 -3.15750915750916E-0001
 589 -1.09985347985348E+0000 -3.26227106227106E-0001
 590 -1.54227106227106E+0000 -3.38315018315018E-0001
 591  2.29816849816850E-0001 -3.16556776556777E-0001
 592 -1.34241758241758E+0000 -1.96937728937729E+0000
 593  2.23369963369963E-0001 -3.06080586080586E-0001
 594 -1.45443223443223E+0000 -3.11721611721612E-0001
 595 -1.47619047619048E+0000 -3.36703296703297E-0001
 596 -2.00000000000000E+0000 -3.06886446886447E-0001
 597 -1.51003663003663E+0000 -3.06080586080586E-0001
 598 -1.52857142857143E+0000 -3.28644688644689E-0001
 599  2.26593406593407E-0001 -1.37787545787546E+0000
 600  2.22564102564103E-0001 -3.11721611721612E-0001
 601 -1.58256410256410E+0000 -3.43956043956044E-0001
 602 -2.00000000000000E+0000 -3.24615384615385E-0001
 603  2.24981684981685E-0001 -8.74212454212454E-0001
 604  2.20952380952381E-0001 -3.11721611721612E-0001
 605 -1.60996336996337E+0000 -3.50402930402930E-0001
 606 -2.00000000000000E+0000 -3.18168498168498E-0001
 607  2.20952380952381E-0001 -4.03589743589744E-0001
 608  2.18534798534799E-0001 -2.97216117216117E-0001
 609 -1.56483516483516E+0000 -3.14139194139194E-0001
 610  2.17728937728938E-0001 -3.63296703296703E-0001
 611 -2.00000000000000E+0000 -3.54432234432234E-0001
 612  2.16117216117216E-0001 -3.06886446886447E-0001
 613 -1.46007326007326E+0000 -3.08498168498168E-0001
 614  2.16923076923077E-0001 -3.07692307692308E-0001
 615 -1.40043956043956E+0000 -3.07692307692308E-0001
 616 -2.00000000000000E+0000 -3.23809523809524E-0001
 617  2.13699633699634E-0001 -3.06080586080586E-0001
 618 -2.00000000000000E+0000 -3.20586080586081E-0001
 619  2.13699633699634E-0001 -3.04468864468864E-0001
 620 -2.00000000000000E+0000 -3.17362637362637E-0001
 621  2.11282051282051E-0001 -3.14139194139194E-0001
 622  2.12893772893773E-0001 -3.00439560439560E-0001
 623 -2.00000000000000E+0000 -3.12527472527473E-0001
 624  2.18534798534799E-0001 -3.13333333333333E-0001
 625  2.12087912087912E-0001 -3.10915750915751E-0001
 626  2.10476190476190E-0001 -3.11721611721612E-0001
 627  2.06446886446886E-0001 -3.07692307692308E-0001
 628  2.10476190476190E-0001 -3.06886446886447E-0001
 629  2.09670329670330E-0001 -3.11721611721612E-0001
 630  2.10476190476190E-0001 -3.08498168498168E-0001
 631  2.11282051282051E-0001 -2.92380952380952E-0001
 632 -2.00000000000000E+0000 -3.13333333333333E-0001
 633  2.10476190476190E-0001 -6.34065934065934E-0001
 634 -8.70183150183150E-0001 -1.64461538461538E+0000
 635  2.34652014652015E-0001 -3.11721611721612E-0001
 636  2.05641025641026E-0001 -6.98534798534799E-0001
 637 -7.91208791208791E-0001 -1.91941391941392E+0000
 638  2.33846153846154E-0001 -7.19487179487179E-0001
 639 -6.13113553113553E-0001 -7.14652014652015E-0001
 640 -5.50256410256410E-0001 -7.11428571428571E-0001
 641 -4.80146520146520E-0001 -7.02564102564103E-0001
 642 -4.16483516483516E-0001 -6.96923076923077E-0001
 643 -3.61684981684982E-0001 -7.02564102564103E-0001
 644 -3.04468864468864E-0001 -6.99340659340659E-0001
 645 -2.38388278388278E-0001 -6.72747252747253E-0001
 646 -1.70695970695971E-0001 -6.63076923076923E-0001
 647 -1.14285714285714E-0001 -6.63882783882784E-0001
 648 -5.54578754578755E-0002 -6.67912087912088E-0001
 649  1.78754578754579E-0002 -6.55824175824176E-0001
 650  8.71794871794872E-0002 -6.35677655677656E-0001
 651  1.53260073260073E-0001 -3.15750915750916E-0001
 652  4.04395604395604E-0002 -6.95311355311355E-0001
 653  2.32234432234432E-0001 -3.25421245421245E-0001
 654 -1.02329670329670E+0000 -3.40732600732601E-0001
 655 -6.17142857142857E-0001 -1.43912087912088E+0000
 656  2.29010989010989E-0001 -6.21172161172161E-0001
 657  2.31428571428571E-0001 -3.31062271062271E-0001
 658 -1.37706959706960E+0000 -3.27032967032967E-0001
 659 -1.00798534798535E+0000 -1.96615384615385E+0000
 660  2.26593406593407E-0001 -4.83369963369963E-0001
 661  2.34652014652015E-0001 -3.34285714285714E-0001
 662 -1.67362637362637E+0000 -3.10915750915751E-0001
 663 -1.29326007326007E+0000 -1.96937728937729E+0000
 664  2.23369963369963E-0001 -3.35091575091575E-0001
 665  2.23369963369963E-0001 -3.06886446886447E-0001
 666 -1.48263736263736E+0000 -3.37509157509158E-0001
 667  2.23369963369963E-0001 -3.38315018315018E-0001
 668 -2.00000000000000E+0000 -1.52051282051282E+0000
 669  2.23369963369963E-0001 -3.12527472527473E-0001
 670 -1.58256410256410E+0000 -3.41538461538462E-0001
 671 -2.00000000000000E+0000 -3.22197802197802E-0001
 672  2.26593406593407E-0001 -3.08498168498168E-0001
 673 -1.61157509157509E+0000 -9.36263736263736E-0001
 674  2.20146520146520E-0001 -3.45567765567766E-0001
 675 -2.00000000000000E+0000 -3.18168498168498E-0001
 676  2.23369963369963E-0001 -3.50402930402930E-0001
 677 -2.00000000000000E+0000 -3.02051282051282E-0001
 678 -1.58981684981685E+0000 -5.26886446886447E-0001
 679  2.16117216117216E-0001 -3.11721611721612E-0001
 680  2.21758241758242E-0001 -3.55238095238095E-0001
 681 -2.00000000000000E+0000 -3.85054945054945E-0001
 682 -2.00000000000000E+0000 -3.41538461538462E-0001
 683  2.13699633699634E-0001 -3.02051282051282E-0001
 684 -1.34322344322344E+0000 -3.20586080586081E-0001
 685  2.12893772893773E-0001 -3.24615384615385E-0001
 686 -1.25135531135531E+0000 -3.05274725274725E-0001
 687 -2.00000000000000E+0000 -3.15750915750916E-0001
 688  2.10476190476190E-0001 -9.24175824175824E-0001
 689  2.41904761904762E-0001 -4.16483516483516E-0001
 690 -1.09582417582418E+0000 -3.04468864468864E-0001
 691 -2.00000000000000E+0000 -3.08498168498168E-0001
 692  2.09670329670330E-0001 -1.11919413919414E+0000
 693  2.30622710622711E-0001 -5.04322344322344E-0001
 694 -8.79047619047619E-0001 -3.13333333333333E-0001
 695  2.08864468864469E-0001 -5.79267399267399E-0001
 696 -7.41245421245421E-0001 -2.96410256410256E-0001
 697 -2.00000000000000E+0000 -1.44637362637363E+0000
 698  2.32234432234432E-0001 -6.06666666666667E-0001
 699 -6.50989010989011E-0001 -3.10915750915751E-0001
 700  3.72161172161172E-0002 -6.63076923076923E-0001
 701 -4.97069597069597E-0001 -2.99633699633700E-0001
 702 -1.35611721611722E+0000 -2.98021978021978E-0001
 703 -1.25296703296703E+0000 -3.10915750915751E-0001
 704 -1.11868131868131E-0001 -3.10915750915751E-0001
 705 -1.66666666666667E-0001 -3.12527472527473E-0001
 706 -2.08571428571429E-0001 -3.14945054945055E-0001
 707 -2.65787545787546E-0001 -3.11721611721612E-0001
 708 -3.25421245421245E-0001 -7.01758241758242E-0001
 709 -1.40879120879121E-0001 -1.29648351648352E+0000
 710  2.20952380952381E-0001 -3.07692307692308E-0001
 711 -2.62564102564103E-0001 -7.08205128205128E-0001
 712  1.25860805860806E-0001 -3.21391941391941E-0001
 713 -7.75897435897436E-0001 -3.63296703296703E-0001
 714 -2.21465201465201E-0001 -3.09304029304029E-0001
 715  1.58901098901099E-0001 -3.21391941391941E-0001
 716 -8.82271062271062E-0001 -6.56630036630037E-0001
 717  2.29816849816850E-0001 -3.24615384615385E-0001
 718 -1.04989010989011E+0000 -3.43150183150183E-0001
 719 -6.68717948717949E-0001 -3.17362637362637E-0001
 720  2.29010989010989E-0001 -3.31868131868132E-0001
 721 -8.72600732600733E-0001 -5.86520146520147E-0001
 722  2.29816849816850E-0001 -3.38315018315018E-0001
 723  2.23369963369963E-0001 -3.31062271062271E-0001
 724 -1.33516483516484E+0000 -5.31721611721612E-0001
 725  2.24175824175824E-0001 -3.20586080586081E-0001
 726 -1.16432234432234E+0000 -1.25457875457875E+0000
 727  2.24175824175824E-0001 -3.67326007326007E-0001
 728  2.26593406593407E-0001 -3.25421245421245E-0001
 729 -1.80901098901099E+0000 -3.09304029304029E-0001
 730 -1.42703296703297E+0000 -3.33479853479853E-0001
 731  2.26593406593407E-0001 -1.97421245421245E+0000
 732  2.23369963369963E-0001 -3.38315018315018E-0001
 733 -2.00000000000000E+0000 -3.02051282051282E-0001
 734 -1.53421245421245E+0000 -3.35897435897436E-0001
 735  2.25787545787546E-0001 -1.57853479853480E+0000
 736  2.21758241758242E-0001 -3.40732600732601E-0001
 737 -2.00000000000000E+0000 -3.42344322344322E-0001
 738 -2.00000000000000E+0000 -3.42344322344322E-0001
 739 -2.00000000000000E+0000 -1.20542124542125E+0000
 740  2.20146520146520E-0001 -1.12000000000000E+0000
 741  2.19340659340659E-0001 -3.44761904761905E-0001
 742 -2.00000000000000E+0000 -1.09098901098901E+0000
 743  2.20952380952381E-0001 -9.82197802197802E-0001
 744  2.18534798534799E-0001 -8.79853479853480E-0001
 745  2.19340659340659E-0001 -3.50402930402930E-0001
 746 -2.00000000000000E+0000 -3.04468864468864E-0001
 747 -1.59142857142857E+0000 -3.19780219780220E-0001
 748  2.20146520146520E-0001 -3.50402930402930E-0001
 749 -2.00000000000000E+0000 -3.54432234432234E-0001
 750 -2.00000000000000E+0000 -4.66446886446886E-0001
 751  2.16923076923077E-0001 -3.52014652014652E-0001
 752 -2.00000000000000E+0000 -3.53626373626374E-0001
 753 -2.00000000000000E+0000 -3.52820512820513E-0001
 754 -2.00000000000000E+0000 -3.55238095238095E-0001
 755 -2.00000000000000E+0000 -3.01245421245421E-0001
 756 -1.44073260073260E+0000 -3.00439560439560E-0001
 757 -1.41655677655678E+0000 -3.01245421245421E-0001
 758 -1.37948717948718E+0000 -3.02857142857143E-0001
 759 -2.00000000000000E+0000 -3.08498168498168E-0001
 760 -2.00000000000000E+0000 -3.22197802197802E-0001
 761  2.11282051282051E-0001 -3.22197802197802E-0001
 762  2.10476190476190E-0001 -7.18681318681319E-0001
 763  2.42710622710623E-0001 -3.23809523809524E-0001
 764 -1.23040293040293E+0000 -3.06080586080586E-0001
 765 -2.00000000000000E+0000 -3.15750915750916E-0001
 766  2.11282051282051E-0001 -9.82197802197802E-0001
 767  2.39487179487179E-0001 -3.05274725274725E-0001
 768 -2.00000000000000E+0000 -1.19333333333333E+0000
 769  2.37069597069597E-0001 -3.17362637362637E-0001
 770  2.06446886446886E-0001 -4.67252747252747E-0001
 771 -8.22637362637363E-0001 -5.03516483516484E-0001
 772 -7.67032967032967E-0001 -5.30915750915751E-0001
 773 -7.19487179487179E-0001 -5.09963369963370E-0001
 774 -6.67106227106227E-0001 -3.03663003663004E-0001
 775 -1.78644688644689E+0000 -3.02051282051282E-0001
 776 -1.63736263736264E+0000 -3.14139194139194E-0001
 777 -2.64468864468864E-0002 -3.02051282051282E-0001
 778 -1.23282051282051E+0000 -3.51208791208791E-0001
 779  2.25787545787546E-0001 -5.96996336996337E-0001
 780 -3.38315018315018E-0001 -3.16556776556777E-0001
 781 -3.08498168498168E-0001 -5.91355311355311E-0001
 782 -1.61831501831502E-0001 -3.17362637362637E-0001
 783 -4.94652014652015E-0001 -3.24615384615385E-0001
 784 -5.26886446886447E-0001 -3.54432234432234E-0001
 785  8.55677655677656E-0002 -5.69597069597070E-0001
 786  6.13919413919414E-0002 -5.69597069597070E-0001
 787  1.25054945054945E-0001 -5.38974358974359E-0001
 788  1.75824175824176E-0001 -5.01098901098901E-0001
 789  2.28205128205128E-0001 -4.51135531135531E-0001
 790  2.26593406593407E-0001 -3.34285714285714E-0001
 791  1.21025641025641E-0001 -3.37509157509158E-0001
 792  2.13699633699634E-0001 -3.37509157509158E-0001
 793  2.24175824175824E-0001 -3.44761904761905E-0001
 794  2.24175824175824E-0001 -3.47179487179487E-0001
 795  2.24981684981685E-0001 -3.43956043956044E-0001
 796  2.22564102564103E-0001 -3.46373626373626E-0001
 797  2.23369963369963E-0001 -3.46373626373626E-0001
 798  2.29816849816850E-0001 -5.16410256410256E-0001
 799  2.20146520146520E-0001 -7.07399267399267E-0001
 800  2.20952380952381E-0001 -7.61391941391941E-0001
 801  2.19340659340659E-0001 -8.91941391941392E-0001
 802  2.19340659340659E-0001 -1.01201465201465E+0000
 803  2.18534798534799E-0001 -1.30454212454212E+0000
 804  2.19340659340659E-0001 -1.28842490842491E+0000
 805  2.16923076923077E-0001 -1.38271062271062E+0000
 806  2.23369963369963E-0001 -1.29809523809524E+0000
 807  2.17728937728938E-0001 -3.47985347985348E-0001
 808 -1.90893772893773E+0000 -3.37509157509158E-0001
 809  2.16923076923077E-0001 -1.07084249084249E+0000
 810  2.15311355311355E-0001 -3.34285714285714E-0001
 811 -1.53501831501832E+0000 -3.56849816849817E-0001
 812 -2.00000000000000E+0000 -3.24615384615385E-0001
 813  2.15311355311355E-0001 -6.44542124542125E-0001
 814  2.12893772893773E-0001 -3.25421245421245E-0001
 815 -1.60271062271062E+0000 -4.07619047619048E-0001
 816  2.12087912087912E-0001 -4.53553113553114E-0001
 817 -2.00000000000000E+0000 -3.19780219780220E-0001
 818  2.13699633699634E-0001 -5.76849816849817E-0001
 819 -2.00000000000000E+0000 -3.15750915750916E-0001
 820 -1.59465201465201E+0000 -3.56043956043956E-0001
 821  2.09670329670330E-0001 -3.10915750915751E-0001
 822 -1.55355311355311E+0000 -3.12527472527473E-0001
 823  2.11282051282051E-0001 -3.53626373626374E-0001
 824  2.11282051282051E-0001 -8.49230769230769E-0001
 825 -2.00000000000000E+0000 -3.11721611721612E-0001
 826  2.13699633699634E-0001 -3.10109890109890E-0001
 827 -1.43106227106227E+0000 -3.27032967032967E-0001
 828  2.04029304029304E-0001 -3.06080586080586E-0001
 829 -1.33435897435897E+0000 -3.17362637362637E-0001
 830  2.16923076923077E-0001 -3.25421245421245E-0001
 831  2.45934065934066E-0001 -2.81098901098901E-0001
 832  2.24981684981685E-0001 -3.26227106227106E-0001
 833  2.51575091575092E-0001 -2.75457875457875E-0001
 834 -2.00000000000000E+0000 -2.84322344322344E-0001
 835 -1.06439560439560E+0000 -2.73040293040293E-0001
 836  2.29010989010989E-0001 -2.85934065934066E-0001
 837 -2.00000000000000E+0000 -3.39926739926740E-0001
 838  2.42710622710623E-0001 -3.15750915750916E-0001
 839  8.07326007326007E-0002 -3.26227106227106E-0001
 840 -1.48827838827839E+0000 -3.64102564102564E-0001
 841  2.24981684981685E-0001 -3.47179487179487E-0001
 842 -3.71355311355311E-0001 -3.39926739926740E-0001
 843 -9.00000000000000E-0001 -3.38315018315018E-0001
 844 -2.65787545787546E-0001 -3.37509157509158E-0001
 845 -3.31868131868132E-0001 -5.28498168498168E-0001
 846  2.13699633699634E-0001 -3.54432234432234E-0001
 847 -1.09450549450549E-0001 -3.79413919413919E-0001
 848 -4.90109890109890E-0002 -5.53479853479853E-0001
 849 -3.83443223443223E-0001 -3.71355311355311E-0001
 850 -5.88131868131868E-0001 -7.21098901098901E-0001
 851 -4.33699633699634E-0002 -4.92234432234432E-0001
 852  1.65347985347985E-0001 -8.02490842490842E-0001
 853  6.94505494505495E-0002 -5.40586080586081E-0001
 854 -8.66153846153846E-0001 -6.01025641025641E-0001
 855  2.22564102564103E-0001 -5.67985347985348E-0001
 856 -1.07487179487179E+0000 -9.61245421245421E-0001
 857  2.15311355311355E-0001 -8.74212454212454E-0001
 858 -8.84688644688645E-0001 -5.59120879120879E-0001
 859 -1.36739926739927E+0000 -5.04322344322344E-0001
 860  2.12893772893773E-0001 -6.47765567765568E-0001
 861 -1.20219780219780E+0000 -6.80805860805861E-0001
 862  2.09670329670330E-0001 -4.17289377289377E-0001
 863  2.08864468864469E-0001 -4.48717948717949E-0001
 864 -1.93311355311355E+0000 -3.85860805860806E-0001
 865  2.04029304029304E-0001 -4.21318681318681E-0001
 866 -2.00000000000000E+0000 -3.99560439560440E-0001
 867 -2.00000000000000E+0000 -3.54432234432234E-0001
 868 -1.56161172161172E+0000 -3.45567765567766E-0001
 869 -1.57450549450549E+0000 -3.43150183150183E-0001
 870 -1.58659340659341E+0000 -3.44761904761905E-0001
 871 -1.59545787545788E+0000 -3.68131868131868E-0001
 872 -2.00000000000000E+0000 -3.43956043956044E-0001
 873 -1.60190476190476E+0000 -3.68131868131868E-0001
 874 -2.00000000000000E+0000 -3.41538461538462E-0001
 875 -1.60593406593407E+0000 -3.40732600732601E-0001
 876 -1.60754578754579E+0000 -3.66520146520147E-0001
 877 -2.00000000000000E+0000 -3.69743589743590E-0001
 878 -2.00000000000000E+0000 -3.37509157509158E-0001
 879 -1.58739926739927E+0000 -3.33479853479853E-0001
 880 -1.57934065934066E+0000 -3.40732600732601E-0001
 881  1.99194139194139E-0001 -3.29450549450549E-0001
 882 -1.56322344322344E+0000 -3.35897435897436E-0001
 883  1.99194139194139E-0001 -3.71355311355311E-0001
 884  2.01611721611722E-0001 -3.65714285714286E-0001
 885  2.01611721611722E-0001 -3.64908424908425E-0001
 886  2.00805860805861E-0001 -3.67326007326007E-0001
 887 -2.00000000000000E+0000 -3.65714285714286E-0001
 888 -2.00000000000000E+0000 -3.16556776556777E-0001
 889 -1.42864468864469E+0000 -3.18168498168498E-0001
 890 -1.40043956043956E+0000 -3.18168498168498E-0001
 891 -1.37304029304029E+0000 -3.31868131868132E-0001
 892 -2.00000000000000E+0000 -3.28644688644689E-0001
 893 -2.00000000000000E+0000 -3.30256410256410E-0001
 894 -2.00000000000000E+0000 -3.32673992673993E-0001
 895 -1.28278388278388E+0000 -3.39120879120879E-0001
 896 -1.24571428571429E+0000 -3.40732600732601E-0001
 897 -1.20864468864469E+0000 -3.64908424908425E-0001
 898  2.25787545787546E-0001 -3.38315018315018E-0001
 899 -1.17318681318681E+0000 -3.57655677655678E-0001
 900  2.24981684981685E-0001 -3.67326007326007E-0001
 901  2.27399267399267E-0001 -3.72161172161172E-0001
 902  2.23369963369963E-0001 -3.65714285714286E-0001
 903  2.26593406593407E-0001 -3.64908424908425E-0001
 904  2.29816849816850E-0001 -3.68937728937729E-0001
 905  2.25787545787546E-0001 -3.64908424908425E-0001
 906  2.26593406593407E-0001 -3.68131868131868E-0001
 907  2.23369963369963E-0001 -3.34285714285714E-0001
 908  1.97582417582418E-0001 -3.64908424908425E-0001
 909  2.24175824175824E-0001 -3.29450549450549E-0001
 910  1.97582417582418E-0001 -3.66520146520147E-0001
 911  2.23369963369963E-0001 -3.32673992673993E-0001
 912  1.98388278388278E-0001 -3.32673992673993E-0001
 913  1.31501831501832E-0001 -3.31062271062271E-0001
 914  8.23443223443223E-0002 -3.30256410256410E-0001
 915  1.94871794871795E-0002 -3.33479853479853E-0001
 916 -2.32234432234432E-0002 -3.31062271062271E-0001
 917 -8.12454212454212E-0002 -3.30256410256410E-0001
 918 -1.32820512820513E-0001 -3.64908424908425E-0001
 919  2.17728937728938E-0001 -3.47179487179487E-0001
 920 -2.91575091575092E-0001 -3.39120879120879E-0001
 921 -7.53333333333333E-0001 -3.64102564102564E-0001
 922  2.19340659340659E-0001 -3.37509157509158E-0001
 923 -4.17289377289377E-0001 -3.50402930402930E-0001
 924  5.25274725274725E-0002 -3.37509157509158E-0001
 925 -6.91282051282051E-0001 -3.40732600732601E-0001
 926  2.10989010989011E-0002 -3.64908424908425E-0001
 927 -3.69743589743590E-0001 -3.42344322344322E-0001
 928  2.18534798534799E-0001 -3.42344322344322E-0001
 929 -9.95091575091575E-0001 -3.47179487179487E-0001
 930  2.16923076923077E-0001 -3.47985347985348E-0001
 931 -1.15062271062271E+0000 -3.37509157509158E-0001
 932  2.16117216117216E-0001 -3.51208791208791E-0001
 933 -1.30857142857143E+0000 -3.52014652014652E-0001
 934 -9.74945054945055E-0001 -3.50402930402930E-0001
 935  2.17728937728938E-0001 -3.50402930402930E-0001
 936 -1.14901098901099E+0000 -3.51208791208791E-0001
 937 -1.19172161172161E+0000 -3.50402930402930E-0001
 938 -1.23282051282051E+0000 -3.43150183150183E-0001
 939  2.18534798534799E-0001 -3.44761904761905E-0001
 940  2.12087912087912E-0001 -3.52820512820513E-0001
 941 -1.75985347985348E+0000 -3.52820512820513E-0001
 942 -1.82190476190476E+0000 -3.39120879120879E-0001
 943 -1.42300366300366E+0000 -3.43956043956044E-0001
 944 -1.45523809523810E+0000 -3.55238095238095E-0001
 945 -1.97743589743590E+0000 -3.54432234432234E-0001
 946 -2.00000000000000E+0000 -3.40732600732601E-0001
 947 -1.50842490842491E+0000 -3.39120879120879E-0001
 948 -1.53260073260073E+0000 -3.41538461538462E-0001
 949 -1.55032967032967E+0000 -3.37509157509158E-0001
 950 -1.56483516483516E+0000 -3.35897435897436E-0001
 951 -1.57692307692308E+0000 -3.56849816849817E-0001
 952 -2.00000000000000E+0000 -3.35091575091575E-0001
 953 -1.59142857142857E+0000 -3.35091575091575E-0001
 954 -1.60190476190476E+0000 -3.57655677655678E-0001
 955 -2.00000000000000E+0000 -3.60879120879121E-0001
 956 -2.00000000000000E+0000 -3.64102564102564E-0001
 957 -2.00000000000000E+0000 -3.63296703296703E-0001
 958 -2.00000000000000E+0000 -3.57655677655678E-0001
 959  2.05641025641026E-0001 -3.61684981684982E-0001
 960 -2.00000000000000E+0000 -3.59267399267399E-0001
 961 -2.00000000000000E+0000 -3.34285714285714E-0001
 962  2.08058608058608E-0001 -3.22197802197802E-0001
 963 -1.57289377289377E+0000 -3.63296703296703E-0001
 964  2.02417582417582E-0001 -3.35091575091575E-0001
 965  2.08058608058608E-0001 -3.56849816849817E-0001
 966 -2.00000000000000E+0000 -3.60073260073260E-0001
 967  2.02417582417582E-0001 -3.13333333333333E-0001
 968 -1.42300366300366E+0000 -3.31868131868132E-0001
 969 -2.00000000000000E+0000 -3.67326007326007E-0001
 970 -2.00000000000000E+0000 -3.31868131868132E-0001
 971 -2.00000000000000E+0000 -3.65714285714286E-0001
 972  1.46520146520147E-0004 -3.72967032967033E-0001
 973  2.30622710622711E-0001 -3.35897435897436E-0001
 974 -1.24732600732601E+0000 -3.39926739926740E-0001
 975 -1.21750915750916E+0000 -3.39120879120879E-0001
 976 -1.18124542124542E+0000 -3.69743589743590E-0001
 977  2.22564102564103E-0001 -3.40732600732601E-0001
 978 -1.14498168498168E+0000 -3.43150183150183E-0001
 979 -1.10549450549451E+0000 -3.40732600732601E-0001
 980 -1.06842490842491E+0000 -3.35091575091575E-0001
 981 -2.00000000000000E+0000 -3.31868131868132E-0001
 982  1.93553113553114E-0001 -3.69743589743590E-0001
 983  2.23369963369963E-0001 -3.68131868131868E-0001
 984  2.20952380952381E-0001 -3.70549450549451E-0001
 985  2.20952380952381E-0001 -3.72967032967033E-0001
 986  2.20146520146520E-0001 -3.72967032967033E-0001
 987  2.20146520146520E-0001 -3.72967032967033E-0001
 988  2.19340659340659E-0001 -3.39120879120879E-0001
 989  4.68864468864469E-0002 -3.28644688644689E-0001
 990 -7.91208791208791E-0003 -3.39120879120879E-0001
 991 -6.19047619047619E-0002 -3.73772893772894E-0001
 992  2.14505494505495E-0001 -3.73772893772894E-0001
 993  2.14505494505495E-0001 -3.52014652014652E-0001
 994 -3.00439560439560E-0001 -3.45567765567766E-0001
 995 -7.45274725274725E-0001 -3.42344322344322E-0001
 996 -3.55238095238095E-0001 -3.71355311355311E-0001
 997  2.07252747252747E-0001 -3.59267399267399E-0001
 998 -4.25641025641026E-0002 -3.47985347985348E-0001
 999 -4.02783882783883E-0001 -3.46373626373626E-0001
 1000 -5.81684981684982E-0001 -3.71355311355311E-0001
 1001 -5.14285714285714E-0002 -3.56849816849817E-0001
 1002  2.10476190476190E-0001 -3.52820512820513E-0001
 1003  8.47619047619048E-0002 -3.50402930402930E-0001
 1004 -8.25054945054945E-0001 -3.69743589743590E-0001
 1005 -4.54358974358974E-0001 -3.54432234432234E-0001
 1006  2.16117216117216E-0001 -3.50402930402930E-0001
 1007  2.10476190476190E-0001 -3.54432234432234E-0001
 1008 -1.07245421245421E+0000 -3.65714285714286E-0001
 1009 -7.63003663003663E-0001 -3.53626373626374E-0001
 1010  2.09670329670330E-0001 -3.54432234432234E-0001
 1011  2.07252747252747E-0001 -3.54432234432234E-0001
 1012  2.11282051282051E-0001 -3.52820512820513E-0001
 1013  2.09670329670330E-0001 -3.53626373626374E-0001
 1014  2.08864468864469E-0001 -3.58461538461538E-0001
 1015  2.08058608058608E-0001 -3.52820512820513E-0001
 1016  2.07252747252747E-0001 -3.61684981684982E-0001
 1017 -1.61641025641026E+0000 -3.63296703296703E-0001
 1018 -1.26908424908425E+0000 -3.60073260073260E-0001
 1019 -1.31904761904762E+0000 -3.51208791208791E-0001
 1020  2.06446886446886E-0001 -3.52820512820513E-0001
 1021  2.07252747252747E-0001 -3.50402930402930E-0001
 1022  2.06446886446886E-0001 -3.64908424908425E-0001
 1023  2.04029304029304E-0001 -3.64908424908425E-0001
 1024 -2.00000000000000E+0000 -3.51208791208791E-0001
 1025 -1.50923076923077E+0000 -3.64102564102564E-0001
 1026  2.09670329670330E-0001 -3.46373626373626E-0001
 1027  2.05641025641026E-0001 -3.65714285714286E-0001
 1028 -2.00000000000000E+0000 -3.43150183150183E-0001
 1029  2.04029304029304E-0001 -3.40732600732601E-0001
 1030  2.04029304029304E-0001 -3.64908424908425E-0001
