 0 -8.20512820512821E-0002 -3.34285714285714E-0001
 1 -5.49450549450549E-0003 -2.88351648351648E-0001
 2  9.52380952380952E-0004 -2.85934065934066E-0001
 3 -8.04395604395604E-0002 -3.33479853479853E-0001
 4 -9.33333333333333E-0002 -3.45567765567766E-0001
 5 -2.27106227106227E-0003 -2.85934065934066E-0001
 6  7.39926739926740E-0003 -2.84322344322344E-0001
 7 -7.31868131868132E-0002 -3.29450549450549E-0001
 8 -7.96336996336996E-0002 -3.34285714285714E-0001
 9  3.36996336996337E-0003 -2.81904761904762E-0001
 10  2.56410256410256E-0003 -2.85128205128205E-0001
 11 -6.10989010989011E-0002 -3.23003663003663E-0001
 12 -7.72161172161172E-0002 -3.31868131868132E-0001
 13 -1.46520146520146E-0003 -2.81904761904762E-0001
 14  9.52380952380952E-0004 -2.84322344322344E-0001
 15 -6.27106227106227E-0002 -3.26227106227106E-0001
 16 -6.99633699633700E-0002 -3.27838827838828E-0001
 17  7.39926739926740E-0003 -2.77069597069597E-0001
 18  1.62637362637363E-0002 -2.73040293040293E-0001
 19 -6.67399267399267E-0002 -3.24615384615385E-0001
 20 -6.27106227106227E-0002 -3.20586080586081E-0001
 21  1.78754578754579E-0002 -2.73040293040293E-0001
 22  9.52380952380952E-0004 -2.78681318681319E-0001
 23 -7.23809523809524E-0002 -3.27032967032967E-0001
 24 -5.22344322344322E-0002 -3.18168498168498E-0001
 25  2.19047619047619E-0002 -2.67399267399267E-0001
 26  1.78754578754579E-0002 -2.68205128205128E-0001
 27 -5.46520146520147E-0002 -3.18168498168498E-0001
 28 -5.54578754578755E-0002 -3.13333333333333E-0001
 29  2.99633699633700E-0002 -2.64981684981685E-0001
 30  2.75457875457875E-0002 -3.07692307692308E-0001
 31 -5.78754578754579E-0002 -3.16556776556777E-0001
 32  2.35164835164835E-0002 -2.62564102564103E-0001
 33  3.23809523809524E-0002 -2.60146520146520E-0001
 34 -4.25641025641026E-0002 -3.03663003663004E-0001
 35 -5.54578754578755E-0002 -3.13333333333333E-0001
 36  3.56043956043956E-0002 -2.59340659340659E-0001
 37  1.94871794871795E-0002 -2.64981684981685E-0001
 38 -6.27106227106227E-0002 -3.18974358974359E-0001
 39 -5.54578754578755E-0002 -3.12527472527473E-0001
 40  2.91575091575092E-0002 -2.60952380952381E-0001
 41  3.64102564102564E-0002 -2.60952380952381E-0001
 42 -4.49816849816850E-0002 -3.06886446886447E-0001
 43 -4.57875457875458E-0002 -3.08498168498168E-0001
 44  3.31868131868132E-0002 -2.57728937728938E-0001
 45  8.39560439560440E-0002 -2.30329670329670E-0001
 46 -4.25641025641026E-0002 -3.06886446886447E-0001
 47 -2.72527472527473E-0002 -2.96410256410256E-0001
 48  5.57509157509158E-0002 -2.44029304029304E-0001
 49  4.28571428571429E-0002 -2.39194139194139E-0001
 50 -4.09523809523810E-0002 -2.99633699633700E-0001
 51 -3.20879120879121E-0002 -3.01245421245421E-0001
 52  4.93040293040293E-0002 -2.47252747252747E-0001
 53  2.83516483516484E-0002 -2.60952380952381E-0001
 54 -3.45054945054945E-0002 -2.98021978021978E-0001
 55 -3.77289377289377E-0002 -3.00439560439560E-0001
 56  3.80219780219780E-0002 -2.53699633699634E-0001
 57  4.04395604395604E-0002 -2.55311355311355E-0001
 58 -2.80586080586081E-0002 -2.95604395604396E-0001
 59 -2.40293040293040E-0002 -2.90769230769231E-0001
 60  5.97802197802198E-0002 -2.51282051282051E-0001
 61  4.28571428571429E-0002 -2.47252747252747E-0001
 62 -2.80586080586081E-0002 -2.89157509157509E-0001
 63  5.73626373626374E-0002 -2.40805860805861E-0001
 64  3.64102564102564E-0002 -2.52893772893773E-0001
 65 -4.09523809523810E-0002 -2.97216117216117E-0001
 66 -2.56410256410256E-0002 -2.92380952380952E-0001
 67  4.93040293040293E-0002 -2.44029304029304E-0001
 68  5.73626373626374E-0002 -2.40000000000000E-0001
 69 -2.48351648351648E-0002 -2.90769230769231E-0001
 70 -2.32234432234432E-0002 -2.87545787545788E-0001
 71  6.54212454212454E-0002 -2.32747252747253E-0001
 72  5.25274725274725E-0002 -2.42417582417582E-0001
 73 -4.82051282051282E-0002 -3.11721611721612E-0001
 74 -2.56410256410256E-0002 -2.93186813186813E-0001
 75  6.38095238095238E-0002 -2.38388278388278E-0001
 76  5.33333333333333E-0002 -2.40805860805861E-0001
 77 -1.75824175824176E-0002 -2.89157509157509E-0001
 78 -1.11355311355311E-0002 -2.79487179487179E-0001
 79  7.18681318681319E-0002 -2.29523809523810E-0001
 80  7.58974358974359E-0002 -2.35164835164835E-0001
 81 -2.00000000000000E-0002 -2.87545787545788E-0001
 82 -2.80586080586081E-0002 -2.91575091575092E-0001
 83  6.38095238095238E-0002 -2.34358974358974E-0001
 84  9.44322344322344E-0002 -2.02124542124542E-0001
 85  9.52380952380952E-0004 -2.72234432234432E-0001
 86  2.91575091575092E-0002 -2.62564102564103E-0001
 87  1.31501831501832E-0001 -1.95677655677656E-0001
 88  1.30695970695971E-0001 -2.27106227106227E-0001
 89  1.12967032967033E-0001 -2.09377289377289E-0001
 90  1.89523809523810E-0001 -1.59413919413919E-0001
 91  1.96776556776557E-0001 -1.53772893772894E-0001
 92  1.12161172161172E-0001 -2.08571428571429E-0001
 93  1.07326007326007E-0001 -2.10183150183150E-0001
 94  2.00000000000000E-0001 -1.57802197802198E-0001
 95  1.94358974358974E-0001 -1.55384615384615E-0001
 96  9.92673992673993E-0002 -2.27912087912088E-0001
 97  9.52380952380952E-0002 -2.13406593406593E-0001
 98  1.50036630036630E-0001 -1.77142857142857E-0001
 99  1.19413919413919E-0001 -1.97289377289377E-0001
 100  1.70695970695971E-0002 -2.64981684981685E-0001
 101  5.78754578754579E-0003 -2.67399267399267E-0001
 102  7.50915750915751E-0002 -2.23076923076923E-0001
 103  6.54212454212454E-0002 -2.25494505494505E-0001
 104 -4.09523809523810E-0002 -3.01245421245421E-0001
 105 -2.56410256410256E-0002 -2.88351648351648E-0001
 106  5.57509157509158E-0002 -2.47252747252747E-0001
 107  6.54212454212454E-0002 -2.28717948717949E-0001
 108 -2.16117216117216E-0002 -2.81904761904762E-0001
 109 -2.88644688644689E-0002 -2.89157509157509E-0001
 110  6.54212454212454E-0002 -2.34358974358974E-0001
 111  7.42857142857143E-0002 -2.24688644688645E-0001
 112 -6.30036630036630E-0003 -2.73846153846154E-0001
 113  1.04908424908424E-0001 -2.06153846153846E-0001
 114  9.44322344322344E-0002 -2.15018315018315E-0001
 115  1.46520146520147E-0004 -2.77069597069597E-0001
 116  7.50915750915751E-0002 -2.34358974358974E-0001
 117  3.31868131868132E-0002 -2.27912087912088E-0001
 118  1.50036630036630E-0001 -1.88424908424908E-0001
 119  5.81684981684982E-0002 -2.26300366300366E-0001
 120  1.58901098901099E-0001 -1.51355311355311E-0001
 121  7.18681318681319E-0002 -2.27912087912088E-0001
 122  6.94505494505495E-0002 -2.24688644688645E-0001
 123  1.58095238095238E-0001 -1.72307692307692E-0001
 124  6.13919413919414E-0002 -2.34358974358974E-0001
 125  6.62271062271062E-0002 -2.28717948717949E-0001
 126  1.50842490842491E-0001 -1.80366300366300E-0001
 127  6.78388278388278E-0002 -2.34358974358974E-0001
 128  6.38095238095238E-0002 -2.29523809523810E-0001
 129  1.43589743589744E-0001 -1.75531135531136E-0001
 130  1.51648351648352E-0001 -2.40805860805861E-0001
 131  5.73626373626374E-0002 -2.30329670329670E-0001
 132  1.37948717948718E-0001 -1.87619047619048E-0001
 133  5.17216117216117E-0002 -2.36776556776557E-0001
 134  5.09157509157509E-0002 -2.36776556776557E-0001
 135  1.21831501831501E-0001 -1.88424908424908E-0001
 136  7.50915750915751E-0002 -2.23076923076923E-0001
 137 -2.16117216117216E-0002 -2.85934065934066E-0001
 138  2.99633699633700E-0002 -2.44835164835165E-0001
 139  2.56410256410256E-0003 -2.60146520146520E-0001
 140 -7.96336996336996E-0002 -3.12527472527473E-0001
 141 -9.01098901098901E-0002 -2.68205128205128E-0001
 142 -2.56410256410256E-0002 -2.78681318681319E-0001
 143 -9.01098901098901E-0002 -3.22197802197802E-0001
 144 -1.19413919413919E-0002 -2.73846153846154E-0001
 145 -2.80586080586081E-0002 -2.81904761904762E-0001
 146 -9.73626373626374E-0002 -3.24615384615385E-0001
 147 -9.57509157509158E-0002 -2.73040293040293E-0001
 148 -2.32234432234432E-0002 -2.73040293040293E-0001
 149 -1.20732600732600E-0001 -3.20586080586081E-0001
 150 -7.91208791208791E-0003 -2.64981684981685E-0001
 151 -4.68864468864469E-0003 -2.67399267399267E-0001
 152 -9.57509157509158E-0002 -3.15750915750916E-0001
 153 -1.27472527472527E-0002 -2.77069597069597E-0001
 154 -9.01098901098901E-0002 -3.21391941391941E-0001
 155 -8.71794871794872E-0003 -2.65787545787546E-0001
 156 -3.53113553113553E-0002 -3.20586080586081E-0001
 157 -9.57509157509158E-0002 -2.60146520146520E-0001
 158 -3.45054945054945E-0002 -3.23809523809524E-0001
 159 -9.25274725274725E-0002 -2.82710622710623E-0001
 160 -9.97802197802198E-0002 -3.21391941391941E-0001
 161 -1.03296703296703E-0002 -2.69010989010989E-0001
 162 -3.04761904761905E-0002 -3.23809523809524E-0001
 163 -9.01098901098901E-0002 -3.18974358974359E-0001
 164 -1.83882783882784E-0002 -2.80293040293040E-0001
 165 -1.00586080586080E-0001 -3.19780219780220E-0001
 166 -8.68864468864469E-0002 -2.77875457875458E-0001
 167 -9.81684981684982E-0002 -3.29450549450549E-0001
 168 -1.59706959706960E-0002 -2.73040293040293E-0001
 169  4.17582417582418E-0003 -3.20586080586081E-0001
 170 -9.01098901098901E-0002 -3.17362637362637E-0001
 171 -1.11355311355311E-0002 -3.18974358974359E-0001
 172 -8.68864468864469E-0002 -2.67399267399267E-0001
 173 -3.36996336996337E-0002 -2.77875457875458E-0001
 174 -1.02197802197802E-0001 -3.13333333333333E-0001
 175 -1.11355311355311E-0002 -2.68205128205128E-0001
 176 -3.28937728937729E-0002 -3.12527472527473E-0001
 177 -1.67765567765568E-0002 -2.73040293040293E-0001
 178 -1.05421245421245E-0001 -3.24615384615385E-0001
 179 -9.09157509157509E-0002 -2.79487179487179E-0001
 180 -1.10256410256410E-0001 -2.65787545787546E-0001
 181  4.17582417582418E-0003 -3.20586080586081E-0001
 182 -1.35531135531135E-0002 -3.14139194139194E-0001
 183 -9.41391941391941E-0002 -2.73040293040293E-0001
 184 -9.01098901098901E-0002 -2.60146520146520E-0001
 185 -1.59706959706960E-0002 -3.11721611721612E-0001
 186 -1.19413919413919E-0002 -3.30256410256410E-0001
 187 -9.57509157509158E-0002 -2.53699633699634E-0001
 188 -1.67765567765568E-0002 -2.59340659340659E-0001
 189 -9.01098901098901E-0002 -2.63369963369963E-0001
 190 -1.83882783882784E-0002 -3.12527472527473E-0001
 191 -4.68864468864469E-0003 -3.11721611721612E-0001
 192 -9.09157509157509E-0002 -2.65787545787546E-0001
 193 -8.12454212454212E-0002 -2.62564102564103E-0001
 194 -2.72527472527473E-0002 -3.10915750915751E-0001
 195 -8.71794871794872E-0003 -3.12527472527473E-0001
 196 -9.01098901098901E-0002 -2.46446886446886E-0001
 197 -8.28571428571429E-0002 -2.61758241758242E-0001
 198  3.15750915750916E-0002 -3.10109890109890E-0001
 199 -1.03296703296703E-0002 -2.60146520146520E-0001
 200  2.35164835164835E-0002 -3.04468864468864E-0001
 201 -3.88278388278388E-0003 -3.05274725274725E-0001
 202 -8.44688644688645E-0002 -2.54505494505495E-0001
 203 -1.19413919413919E-0002 -2.59340659340659E-0001
 204 -8.04395604395604E-0002 -3.01245421245421E-0001
 205 -2.27106227106227E-0003 -2.64175824175824E-0001
 206 -8.68864468864469E-0002 -3.11721611721612E-0001
 207 -8.28571428571429E-0002 -3.02051282051282E-0001
 208  4.17582417582418E-0003 -2.63369963369963E-0001
 209 -7.96336996336996E-0002 -3.11721611721612E-0001
 210 -7.39926739926740E-0002 -3.00439560439560E-0001
 211 -2.27106227106227E-0003 -2.63369963369963E-0001
 212 -7.96336996336996E-0002 -3.06886446886447E-0001
 213  2.56410256410256E-0003 -2.48864468864469E-0001
 214  9.52380952380952E-0004 -2.53699633699634E-0001
 215 -6.19047619047619E-0002 -3.02857142857143E-0001
 216 -8.71794871794872E-0003 -2.48864468864469E-0001
 217 -6.43223443223443E-0002 -2.94798534798535E-0001
 218 -3.88278388278388E-0003 -2.61758241758242E-0001
 219 -8.36630036630037E-0002 -3.04468864468864E-0001
 220 -2.27106227106227E-0003 -2.56117216117216E-0001
 221 -2.24175824175824E-0002 -3.02857142857143E-0001
 222 -8.28571428571429E-0002 -2.52087912087912E-0001
 223  1.30402930402930E-0002 -3.02857142857143E-0001
 224 -6.99633699633700E-0002 -2.49670329670330E-0001
 225  3.64102564102564E-0002 -2.98827838827839E-0001
 226 -7.64102564102564E-0002 -2.48058608058608E-0001
 227  3.39926739926740E-0002 -2.98827838827839E-0001
 228 -7.80219780219780E-0002 -2.48864468864469E-0001
 229 -6.30036630036630E-0003 -2.61758241758242E-0001
 230 -7.80219780219780E-0002 -3.03663003663004E-0001
 231 -7.39926739926740E-0002 -3.00439560439560E-0001
 232  8.20512820512821E-0003 -2.54505494505495E-0001
 233 -7.72161172161172E-0002 -2.48864468864469E-0001
 234 -4.68864468864469E-0003 -2.98021978021978E-0001
 235  1.70695970695971E-0002 -2.41611721611722E-0001
 236 -6.59340659340659E-0004 -2.98827838827839E-0001
 237  8.20512820512821E-0003 -2.48058608058608E-0001
 238 -3.07692307692308E-0003 -2.97216117216117E-0001
 239  5.78754578754579E-0003 -2.93992673992674E-0001
 240 -6.19047619047619E-0002 -2.89157509157509E-0001
 241  7.39926739926740E-0003 -2.94798534798535E-0001
 242 -8.12454212454212E-0002 -2.97216117216117E-0001
 243 -1.59706959706960E-0002 -2.92380952380952E-0001
 244 -3.53113553113553E-0002 -2.69010989010989E-0001
 245 -6.67399267399267E-0002 -2.93186813186813E-0001
 246 -2.56410256410256E-0002 -2.96410256410256E-0001
 247 -7.47985347985348E-0002 -2.38388278388278E-0001
 248 -7.23809523809524E-0002 -2.94798534798535E-0001
 249 -6.83516483516484E-0002 -2.93992673992674E-0001
 250 -6.19047619047619E-0002 -2.44029304029304E-0001
 251 -8.93040293040293E-0002 -3.11721611721612E-0001
 252 -7.47985347985348E-0002 -3.00439560439560E-0001
 253 -6.83516483516484E-0002 -2.44835164835165E-0001
 254 -8.12454212454212E-0002 -3.01245421245421E-0001
 255 -6.67399267399267E-0002 -2.60146520146520E-0001
 256 -8.36630036630037E-0002 -3.06080586080586E-0001
 257 -6.75457875457875E-0002 -2.60146520146520E-0001
 258 -8.12454212454212E-0002 -2.99633699633700E-0001
 259 -6.27106227106227E-0002 -2.51282051282051E-0001
 260 -6.75457875457875E-0002 -2.92380952380952E-0001
 261 -6.75457875457875E-0002 -2.60146520146520E-0001
 262 -6.91575091575092E-0002 -2.40000000000000E-0001
 263  1.06227106227106E-0002 -2.44029304029304E-0001
 264 -5.46520146520147E-0002 -2.57728937728938E-0001
 265 -4.09523809523810E-0002 -2.56923076923077E-0001
 266 -4.65934065934066E-0002 -2.45641025641026E-0001
 267 -4.09523809523810E-0002 -2.57728937728938E-0001
 268 -1.03296703296703E-0002 -2.85934065934066E-0001
 269 -6.67399267399267E-0002 -2.88351648351648E-0001
 270 -1.67765567765568E-0002 -2.58534798534799E-0001
 271 -5.38461538461538E-0002 -2.89963369963370E-0001
 272 -1.51648351648351E-0002 -2.56923076923077E-0001
 273 -1.11355311355311E-0002 -2.76263736263736E-0001
 274 -5.62637362637363E-0002 -2.60146520146520E-0001
 275 -9.52380952380952E-0003 -2.53699633699634E-0001
 276 -7.64102564102564E-0002 -2.83516483516484E-0001
 277  1.70695970695971E-0002 -2.57728937728938E-0001
 278 -8.28571428571429E-0002 -2.98021978021978E-0001
 279 -5.54578754578755E-0002 -2.54505494505495E-0001
 280 -1.19413919413919E-0002 -2.56923076923077E-0001
 281 -4.33699633699634E-0002 -2.88351648351648E-0001
 282  1.06227106227106E-0002 -2.40000000000000E-0001
 283 -1.19413919413919E-0002 -2.89157509157509E-0001
 284 -6.10989010989011E-0002 -2.97216117216117E-0001
 285  2.35164835164835E-0002 -2.15018315018315E-0001
 286 -6.02930402930403E-0002 -2.35164835164835E-0001
 287  5.33333333333333E-0002 -2.94798534798535E-0001
 288 -7.07692307692308E-0002 -2.27106227106227E-0001
 289 -7.15750915750916E-0002 -2.81904761904762E-0001
 290  1.94871794871795E-0002 -2.37582417582418E-0001
 291  5.17216117216117E-0002 -2.85934065934066E-0001
 292  2.83516483516484E-0002 -2.06153846153846E-0001
 293 -5.78754578754579E-0002 -2.86739926739927E-0001
 294 -7.39926739926740E-0002 -2.53699633699634E-0001
 295  5.41391941391941E-0002 -2.09377289377289E-0001
 296 -3.93406593406593E-0002 -2.48058608058608E-0001
 297  3.39926739926740E-0002 -2.10989010989011E-0001
 298 -6.83516483516484E-0002 -2.30329670329670E-0001
 299 -1.03296703296703E-0002 -2.73040293040293E-0001
 300  3.31868131868132E-0002 -2.26300366300366E-0001
 301 -3.07692307692308E-0003 -2.83516483516484E-0001
 302  3.07692307692308E-0002 -2.30329670329670E-0001
 303 -5.49450549450549E-0003 -2.75457875457875E-0001
 304  4.04395604395604E-0002 -2.23076923076923E-0001
 305  8.20512820512821E-0003 -2.75457875457875E-0001
 306  3.96336996336996E-0002 -2.41611721611722E-0001
 307 -4.49816849816850E-0002 -2.17435897435897E-0001
 308  2.02930402930403E-0002 -2.79487179487179E-0001
 309 -2.40293040293040E-0002 -2.31941391941392E-0001
 310 -4.57875457875458E-0002 -2.57728937728938E-0001
 311  5.73626373626374E-0002 -2.40000000000000E-0001
 312  5.57509157509158E-0002 -1.53772893772894E-0001
 313  2.33846153846154E-0001 -1.34432234432234E-0001
 314  2.70915750915751E-0001 -8.28571428571429E-0002
 315  2.42710622710623E-0001 -1.11868131868131E-0001
 316  2.49963369963370E-0001 -6.51282051282051E-0002
 317  3.45054945054945E-0001 -9.57509157509158E-0002
 318  3.37802197802198E-0001 -5.86813186813187E-0002
 319  2.81391941391941E-0001 -8.93040293040293E-0002
 320  2.81391941391941E-0001 -4.25641025641026E-0002
 321  3.52307692307692E-0001 -7.47985347985348E-0002
 322  3.05567765567766E-0001 -1.27179487179487E-0001
 323  1.12967032967033E-0001 -1.86007326007326E-0001
 324  8.55677655677656E-0002 -1.78754578754579E-0001
 325  1.12161172161172E-0001 -2.56117216117216E-0001
 326  4.93040293040293E-0002 -2.59340659340659E-0001
 327 -2.96703296703297E-0002 -2.27912087912088E-0001
 328  2.83516483516484E-0002 -2.60952380952381E-0001
 329  5.97802197802198E-0002 -2.47252747252747E-0001
 330  1.12967032967033E-0001 -1.06227106227106E-0001
 331  2.74945054945055E-0001 -1.07838827838827E-0001
 332  3.32161172161172E-0001 -6.10989010989011E-0002
 333  2.28205128205128E-0001 -1.13479853479853E-0001
 334  1.91135531135531E-0001 -1.07032967032967E-0001
 335  2.14505494505495E-0001 -1.27179487179487E-0001
 336  1.37142857142857E-0001 -1.80366300366300E-0001
 337  1.86300366300366E-0001 -1.39267399267399E-0001
 338  1.76630036630037E-0001 -1.69890109890110E-0001
 339  1.52454212454212E-0001 -1.61025641025641E-0001
 340  2.87032967032967E-0001 -8.60805860805861E-0002
 341  2.14505494505495E-0001 -5.30402930402930E-0002
 342  3.19267399267399E-0001 -1.19120879120879E-0001
 343  2.60439560439560E-0001 -1.06227106227106E-0001
 344  1.76630036630037E-0001 -1.49743589743590E-0001
 345  1.61318681318681E-0001 -1.42490842490842E-0001
 346  1.16190476190476E-0001 -1.72307692307692E-0001
 347  1.75824175824176E-0001 -1.44102564102564E-0001
 348  1.12967032967033E-0001 -2.34358974358974E-0001
 349  1.86813186813187E-0002 -2.40805860805861E-0001
 350  5.73626373626374E-0002 -2.06153846153846E-0001
 351 -6.19047619047619E-0002 -2.85934065934066E-0001
 352 -4.33699633699634E-0002 -2.10989010989011E-0001
 353 -4.65934065934066E-0002 -2.75457875457875E-0001
 354  1.94871794871795E-0002 -2.35164835164835E-0001
 355  1.06227106227106E-0002 -2.85934065934066E-0001
 356 -5.94871794871795E-0002 -2.85128205128205E-0001
 357  2.19047619047619E-0002 -2.12600732600733E-0001
 358 -5.38461538461538E-0002 -2.81904761904762E-0001
 359 -4.98168498168498E-0002 -2.29523809523810E-0001
 360  6.62271062271062E-0002 -2.11794871794872E-0001
 361 -5.46520146520147E-0002 -2.21465201465201E-0001
 362  6.70329670329670E-0002 -2.76263736263736E-0001
 363 -5.78754578754579E-0002 -2.86739926739927E-0001
 364  3.56043956043956E-0002 -2.08571428571429E-0001
 365 -4.09523809523810E-0002 -2.72234432234432E-0001
 366 -5.06227106227106E-0002 -1.96483516483516E-0001
 367 -3.36996336996337E-0002 -2.62564102564103E-0001
 368  3.80219780219780E-0002 -2.27912087912088E-0001
 369  4.04395604395604E-0002 -2.63369963369963E-0001
 370  5.65567765567766E-0002 -2.13406593406593E-0001
 371 -1.11355311355311E-0002 -2.56923076923077E-0001
 372 -1.59706959706960E-0002 -2.14212454212454E-0001
 373 -4.68864468864469E-0003 -2.53699633699634E-0001
 374  8.39560439560440E-0002 -1.96483516483516E-0001
 375  9.12087912087912E-0002 -1.90036630036630E-0001
 376  2.11282051282051E-0001 -1.56996336996337E-0001
 377  1.46813186813187E-0001 -9.65567765567766E-0002
 378  2.83003663003663E-0001 -8.68864468864469E-0002
 379  1.61318681318681E-0001 -1.15091575091575E-0001
 380  1.95970695970696E-0001 -2.13406593406593E-0001
 381  1.21025641025641E-0001 -2.38388278388278E-0001
 382  4.04395604395604E-0002 -1.62637362637363E-0001
 383  3.72161172161172E-0002 -1.56996336996337E-0001
 384  1.65347985347985E-0001 -2.10989010989011E-0001
 385  1.65347985347985E-0001 -2.02124542124542E-0001
 386  7.50915750915751E-0002 -1.54578754578755E-0001
 387  1.00879120879120E-0001 -1.56996336996337E-0001
 388  1.46007326007326E-0001 -2.24688644688645E-0001
 389  1.12161172161172E-0001 -2.52087912087912E-0001
 390  1.75824175824176E-0003 -2.11794871794872E-0001
 391 -2.27106227106227E-0003 -2.15018315018315E-0001
 392  6.21978021978022E-0002 -2.48864468864469E-0001
 393  9.60439560439560E-0002 -2.12600732600733E-0001
 394  6.54212454212454E-0002 -1.39267399267399E-0001
 395  7.10622710622711E-0002 -1.74725274725275E-0001
 396  1.00073260073260E-0001 -2.33553113553114E-0001
 397  8.87912087912088E-0002 -2.34358974358974E-0001
 398  2.91575091575092E-0002 -2.26300366300366E-0001
 399  1.06520146520146E-0001 -2.08571428571429E-0001
 400  1.03296703296703E-0001 -1.37655677655678E-0001
 401  1.43589743589744E-0001 -1.56996336996337E-0001
 402  8.39560439560440E-0002 -2.35164835164835E-0001
 403  6.21978021978022E-0002 -2.67399267399267E-0001
 404 -4.82051282051282E-0002 -2.25494505494505E-0001
 405 -6.43223443223443E-0002 -2.43223443223443E-0001
 406  2.27106227106227E-0002 -2.99633699633700E-0001
 407 -5.49450549450549E-0003 -2.48058608058608E-0001
 408 -3.20879120879121E-0002 -2.88351648351648E-0001
 409  3.36996336996337E-0003 -2.95604395604396E-0001
 410 -7.39926739926740E-0002 -2.58534798534799E-0001
 411 -8.44688644688645E-0002 -2.50476190476190E-0001
 412 -1.83882783882784E-0002 -2.85934065934066E-0001
 413 -3.07692307692308E-0003 -2.49670329670330E-0001
 414 -3.28937728937729E-0002 -2.75457875457875E-0001
 415  2.35164835164835E-0002 -2.78681318681319E-0001
 416 -3.53113553113553E-0002 -2.40000000000000E-0001
 417 -5.46520146520147E-0002 -2.22271062271062E-0001
 418  4.36630036630037E-0002 -2.67399267399267E-0001
 419  4.60805860805861E-0002 -2.17435897435897E-0001
 420  6.13919413919414E-0002 -2.53699633699634E-0001
 421  5.57509157509158E-0002 -2.65787545787546E-0001
 422  9.52380952380952E-0004 -2.06959706959707E-0001
 423  2.27106227106227E-0002 -1.69890109890110E-0001
 424  1.39560439560440E-0001 -1.62637362637363E-0001
 425  1.00879120879120E-0001 -1.10256410256410E-0001
 426  2.05641025641026E-0001 -1.65860805860806E-0001
 427  2.03223443223443E-0001 -1.86813186813187E-0001
 428  1.10549450549450E-0001 -1.83589743589744E-0001
 429  1.72600732600733E-0001 -2.02124542124542E-0001
 430  9.44322344322344E-0002 -1.65860805860806E-0001
 431  9.28205128205128E-0002 -1.50549450549451E-0001
 432  1.48424908424908E-0001 -1.78754578754579E-0001
 433  1.60512820512821E-0001 -1.48131868131868E-0001
 434  9.36263736263736E-0002 -2.09377289377289E-0001
 435  1.05714285714285E-0001 -2.26300366300366E-0001
 436  8.71794871794872E-0002 -1.91648351648352E-0001
 437  2.99633699633700E-0002 -1.90036630036630E-0001
 438  3.31868131868132E-0002 -1.59413919413919E-0001
 439  4.28571428571429E-0002 -2.47252747252747E-0001
 440  2.99633699633700E-0002 -2.27912087912088E-0001
 441  8.79853479853480E-0002 -1.96483516483516E-0001
 442  6.21978021978022E-0002 -2.10183150183150E-0001
 443  4.84981684981685E-0002 -1.92454212454212E-0001
 444  1.49230769230769E-0001 -1.57802197802198E-0001
 445  1.82271062271062E-0001 -1.90842490842491E-0001
 446  4.52747252747253E-0002 -2.14212454212454E-0001
 447  1.54578754578754E-0002 -2.53699633699634E-0001
 448  4.60805860805861E-0002 -2.46446886446886E-0001
 449  3.64102564102564E-0002 -2.77069597069597E-0001
 450 -2.16117216117216E-0002 -2.39194139194139E-0001
 451 -4.57875457875458E-0002 -2.70622710622711E-0001
 452 -3.07692307692308E-0003 -2.40805860805861E-0001
 453 -4.73992673992674E-0002 -2.46446886446886E-0001
 454 -5.78754578754579E-0002 -2.81098901098901E-0001
 455 -6.30036630036630E-0003 -2.48864468864469E-0001
 456 -6.59340659340659E-0004 -2.35164835164835E-0001
 457  6.13919413919414E-0002 -1.92454212454212E-0001
 458  7.50915750915751E-0002 -2.04542124542125E-0001
 459  3.07692307692308E-0002 -1.86007326007326E-0001
 460  1.39560439560440E-0001 -1.92454212454212E-0001
 461  3.07692307692308E-0002 -2.27912087912088E-0001
 462 -2.40293040293040E-0002 -2.47252747252747E-0001
 463  1.30402930402930E-0002 -2.39194139194139E-0001
 464  6.46153846153846E-0002 -2.53699633699634E-0001
 465  9.81684981684982E-0003 -1.88424908424908E-0001
 466 -3.07692307692308E-0003 -1.93260073260073E-0001
 467  9.20146520146520E-0002 -1.66666666666667E-0001
 468  7.42857142857143E-0002 -1.90842490842491E-0001
 469  7.50915750915751E-0002 -1.92454212454212E-0001
 470  3.36996336996337E-0003 -2.15018315018315E-0001
 471  2.27106227106227E-0002 -2.06153846153846E-0001
 472  1.49230769230769E-0001 -1.77142857142857E-0001
 473  7.99267399267399E-0002 -2.17435897435897E-0001
 474  4.68864468864469E-0002 -2.06153846153846E-0001
 475  1.59706959706960E-0001 -1.51355311355311E-0001
 476  1.46007326007326E-0001 -1.82783882783883E-0001
 477  6.78388278388278E-0002 -2.05347985347985E-0001
 478  1.13772893772893E-0001 -1.98095238095238E-0001
 479  4.76923076923077E-0002 -2.11794871794872E-0001
 480  1.52454212454212E-0001 -1.56190476190476E-0001
 481  2.32234432234432E-0001 -1.40879120879121E-0001
 482  1.25054945054945E-0001 -2.15824175824176E-0001
 483  8.79853479853480E-0002 -1.34432234432234E-0001
 484  2.18534798534799E-0001 -1.16703296703296E-0001
 485  1.48424908424908E-0001 -1.90842490842491E-0001
 486  5.97802197802198E-0002 -2.14212454212454E-0001
 487  9.60439560439560E-0002 -2.23076923076923E-0001
 488  8.15384615384615E-0002 -2.23076923076923E-0001
 489  1.09743589743589E-0001 -1.62637362637363E-0001
 490  1.54871794871795E-0001 -1.92454212454212E-0001
 491  5.73626373626374E-0002 -2.10183150183150E-0001
 492  1.00879120879120E-0001 -2.07765567765568E-0001
 493  3.64102564102564E-0002 -1.90842490842491E-0001
 494  3.88278388278388E-0002 -1.68278388278388E-0001
 495  1.07326007326007E-0001 -1.65860805860806E-0001
 496  9.28205128205128E-0002 -1.74725274725275E-0001
 497  1.83076923076923E-0001 -1.61025641025641E-0001
 498  2.39487179487179E-0001 -1.69890109890110E-0001
 499  1.81465201465201E-0001 -1.98095238095238E-0001
 500  1.42783882783883E-0001 -1.65860805860806E-0001
 501  1.25054945054945E-0001 -1.69084249084249E-0001
 502  1.26666666666667E-0001 -1.79560439560440E-0001
 503  1.27472527472527E-0001 -1.69890109890110E-0001
 504  1.65347985347985E-0001 -1.73919413919414E-0001
 505  1.72600732600733E-0001 -1.42490842490842E-0001
 506  1.47619047619048E-0001 -1.52967032967033E-0001
 507  9.36263736263736E-0002 -1.40879120879121E-0001
 508  1.64542124542125E-0001 -1.48937728937729E-0001
 509  9.52380952380952E-0002 -1.45714285714286E-0001
 510  1.03296703296703E-0001 -1.43296703296703E-0001
 511  1.04908424908424E-0001 -1.53772893772894E-0001
 512  1.11355311355311E-0001 -1.51355311355311E-0001
 513  2.04029304029304E-0001 -1.32014652014652E-0001
 514  1.57289377289377E-0001 -1.56996336996337E-0001
 515  1.25054945054945E-0001 -2.42417582417582E-0001
 516  3.39926739926740E-0002 -2.73040293040293E-0001
 517 -1.07032967032967E-0001 -3.12527472527473E-0001
 518 -5.46520146520147E-0002 -2.74652014652015E-0001
 519 -5.49450549450549E-0003 -2.85934065934066E-0001
 520 -1.06227106227106E-0001 -2.73040293040293E-0001
 521 -1.19413919413919E-0002 -2.69010989010989E-0001
 522 -9.25274725274725E-0002 -2.73040293040293E-0001
 523 -1.11355311355311E-0002 -2.65787545787546E-0001
 524 -9.49450549450549E-0002 -2.77069597069597E-0001
 525 -3.07692307692308E-0003 -2.75457875457875E-0001
 526 -8.68864468864469E-0002 -2.80293040293040E-0001
 527 -1.19413919413919E-0002 -2.90769230769231E-0001
 528 -4.73992673992674E-0002 -2.93186813186813E-0001
 529 -4.82051282051282E-0002 -2.95604395604396E-0001
 530 -3.85347985347985E-0002 -2.73040293040293E-0001
 531 -9.01098901098901E-0002 -2.96410256410256E-0001
 532 -2.80586080586081E-0002 -2.66593406593407E-0001
 533 -8.28571428571429E-0002 -2.96410256410256E-0001
 534 -4.49816849816850E-0002 -2.79487179487179E-0001
 535 -1.01391941391941E-0001 -2.74652014652015E-0001
 536 -1.01391941391941E-0001 -2.73040293040293E-0001
 537 -6.91575091575092E-0002 -2.71428571428571E-0001
 538 -8.04395604395604E-0002 -2.51282051282051E-0001
 539 -6.99633699633700E-0002 -2.89157509157509E-0001
 540 -7.96336996336996E-0002 -2.42417582417582E-0001
 541 -2.80586080586081E-0002 -2.34358974358974E-0001
 542 -4.41758241758242E-0002 -2.42417582417582E-0001
 543 -3.61172161172161E-0002 -2.48058608058608E-0001
 544 -1.19413919413919E-0002 -2.44029304029304E-0001
 545 -1.03296703296703E-0002 -2.69816849816850E-0001
 546  4.98168498168498E-0003 -2.44029304029304E-0001
 547 -3.28937728937729E-0002 -2.73040293040293E-0001
 548  2.56410256410256E-0003 -2.64175824175824E-0001
 549 -2.27106227106227E-0003 -2.64175824175824E-0001
 550  5.78754578754579E-0003 -2.63369963369963E-0001
 551  4.17582417582418E-0003 -2.61758241758242E-0001
 552  4.98168498168498E-0003 -2.40805860805861E-0001
 553 -1.83882783882784E-0002 -2.44029304029304E-0001
 554 -2.27106227106227E-0003 -2.38388278388278E-0001
 555 -6.51282051282051E-0002 -2.66593406593407E-0001
 556  7.39926739926740E-0003 -2.61758241758242E-0001
 557 -5.38461538461538E-0002 -2.65787545787546E-0001
 558  1.78754578754579E-0002 -2.34358974358974E-0001
 559 -3.53113553113553E-0002 -2.86739926739927E-0001
 560 -2.40293040293040E-0002 -2.60952380952381E-0001
 561  2.19047619047619E-0002 -2.61758241758242E-0001
 562 -6.67399267399267E-0002 -2.52893772893773E-0001
 563  1.94871794871795E-0002 -2.31941391941392E-0001
 564 -3.53113553113553E-0002 -2.65787545787546E-0001
 565 -1.75824175824176E-0002 -2.55311355311355E-0001
 566  1.62637362637363E-0002 -2.83516483516484E-0001
 567 -1.51648351648351E-0002 -2.81904761904762E-0001
 568 -1.51648351648351E-0002 -2.76263736263736E-0001
 569 -1.91941391941392E-0002 -2.73040293040293E-0001
 570 -1.11355311355311E-0002 -2.72234432234432E-0001
 571 -1.03296703296703E-0002 -2.73846153846154E-0001
 572 -1.51648351648351E-0002 -2.73040293040293E-0001
 573 -8.71794871794872E-0003 -2.76263736263736E-0001
 574 -5.49450549450549E-0003 -2.48864468864469E-0001
 575  2.75457875457875E-0002 -2.48058608058608E-0001
 576  2.27106227106227E-0002 -2.78681318681319E-0001
 577 -1.59706959706960E-0002 -2.54505494505495E-0001
 578  2.91575091575092E-0002 -2.81904761904762E-0001
 579 -7.10622710622711E-0003 -2.52893772893773E-0001
 580  2.35164835164835E-0002 -2.44029304029304E-0001
 581  2.91575091575092E-0002 -2.48058608058608E-0001
 582  2.99633699633700E-0002 -2.44029304029304E-0001
 583  3.56043956043956E-0002 -2.49670329670330E-0001
 584  3.15750915750916E-0002 -2.35970695970696E-0001
 585  3.47985347985348E-0002 -2.35970695970696E-0001
 586  3.39926739926740E-0002 -2.23882783882784E-0001
 587 -1.35531135531135E-0002 -2.23882783882784E-0001
 588  3.15750915750916E-0002 -2.53699633699634E-0001
 589 -2.80586080586081E-0002 -2.74652014652015E-0001
 590  1.70695970695971E-0002 -2.38388278388278E-0001
 591  5.17216117216117E-0002 -2.14212454212454E-0001
 592  3.36996336996337E-0003 -2.66593406593407E-0001
 593  2.02930402930403E-0002 -2.38388278388278E-0001
 594  6.70329670329670E-0002 -2.37582417582418E-0001
 595 -1.75824175824176E-0002 -2.52087912087912E-0001
 596  6.30036630036630E-0002 -2.09377289377289E-0001
 597  9.52380952380952E-0002 -1.49743589743590E-0001
 598  1.60512820512821E-0001 -1.05421245421245E-0001
 599  2.78168498168498E-0001 -1.91648351648352E-0001
 600  4.12454212454212E-0002 -1.36849816849817E-0001
 601  1.66153846153846E-0001 -1.18315018315018E-0001
 602  2.78168498168498E-0001 -8.60805860805861E-0002
 603  3.16849816849817E-0001 -1.13479853479853E-0001
 604  2.04029304029304E-0001 -1.27985347985348E-0001
 605  2.65274725274725E-0001 -9.89743589743590E-0002
 606  2.41098901098901E-0001 -1.52161172161172E-0001
 607  2.16923076923077E-0001 -1.14285714285714E-0001
 608  2.62051282051282E-0001 -1.26373626373626E-0001
 609  2.29816849816850E-0001 -1.51355311355311E-0001
 610  2.00000000000000E-0001 -1.27179487179487E-0001
 611  1.77435897435897E-0001 -1.19120879120879E-0001
 612  1.61318681318681E-0001 -1.12673992673992E-0001
 613  1.95164835164835E-0001 -1.38461538461538E-0001
 614  1.21831501831501E-0001 -1.23956043956044E-0001
 615  1.14578754578754E-0001 -8.04395604395604E-0002
 616  2.59633699633700E-0001 -8.68864468864469E-0002
 617  2.31428571428571E-0001 -8.76923076923077E-0002
 618  2.04029304029304E-0001 -1.12673992673992E-0001
 619  1.80659340659341E-0001 -1.11062271062271E-0001
 620  2.13699633699634E-0001 -1.44908424908425E-0001
 621  1.11355311355311E-0001 -1.53772893772894E-0001
 622  1.25054945054945E-0001 -1.69890109890110E-0001
 623  1.83076923076923E-0001 -1.37655677655678E-0001
 624  2.07252747252747E-0001 -2.08571428571429E-0001
 625  1.25054945054945E-0001 -1.74725274725275E-0001
 626  1.00073260073260E-0001 -1.57802197802198E-0001
 627  1.44395604395604E-0001 -1.59413919413919E-0001
 628  7.18681318681319E-0002 -2.83516483516484E-0001
 629 -8.71794871794872E-0003 -2.53699633699634E-0001
 630  1.70695970695971E-0002 -2.73040293040293E-0001
 631 -9.49450549450549E-0002 -3.05274725274725E-0001
 632 -4.33699633699634E-0002 -2.52893772893773E-0001
 633 -7.96336996336996E-0002 -2.91575091575092E-0001
 634 -1.14285714285714E-0001 -2.77875457875458E-0001
 635 -1.91941391941392E-0002 -2.84322344322344E-0001
 636 -2.40293040293040E-0002 -2.71428571428571E-0001
 637 -2.80586080586081E-0002 -2.79487179487179E-0001
 638 -1.75824175824176E-0002 -2.81098901098901E-0001
 639 -2.32234432234432E-0002 -2.71428571428571E-0001
 640 -1.19413919413919E-0002 -2.75457875457875E-0001
 641 -1.91941391941392E-0002 -2.56117216117216E-0001
 642 -7.23809523809524E-0002 -2.53699633699634E-0001
 643 -8.12454212454212E-0002 -2.41611721611722E-0001
 644 -4.90109890109890E-0002 -2.44835164835165E-0001
 645 -2.80586080586081E-0002 -2.34358974358974E-0001
 646 -2.80586080586081E-0002 -2.27912087912088E-0001
 647 -4.68864468864469E-0003 -2.42417582417582E-0001
 648 -4.49816849816850E-0002 -2.45641025641026E-0001
 649 -3.36996336996337E-0002 -2.65787545787546E-0001
 650  1.94871794871795E-0002 -2.70622710622711E-0001
 651  2.67399267399267E-0002 -2.31941391941392E-0001
 652  5.57509157509158E-0002 -2.35164835164835E-0001
 653  8.20512820512821E-0003 -1.53772893772894E-0001
 654  1.82271062271062E-0001 -2.23076923076923E-0001
 655  1.07326007326007E-0001 -1.63443223443223E-0001
 656  1.48424908424908E-0001 -2.01318681318681E-0001
 657  6.13919413919414E-0002 -2.10989010989011E-0001
 658  2.35164835164835E-0002 -2.80293040293040E-0001
 659 -6.30036630036630E-0003 -2.48864468864469E-0001
 660  1.22344322344322E-0002 -2.75457875457875E-0001
 661 -7.39926739926740E-0002 -2.89963369963370E-0001
 662 -2.32234432234432E-0002 -2.48864468864469E-0001
 663 -6.35164835164835E-0002 -2.84322344322344E-0001
 664 -8.04395604395604E-0002 -2.54505494505495E-0001
 665 -5.49450549450549E-0003 -2.50476190476190E-0001
 666 -4.33699633699634E-0002 -2.61758241758242E-0001
 667  3.36996336996337E-0003 -2.74652014652015E-0001
 668 -4.90109890109890E-0002 -2.75457875457875E-0001
 669 -1.19413919413919E-0002 -2.43223443223443E-0001
 670 -4.41758241758242E-0002 -2.73040293040293E-0001
 671 -7.56043956043956E-0002 -2.40000000000000E-0001
 672 -4.09523809523810E-0002 -2.78681318681319E-0001
 673  9.52380952380952E-0004 -2.44029304029304E-0001
 674  3.39926739926740E-0002 -2.64175824175824E-0001
 675 -3.20879120879121E-0002 -2.67399267399267E-0001
 676  1.06227106227106E-0002 -2.40805860805861E-0001
 677  3.72161172161172E-0002 -2.25494505494505E-0001
 678 -2.88644688644689E-0002 -2.56923076923077E-0001
 679  3.15750915750916E-0002 -1.83589743589744E-0001
 680  1.33113553113553E-0001 -1.66666666666667E-0001
 681  1.65347985347985E-0001 -1.62637362637363E-0001
 682  9.52380952380952E-0002 -1.95677655677656E-0001
 683  8.07326007326007E-0002 -2.13406593406593E-0001
 684  8.31501831501832E-0002 -1.73113553113553E-0001
 685  1.00073260073260E-0001 -1.39267399267399E-0001
 686  1.28278388278388E-0001 -1.27985347985348E-0001
 687  2.57216117216117E-0001 -1.00586080586080E-0001
 688  2.84615384615385E-0001 -1.67472527472527E-0001
 689  1.26666666666667E-0001 -1.71501831501832E-0001
 690  1.91135531135531E-0001 -1.28791208791209E-0001
 691  1.45201465201465E-0001 -1.61831501831502E-0001
 692  8.71794871794872E-0002 -1.64249084249084E-0001
 693  1.41978021978022E-0001 -1.64249084249084E-0001
 694  9.60439560439560E-0002 -1.27179487179487E-0001
 695  2.88644688644689E-0001 -7.15750915750916E-0002
 696  2.91868131868132E-0001 -7.56043956043956E-0002
 697  2.23369963369963E-0001 -1.43296703296703E-0001
 698  1.40366300366300E-0001 -1.23956043956044E-0001
 699  2.31428571428571E-0001 -2.08571428571429E-0001
 700  2.35164835164835E-0002 -1.98095238095238E-0001
 701  2.75457875457875E-0002 -2.21465201465201E-0001
 702  7.99267399267399E-0002  2.47545787545788E-0001
 703  1.15655677655678E+0000  1.45201465201465E-0001
 704  5.25567765567766E-0001 -1.14285714285714E-0001
 705  2.13699633699634E-0001 -1.84395604395604E-0001
 706  1.16996336996337E-0001 -2.43223443223443E-0001
 707  1.14285714285714E-0002 -2.42417582417582E-0001
 708 -5.46520146520147E-0002 -2.71428571428571E-0001
 709 -7.39926739926740E-0002 -2.71428571428571E-0001
 710 -9.65567765567766E-0002 -2.76263736263736E-0001
 711 -8.60805860805861E-0002 -2.79487179487179E-0001
 712 -7.80219780219780E-0002 -2.93186813186813E-0001
 713 -1.07838827838827E-0001 -3.12527472527473E-0001
 714 -4.90109890109890E-0002 -2.62564102564103E-0001
 715 -1.75824175824176E-0002 -2.61758241758242E-0001
 716  7.39926739926740E-0003 -2.46446886446886E-0001
 717  1.70695970695971E-0002 -2.35970695970696E-0001
 718 -2.16117216117216E-0002 -2.55311355311355E-0001
 719 -2.88644688644689E-0002 -2.66593406593407E-0001
 720 -4.73992673992674E-0002 -2.83516483516484E-0001
 721 -1.59706959706960E-0002 -2.88351648351648E-0001
 722 -1.51648351648351E-0002 -2.59340659340659E-0001
 723  9.01098901098901E-0003 -2.57728937728938E-0001
 724  4.17582417582418E-0003 -2.67399267399267E-0001
 725  4.17582417582418E-0003 -2.42417582417582E-0001
 726 -3.77289377289377E-0002 -2.70622710622711E-0001
 727 -6.67399267399267E-0002 -2.90769230769231E-0001
 728 -1.51648351648351E-0002 -2.55311355311355E-0001
 729  1.86813186813187E-0002 -2.79487179487179E-0001
 730 -4.41758241758242E-0002 -2.28717948717949E-0001
 731 -1.75824175824176E-0002 -2.48058608058608E-0001
 732  2.59340659340659E-0002 -2.73040293040293E-0001
 733 -5.62637362637363E-0002 -2.86739926739927E-0001
 734 -8.71794871794872E-0003 -2.39194139194139E-0001
 735 -2.96703296703297E-0002 -2.69816849816850E-0001
 736 -5.78754578754579E-0002 -2.52893772893773E-0001
 737  1.30402930402930E-0002 -2.40000000000000E-0001
 738 -5.46520146520147E-0002 -2.83516483516484E-0001
 739 -1.03296703296703E-0002 -2.52087912087912E-0001
 740  1.06227106227106E-0002 -2.34358974358974E-0001
 741 -2.80586080586081E-0002 -2.41611721611722E-0001
 742 -2.40293040293040E-0002 -2.41611721611722E-0001
 743 -2.72527472527473E-0002 -2.36776556776557E-0001
 744 -2.24175824175824E-0002 -2.29523809523810E-0001
 745  1.46520146520147E-0004 -2.27106227106227E-0001
 746  8.20512820512821E-0003 -2.23882783882784E-0001
 747  8.20512820512821E-0003 -2.17435897435897E-0001
 748  6.59340659340659E-0003 -2.21465201465201E-0001
 749 -1.46520146520146E-0003 -2.27106227106227E-0001
 750 -2.56410256410256E-0002 -2.61758241758242E-0001
 751 -5.22344322344322E-0002 -2.70622710622711E-0001
 752 -5.30402930402930E-0002 -2.65787545787546E-0001
 753 -5.06227106227106E-0002 -2.68205128205128E-0001
 754 -5.62637362637363E-0002 -2.74652014652015E-0001
 755 -5.70695970695971E-0002 -2.64175824175824E-0001
 756 -5.54578754578755E-0002 -2.69816849816850E-0001
 757 -5.38461538461538E-0002 -2.60146520146520E-0001
 758 -6.51282051282051E-0002 -2.68205128205128E-0001
 759 -6.43223443223443E-0002 -2.73040293040293E-0001
 760 -6.59340659340659E-0002 -2.87545787545788E-0001
 761 -1.59706959706960E-0002 -2.86739926739927E-0001
 762 -1.51648351648351E-0002 -2.57728937728938E-0001
 763  9.01098901098901E-0003 -2.38388278388278E-0001
 764 -4.09523809523810E-0002 -2.41611721611722E-0001
 765 -3.69230769230769E-0002 -2.47252747252747E-0001
 766 -5.06227106227106E-0002 -2.44029304029304E-0001
 767 -5.78754578754579E-0002 -2.44029304029304E-0001
 768 -1.91941391941392E-0002 -2.39194139194139E-0001
 769 -3.45054945054945E-0002 -2.60146520146520E-0001
 770 -5.86813186813187E-0002 -2.73846153846154E-0001
 771 -5.78754578754579E-0002 -2.35164835164835E-0001
 772 -4.01465201465201E-0002 -2.69816849816850E-0001
 773 -6.75457875457875E-0002 -2.68205128205128E-0001
 774 -6.10989010989011E-0002 -2.85128205128205E-0001
 775 -5.94871794871795E-0002 -2.65787545787546E-0001
 776 -6.10989010989011E-0002 -2.64175824175824E-0001
 777 -5.62637362637363E-0002 -2.73040293040293E-0001
 778 -6.67399267399267E-0002 -2.73846153846154E-0001
 779 -6.27106227106227E-0002 -2.75457875457875E-0001
 780 -5.86813186813187E-0002 -2.66593406593407E-0001
 781 -6.02930402930403E-0002 -2.65787545787546E-0001
 782 -5.38461538461538E-0002 -2.60146520146520E-0001
 783 -4.90109890109890E-0002 -2.64175824175824E-0001
 784 -5.62637362637363E-0002 -2.63369963369963E-0001
 785 -5.46520146520147E-0002 -2.59340659340659E-0001
 786 -5.14285714285714E-0002 -2.46446886446886E-0001
 787 -5.54578754578755E-0002 -2.55311355311355E-0001
 788 -5.54578754578755E-0002 -2.64175824175824E-0001
 789 -5.38461538461538E-0002 -2.80293040293040E-0001
 790 -1.46520146520146E-0003 -2.79487179487179E-0001
 791 -6.30036630036630E-0003 -2.81904761904762E-0001
 792  4.17582417582418E-0003 -2.77069597069597E-0001
 793  4.98168498168498E-0003 -2.73040293040293E-0001
 794  1.86813186813187E-0002 -2.74652014652015E-0001
 795  9.01098901098901E-0003 -2.72234432234432E-0001
 796  1.46520146520146E-0002 -2.68205128205128E-0001
 797  1.86813186813187E-0002 -2.64175824175824E-0001
 798  3.15750915750916E-0002 -2.62564102564103E-0001
 799  3.31868131868132E-0002 -2.64175824175824E-0001
 800  3.56043956043956E-0002 -2.60146520146520E-0001
 801  4.36630036630037E-0002 -2.35970695970696E-0001
 802  7.99267399267399E-0002 -2.02930402930403E-0001
 803  1.05714285714285E-0001 -2.15018315018315E-0001
 804  1.27472527472527E-0001 -1.70695970695971E-0001
 805  1.73406593406593E-0001 -1.73113553113553E-0001
 806  1.69377289377289E-0001 -1.56996336996337E-0001
 807  1.89523809523810E-0001 -1.51355311355311E-0001
 808  2.02417582417582E-0001 -1.61831501831502E-0001
 809  1.52454212454212E-0001 -1.87619047619048E-0001
 810  1.30695970695971E-0001 -1.79560439560440E-0001
 811  1.83882783882784E-0001 -1.36849816849817E-0001
 812  2.33846153846154E-0001 -1.45714285714286E-0001
 813  2.29816849816850E-0001 -1.27985347985348E-0001
 814  2.51575091575092E-0001 -1.18315018315018E-0001
 815  2.58827838827839E-0001 -9.25274725274725E-0002
 816  2.08864468864469E-0001 -9.97802197802198E-0002
 817  2.04835164835165E-0001 -1.23956043956044E-0001
 818  1.65347985347985E-0001 -1.55384615384615E-0001
 819  9.92673992673993E-0002 -1.90036630036630E-0001
 820  1.64542124542125E-0001 -1.76336996336996E-0001
 821  1.80659340659341E-0001 -1.70695970695971E-0001
 822  2.04835164835165E-0001 -1.22344322344322E-0001
 823  2.55604395604396E-0001 -1.35238095238095E-0001
 824  2.04029304029304E-0001 -1.26373626373626E-0001
 825  1.37948717948718E-0001 -1.05421245421245E-0001
 826  1.91135531135531E-0001 -1.40879120879121E-0001
 827  1.04908424908424E-0001 -1.91648351648352E-0001
 828  3.23809523809524E-0002 -2.25494505494505E-0001
 829 -8.71794871794872E-0003 -2.39194139194139E-0001
 830 -1.75824175824176E-0002 -2.47252747252747E-0001
 831  8.47619047619048E-0002 -1.99706959706960E-0001
 832  1.39560439560440E-0001 -1.93260073260073E-0001
 833  1.50036630036630E-0001 -2.00512820512821E-0001
 834  1.50036630036630E-0001 -2.01318681318681E-0001
 835  1.39560439560440E-0001 -1.85201465201465E-0001
 836  1.60512820512821E-0001 -1.65860805860806E-0001
 837  2.07252747252747E-0001 -1.41684981684982E-0001
 838  2.54798534798535E-0001 -1.25567765567766E-0001
 839  2.58021978021978E-0001 -1.28791208791209E-0001
 840  2.74945054945055E-0001 -1.14285714285714E-0001
 841  3.01538461538462E-0001 -7.31868131868132E-0002
 842  3.14432234432234E-0001 -8.60805860805861E-0002
 843  2.99120879120879E-0001 -1.36849816849817E-0001
 844  2.41098901098901E-0001 -1.18315018315018E-0001
 845  2.55604395604396E-0001 -1.25567765567766E-0001
 846  2.29010989010989E-0001 -1.59413919413919E-0001
 847  1.87106227106227E-0001 -1.56996336996337E-0001
 848  1.63736263736264E-0001 -1.72307692307692E-0001
 849  1.75824175824176E-0001 -1.39267399267399E-0001
 850  2.12087912087912E-0001 -1.44102564102564E-0001
 851  2.02417582417582E-0001 -1.40879120879121E-0001
 852  2.11282051282051E-0001 -1.25567765567766E-0001
 853  1.66959706959707E-0001 -1.20732600732600E-0001
 854  1.69377289377289E-0001 -1.23956043956044E-0001
 855  1.60512820512821E-0001 -1.94065934065934E-0001
 856  4.76923076923077E-0002 -2.32747252747253E-0001
 857 -1.51648351648351E-0002 -2.61758241758242E-0001
 858  3.15750915750916E-0002 -2.75457875457875E-0001
 859  1.06227106227106E-0002 -2.46446886446886E-0001
 860  4.93040293040293E-0002 -2.27106227106227E-0001
 861 -1.11355311355311E-0002 -2.41611721611722E-0001
 862  4.52747252747253E-0002 -2.75457875457875E-0001
 863  2.19047619047619E-0002 -2.01318681318681E-0001
 864  3.47985347985348E-0002 -2.31941391941392E-0001
 865  6.59340659340659E-0003 -1.65054945054945E-0001
 866  1.78241758241758E-0001 -1.38461538461538E-0001
 867  1.19413919413919E-0001 -1.89230769230769E-0001
 868  1.66153846153846E-0001 -1.38461538461538E-0001
 869  2.07252747252747E-0001 -1.23956043956044E-0001
 870  1.49230769230769E-0001 -1.90036630036630E-0001
 871  1.63736263736264E-0001 -1.66666666666667E-0001
 872  1.11355311355311E-0001 -3.04761904761905E-0002
 873  3.73260073260073E-0001  1.04102564102564E-0001
 874  6.78681318681319E-0001  1.50036630036630E-0001
 875  9.77655677655678E-0001 -2.27106227106227E-0003
 876  4.36117216117216E-0001 -5.54578754578755E-0002
 877  2.28205128205128E-0001 -1.36849816849817E-0001
 878  2.42710622710623E-0001 -1.37655677655678E-0001
 879  1.50036630036630E-0001  4.60805860805861E-0002
 880  4.22417582417582E-0001 -4.25641025641026E-0002
 881  3.95824175824176E-0001 -3.93406593406593E-0002
 882  3.16043956043956E-0001 -6.59340659340659E-0002
 883  3.78095238095238E-0001 -8.04395604395604E-0002
 884  3.53113553113553E-0001 -4.33699633699634E-0002
 885  4.15970695970696E-0001  6.59340659340659E-0003
 886  3.79706959706960E-0001 -4.57875457875458E-0002
 887  4.12747252747253E-0001  1.62637362637363E-0002
 888  4.02271062271062E-0001 -3.69230769230769E-0002
 889  3.70842490842491E-0001 -3.20879120879121E-0002
 890  3.68424908424908E-0001 -4.09523809523810E-0002
 891  4.11941391941392E-0001 -9.52380952380952E-0003
 892  4.43369963369963E-0001 -3.12820512820513E-0002
 893  3.49890109890110E-0001  1.86813186813187E-0002
 894  4.07912087912088E-0001  1.94871794871795E-0002
 895  4.12747252747253E-0001  2.35164835164835E-0002
 896  4.03882783882784E-0001 -1.83882783882784E-0002
 897  3.55531135531136E-0001 -9.52380952380952E-0003
 898  3.78901098901099E-0001  1.37142857142857E-0001
 899  1.06307692307692E+0000  3.64395604395604E-0001
 900  1.30000000000000E+0000  6.16630036630037E-0001
 901  1.04454212454212E+0000 -1.11868131868131E-0001
 902  8.15384615384615E-0002 -2.00512820512821E-0001
 903  5.97802197802198E-0002 -3.04468864468864E-0001
 904 -1.69890109890110E-0001 -3.89890109890110E-0001
 905 -1.90036630036630E-0001 -3.60073260073260E-0001
 906 -1.59413919413919E-0001 -3.71355311355311E-0001
 907 -2.49670329670330E-0001 -3.97142857142857E-0001
 908 -1.96483516483516E-0001 -3.41538461538462E-0001
 909 -2.10989010989011E-0001 -3.71355311355311E-0001
 910 -2.48864468864469E-0001 -3.24615384615385E-0001
 911 -6.67399267399267E-0002 -2.98021978021978E-0001
 912 -2.24175824175824E-0002 -2.60952380952381E-0001
 913  1.46520146520146E-0002 -2.57728937728938E-0001
 914  2.27106227106227E-0002 -2.48058608058608E-0001
 915  2.02930402930403E-0002 -2.59340659340659E-0001
 916  1.30402930402930E-0002 -2.53699633699634E-0001
 917  2.75457875457875E-0002 -2.47252747252747E-0001
 918  2.99633699633700E-0002 -2.28717948717949E-0001
 919 -3.28937728937729E-0002 -2.49670329670330E-0001
 920 -6.67399267399267E-0002 -2.56923076923077E-0001
 921 -5.54578754578755E-0002 -2.47252747252747E-0001
 922 -4.09523809523810E-0002 -2.47252747252747E-0001
 923 -3.20879120879121E-0002 -2.44029304029304E-0001
 924 -3.20879120879121E-0002 -2.34358974358974E-0001
 925 -6.67399267399267E-0002 -2.89963369963370E-0001
 926 -7.96336996336996E-0002 -2.94798534798535E-0001
 927 -6.51282051282051E-0002 -2.81098901098901E-0001
 928 -6.10989010989011E-0002 -2.97216117216117E-0001
 929 -1.83882783882784E-0002 -2.50476190476190E-0001
 930  1.62637362637363E-0002 -2.36776556776557E-0001
 931 -2.80586080586081E-0002 -2.52893772893773E-0001
 932 -4.09523809523810E-0002 -2.74652014652015E-0001
 933  6.59340659340659E-0003 -2.33553113553114E-0001
 934 -2.80586080586081E-0002 -2.64175824175824E-0001
 935 -6.27106227106227E-0002 -2.50476190476190E-0001
 936  1.62637362637363E-0002 -2.39194139194139E-0001
 937 -3.20879120879121E-0002 -2.91575091575092E-0001
 938 -1.91941391941392E-0002 -2.58534798534799E-0001
 939 -4.09523809523810E-0002 -2.53699633699634E-0001
 940  4.12454212454212E-0002 -2.64175824175824E-0001
 941  9.81684981684982E-0003 -2.66593406593407E-0001
 942  3.36996336996337E-0003 -2.66593406593407E-0001
 943  9.52380952380952E-0004 -2.69010989010989E-0001
 944  1.75824175824176E-0003 -2.73040293040293E-0001
 945  2.91575091575092E-0002 -2.61758241758242E-0001
 946  2.27106227106227E-0002 -2.48864468864469E-0001
 947  2.02930402930403E-0002 -2.53699633699634E-0001
 948  1.30402930402930E-0002 -2.34358974358974E-0001
 949 -3.28937728937729E-0002 -2.37582417582418E-0001
 950 -2.80586080586081E-0002 -2.61758241758242E-0001
 951 -5.86813186813187E-0002 -2.85934065934066E-0001
 952  2.56410256410256E-0003 -2.28717948717949E-0001
 953 -9.52380952380952E-0003 -2.59340659340659E-0001
 954 -4.33699633699634E-0002 -2.41611721611722E-0001
 955  4.52747252747253E-0002 -2.19853479853480E-0001
 956 -5.49450549450549E-0003 -2.72234432234432E-0001
 957  1.70695970695971E-0002 -2.40805860805861E-0001
 958  4.44688644688645E-0002 -2.45641025641026E-0001
 959 -2.16117216117216E-0002 -2.30329670329670E-0001
 960 -1.91941391941392E-0002 -2.31941391941392E-0001
 961  5.57509157509158E-0002 -2.54505494505495E-0001
 962 -3.20879120879121E-0002 -2.19047619047619E-0001
 963  2.02930402930403E-0002 -2.36776556776557E-0001
 964 -1.67765567765568E-0002 -2.38388278388278E-0001
 965  5.33333333333333E-0002 -2.19047619047619E-0001
 966 -3.07692307692308E-0003 -2.64175824175824E-0001
 967  4.12454212454212E-0002 -2.40000000000000E-0001
 968  1.46520146520147E-0004 -2.21465201465201E-0001
 969  7.99267399267399E-0002 -1.98095238095238E-0001
 970  3.64102564102564E-0002 -2.53699633699634E-0001
 971  3.15750915750916E-0002 -2.31941391941392E-0001
 972  6.30036630036630E-0002 -2.43223443223443E-0001
 973 -3.04761904761905E-0002 -2.31941391941392E-0001
 974  8.23443223443223E-0002 -2.23882783882784E-0001
 975  2.35164835164835E-0002 -2.05347985347985E-0001
 976  2.99633699633700E-0002 -2.52893772893773E-0001
 977  1.94871794871795E-0002 -2.38388278388278E-0001
 978  1.78754578754579E-0002 -2.89963369963370E-0001
 979 -1.11868131868131E-0001 -3.08498168498168E-0001
 980 -6.02930402930403E-0002 -2.76263736263736E-0001
 981 -9.25274725274725E-0002 -3.01245421245421E-0001
 982 -1.36043956043956E-0001 -2.95604395604396E-0001
 983 -4.57875457875458E-0002 -3.13333333333333E-0001
 984 -6.19047619047619E-0002 -2.94798534798535E-0001
 985 -1.07838827838827E-0001 -2.81098901098901E-0001
 986 -1.67765567765568E-0002 -2.59340659340659E-0001
 987 -7.80219780219780E-0002 -3.00439560439560E-0001
 988 -4.41758241758242E-0002 -2.78681318681319E-0001
 989 -8.52747252747253E-0002 -2.86739926739927E-0001
 990 -6.75457875457875E-0002 -2.91575091575092E-0001
 991 -2.08058608058608E-0002 -2.93186813186813E-0001
 992 -1.19413919413919E-0002 -2.80293040293040E-0001
 993 -6.30036630036630E-0003 -2.40000000000000E-0001
 994  1.86813186813187E-0002 -2.24688644688645E-0001
 995  9.52380952380952E-0004 -2.49670329670330E-0001
 996 -2.88644688644689E-0002 -2.66593406593407E-0001
 997  2.91575091575092E-0002 -1.56996336996337E-0001
 998  1.31501831501832E-0001 -1.23956043956044E-0001
 999  2.88644688644689E-0001  2.83516483516484E-0002
 1000  4.31282051282051E-0001  1.46520146520146E-0002
 1001  4.13553113553114E-0001  4.84981684981685E-0002
 1002  5.49743589743590E-0001  7.42857142857143E-0002
 1003  5.24761904761905E-0001  3.80219780219780E-0002
 1004  5.52161172161172E-0001  5.89743589743590E-0002
 1005  5.31208791208791E-0001  1.02490842490842E-0001
 1006  6.24688644688645E-0001  1.17802197802197E-0001
 1007  5.80366300366300E-0001  9.20146520146520E-0002
 1008  6.31135531135531E-0001  1.18608058608058E-0001
 1009  6.79487179487179E-0001  7.99267399267399E-0002
 1010  4.94139194139194E-0001  3.64102564102564E-0002
 1011  5.43296703296703E-0001  5.33333333333333E-0002
 1012  4.79633699633700E-0001  3.23809523809524E-0002
 1013  4.57875457875458E-0001  1.38461538461538E-0002
 1014  4.16776556776557E-0001 -7.91208791208791E-0003
 1015  4.56263736263736E-0001  1.70695970695971E-0002
 1016  4.86886446886447E-0001  3.64102564102564E-0002
 1017  4.20000000000000E-0001 -2.48351648351648E-0002
 1018  4.44175824175824E-0001  5.78754578754579E-0003
 1019  4.86886446886447E-0001  1.45201465201465E-0001
 1020  5.86813186813187E-0001  9.36263736263736E-0002
 1021  5.73919413919414E-0001  3.32967032967033E-0001
 1022  8.03589743589744E-0001  2.20146520146520E-0001
 1023  6.62564102564103E-0001  1.46520146520146E-0002
 1024  4.61098901098901E-0001 -7.64102564102564E-0002
 1025  6.48058608058608E-0001  1.78241758241758E-0001
 1026  5.29597069597070E-0001  5.81684981684982E-0002
 1027  4.05494505494505E-0001 -1.05421245421245E-0001
 1028  2.61245421245421E-0001 -1.03003663003663E-0001
 1029  1.97582417582418E-0001 -1.57802197802198E-0001
 1030  2.29010989010989E-0001 -1.26373626373626E-0001
 1031  1.91941391941392E-0001 -1.74725274725275E-0001
 1032  8.07326007326007E-0002 -1.48131868131868E-0001
 1033  2.54798534798535E-0001 -1.04615384615384E-0001
 1034  2.81391941391941E-0001  3.92600732600733E-0001
 1035  1.30000000000000E+0000 -7.96336996336996E-0002
 1036  1.46007326007326E-0001 -2.55311355311355E-0001
 1037 -1.27472527472527E-0002 -2.93186813186813E-0001
 1038 -1.05421245421245E-0001 -3.12527472527473E-0001
 1039 -3.69230769230769E-0002 -2.73040293040293E-0001
 1040 -4.09523809523810E-0002 -2.73040293040293E-0001
 1041 -4.17582417582418E-0002 -2.66593406593407E-0001
 1042 -4.09523809523810E-0002 -2.73846153846154E-0001
 1043 -2.16117216117216E-0002 -2.86739926739927E-0001
 1044 -3.53113553113553E-0002 -2.79487179487179E-0001
 1045 -3.20879120879121E-0002 -2.75457875457875E-0001
 1046 -3.53113553113553E-0002 -2.79487179487179E-0001
 1047 -2.16117216117216E-0002 -2.69816849816850E-0001
 1048 -1.43589743589743E-0002 -2.77069597069597E-0001
 1049 -3.45054945054945E-0002 -2.77875457875458E-0001
 1050 -2.27106227106227E-0003 -2.49670329670330E-0001
 1051 -1.12673992673992E-0001 -2.74652014652015E-0001
 1052 -2.27106227106227E-0003 -2.53699633699634E-0001
 1053 -9.25274725274725E-0002 -2.60952380952381E-0001
 1054 -8.44688644688645E-0002 -2.52893772893773E-0001
 1055 -8.36630036630037E-0002 -2.60146520146520E-0001
 1056 -8.84981684981685E-0002 -2.48864468864469E-0001
 1057 -7.31868131868132E-0002 -2.57728937728938E-0001
 1058 -7.31868131868132E-0002 -2.50476190476190E-0001
 1059 -7.31868131868132E-0002 -2.52893772893773E-0001
 1060 -7.39926739926740E-0002 -2.52087912087912E-0001
 1061 -6.67399267399267E-0002 -2.88351648351648E-0001
 1062 -1.00586080586080E-0001 -2.82710622710623E-0001
 1063 -1.00586080586080E-0001 -2.96410256410256E-0001
 1064 -9.65567765567766E-0002 -3.02857142857143E-0001
 1065 -1.05421245421245E-0001 -3.02051282051282E-0001
 1066 -9.97802197802198E-0002 -2.89963369963370E-0001
 1067 -9.41391941391941E-0002 -2.85934065934066E-0001
 1068 -8.68864468864469E-0002 -3.01245421245421E-0001
 1069 -1.03003663003663E-0001 -3.04468864468864E-0001
 1070 -1.20732600732600E-0001 -3.08498168498168E-0001
 1071 -1.25567765567766E-0001 -3.06080586080586E-0001
 1072 -1.13479853479853E-0001 -2.97216117216117E-0001
 1073 -1.14285714285714E-0001 -3.18974358974359E-0001
 1074 -2.64468864468864E-0002 -3.17362637362637E-0001
 1075 -1.27472527472527E-0002 -2.89157509157509E-0001
 1076  1.06227106227106E-0002 -2.81904761904762E-0001
 1077  1.86813186813187E-0002 -2.90769230769231E-0001
 1078  1.46520146520146E-0002 -2.98827838827839E-0001
 1079 -2.27106227106227E-0003 -3.08498168498168E-0001
 1080 -6.30036630036630E-0003 -3.07692307692308E-0001
 1081 -1.83882783882784E-0002 -2.72234432234432E-0001
 1082 -1.27472527472527E-0002 -2.60146520146520E-0001
 1083 -8.12454212454212E-0002 -3.11721611721612E-0001
 1084 -2.80586080586081E-0002 -2.92380952380952E-0001
 1085 -9.89743589743590E-0002 -2.60146520146520E-0001
 1086 -7.80219780219780E-0002 -2.64981684981685E-0001
 1087  1.46520146520146E-0002 -2.63369963369963E-0001
 1088 -5.49450549450549E-0003 -2.91575091575092E-0001
 1089  2.02930402930403E-0002 -2.27106227106227E-0001
 1090  6.78388278388278E-0002 -2.28717948717949E-0001
 1091  7.50915750915751E-0002 -2.14212454212454E-0001
 1092  9.52380952380952E-0002 -2.35164835164835E-0001
 1093  5.01098901098901E-0002 -2.44029304029304E-0001
 1094  4.76923076923077E-0002 -2.39194139194139E-0001
 1095 -3.07692307692308E-0003 -2.54505494505495E-0001
 1096  1.06227106227106E-0002 -2.44029304029304E-0001
 1097 -5.38461538461538E-0002 -2.44835164835165E-0001
 1098 -7.23809523809524E-0002 -2.96410256410256E-0001
 1099 -5.46520146520147E-0002 -2.77069597069597E-0001
 1100 -5.46520146520147E-0002 -2.65787545787546E-0001
 1101  4.60805860805861E-0002 -2.52087912087912E-0001
 1102  7.18681318681319E-0002 -2.22271062271062E-0001
 1103  2.35164835164835E-0002 -2.73040293040293E-0001
 1104 -5.46520146520147E-0002 -2.27912087912088E-0001
 1105  7.42857142857143E-0002 -2.24688644688645E-0001
 1106  4.44688644688645E-0002 -2.17435897435897E-0001
 1107  5.33333333333333E-0002 -2.23882783882784E-0001
 1108  6.05860805860806E-0002 -2.11794871794872E-0001
 1109  5.49450549450549E-0002 -2.14212454212454E-0001
 1110  6.13919413919414E-0002 -2.06153846153846E-0001
 1111  7.50915750915751E-0002 -2.05347985347985E-0001
 1112 -5.49450549450549E-0003 -1.87619047619048E-0001
 1113 -2.27106227106227E-0003 -2.50476190476190E-0001
 1114  9.81684981684982E-0003 -2.35164835164835E-0001
 1115  1.00879120879120E-0001 -1.96483516483516E-0001
 1116  1.26666666666667E-0001 -1.99706959706960E-0001
 1117  9.76556776556777E-0002 -1.98095238095238E-0001
 1118  7.75091575091575E-0002 -1.94065934065934E-0001
 1119  9.92673992673993E-0002 -1.89230769230769E-0001
 1120  1.25860805860806E-0001 -1.71501831501832E-0001
 1121  3.64102564102564E-0002 -1.82783882783883E-0001
 1122  4.52747252747253E-0002 -1.82783882783883E-0001
 1123  4.20512820512821E-0002 -1.79560439560440E-0001
 1124  1.52454212454212E-0001 -1.52161172161172E-0001
 1125  4.28571428571429E-0002 -1.68278388278388E-0001
 1126  5.09157509157509E-0002 -1.59413919413919E-0001
 1127  4.28571428571429E-0002 -1.71501831501832E-0001
 1128  5.57509157509158E-0002 -1.67472527472527E-0001
 1129  6.70329670329670E-0002 -1.57802197802198E-0001
 1130  8.23443223443223E-0002 -1.67472527472527E-0001
 1131  6.30036630036630E-0002 -1.73919413919414E-0001
 1132  6.05860805860806E-0002 -2.15824175824176E-0001
 1133 -2.24175824175824E-0002 -1.92454212454212E-0001
 1134 -4.33699633699634E-0002 -2.13406593406593E-0001
 1135 -4.17582417582418E-0002 -2.80293040293040E-0001
 1136 -4.09523809523810E-0002 -2.66593406593407E-0001
 1137 -2.32234432234432E-0002 -2.66593406593407E-0001
 1138  6.78388278388278E-0002 -2.60952380952381E-0001
 1139  7.75091575091575E-0002 -2.00512820512821E-0001
 1140  8.15384615384615E-0002 -2.09377289377289E-0001
 1141  1.06227106227106E-0002 -2.48058608058608E-0001
 1142  2.67399267399267E-0002 -1.69890109890110E-0001
 1143  1.26666666666667E-0001 -2.24688644688645E-0001
 1144  6.21978021978022E-0002 -2.08571428571429E-0001
 1145 -1.83882783882784E-0002 -2.81098901098901E-0001
 1146  3.64102564102564E-0002 -2.73040293040293E-0001
 1147 -4.09523809523810E-0002 -2.19047619047619E-0001
 1148 -1.75824175824176E-0002 -2.52087912087912E-0001
 1149  8.23443223443223E-0002 -2.00512820512821E-0001
 1150  9.12087912087912E-0002 -2.31135531135531E-0001
 1151  3.47985347985348E-0002 -2.34358974358974E-0001
 1152  1.21831501831501E-0001 -1.75531135531136E-0001
 1153  8.31501831501832E-0002 -1.79560439560440E-0001
 1154  1.15384615384615E-0001 -1.91648351648352E-0001
 1155  8.55677655677656E-0002 -2.16630036630037E-0001
 1156  9.68498168498168E-0002 -2.25494505494505E-0001
 1157  4.93040293040293E-0002 -2.24688644688645E-0001
 1158  6.59340659340659E-0003 -2.61758241758242E-0001
 1159 -1.19413919413919E-0002 -2.18241758241758E-0001
 1160  1.00073260073260E-0001 -2.45641025641026E-0001
 1161  7.99267399267399E-0002 -1.88424908424908E-0001
 1162  4.28571428571429E-0002 -2.30329670329670E-0001
 1163  6.86446886446886E-0002 -2.37582417582418E-0001
 1164  3.96336996336996E-0002 -2.31941391941392E-0001
 1165  1.07326007326007E-0001 -1.58608058608059E-0001
 1166  1.52454212454212E-0001 -1.97289377289377E-0001
 1167  1.00879120879120E-0001 -1.91648351648352E-0001
 1168  1.66153846153846E-0001 -1.75531135531136E-0001
 1169  3.96336996336996E-0002 -2.36776556776557E-0001
 1170  1.01684981684981E-0001 -2.04542124542125E-0001
 1171  1.38461538461538E-0002 -1.90842490842491E-0001
 1172  9.76556776556777E-0002 -2.26300366300366E-0001
 1173  1.23443223443223E-0001 -1.64249084249084E-0001
 1174  4.44688644688645E-0002 -1.65860805860806E-0001
 1175  1.41172161172161E-0001 -2.26300366300366E-0001
 1176  3.72161172161172E-0002 -2.42417582417582E-0001
 1177  1.20219780219780E-0001 -1.94871794871795E-0001
 1178  1.46520146520147E-0004 -2.44835164835165E-0001
 1179  3.64102564102564E-0002 -1.82783882783883E-0001
 1180  8.47619047619048E-0002 -2.00512820512821E-0001
 1181  3.64102564102564E-0002 -2.27912087912088E-0001
 1182  3.64102564102564E-0002 -2.03736263736264E-0001
 1183  1.29890109890110E-0001 -1.73113553113553E-0001
 1184  1.35531135531136E-0001 -2.18241758241758E-0001
 1185  6.30036630036630E-0002 -1.14285714285714E-0001
 1186  9.92673992673993E-0002 -1.57802197802198E-0001
 1187  1.13772893772893E-0001 -2.69816849816850E-0001
 1188 -2.80586080586081E-0002 -2.13406593406593E-0001
 1189  1.06227106227106E-0002 -1.97289377289377E-0001
 1190  1.37142857142857E-0001 -1.69890109890110E-0001
 1191  1.75018315018315E-0001 -1.92454212454212E-0001
 1192  1.13772893772893E-0001 -1.72307692307692E-0001
 1193  2.29816849816850E-0001 -1.38461538461538E-0001
 1194  1.65347985347985E-0001 -2.15018315018315E-0001
 1195  5.97802197802198E-0002 -9.65567765567766E-0002
 1196  2.53992673992674E-0001 -7.72161172161172E-0002
 1197  2.85421245421245E-0001 -1.40073260073260E-0001
 1198  1.26666666666667E-0001 -1.88424908424908E-0001
 1199  9.52380952380952E-0002 -1.85201465201465E-0001
 1200 -2.27106227106227E-0003 -1.61831501831502E-0001
 1201  1.16190476190476E-0001 -1.95677655677656E-0001
 1202  1.51648351648352E-0001 -1.74725274725275E-0001
 1203  1.10549450549450E-0001 -1.56996336996337E-0001
 1204  1.76630036630037E-0001 -1.41684981684982E-0001
 1205  2.36263736263736E-0001 -1.58608058608059E-0001
 1206  2.01611721611722E-0001 -1.32820512820513E-0001
 1207  2.16923076923077E-0001 -1.19120879120879E-0001
 1208  2.46739926739927E-0001 -1.25567765567766E-0001
 1209  2.20146520146520E-0001 -1.00586080586080E-0001
 1210  2.41098901098901E-0001 -1.43296703296703E-0001
 1211  2.29816849816850E-0001 -1.16703296703296E-0001
 1212  2.94285714285714E-0001 -1.40879120879121E-0001
 1213  2.86227106227106E-0001 -9.65567765567766E-0002
 1214  3.38608058608059E-0001 -7.96336996336996E-0002
 1215  3.74871794871795E-0001 -8.28571428571429E-0002
 1216  3.85347985347985E-0001 -7.07692307692308E-0002
 1217  3.75677655677656E-0001 -5.06227106227106E-0002
 1218  4.31282051282051E-0001 -8.04395604395604E-0002
 1219  3.29743589743590E-0001 -1.38461538461538E-0001
 1220  2.72527472527473E-0001 -1.36849816849817E-0001
 1221  2.18534798534799E-0001 -2.10989010989011E-0001
 1222  1.12967032967033E-0001 -1.79560439560440E-0001
 1223  8.87912087912088E-0002 -1.92454212454212E-0001
 1224  8.07326007326007E-0002 -1.95677655677656E-0001
 1225  1.06520146520146E-0001 -5.78754578754579E-0002
 1226  3.42637362637363E-0001 -1.46520146520146E-0003
 1227  4.10329670329670E-0001  2.56410256410256E-0003
 1228  3.83736263736264E-0001  8.20512820512821E-0003
 1229  4.28058608058608E-0001 -3.07692307692308E-0003
 1230  3.97435897435897E-0001 -3.88278388278388E-0003
 1231  4.10329670329670E-0001  9.81684981684982E-0003
 1232  4.05494505494505E-0001 -5.49450549450549E-0003
 1233  3.85347985347985E-0001 -2.88644688644689E-0002
 1234  3.67619047619048E-0001 -4.90109890109890E-0002
 1235  3.69230769230769E-0001  1.75824175824176E-0003
 1236  4.17582417582418E-0001  9.52380952380952E-0004
 1237  4.08717948717949E-0001  9.81684981684982E-0003
 1238  4.08717948717949E-0001  8.20512820512821E-0003
 1239  3.97435897435897E-0001 -2.16117216117216E-0002
 1240  3.71648351648352E-0001 -2.88644688644689E-0002
 1241  2.75750915750916E-0001 -1.05421245421245E-0001
 1242  3.30549450549451E-0001 -1.00586080586080E-0001
 1243  3.22490842490842E-0001 -6.02930402930403E-0002
 1244  3.31355311355311E-0001 -3.53113553113553E-0002
 1245  3.46666666666667E-0001 -2.32234432234432E-0002
 1246  3.57142857142857E-0001 -3.28937728937729E-0002
 1247  3.11208791208791E-0001 -4.73992673992674E-0002
 1248  2.87838827838828E-0001 -4.73992673992674E-0002
 1249  3.09597069597070E-0001 -6.51282051282051E-0002
 1250  3.58754578754579E-0001 -4.17582417582418E-0002
 1251  4.21611721611722E-0001  3.56043956043956E-0002
 1252  5.07838827838828E-0001  1.03296703296703E-0001
 1253  6.62564102564103E-0001  2.19340659340659E-0001
 1254  8.14065934065934E-0001  2.86227106227106E-0001
 1255  9.48644688644689E-0001  1.72600732600733E-0001
 1256  6.03736263736264E-0001  1.46520146520146E-0002
 1257  3.91794871794872E-0001 -1.05421245421245E-0001
 1258  1.70989010989011E-0001 -1.49743589743590E-0001
 1259  1.92747252747253E-0001 -1.85201465201465E-0001
 1260  1.40366300366300E-0001 -2.04542124542125E-0001
 1261  1.05714285714285E-0001 -2.27912087912088E-0001
 1262  9.04029304029304E-0002 -2.08571428571429E-0001
 1263  9.28205128205128E-0002 -2.15018315018315E-0001
 1264  9.12087912087912E-0002 -2.23076923076923E-0001
 1265  7.42857142857143E-0002 -2.49670329670330E-0001
 1266  4.93040293040293E-0002 -2.67399267399267E-0001
 1267  9.52380952380952E-0004 -2.85934065934066E-0001
 1268 -1.91941391941392E-0002 -2.78681318681319E-0001
 1269 -3.04761904761905E-0002 -2.73040293040293E-0001
 1270 -2.27106227106227E-0003 -2.51282051282051E-0001
 1271  7.26739926739927E-0002 -1.43296703296703E-0001
 1272  1.35531135531136E-0001 -1.67472527472527E-0001
 1273  9.84615384615385E-0002 -1.48131868131868E-0001
 1274  2.27399267399267E-0001 -1.13479853479853E-0001
 1275  2.00000000000000E-0001 -1.22344322344322E-0001
 1276  1.78241758241758E-0001 -1.32820512820513E-0001
 1277  1.00879120879120E-0001 -1.98095238095238E-0001
 1278  6.86446886446886E-0002 -2.13406593406593E-0001
 1279  3.39926739926740E-0002 -1.81978021978022E-0001
 1280  9.60439560439560E-0002 -1.69890109890110E-0001
 1281  1.38754578754579E-0001 -1.39267399267399E-0001
 1282  1.69377289377289E-0001 -1.73113553113553E-0001
 1283  9.60439560439560E-0002 -1.44102564102564E-0001
 1284  1.82271062271062E-0001 -1.32820512820513E-0001
 1285  1.94358974358974E-0001 -1.27179487179487E-0001
 1286  1.79047619047619E-0001 -1.09450549450549E-0001
 1287  2.20952380952381E-0001 -9.09157509157509E-0002
 1288  2.41098901098901E-0001 -9.17216117216117E-0002
 1289  2.16923076923077E-0001 -1.07032967032967E-0001
 1290  2.00000000000000E-0001 -1.08644688644688E-0001
 1291  1.89523809523810E-0001 -1.31208791208791E-0001
 1292  1.75824175824176E-0001 -1.65860805860806E-0001
 1293  1.18608058608058E-0001 -1.84395604395604E-0001
 1294  9.12087912087912E-0002 -1.83589743589744E-0001
 1295  1.05714285714285E-0001 -1.33626373626374E-0001
 1296  1.13772893772893E-0001 -1.70695970695971E-0001
 1297  7.58974358974359E-0002 -1.99706959706960E-0001
 1298  5.97802197802198E-0002 -1.97289377289377E-0001
 1299  6.13919413919414E-0002 -2.16630036630037E-0001
 1300  8.79853479853480E-0002 -1.90842490842491E-0001
 1301  1.25054945054945E-0001 -1.81172161172161E-0001
 1302  1.26666666666667E-0001 -1.92454212454212E-0001
 1303  1.47619047619048E-0001 -1.86007326007326E-0001
 1304  1.29084249084249E-0001 -2.12600732600733E-0001
 1305  1.04908424908424E-0001 -2.21465201465201E-0001
 1306  1.26666666666667E-0001 -1.60219780219780E-0001
 1307  1.81465201465201E-0001 -1.70695970695971E-0001
 1308  1.54871794871795E-0001 -2.10183150183150E-0001
 1309  1.31501831501832E-0001 -1.92454212454212E-0001
 1310  1.69377289377289E-0001 -1.86813186813187E-0001
 1311  1.25054945054945E-0001 -2.15018315018315E-0001
 1312  1.22637362637362E-0001 -1.93260073260073E-0001
 1313  1.65347985347985E-0001 -1.51355311355311E-0001
 1314  1.99194139194139E-0001 -1.98095238095238E-0001
 1315  1.21831501831501E-0001 -1.86007326007326E-0001
 1316  1.39560439560440E-0001 -2.00512820512821E-0001
 1317  1.19413919413919E-0001 -2.02124542124542E-0001
 1318  1.17802197802197E-0001 -2.00512820512821E-0001
 1319  1.26666666666667E-0001 -1.92454212454212E-0001
 1320  1.55677655677656E-0001 -1.82783882783883E-0001
 1321  1.56483516483516E-0001 -1.69890109890110E-0001
 1322  1.96776556776557E-0001 -1.63443223443223E-0001
 1323  8.71794871794872E-0002 -1.74725274725275E-0001
 1324  5.97802197802198E-0002 -1.76336996336996E-0001
 1325  7.34798534798535E-0002 -1.62637362637363E-0001
 1326  1.33113553113553E-0001 -1.43296703296703E-0001
 1327  1.47619047619048E-0001 -1.56190476190476E-0001
 1328  8.87912087912088E-0002 -1.69890109890110E-0001
 1329  6.86446886446886E-0002 -1.70695970695971E-0001
 1330  1.06520146520146E-0001 -1.61831501831502E-0001
 1331  8.07326007326007E-0002 -1.32820512820513E-0001
 1332  1.38754578754579E-0001 -1.22344322344322E-0001
 1333  1.32307692307692E-0001 -1.27985347985348E-0001
 1334  1.65347985347985E-0001 -1.31208791208791E-0001
 1335  1.87106227106227E-0001 -1.32820512820513E-0001
 1336  9.84615384615385E-0002 -1.67472527472527E-0001
 1337  6.21978021978022E-0002 -1.90842490842491E-0001
 1338  5.49450549450549E-0002 -1.78754578754579E-0001
 1339  8.07326007326007E-0002 -1.33626373626374E-0001
 1340  1.31501831501832E-0001 -1.48937728937729E-0001
 1341  1.35531135531136E-0001 -1.49743589743590E-0001
 1342  1.07326007326007E-0001 -1.70695970695971E-0001
 1343  9.60439560439560E-0002 -1.70695970695971E-0001
 1344  1.20219780219780E-0001 -1.76336996336996E-0001
 1345  1.83076923076923E-0001 -1.41684981684982E-0001
 1346  2.14505494505495E-0001 -1.37655677655678E-0001
 1347  1.07326007326007E-0001 -1.50549450549451E-0001
 1348  1.21025641025641E-0001 -1.45714285714286E-0001
 1349  1.56483516483516E-0001 -1.27985347985348E-0001
 1350  1.87106227106227E-0001 -1.37655677655678E-0001
 1351  1.16996336996337E-0001 -1.77948717948718E-0001
 1352  1.68571428571429E-0001 -1.48131868131868E-0001
 1353  2.12087912087912E-0001 -1.47326007326007E-0001
 1354  1.41172161172161E-0001 -1.67472527472527E-0001
 1355  1.37142857142857E-0001 -1.37655677655678E-0001
 1356  2.40293040293040E-0001 -1.03003663003663E-0001
 1357  1.85494505494505E-0001 -1.63443223443223E-0001
 1358  1.87912087912088E-0001 -1.38461538461538E-0001
 1359  2.10476190476190E-0001 -1.91648351648352E-0001
 1360  6.78388278388278E-0002 -1.71501831501832E-0001
 1361  7.26739926739927E-0002 -2.06959706959707E-0001
 1362  1.21831501831501E-0001 -1.86007326007326E-0001
 1363  1.50842490842491E-0001 -1.88424908424908E-0001
 1364  1.21025641025641E-0001 -2.22271062271062E-0001
 1365  1.01684981684981E-0001 -2.21465201465201E-0001
 1366  9.76556776556777E-0002 -2.21465201465201E-0001
 1367  1.07326007326007E-0001 -1.58608058608059E-0001
 1368  2.12087912087912E-0001 -1.49743589743590E-0001
 1369  2.16923076923077E-0001 -1.22344322344322E-0001
 1370  1.64542124542125E-0001 -1.12673992673992E-0001
 1371  1.92747252747253E-0001 -1.41684981684982E-0001
 1372  1.34725274725275E-0001 -1.52967032967033E-0001
 1373  1.75018315018315E-0001 -1.43296703296703E-0001
 1374  1.35531135531136E-0001 -1.89230769230769E-0001
 1375  5.49450549450549E-0002 -2.24688644688645E-0001
 1376  7.50915750915751E-0002 -2.08571428571429E-0001
 1377  1.26666666666667E-0001 -1.74725274725275E-0001
 1378  9.20146520146520E-0002 -2.29523809523810E-0001
 1379  1.00879120879120E-0001 -1.89230769230769E-0001
 1380  1.47619047619048E-0001 -1.69890109890110E-0001
 1381  1.13772893772893E-0001 -1.86007326007326E-0001
 1382  8.55677655677656E-0002 -1.61025641025641E-0001
 1383  2.03223443223443E-0001 -1.65054945054945E-0001
 1384  2.11282051282051E-0001 -1.05421245421245E-0001
 1385  2.04029304029304E-0001 -1.48131868131868E-0001
 1386  1.91135531135531E-0001 -1.96483516483516E-0001
 1387  8.79853479853480E-0002 -2.05347985347985E-0001
 1388  4.60805860805861E-0002 -2.02124542124542E-0001
 1389  1.28278388278388E-0001 -1.72307692307692E-0001
 1390  6.30036630036630E-0002 -2.21465201465201E-0001
 1391  9.52380952380952E-0002 -1.94065934065934E-0001
 1392  1.42783882783883E-0001 -1.96483516483516E-0001
 1393  6.46153846153846E-0002 -1.48937728937729E-0001
 1394  1.25054945054945E-0001 -1.56996336996337E-0001
 1395  2.00805860805861E-0001 -1.81978021978022E-0001
 1396  1.84688644688645E-0001 -1.83589743589744E-0001
 1397  1.08131868131868E-0001 -1.75531135531136E-0001
 1398  1.39560439560440E-0001 -1.64249084249084E-0001
 1399  1.06520146520146E-0001 -1.88424908424908E-0001
 1400  1.88717948717949E-0001 -1.73113553113553E-0001
 1401  1.24249084249084E-0001 -1.44908424908425E-0001
 1402  1.19413919413919E-0001 -1.89230769230769E-0001
 1403  1.04102564102564E-0001 -1.80366300366300E-0001
 1404  1.52454212454212E-0001 -1.72307692307692E-0001
 1405  2.04029304029304E-0001 -1.62637362637363E-0001
 1406  2.19340659340659E-0001 -1.55384615384615E-0001
 1407  2.11282051282051E-0001 -1.58608058608059E-0001
 1408  2.09670329670330E-0001 -1.71501831501832E-0001
 1409  1.83882783882784E-0001 -1.41684981684982E-0001
 1410  2.11282051282051E-0001 -1.44102564102564E-0001
 1411  2.10476190476190E-0001 -1.24761904761904E-0001
 1412  2.33040293040293E-0001 -1.24761904761904E-0001
 1413  2.27399267399267E-0001 -1.44102564102564E-0001
 1414  1.97582417582418E-0001 -1.35238095238095E-0001
 1415  2.01611721611722E-0001 -1.33626373626374E-0001
 1416  1.50842490842491E-0001 -1.20732600732600E-0001
 1417  1.71794871794872E-0001 -1.47326007326007E-0001
 1418  9.28205128205128E-0002 -1.58608058608059E-0001
 1419  1.10549450549450E-0001 -1.74725274725275E-0001
 1420  1.23443223443223E-0001 -1.64249084249084E-0001
 1421  1.86300366300366E-0001 -1.42490842490842E-0001
 1422  1.19413919413919E-0001 -1.76336996336996E-0001
 1423  5.65567765567766E-0002 -2.34358974358974E-0001
 1424  8.23443223443223E-0002 -1.99706959706960E-0001
 1425  8.23443223443223E-0002 -2.40000000000000E-0001
 1426  7.34798534798535E-0002 -1.91648351648352E-0001
 1427  4.93040293040293E-0002 -2.14212454212454E-0001
 1428  3.07692307692308E-0002 -2.08571428571429E-0001
 1429  1.04102564102564E-0001 -1.85201465201465E-0001
 1430  4.93040293040293E-0002 -2.24688644688645E-0001
 1431  8.87912087912088E-0002 -1.99706959706960E-0001
 1432  1.17802197802197E-0001 -2.23882783882784E-0001
 1433  9.36263736263736E-0002 -1.86007326007326E-0001
 1434  1.29084249084249E-0001 -1.84395604395604E-0001
 1435  1.35531135531136E-0001 -1.80366300366300E-0001
 1436  1.50842490842491E-0001 -1.52967032967033E-0001
 1437  1.09743589743589E-0001 -1.98095238095238E-0001
 1438  9.92673992673993E-0002 -1.90842490842491E-0001
 1439  1.38754578754579E-0001 -1.40073260073260E-0001
 1440  2.15311355311355E-0001 -1.50549450549451E-0001
 1441  1.43589743589744E-0001 -1.35238095238095E-0001
 1442  1.58901098901099E-0001 -1.58608058608059E-0001
 1443  2.19340659340659E-0001 -9.01098901098901E-0002
 1444  2.16117216117216E-0001 -1.41684981684982E-0001
 1445  1.79853479853480E-0001 -1.45714285714286E-0001
 1446  2.27399267399267E-0001 -8.93040293040293E-0002
 1447  2.29010989010989E-0001 -1.40879120879121E-0001
 1448  2.41904761904762E-0001 -1.05421245421245E-0001
 1449  2.77362637362637E-0001 -1.20732600732600E-0001
 1450  1.75824175824176E-0001 -1.32014652014652E-0001
 1451  1.65347985347985E-0001 -1.32820512820513E-0001
 1452  1.65347985347985E-0001 -1.33626373626374E-0001
 1453  1.62124542124542E-0001 -1.32820512820513E-0001
 1454  1.54871794871795E-0001 -1.61025641025641E-0001
 1455  2.04029304029304E-0001 -1.69890109890110E-0001
 1456  1.93553113553114E-0001 -1.77142857142857E-0001
 1457  1.79853479853480E-0001 -1.82783882783883E-0001
 1458  1.78241758241758E-0001 -1.77142857142857E-0001
 1459  1.78241758241758E-0001 -1.80366300366300E-0001
 1460  1.81465201465201E-0001 -1.71501831501832E-0001
 1461  1.93553113553114E-0001 -1.59413919413919E-0001
 1462  2.04029304029304E-0001 -1.25567765567766E-0001
 1463  2.53186813186813E-0001 -1.23150183150183E-0001
 1464  2.42710622710623E-0001 -1.05421245421245E-0001
 1465  2.67692307692308E-0001 -1.22344322344322E-0001
 1466  2.63663003663004E-0001 -1.13479853479853E-0001
 1467  2.66080586080586E-0001 -9.65567765567766E-0002
 1468  2.12087912087912E-0001 -1.23956043956044E-0001
 1469  1.85494505494505E-0001 -1.37655677655678E-0001
 1470  1.62930402930403E-0001 -1.51355311355311E-0001
 1471  1.48424908424908E-0001 -1.44908424908425E-0001
 1472  1.57289377289377E-0001 -1.47326007326007E-0001
 1473  1.48424908424908E-0001 -1.56996336996337E-0001
 1474  1.58095238095238E-0001 -1.45714285714286E-0001
 1475  1.55677655677656E-0001 -1.61025641025641E-0001
 1476  2.08864468864469E-0001 -1.58608058608059E-0001
 1477  2.08058608058608E-0001 -1.60219780219780E-0001
 1478  2.00805860805861E-0001 -1.60219780219780E-0001
 1479  2.15311355311355E-0001 -1.50549450549451E-0001
 1480  2.10476190476190E-0001 -1.56996336996337E-0001
 1481  2.12893772893773E-0001 -1.53772893772894E-0001
 1482  2.14505494505495E-0001 -1.56190476190476E-0001
 1483  2.16117216117216E-0001 -1.56996336996337E-0001
 1484  2.18534798534799E-0001 -1.23956043956044E-0001
 1485  2.32234432234432E-0001 -1.25567765567766E-0001
 1486  2.16117216117216E-0001 -1.47326007326007E-0001
 1487  2.00000000000000E-0001 -1.59413919413919E-0001
 1488  1.95970695970696E-0001 -1.56996336996337E-0001
 1489  1.80659340659341E-0001 -1.49743589743590E-0001
 1490  1.26666666666667E-0001 -1.86813186813187E-0001
 1491  1.50036630036630E-0001 -1.63443223443223E-0001
 1492  1.75824175824176E-0001 -1.74725274725275E-0001
 1493  1.10549450549450E-0001 -1.84395604395604E-0001
 1494  1.60512820512821E-0001 -1.38461538461538E-0001
 1495  1.17802197802197E-0001 -1.65054945054945E-0001
 1496  1.56483516483516E-0001 -2.03736263736264E-0001
 1497  1.39560439560440E-0001 -1.44102564102564E-0001
 1498  1.17802197802197E-0001 -1.76336996336996E-0001
 1499  9.36263736263736E-0002 -1.56996336996337E-0001
 1500  1.69377289377289E-0001 -1.40073260073260E-0001
 1501  1.00879120879120E-0001 -1.35238095238095E-0001
 1502  1.73406593406593E-0001 -1.75531135531136E-0001
 1503  1.15384615384615E-0001 -1.85201465201465E-0001
 1504  1.83076923076923E-0001 -1.67472527472527E-0001
 1505  8.87912087912088E-0002 -1.57802197802198E-0001
 1506  1.59706959706960E-0001 -1.50549450549451E-0001
 1507  9.20146520146520E-0002 -1.44908424908425E-0001
 1508  9.52380952380952E-0002 -1.39267399267399E-0001
 1509  1.13772893772893E-0001 -1.90036630036630E-0001
 1510  8.63736263736264E-0002 -1.95677655677656E-0001
 1511  1.73406593406593E-0001 -1.82783882783883E-0001
 1512  1.85494505494505E-0001 -1.44102564102564E-0001
 1513  2.29816849816850E-0001 -1.73919413919414E-0001
 1514  2.08864468864469E-0001 -1.60219780219780E-0001
 1515  1.15384615384615E-0001 -1.37655677655678E-0001
 1516  2.08864468864469E-0001 -1.26373626373626E-0001
 1517  1.42783882783883E-0001 -1.87619047619048E-0001
 1518  1.63736263736264E-0001 -1.46520146520147E-0001
 1519  1.88717948717949E-0001 -1.86007326007326E-0001
 1520  7.99267399267399E-0002 -2.01318681318681E-0001
 1521  1.65347985347985E-0001 -1.39267399267399E-0001
 1522  1.12967032967033E-0001 -1.82783882783883E-0001
 1523  8.79853479853480E-0002 -1.42490842490842E-0001
 1524  2.09670329670330E-0001 -1.28791208791209E-0001
 1525  1.00879120879120E-0001 -1.34432234432234E-0001
 1526  1.87912087912088E-0001 -1.69890109890110E-0001
 1527  1.08131868131868E-0001 -1.86813186813187E-0001
 1528  1.95970695970696E-0001 -1.73919413919414E-0001
 1529  1.33113553113553E-0001 -1.05421245421245E-0001
 1530  2.45934065934066E-0001 -1.05421245421245E-0001
 1531  1.71794871794872E-0001 -1.43296703296703E-0001
 1532  2.65274725274725E-0001 -8.93040293040293E-0002
 1533  2.66080586080586E-0001 -1.35238095238095E-0001
 1534  1.95970695970696E-0001 -1.40879120879121E-0001
 1535  2.93479853479853E-0001 -1.36043956043956E-0001
 1536  2.80586080586081E-0001 -1.31208791208791E-0001
 1537  2.85421245421245E-0001 -1.34432234432234E-0001
 1538  2.68498168498168E-0001 -1.37655677655678E-0001
 1539  2.65274725274725E-0001 -1.40073260073260E-0001
 1540  2.66886446886447E-0001 -1.41684981684982E-0001
 1541  2.73333333333333E-0001 -1.38461538461538E-0001
 1542  2.65274725274725E-0001 -9.09157509157509E-0002
 1543  2.87838827838828E-0001 -9.73626373626374E-0002
 1544  2.42710622710623E-0001 -1.00586080586080E-0001
 1545  2.54798534798535E-0001 -1.03809523809523E-0001
 1546  2.29816849816850E-0001 -1.07032967032967E-0001
 1547  2.14505494505495E-0001 -1.24761904761904E-0001
 1548  2.29010989010989E-0001 -1.13479853479853E-0001
 1549  2.25787545787546E-0001 -1.18315018315018E-0001
 1550  2.33040293040293E-0001 -1.22344322344322E-0001
 1551  2.16923076923077E-0001 -1.22344322344322E-0001
 1552  2.01611721611722E-0001 -1.28791208791209E-0001
 1553  1.33919413919414E-0001 -1.29597069597070E-0001
 1554  1.40366300366300E-0001 -1.38461538461538E-0001
 1555  1.69377289377289E-0001 -1.05421245421245E-0001
 1556  1.52454212454212E-0001 -9.73626373626374E-0002
 1557  1.33113553113553E-0001 -9.49450549450549E-0002
 1558  1.26666666666667E-0001 -1.07032967032967E-0001
 1559  1.19413919413919E-0001 -1.24761904761904E-0001
 1560  1.59706959706960E-0001 -1.49743589743590E-0001
 1561  1.43589743589744E-0001 -1.54578754578755E-0001
 1562  1.53260073260073E-0001 -1.52161172161172E-0001
 1563  1.70989010989011E-0001 -1.36849816849817E-0001
 1564  2.59633699633700E-0001 -1.06227106227106E-0001
 1565  2.93479853479853E-0001 -1.36043956043956E-0001
 1566  1.65347985347985E-0001 -1.50549450549451E-0001
 1567  2.33846153846154E-0001 -1.41684981684982E-0001
 1568  1.44395604395604E-0001 -1.61831501831502E-0001
 1569  1.33919413919414E-0001 -1.02197802197802E-0001
 1570  2.15311355311355E-0001 -1.19120879120879E-0001
 1571  1.47619047619048E-0001 -1.17509157509157E-0001
 1572  2.10476190476190E-0001 -1.77142857142857E-0001
 1573  1.45201465201465E-0001 -1.64249084249084E-0001
 1574  2.14505494505495E-0001 -1.31208791208791E-0001
