 0  5.16703296703297E-0001  4.78571428571429E-0001
 1  5.23956043956044E-0001  4.85018315018315E-0001
 2  5.25567765567766E-0001  4.87435897435897E-0001
 3  5.17509157509158E-0001  4.79377289377289E-0001
 4  5.22344322344322E-0001  4.84212454212454E-0001
 5  5.20732600732601E-0001  4.82600732600733E-0001
 6  5.20732600732601E-0001  4.86630036630037E-0001
 7  5.16703296703297E-0001  4.81794871794872E-0001
 8  5.19120879120879E-0001  4.82600732600733E-0001
 9  5.24761904761905E-0001  4.88241758241758E-0001
 10  5.22344322344322E-0001  4.88241758241758E-0001
 11  5.13479853479853E-0001  4.79377289377289E-0001
 12  5.17509157509158E-0001  4.80989010989011E-0001
 13  5.23956043956044E-0001  4.84212454212454E-0001
 14  5.23150183150183E-0001  4.83406593406593E-0001
 15  5.16703296703297E-0001  4.77765567765568E-0001
 16  5.19120879120879E-0001  4.80989010989011E-0001
 17  5.20732600732601E-0001  4.82600732600733E-0001
 18  5.13479853479853E-0001  4.76959706959707E-0001
 19  5.17509157509158E-0001  4.84212454212454E-0001
 20  5.19926739926740E-0001  4.85018315018315E-0001
 21  5.20732600732601E-0001  4.82600732600733E-0001
 22  5.15091575091575E-0001  4.78571428571429E-0001
 23  5.19120879120879E-0001  4.81794871794872E-0001
 24  5.20732600732601E-0001  4.85018315018315E-0001
 25  5.17509157509158E-0001  4.79377289377289E-0001
 26  5.22344322344322E-0001  4.86630036630037E-0001
 27  5.22344322344322E-0001  4.85018315018315E-0001
 28  5.13479853479853E-0001  4.78571428571429E-0001
 29  5.19120879120879E-0001  4.81794871794872E-0001
 30  5.23150183150183E-0001  4.85018315018315E-0001
 31  5.23150183150183E-0001  4.84212454212454E-0001
 32  5.15091575091575E-0001  4.76959706959707E-0001
 33  5.24761904761905E-0001  4.84212454212454E-0001
 34  5.20732600732601E-0001  4.85018315018315E-0001
 35  5.23956043956044E-0001  4.89047619047619E-0001
 36  5.13479853479853E-0001  4.78571428571429E-0001
 37  5.17509157509158E-0001  4.79377289377289E-0001
 38  5.23956043956044E-0001  4.89047619047619E-0001
 39  5.23956043956044E-0001  4.85018315018315E-0001
 40  5.18315018315018E-0001  4.80183150183150E-0001
 41  5.23150183150183E-0001  4.85018315018315E-0001
 42  5.19120879120879E-0001  4.82600732600733E-0001
 43  5.19926739926740E-0001  4.83406593406593E-0001
 44  5.15091575091575E-0001  4.80183150183150E-0001
 45  5.19926739926740E-0001  4.81794871794872E-0001
 46  5.23150183150183E-0001  4.85018315018315E-0001
 47  5.23956043956044E-0001  4.85018315018315E-0001
 48  5.17509157509158E-0001  4.80183150183150E-0001
 49  5.19926739926740E-0001  4.80989010989011E-0001
 50  5.22344322344322E-0001  4.85824175824176E-0001
 51  5.23956043956044E-0001  4.86630036630037E-0001
 52  5.13479853479853E-0001  4.77765567765568E-0001
 53  5.20732600732601E-0001  4.80989010989011E-0001
 54  5.23150183150183E-0001  4.85018315018315E-0001
 55  5.24761904761905E-0001  4.85018315018315E-0001
 56  5.17509157509158E-0001  4.77765567765568E-0001
 57  5.19926739926740E-0001  4.77765567765568E-0001
 58  5.24761904761905E-0001  4.83406593406593E-0001
 59  5.26373626373626E-0001  4.85018315018315E-0001
 60  5.18315018315018E-0001  4.74542124542125E-0001
 61  5.23956043956044E-0001  4.81794871794872E-0001
 62  5.26373626373626E-0001  4.86630036630037E-0001
 63  5.19926739926740E-0001  4.78571428571429E-0001
 64  5.25567765567766E-0001  4.84212454212454E-0001
 65  5.20732600732601E-0001  4.81794871794872E-0001
 66  5.21538461538462E-0001  4.78571428571429E-0001
 67  5.18315018315018E-0001  4.78571428571429E-0001
 68  5.21538461538462E-0001  4.85018315018315E-0001
 69  5.27179487179487E-0001  4.85824175824176E-0001
 70  5.16703296703297E-0001  4.85018315018315E-0001
 71  5.24761904761905E-0001  4.89047619047619E-0001
 72  5.19120879120879E-0001  4.79377289377289E-0001
 73  5.22344322344322E-0001  4.85018315018315E-0001
 74  5.23956043956044E-0001  4.81794871794872E-0001
 75  5.24761904761905E-0001  4.85018315018315E-0001
 76  5.22344322344322E-0001  4.80989010989011E-0001
 77  5.27985347985348E-0001  4.85018315018315E-0001
 78  5.19926739926740E-0001  4.75347985347985E-0001
 79  5.22344322344322E-0001  4.85018315018315E-0001
 80  5.25567765567766E-0001  4.84212454212454E-0001
 81  5.13479853479853E-0001  4.85018315018315E-0001
 82  5.23956043956044E-0001  4.82600732600733E-0001
 83  5.25567765567766E-0001  4.76959706959707E-0001
 84  5.21538461538462E-0001  4.79377289377289E-0001
 85  5.24761904761905E-0001  4.83406593406593E-0001
 86  5.23956043956044E-0001  4.78571428571429E-0001
 87  5.13479853479853E-0001  4.78571428571429E-0001
 88  5.23956043956044E-0001  4.85018315018315E-0001
 89  5.24761904761905E-0001  4.80183150183150E-0001
 90  5.25567765567766E-0001  4.81794871794872E-0001
 91  5.29597069597070E-0001  4.87435897435897E-0001
 92  5.16703296703297E-0001  4.75347985347985E-0001
 93  5.21538461538462E-0001  4.80989010989011E-0001
 94  5.23956043956044E-0001  4.84212454212454E-0001
 95  5.19926739926740E-0001  4.82600732600733E-0001
 96  5.19120879120879E-0001  4.77765567765568E-0001
 97  5.19926739926740E-0001  4.78571428571429E-0001
 98  5.27179487179487E-0001  4.85018315018315E-0001
 99  5.28791208791209E-0001  4.85018315018315E-0001
 100  5.19120879120879E-0001  4.78571428571429E-0001
 101  5.24761904761905E-0001  4.85018315018315E-0001
 102  5.21538461538462E-0001  4.80183150183150E-0001
 103  5.19120879120879E-0001  4.78571428571429E-0001
 104  5.22344322344322E-0001  4.80989010989011E-0001
 105  5.23956043956044E-0001  4.84212454212454E-0001
 106  5.28791208791209E-0001  4.74542124542125E-0001
 107  5.20732600732601E-0001  4.85018315018315E-0001
 108  5.22344322344322E-0001  4.84212454212454E-0001
 109  5.17509157509158E-0001  4.77765567765568E-0001
 110  5.19120879120879E-0001  4.81794871794872E-0001
 111  5.23150183150183E-0001  4.85018315018315E-0001
 112  5.27985347985348E-0001  4.77765567765568E-0001
 113  5.19926739926740E-0001  4.85018315018315E-0001
 114  5.25567765567766E-0001  4.85018315018315E-0001
 115  5.13479853479853E-0001  4.80183150183150E-0001
 116  5.30402930402930E-0001  4.93076923076923E-0001
 117  5.17509157509158E-0001  4.79377289377289E-0001
 118  5.19926739926740E-0001  4.80989010989011E-0001
 119  5.25567765567766E-0001  4.85018315018315E-0001
 120  5.24761904761905E-0001  4.79377289377289E-0001
 121  5.21538461538462E-0001  4.83406593406593E-0001
 122  5.19926739926740E-0001  4.83406593406593E-0001
 123  5.27179487179487E-0001  4.91465201465201E-0001
 124  5.16703296703297E-0001  4.83406593406593E-0001
 125  5.23150183150183E-0001  4.82600732600733E-0001
 126  5.16703296703297E-0001  4.80989010989011E-0001
 127  5.23956043956044E-0001  4.86630036630037E-0001
 128  5.16703296703297E-0001  4.79377289377289E-0001
 129  5.34432234432234E-0001  4.77765567765568E-0001
 130  5.17509157509158E-0001  4.78571428571429E-0001
 131  5.23956043956044E-0001  4.89047619047619E-0001
 132  5.17509157509158E-0001  4.80183150183150E-0001
 133  5.23150183150183E-0001  4.84212454212454E-0001
 134  5.19120879120879E-0001  4.83406593406593E-0001
 135  5.32820512820513E-0001  4.93076923076923E-0001
 136  5.25567765567766E-0001  4.76959706959707E-0001
 137  5.22344322344322E-0001  4.85018315018315E-0001
 138  5.26373626373626E-0001  4.72124542124542E-0001
 139  5.19926739926740E-0001  4.80183150183150E-0001
 140  5.25567765567766E-0001  4.85018315018315E-0001
 141  5.13479853479853E-0001  4.83406593406593E-0001
 142  5.30402930402930E-0001  4.85018315018315E-0001
 143  5.19120879120879E-0001  4.78571428571429E-0001
 144  5.23956043956044E-0001  4.84212454212454E-0001
 145  5.20732600732601E-0001  4.73736263736264E-0001
 146  5.19926739926740E-0001  4.85018315018315E-0001
 147  5.27985347985348E-0001  4.77765567765568E-0001
 148  5.23956043956044E-0001  4.81794871794872E-0001
 149  5.27179487179487E-0001  4.86630036630037E-0001
 150  5.24761904761905E-0001  4.85018315018315E-0001
 151  5.24761904761905E-0001  4.82600732600733E-0001
 152  5.21538461538462E-0001  4.80183150183150E-0001
 153  5.31208791208791E-0001  4.83406593406593E-0001
 154  5.19120879120879E-0001  4.84212454212454E-0001
 155  5.26373626373626E-0001  4.84212454212454E-0001
 156  5.27985347985348E-0001  4.85018315018315E-0001
 157  5.22344322344322E-0001  4.81794871794872E-0001
 158  5.26373626373626E-0001  4.89047619047619E-0001
 159  5.23150183150183E-0001  4.83406593406593E-0001
 160  5.19120879120879E-0001  4.82600732600733E-0001
 161  5.20732600732601E-0001  4.84212454212454E-0001
 162  5.22344322344322E-0001  4.85018315018315E-0001
 163  5.23150183150183E-0001  4.83406593406593E-0001
 164  5.23150183150183E-0001  4.81794871794872E-0001
 165  5.19926739926740E-0001  4.83406593406593E-0001
 166  5.23956043956044E-0001  4.85018315018315E-0001
 167  5.19120879120879E-0001  4.79377289377289E-0001
 168  5.19926739926740E-0001  4.80989010989011E-0001
 169  5.24761904761905E-0001  4.86630036630037E-0001
 170  5.23956043956044E-0001  4.81794871794872E-0001
 171  5.15091575091575E-0001  4.80183150183150E-0001
 172  5.19926739926740E-0001  4.85018315018315E-0001
 173  5.14285714285714E-0001  4.78571428571429E-0001
 174  5.21538461538462E-0001  4.85018315018315E-0001
 175  5.09450549450549E-0001  4.72124542124542E-0001
 176  5.17509157509158E-0001  4.75347985347985E-0001
 177  5.23150183150183E-0001  4.85824175824176E-0001
 178  5.23956043956044E-0001  4.79377289377289E-0001
 179  5.19120879120879E-0001  4.77765567765568E-0001
 180  5.23956043956044E-0001  4.81794871794872E-0001
 181  5.26373626373626E-0001  4.85018315018315E-0001
 182  5.22344322344322E-0001  4.77765567765568E-0001
 183  5.22344322344322E-0001  4.80989010989011E-0001
 184  5.27985347985348E-0001  4.80989010989011E-0001
 185  5.13479853479853E-0001  4.85018315018315E-0001
 186  5.22344322344322E-0001  4.85018315018315E-0001
 187  5.21538461538462E-0001  4.79377289377289E-0001
 188  5.22344322344322E-0001  4.85018315018315E-0001
 189  5.20732600732601E-0001  4.77765567765568E-0001
 190  5.20732600732601E-0001  4.82600732600733E-0001
 191  5.21538461538462E-0001  4.83406593406593E-0001
 192  5.26373626373626E-0001  4.87435897435897E-0001
 193  5.13479853479853E-0001  4.78571428571429E-0001
 194  5.19926739926740E-0001  4.89853479853480E-0001
 195  5.19926739926740E-0001  4.84212454212454E-0001
 196  5.21538461538462E-0001  4.85018315018315E-0001
 197  5.13479853479853E-0001  4.78571428571429E-0001
 198  5.19120879120879E-0001  4.93076923076923E-0001
 199  5.21538461538462E-0001  4.83406593406593E-0001
 200  5.18315018315018E-0001  4.88241758241758E-0001
 201  5.25567765567766E-0001  4.85018315018315E-0001
 202  5.24761904761905E-0001  4.77765567765568E-0001
 203  5.23956043956044E-0001  4.85018315018315E-0001
 204  5.31208791208791E-0001  4.83406593406593E-0001
 205  5.17509157509158E-0001  4.82600732600733E-0001
 206  5.31208791208791E-0001  4.90659340659341E-0001
 207  5.20732600732601E-0001  4.84212454212454E-0001
 208  5.26373626373626E-0001  4.72124542124542E-0001
 209  5.23150183150183E-0001  4.83406593406593E-0001
 210  5.17509157509158E-0001  4.84212454212454E-0001
 211  5.19926739926740E-0001  4.78571428571429E-0001
 212  5.21538461538462E-0001  4.84212454212454E-0001
 213  5.19926739926740E-0001  4.78571428571429E-0001
 214  5.23150183150183E-0001  4.93076923076923E-0001
 215  5.22344322344322E-0001  4.82600732600733E-0001
 216  5.16703296703297E-0001  4.87435897435897E-0001
 217  5.27985347985348E-0001  4.81794871794872E-0001
 218  5.27179487179487E-0001  4.85018315018315E-0001
 219  5.24761904761905E-0001  4.84212454212454E-0001
 220  5.26373626373626E-0001  4.88241758241758E-0001
 221  5.19926739926740E-0001  4.80183150183150E-0001
 222  5.19926739926740E-0001  4.78571428571429E-0001
 223  5.20732600732601E-0001  4.84212454212454E-0001
 224  5.25567765567766E-0001  4.89047619047619E-0001
 225  5.21538461538462E-0001  4.83406593406593E-0001
 226  5.17509157509158E-0001  4.80989010989011E-0001
 227  5.22344322344322E-0001  4.87435897435897E-0001
 228  5.26373626373626E-0001  4.85018315018315E-0001
 229  5.20732600732601E-0001  4.80183150183150E-0001
 230  5.18315018315018E-0001  4.80989010989011E-0001
 231  5.18315018315018E-0001  4.81794871794872E-0001
 232  5.26373626373626E-0001  4.91465201465201E-0001
 233  5.19120879120879E-0001  4.78571428571429E-0001
 234  5.24761904761905E-0001  4.85018315018315E-0001
 235  5.20732600732601E-0001  4.80183150183150E-0001
 236  5.20732600732601E-0001  4.88241758241758E-0001
 237  5.23956043956044E-0001  4.78571428571429E-0001
 238  5.19120879120879E-0001  4.85018315018315E-0001
 239  5.20732600732601E-0001  4.80989010989011E-0001
 240  5.19926739926740E-0001  4.85018315018315E-0001
 241  5.19120879120879E-0001  4.83406593406593E-0001
 242  5.19926739926740E-0001  4.81794871794872E-0001
 243  5.22344322344322E-0001  4.81794871794872E-0001
 244  5.23150183150183E-0001  4.85018315018315E-0001
 245  5.19926739926740E-0001  4.83406593406593E-0001
 246  5.13479853479853E-0001  4.80183150183150E-0001
 247  5.19926739926740E-0001  4.81794871794872E-0001
 248  5.23956043956044E-0001  4.83406593406593E-0001
 249  5.20732600732601E-0001  4.75347985347985E-0001
 250  5.20732600732601E-0001  4.88241758241758E-0001
 251  5.25567765567766E-0001  4.89047619047619E-0001
 252  5.13479853479853E-0001  4.78571428571429E-0001
 253  5.19120879120879E-0001  4.89853479853480E-0001
 254  5.16703296703297E-0001  4.73736263736264E-0001
 255  5.19120879120879E-0001  4.82600732600733E-0001
 256  5.14285714285714E-0001  4.76959706959707E-0001
 257  5.16703296703297E-0001  4.85018315018315E-0001
 258  5.19926739926740E-0001  4.85018315018315E-0001
 259  5.12673992673993E-0001  4.78571428571429E-0001
 260  5.19120879120879E-0001  4.84212454212454E-0001
 261  5.27179487179487E-0001  4.92271062271062E-0001
 262  5.15897435897436E-0001  4.80183150183150E-0001
 263  5.15897435897436E-0001  4.85018315018315E-0001
 264  5.17509157509158E-0001  4.77765567765568E-0001
 265  5.19926739926740E-0001  4.89047619047619E-0001
 266  5.20732600732601E-0001  4.78571428571429E-0001
 267  5.18315018315018E-0001  4.85018315018315E-0001
 268  5.18315018315018E-0001  4.80183150183150E-0001
 269  5.19120879120879E-0001  4.84212454212454E-0001
 270  5.22344322344322E-0001  4.78571428571429E-0001
 271  5.13479853479853E-0001  4.81794871794872E-0001
 272  5.23150183150183E-0001  4.77765567765568E-0001
 273  5.17509157509158E-0001  4.81794871794872E-0001
 274  5.19926739926740E-0001  4.76959706959707E-0001
 275  5.21538461538462E-0001  4.85018315018315E-0001
 276  5.18315018315018E-0001  4.76959706959707E-0001
 277  5.21538461538462E-0001  4.85018315018315E-0001
 278  5.19926739926740E-0001  4.80989010989011E-0001
 279  5.15897435897436E-0001  4.84212454212454E-0001
 280  5.18315018315018E-0001  4.81794871794872E-0001
 281  5.13479853479853E-0001  4.85018315018315E-0001
 282  5.26373626373626E-0001  4.80183150183150E-0001
 283  5.15091575091575E-0001  4.82600732600733E-0001
 284  5.18315018315018E-0001  4.80183150183150E-0001
 285  5.17509157509158E-0001  4.81794871794872E-0001
 286  5.24761904761905E-0001  4.85018315018315E-0001
 287  5.18315018315018E-0001  4.78571428571429E-0001
 288  5.20732600732601E-0001  4.85018315018315E-0001
 289  5.13479853479853E-0001  4.78571428571429E-0001
 290  5.19926739926740E-0001  4.89853479853480E-0001
 291  5.16703296703297E-0001  4.79377289377289E-0001
 292  5.20732600732601E-0001  4.78571428571429E-0001
 293  5.13479853479853E-0001  4.83406593406593E-0001
 294  5.26373626373626E-0001  4.77765567765568E-0001
 295  5.13479853479853E-0001  4.81794871794872E-0001
 296  5.22344322344322E-0001  4.79377289377289E-0001
 297  5.20732600732601E-0001  4.90659340659341E-0001
 298  5.17509157509158E-0001  4.80183150183150E-0001
 299  5.19926739926740E-0001  4.87435897435897E-0001
 300  5.16703296703297E-0001  4.83406593406593E-0001
 301  5.22344322344322E-0001  4.80989010989011E-0001
 302  5.13479853479853E-0001  4.81794871794872E-0001
 303  5.25567765567766E-0001  4.77765567765568E-0001
 304  5.13479853479853E-0001  4.78571428571429E-0001
 305  5.20732600732601E-0001  4.90659340659341E-0001
 306  5.13479853479853E-0001  4.79377289377289E-0001
 307  5.23150183150183E-0001  4.86630036630037E-0001
 308  5.25567765567766E-0001  4.81794871794872E-0001
 309  5.13479853479853E-0001  4.90659340659341E-0001
 310  5.15897435897436E-0001  4.84212454212454E-0001
 311  5.25567765567766E-0001  4.78571428571429E-0001
 312  5.21538461538462E-0001  4.80989010989011E-0001
 313  5.11868131868132E-0001  4.79377289377289E-0001
 314  5.13479853479853E-0001  4.85018315018315E-0001
 315  5.10256410256410E-0001  4.75347985347985E-0001
 316  5.12673992673993E-0001  4.80183150183150E-0001
 317  5.16703296703297E-0001  4.80183150183150E-0001
 318  5.15897435897436E-0001  4.78571428571429E-0001
 319  5.13479853479853E-0001  4.78571428571429E-0001
 320  5.17509157509158E-0001  4.79377289377289E-0001
 321  5.23150183150183E-0001  4.84212454212454E-0001
 322  5.19120879120879E-0001  4.80989010989011E-0001
 323  5.20732600732601E-0001  4.92271062271062E-0001
 324  5.14285714285714E-0001  4.77765567765568E-0001
 325  5.12673992673993E-0001  4.81794871794872E-0001
 326  5.19926739926740E-0001  4.78571428571429E-0001
 327  5.12673992673993E-0001  4.90659340659341E-0001
 328  5.15091575091575E-0001  4.77765567765568E-0001
 329  5.13479853479853E-0001  4.83406593406593E-0001
 330  5.12673992673993E-0001  4.85018315018315E-0001
 331  5.15091575091575E-0001  4.84212454212454E-0001
 332  5.21538461538462E-0001  4.78571428571429E-0001
 333  5.26373626373626E-0001  4.81794871794872E-0001
 334  5.23150183150183E-0001  4.83406593406593E-0001
 335  5.20732600732601E-0001  4.81794871794872E-0001
 336  5.22344322344322E-0001  4.83406593406593E-0001
 337  5.18315018315018E-0001  4.84212454212454E-0001
 338  5.15897435897436E-0001  4.86630036630037E-0001
 339  5.18315018315018E-0001  4.80183150183150E-0001
 340  5.18315018315018E-0001  4.80183150183150E-0001
 341  5.26373626373626E-0001  4.82600732600733E-0001
 342  5.15091575091575E-0001  4.76959706959707E-0001
 343  5.13479853479853E-0001  4.85018315018315E-0001
 344  5.16703296703297E-0001  4.80989010989011E-0001
 345  5.13479853479853E-0001  4.80183150183150E-0001
 346  5.22344322344322E-0001  4.87435897435897E-0001
 347  5.19120879120879E-0001  4.77765567765568E-0001
 348  5.19926739926740E-0001  4.84212454212454E-0001
 349  5.20732600732601E-0001  4.78571428571429E-0001
 350  5.13479853479853E-0001  4.81794871794872E-0001
 351  5.17509157509158E-0001  4.79377289377289E-0001
 352  5.21538461538462E-0001  4.79377289377289E-0001
 353  5.17509157509158E-0001  4.88241758241758E-0001
 354  5.23150183150183E-0001  4.78571428571429E-0001
 355  5.15897435897436E-0001  4.85018315018315E-0001
 356  5.16703296703297E-0001  4.79377289377289E-0001
 357  5.16703296703297E-0001  4.87435897435897E-0001
 358  5.20732600732601E-0001  4.80183150183150E-0001
 359  5.19120879120879E-0001  4.83406593406593E-0001
 360  5.27179487179487E-0001  4.85018315018315E-0001
 361  5.19926739926740E-0001  4.75347985347985E-0001
 362  5.13479853479853E-0001  4.77765567765568E-0001
 363  5.18315018315018E-0001  4.75347985347985E-0001
 364  5.13479853479853E-0001  4.77765567765568E-0001
 365  5.13479853479853E-0001  4.85824175824176E-0001
 366  5.20732600732601E-0001  4.82600732600733E-0001
 367  5.23956043956044E-0001  4.83406593406593E-0001
 368  5.18315018315018E-0001  4.82600732600733E-0001
 369  5.15897435897436E-0001  4.85018315018315E-0001
 370  5.18315018315018E-0001  4.84212454212454E-0001
 371  5.16703296703297E-0001  4.85018315018315E-0001
 372  5.19926739926740E-0001  4.84212454212454E-0001
 373  5.15091575091575E-0001  4.81794871794872E-0001
 374  5.21538461538462E-0001  4.77765567765568E-0001
 375  5.19120879120879E-0001  4.81794871794872E-0001
 376  5.17509157509158E-0001  4.82600732600733E-0001
 377  5.19120879120879E-0001  4.76959706959707E-0001
 378  5.22344322344322E-0001  4.77765567765568E-0001
 379  5.16703296703297E-0001  4.83406593406593E-0001
 380  5.15897435897436E-0001  4.77765567765568E-0001
 381  5.15897435897436E-0001  4.81794871794872E-0001
 382  5.13479853479853E-0001  4.82600732600733E-0001
 383  5.22344322344322E-0001  4.83406593406593E-0001
 384  5.13479853479853E-0001  4.81794871794872E-0001
 385  5.16703296703297E-0001  4.78571428571429E-0001
 386  5.19120879120879E-0001  4.82600732600733E-0001
 387  5.17509157509158E-0001  4.85018315018315E-0001
 388  5.13479853479853E-0001  4.85018315018315E-0001
 389  5.17509157509158E-0001  4.81794871794872E-0001
 390  5.15897435897436E-0001  4.80183150183150E-0001
 391  5.19120879120879E-0001  4.75347985347985E-0001
 392  5.16703296703297E-0001  4.82600732600733E-0001
 393  5.13479853479853E-0001  4.84212454212454E-0001
 394  5.14285714285714E-0001  4.78571428571429E-0001
 395  5.20732600732601E-0001  4.78571428571429E-0001
 396  5.13479853479853E-0001  4.81794871794872E-0001
 397  5.13479853479853E-0001  4.81794871794872E-0001
 398  5.18315018315018E-0001  4.82600732600733E-0001
 399  5.16703296703297E-0001  4.81794871794872E-0001
 400  5.17509157509158E-0001  4.84212454212454E-0001
 401  5.11868131868132E-0001  4.80183150183150E-0001
 402  5.16703296703297E-0001  4.79377289377289E-0001
 403  5.13479853479853E-0001  4.70512820512821E-0001
 404  5.23150183150183E-0001  4.81794871794872E-0001
 405  5.17509157509158E-0001  4.83406593406593E-0001
 406  5.20732600732601E-0001  4.87435897435897E-0001
 407  5.18315018315018E-0001  4.85018315018315E-0001
 408  5.13479853479853E-0001  4.80989010989011E-0001
 409  5.13479853479853E-0001  4.77765567765568E-0001
 410  5.13479853479853E-0001  4.76153846153846E-0001
 411  5.13479853479853E-0001  4.85018315018315E-0001
 412  5.19926739926740E-0001  4.77765567765568E-0001
 413  5.20732600732601E-0001  4.79377289377289E-0001
 414  5.13479853479853E-0001  4.83406593406593E-0001
 415  5.18315018315018E-0001  4.80183150183150E-0001
 416  5.16703296703297E-0001  4.76959706959707E-0001
 417  5.15897435897436E-0001  4.85018315018315E-0001
 418  5.20732600732601E-0001  4.80989010989011E-0001
 419  5.15091575091575E-0001  4.85018315018315E-0001
 420  5.20732600732601E-0001  4.82600732600733E-0001
 421  5.18315018315018E-0001  4.76959706959707E-0001
 422  5.13479853479853E-0001  4.78571428571429E-0001
 423  5.15091575091575E-0001  4.74542124542125E-0001
 424  5.15091575091575E-0001  4.79377289377289E-0001
 425  5.14285714285714E-0001  4.79377289377289E-0001
 426  5.22344322344322E-0001  4.77765567765568E-0001
 427  5.19120879120879E-0001  4.78571428571429E-0001
 428  5.17509157509158E-0001  4.76959706959707E-0001
 429  5.16703296703297E-0001  4.79377289377289E-0001
 430  5.15091575091575E-0001  4.78571428571429E-0001
 431  5.19926739926740E-0001  4.77765567765568E-0001
 432  5.23150183150183E-0001  4.78571428571429E-0001
 433  5.14285714285714E-0001  4.80989010989011E-0001
 434  5.13479853479853E-0001  4.84212454212454E-0001
 435  5.19120879120879E-0001  4.80183150183150E-0001
 436  5.16703296703297E-0001  4.80183150183150E-0001
 437  5.19926739926740E-0001  4.83406593406593E-0001
 438  5.19926739926740E-0001  4.75347985347985E-0001
 439  5.20732600732601E-0001  4.65677655677656E-0001
 440  5.13479853479853E-0001  4.77765567765568E-0001
 441  5.19926739926740E-0001  4.78571428571429E-0001
 442  5.13479853479853E-0001  4.81794871794872E-0001
 443  5.15091575091575E-0001  4.83406593406593E-0001
 444  5.13479853479853E-0001  4.83406593406593E-0001
 445  5.19120879120879E-0001  4.76959706959707E-0001
 446  5.17509157509158E-0001  4.77765567765568E-0001
 447  5.12673992673993E-0001  4.81794871794872E-0001
 448  5.15091575091575E-0001  4.76959706959707E-0001
 449  5.13479853479853E-0001  4.79377289377289E-0001
 450  5.17509157509158E-0001  4.74542124542125E-0001
 451  5.12673992673993E-0001  4.80183150183150E-0001
 452  5.13479853479853E-0001  4.80183150183150E-0001
 453  5.12673992673993E-0001  4.79377289377289E-0001
 454  5.17509157509158E-0001  4.72124542124542E-0001
 455  5.10256410256410E-0001  4.80183150183150E-0001
 456  5.00586080586081E-0001  4.68095238095238E-0001
 457  5.12673992673993E-0001  4.80989010989011E-0001
 458  5.07838827838828E-0001  4.76153846153846E-0001
 459  5.13479853479853E-0001  4.80183150183150E-0001
 460  5.18315018315018E-0001  4.79377289377289E-0001
 461  5.23956043956044E-0001  4.74542124542125E-0001
 462  5.14285714285714E-0001  4.83406593406593E-0001
 463  5.07032967032967E-0001  4.85018315018315E-0001
 464  5.15897435897436E-0001  4.80183150183150E-0001
 465  5.18315018315018E-0001  4.80183150183150E-0001
 466  5.18315018315018E-0001  4.72124542124542E-0001
 467  5.17509157509158E-0001  4.76959706959707E-0001
 468  5.13479853479853E-0001  4.82600732600733E-0001
 469  5.08644688644689E-0001  4.79377289377289E-0001
 470  5.11868131868132E-0001  4.83406593406593E-0001
 471  5.13479853479853E-0001  4.80183150183150E-0001
 472  5.16703296703297E-0001  4.74542124542125E-0001
 473  5.20732600732601E-0001  4.84212454212454E-0001
 474  5.06227106227106E-0001  4.72124542124542E-0001
 475  5.12673992673993E-0001  4.82600732600733E-0001
 476  5.13479853479853E-0001  4.83406593406593E-0001
 477  5.22344322344322E-0001  4.77765567765568E-0001
 478  5.19120879120879E-0001  4.79377289377289E-0001
 479  5.18315018315018E-0001  4.72124542124542E-0001
 480  5.13479853479853E-0001  4.79377289377289E-0001
 481  5.11868131868132E-0001  4.80989010989011E-0001
 482  5.14285714285714E-0001  4.81794871794872E-0001
 483  5.17509157509158E-0001  4.77765567765568E-0001
 484  5.22344322344322E-0001  4.70512820512821E-0001
 485  5.13479853479853E-0001  4.76959706959707E-0001
 486  5.19926739926740E-0001  4.76959706959707E-0001
 487  5.15897435897436E-0001  4.79377289377289E-0001
 488  5.11868131868132E-0001  4.83406593406593E-0001
 489  5.12673992673993E-0001  4.87435897435897E-0001
 490  5.13479853479853E-0001  4.80989010989011E-0001
 491  5.24761904761905E-0001  4.72124542124542E-0001
 492  5.13479853479853E-0001  4.74542124542125E-0001
 493  5.12673992673993E-0001  4.78571428571429E-0001
 494  5.11868131868132E-0001  4.80989010989011E-0001
 495  5.15091575091575E-0001  4.82600732600733E-0001
 496  5.15091575091575E-0001  4.75347985347985E-0001
 497  5.20732600732601E-0001  4.80183150183150E-0001
 498  5.13479853479853E-0001  4.74542124542125E-0001
 499  5.19926739926740E-0001  4.75347985347985E-0001
 500  5.19120879120879E-0001  4.80183150183150E-0001
 501  5.13479853479853E-0001  4.76153846153846E-0001
 502  5.13479853479853E-0001  4.81794871794872E-0001
 503  5.15897435897436E-0001  4.83406593406593E-0001
 504  5.13479853479853E-0001  4.82600732600733E-0001
 505  5.17509157509158E-0001  4.76959706959707E-0001
 506  5.20732600732601E-0001  4.77765567765568E-0001
 507  5.19120879120879E-0001  4.65677655677656E-0001
 508  5.13479853479853E-0001  4.78571428571429E-0001
 509  5.13479853479853E-0001  4.75347985347985E-0001
 510  5.17509157509158E-0001  4.79377289377289E-0001
 511  5.10256410256410E-0001  4.79377289377289E-0001
 512  5.13479853479853E-0001  4.80989010989011E-0001
 513  5.13479853479853E-0001  4.72124542124542E-0001
 514  5.09450549450549E-0001  4.81794871794872E-0001
 515  5.13479853479853E-0001  4.78571428571429E-0001
 516  5.19120879120879E-0001  4.84212454212454E-0001
 517  5.16703296703297E-0001  4.76153846153846E-0001
 518  5.19120879120879E-0001  4.74542124542125E-0001
 519  5.18315018315018E-0001  4.72124542124542E-0001
 520  5.13479853479853E-0001  4.72124542124542E-0001
 521  5.13479853479853E-0001  4.72124542124542E-0001
 522  5.11062271062271E-0001  4.78571428571429E-0001
 523  5.12673992673993E-0001  4.76153846153846E-0001
 524  5.07032967032967E-0001  4.88241758241758E-0001
 525  5.11868131868132E-0001  4.79377289377289E-0001
 526  5.29597069597070E-0001  4.91465201465201E-0001
 527  5.20732600732601E-0001  4.78571428571429E-0001
 528  5.23150183150183E-0001  4.76153846153846E-0001
 529  5.20732600732601E-0001  4.78571428571429E-0001
 530  5.20732600732601E-0001  4.68095238095238E-0001
 531  5.13479853479853E-0001  4.72124542124542E-0001
 532  5.16703296703297E-0001  4.65677655677656E-0001
 533  5.12673992673993E-0001  4.74542124542125E-0001
 534  5.12673992673993E-0001  4.78571428571429E-0001
 535  5.11062271062271E-0001  4.85018315018315E-0001
 536  5.11868131868132E-0001  4.75347985347985E-0001
 537  5.19120879120879E-0001  4.80183150183150E-0001
 538  5.10256410256410E-0001  4.78571428571429E-0001
 539  5.20732600732601E-0001  4.79377289377289E-0001
 540  5.24761904761905E-0001  4.73736263736264E-0001
 541  5.13479853479853E-0001  4.72124542124542E-0001
 542  5.12673992673993E-0001  4.72124542124542E-0001
 543  5.15091575091575E-0001  4.80183150183150E-0001
 544  5.13479853479853E-0001  4.76959706959707E-0001
 545  5.10256410256410E-0001  4.75347985347985E-0001
 546  5.11868131868132E-0001  4.84212454212454E-0001
 547  5.16703296703297E-0001  4.80989010989011E-0001
 548  5.07838827838828E-0001  4.84212454212454E-0001
 549  5.13479853479853E-0001  4.83406593406593E-0001
 550  5.07838827838828E-0001  4.84212454212454E-0001
 551  5.15897435897436E-0001  4.83406593406593E-0001
 552  5.13479853479853E-0001  4.73736263736264E-0001
 553  5.10256410256410E-0001  4.75347985347985E-0001
 554  5.11062271062271E-0001  4.68901098901099E-0001
 555  5.16703296703297E-0001  4.75347985347985E-0001
 556  5.21538461538462E-0001  4.77765567765568E-0001
 557  5.16703296703297E-0001  4.77765567765568E-0001
 558  5.18315018315018E-0001  4.81794871794872E-0001
 559  5.15897435897436E-0001  4.72124542124542E-0001
 560  5.14285714285714E-0001  4.79377289377289E-0001
 561  5.08644688644689E-0001  4.75347985347985E-0001
 562  5.11868131868132E-0001  4.73736263736264E-0001
 563  5.17509157509158E-0001  4.77765567765568E-0001
 564  5.19120879120879E-0001  4.71318681318681E-0001
 565  5.15897435897436E-0001  4.74542124542125E-0001
 566  5.13479853479853E-0001  4.71318681318681E-0001
 567  5.13479853479853E-0001  4.74542124542125E-0001
 568  5.18315018315018E-0001  4.75347985347985E-0001
 569  5.11062271062271E-0001  4.79377289377289E-0001
 570  5.17509157509158E-0001  4.81794871794872E-0001
 571  5.09450549450549E-0001  4.82600732600733E-0001
 572  5.16703296703297E-0001  4.72124542124542E-0001
 573  5.10256410256410E-0001  4.80989010989011E-0001
 574  5.20732600732601E-0001  4.79377289377289E-0001
 575  5.11062271062271E-0001  4.77765567765568E-0001
 576  5.19120879120879E-0001  4.70512820512821E-0001
 577  5.17509157509158E-0001  4.75347985347985E-0001
 578  5.19120879120879E-0001  4.71318681318681E-0001
 579  5.19926739926740E-0001  4.85018315018315E-0001
 580  5.15897435897436E-0001  4.73736263736264E-0001
 581  5.11062271062271E-0001  4.85018315018315E-0001
 582  5.10256410256410E-0001  4.72124542124542E-0001
 583  5.19120879120879E-0001  4.72124542124542E-0001
 584  5.11062271062271E-0001  4.77765567765568E-0001
 585  5.19120879120879E-0001  4.76153846153846E-0001
 586  5.21538461538462E-0001  4.77765567765568E-0001
 587  5.19120879120879E-0001  4.76153846153846E-0001
 588  5.18315018315018E-0001  4.72124542124542E-0001
 589  5.16703296703297E-0001  4.78571428571429E-0001
 590  5.19120879120879E-0001  4.79377289377289E-0001
 591  5.20732600732601E-0001  4.74542124542125E-0001
 592  5.13479853479853E-0001  4.76153846153846E-0001
 593  5.20732600732601E-0001  4.72930402930403E-0001
 594  5.12673992673993E-0001  4.78571428571429E-0001
 595  5.16703296703297E-0001  4.66483516483516E-0001
 596  5.11062271062271E-0001  4.73736263736264E-0001
 597  5.13479853479853E-0001  4.70512820512821E-0001
 598  5.11868131868132E-0001  4.75347985347985E-0001
 599  5.12673992673993E-0001  4.76153846153846E-0001
 600  5.11062271062271E-0001  4.73736263736264E-0001
 601  5.13479853479853E-0001  4.74542124542125E-0001
 602  5.13479853479853E-0001  4.73736263736264E-0001
 603  5.13479853479853E-0001  4.72124542124542E-0001
 604  5.13479853479853E-0001  4.72124542124542E-0001
 605  5.05421245421245E-0001  4.68901098901099E-0001
 606  5.09450549450549E-0001  4.72124542124542E-0001
 607  5.12673992673993E-0001  4.74542124542125E-0001
 608  5.12673992673993E-0001  4.69706959706960E-0001
 609  5.11062271062271E-0001  4.74542124542125E-0001
 610  5.13479853479853E-0001  4.74542124542125E-0001
 611  5.13479853479853E-0001  4.68095238095238E-0001
 612  5.17509157509158E-0001  4.72124542124542E-0001
 613  5.13479853479853E-0001  4.74542124542125E-0001
 614  5.13479853479853E-0001  4.74542124542125E-0001
 615  5.14285714285714E-0001  4.74542124542125E-0001
 616  5.13479853479853E-0001  4.70512820512821E-0001
 617  5.19120879120879E-0001  4.70512820512821E-0001
 618  5.13479853479853E-0001  4.72124542124542E-0001
 619  5.10256410256410E-0001  4.71318681318681E-0001
 620  5.08644688644689E-0001  4.68095238095238E-0001
 621  5.12673992673993E-0001  4.75347985347985E-0001
 622  5.12673992673993E-0001  4.77765567765568E-0001
 623  5.13479853479853E-0001  4.71318681318681E-0001
 624  5.12673992673993E-0001  4.78571428571429E-0001
 625  5.15091575091575E-0001  4.78571428571429E-0001
 626  5.10256410256410E-0001  4.76959706959707E-0001
 627  5.13479853479853E-0001  4.76959706959707E-0001
 628  5.18315018315018E-0001  4.74542124542125E-0001
 629  5.14285714285714E-0001  4.72124542124542E-0001
 630  5.11868131868132E-0001  4.73736263736264E-0001
 631  5.13479853479853E-0001  4.74542124542125E-0001
 632  5.16703296703297E-0001  4.77765567765568E-0001
 633  5.07032967032967E-0001  4.74542124542125E-0001
 634  5.18315018315018E-0001  4.78571428571429E-0001
 635  5.10256410256410E-0001  4.75347985347985E-0001
 636  5.07032967032967E-0001  4.72124542124542E-0001
 637  5.10256410256410E-0001  4.75347985347985E-0001
 638  5.18315018315018E-0001  4.67289377289377E-0001
 639  5.11868131868132E-0001  4.77765567765568E-0001
 640  5.15091575091575E-0001  4.75347985347985E-0001
 641  5.15897435897436E-0001  4.79377289377289E-0001
 642  5.10256410256410E-0001  4.73736263736264E-0001
 643  5.17509157509158E-0001  4.78571428571429E-0001
 644  5.11062271062271E-0001  4.74542124542125E-0001
 645  5.13479853479853E-0001  4.75347985347985E-0001
 646  5.17509157509158E-0001  4.72124542124542E-0001
 647  5.13479853479853E-0001  4.71318681318681E-0001
 648  5.11868131868132E-0001  4.72124542124542E-0001
 649  5.15091575091575E-0001  4.73736263736264E-0001
 650  5.12673992673993E-0001  4.68095238095238E-0001
 651  5.15897435897436E-0001  4.72124542124542E-0001
 652  5.06227106227106E-0001  4.69706959706960E-0001
 653  5.11868131868132E-0001  4.76959706959707E-0001
 654  5.15091575091575E-0001  4.69706959706960E-0001
 655  5.11868131868132E-0001  4.72124542124542E-0001
 656  5.13479853479853E-0001  4.72124542124542E-0001
 657  5.08644688644689E-0001  4.72124542124542E-0001
 658  5.12673992673993E-0001  4.72124542124542E-0001
 659  5.11062271062271E-0001  4.72124542124542E-0001
 660  5.14285714285714E-0001  4.76153846153846E-0001
 661  5.08644688644689E-0001  4.72124542124542E-0001
 662  5.08644688644689E-0001  4.76153846153846E-0001
 663  5.14285714285714E-0001  4.76153846153846E-0001
 664  5.11868131868132E-0001  4.75347985347985E-0001
 665  5.13479853479853E-0001  4.80183150183150E-0001
 666  5.12673992673993E-0001  4.77765567765568E-0001
 667  5.13479853479853E-0001  4.74542124542125E-0001
 668  5.07032967032967E-0001  4.74542124542125E-0001
 669  5.12673992673993E-0001  4.76959706959707E-0001
 670  5.13479853479853E-0001  4.77765567765568E-0001
 671  5.07032967032967E-0001  4.76959706959707E-0001
 672  5.20732600732601E-0001  4.76153846153846E-0001
 673  5.07032967032967E-0001  4.70512820512821E-0001
 674  5.12673992673993E-0001  4.76959706959707E-0001
 675  5.11062271062271E-0001  4.71318681318681E-0001
 676  5.06227106227106E-0001  4.72124542124542E-0001
 677  5.11868131868132E-0001  4.77765567765568E-0001
 678  5.15091575091575E-0001  4.79377289377289E-0001
 679  5.00586080586081E-0001  4.78571428571429E-0001
 680  5.15897435897436E-0001  4.76153846153846E-0001
 681  5.09450549450549E-0001  4.67289377289377E-0001
 682  5.11868131868132E-0001  4.77765567765568E-0001
 683  5.13479853479853E-0001  4.75347985347985E-0001
 684  5.05421245421245E-0001  4.72124542124542E-0001
 685  5.21538461538462E-0001  4.76153846153846E-0001
 686  5.12673992673993E-0001  4.75347985347985E-0001
 687  5.17509157509158E-0001  4.71318681318681E-0001
 688  5.11868131868132E-0001  4.72124542124542E-0001
 689  5.19926739926740E-0001  4.76959706959707E-0001
 690  5.15091575091575E-0001  4.71318681318681E-0001
 691  5.11062271062271E-0001  4.82600732600733E-0001
 692  5.12673992673993E-0001  4.75347985347985E-0001
 693  5.07032967032967E-0001  4.78571428571429E-0001
 694  5.16703296703297E-0001  4.67289377289377E-0001
 695  5.13479853479853E-0001  4.76153846153846E-0001
 696  5.15091575091575E-0001  4.76153846153846E-0001
 697  5.07838827838828E-0001  4.71318681318681E-0001
 698  5.15897435897436E-0001  4.71318681318681E-0001
 699  5.07032967032967E-0001  4.72124542124542E-0001
 700  5.19926739926740E-0001  4.80989010989011E-0001
 701  5.15897435897436E-0001  4.68095238095238E-0001
 702  5.11868131868132E-0001  4.79377289377289E-0001
 703  5.14285714285714E-0001  4.75347985347985E-0001
 704  5.08644688644689E-0001  4.74542124542125E-0001
 705  5.13479853479853E-0001  4.77765567765568E-0001
 706  5.13479853479853E-0001  4.67289377289377E-0001
 707  5.12673992673993E-0001  4.73736263736264E-0001
 708  5.14285714285714E-0001  4.72124542124542E-0001
 709  5.13479853479853E-0001  4.76959706959707E-0001
 710  5.06227106227106E-0001  4.81794871794872E-0001
 711  5.13479853479853E-0001  4.68901098901099E-0001
 712  5.11062271062271E-0001  4.72124542124542E-0001
 713  5.13479853479853E-0001  4.76153846153846E-0001
 714  5.15091575091575E-0001  4.81794871794872E-0001
 715  5.11868131868132E-0001  4.72124542124542E-0001
 716  5.06227106227106E-0001  4.76959706959707E-0001
 717  5.12673992673993E-0001  4.76153846153846E-0001
 718  5.07032967032967E-0001  4.74542124542125E-0001
 719  5.07838827838828E-0001  4.72124542124542E-0001
 720  5.12673992673993E-0001  4.72124542124542E-0001
 721  5.13479853479853E-0001  4.81794871794872E-0001
 722  5.13479853479853E-0001  4.77765567765568E-0001
 723  5.13479853479853E-0001  4.77765567765568E-0001
 724  5.07032967032967E-0001  4.80989010989011E-0001
 725  5.13479853479853E-0001  4.75347985347985E-0001
 726  5.06227106227106E-0001  4.78571428571429E-0001
 727  5.11062271062271E-0001  4.78571428571429E-0001
 728  5.15897435897436E-0001  4.75347985347985E-0001
 729  5.08644688644689E-0001  4.80989010989011E-0001
 730  5.14285714285714E-0001  4.79377289377289E-0001
 731  5.19926739926740E-0001  4.81794871794872E-0001
 732  5.18315018315018E-0001  4.80989010989011E-0001
 733  5.15091575091575E-0001  4.79377289377289E-0001
 734  5.13479853479853E-0001  4.72124542124542E-0001
 735  5.05421245421245E-0001  4.71318681318681E-0001
 736  5.11868131868132E-0001  4.79377289377289E-0001
 737  5.12673992673993E-0001  4.71318681318681E-0001
 738  5.12673992673993E-0001  4.72124542124542E-0001
 739  5.17509157509158E-0001  4.77765567765568E-0001
 740  5.10256410256410E-0001  4.77765567765568E-0001
 741  5.13479853479853E-0001  4.65677655677656E-0001
 742  5.13479853479853E-0001  4.74542124542125E-0001
 743  5.13479853479853E-0001  4.74542124542125E-0001
 744  5.07032967032967E-0001  4.76153846153846E-0001
 745  5.17509157509158E-0001  4.71318681318681E-0001
 746  5.17509157509158E-0001  4.78571428571429E-0001
 747  5.11062271062271E-0001  4.71318681318681E-0001
 748  5.08644688644689E-0001  4.67289377289377E-0001
 749  5.18315018315018E-0001  4.74542124542125E-0001
 750  5.09450549450549E-0001  4.68901098901099E-0001
 751  5.16703296703297E-0001  4.70512820512821E-0001
 752  5.23150183150183E-0001  4.65677655677656E-0001
 753  5.14285714285714E-0001  4.67289377289377E-0001
 754  5.19120879120879E-0001  4.72124542124542E-0001
 755  5.23150183150183E-0001  4.75347985347985E-0001
 756  5.13479853479853E-0001  4.78571428571429E-0001
 757  5.12673992673993E-0001  4.79377289377289E-0001
 758  5.14285714285714E-0001  4.70512820512821E-0001
 759  5.09450549450549E-0001  4.68901098901099E-0001
 760  5.10256410256410E-0001  4.71318681318681E-0001
 761  5.15897435897436E-0001  4.68901098901099E-0001
 762  5.14285714285714E-0001  4.71318681318681E-0001
 763  5.10256410256410E-0001  4.66483516483516E-0001
 764  5.13479853479853E-0001  4.68095238095238E-0001
 765  5.15091575091575E-0001  4.70512820512821E-0001
 766  5.11868131868132E-0001  4.74542124542125E-0001
 767  5.11868131868132E-0001  4.68901098901099E-0001
 768  5.14285714285714E-0001  4.80183150183150E-0001
 769  5.18315018315018E-0001  4.69706959706960E-0001
 770  5.12673992673993E-0001  4.69706959706960E-0001
 771  5.16703296703297E-0001  4.75347985347985E-0001
 772  5.17509157509158E-0001  4.76153846153846E-0001
 773  5.16703296703297E-0001  4.77765567765568E-0001
 774  5.11062271062271E-0001  4.72124542124542E-0001
 775  5.06227106227106E-0001  4.70512820512821E-0001
 776  5.15897435897436E-0001  4.80183150183150E-0001
 777  5.15897435897436E-0001  4.79377289377289E-0001
 778  5.11868131868132E-0001  4.72124542124542E-0001
 779  5.05421245421245E-0001  4.75347985347985E-0001
 780  5.12673992673993E-0001  4.66483516483516E-0001
 781  5.12673992673993E-0001  4.68095238095238E-0001
 782  5.12673992673993E-0001  4.76959706959707E-0001
 783  5.11868131868132E-0001  4.71318681318681E-0001
 784  5.13479853479853E-0001  4.77765567765568E-0001
 785  5.20732600732601E-0001  4.71318681318681E-0001
 786  5.15091575091575E-0001  4.70512820512821E-0001
 787  5.17509157509158E-0001  4.71318681318681E-0001
 788  5.12673992673993E-0001  4.70512820512821E-0001
 789  5.14285714285714E-0001  4.72124542124542E-0001
 790  5.12673992673993E-0001  4.75347985347985E-0001
 791  5.09450549450549E-0001  4.68095238095238E-0001
 792  5.14285714285714E-0001  4.73736263736264E-0001
 793  5.11062271062271E-0001  4.70512820512821E-0001
 794  5.15091575091575E-0001  4.72124542124542E-0001
 795  5.07838827838828E-0001  4.74542124542125E-0001
 796  5.09450549450549E-0001  4.73736263736264E-0001
 797  5.10256410256410E-0001  4.71318681318681E-0001
 798  5.12673992673993E-0001  4.77765567765568E-0001
 799  5.09450549450549E-0001  4.72124542124542E-0001
 800  5.11062271062271E-0001  4.72124542124542E-0001
 801  5.09450549450549E-0001  4.72124542124542E-0001
 802  5.11868131868132E-0001  4.76153846153846E-0001
 803  5.14285714285714E-0001  4.70512820512821E-0001
 804  5.11868131868132E-0001  4.76153846153846E-0001
 805  5.13479853479853E-0001  4.70512820512821E-0001
 806  5.12673992673993E-0001  4.73736263736264E-0001
 807  5.11868131868132E-0001  4.68901098901099E-0001
 808  5.19926739926740E-0001  4.72124542124542E-0001
 809  5.09450549450549E-0001  4.69706959706960E-0001
 810  5.16703296703297E-0001  4.72930402930403E-0001
 811  5.15091575091575E-0001  4.68095238095238E-0001
 812  5.15897435897436E-0001  4.77765567765568E-0001
 813  5.23150183150183E-0001  4.76153846153846E-0001
 814  5.07032967032967E-0001  4.68901098901099E-0001
 815  5.15091575091575E-0001  4.77765567765568E-0001
 816  5.12673992673993E-0001  4.77765567765568E-0001
 817  5.19120879120879E-0001  4.80183150183150E-0001
 818  5.16703296703297E-0001  4.78571428571429E-0001
 819  5.16703296703297E-0001  4.78571428571429E-0001
 820  5.15897435897436E-0001  4.76959706959707E-0001
 821  5.16703296703297E-0001  4.77765567765568E-0001
 822  5.19120879120879E-0001  4.77765567765568E-0001
 823  5.18315018315018E-0001  4.76959706959707E-0001
 824  5.17509157509158E-0001  4.76959706959707E-0001
 825  5.17509157509158E-0001  4.72124542124542E-0001
 826  5.15091575091575E-0001  4.69706959706960E-0001
 827  5.13479853479853E-0001  4.67289377289377E-0001
 828  5.16703296703297E-0001  4.67289377289377E-0001
 829  5.10256410256410E-0001  4.72124542124542E-0001
 830  5.23150183150183E-0001  4.79377289377289E-0001
 831  5.15091575091575E-0001  4.72124542124542E-0001
 832  5.08644688644689E-0001  4.71318681318681E-0001
 833  5.13479853479853E-0001  4.72930402930403E-0001
 834  5.14285714285714E-0001  4.78571428571429E-0001
 835  5.14285714285714E-0001  4.72124542124542E-0001
 836  5.27985347985348E-0001  4.79377289377289E-0001
 837  5.18315018315018E-0001  4.77765567765568E-0001
 838  5.17509157509158E-0001  4.77765567765568E-0001
 839  5.12673992673993E-0001  4.68095238095238E-0001
 840  5.11062271062271E-0001  4.76153846153846E-0001
 841  5.13479853479853E-0001  4.76153846153846E-0001
 842  5.20732600732601E-0001  4.74542124542125E-0001
 843  5.11868131868132E-0001  4.72124542124542E-0001
 844  5.18315018315018E-0001  4.76153846153846E-0001
 845  5.11062271062271E-0001  4.75347985347985E-0001
 846  5.12673992673993E-0001  4.81794871794872E-0001
 847  5.13479853479853E-0001  4.77765567765568E-0001
 848  5.13479853479853E-0001  4.75347985347985E-0001
 849  5.19120879120879E-0001  4.80989010989011E-0001
 850  5.13479853479853E-0001  4.80989010989011E-0001
 851  5.13479853479853E-0001  4.76153846153846E-0001
 852  5.13479853479853E-0001  4.79377289377289E-0001
 853  5.17509157509158E-0001  4.83406593406593E-0001
 854  5.12673992673993E-0001  4.74542124542125E-0001
 855  5.11868131868132E-0001  4.79377289377289E-0001
 856  5.13479853479853E-0001  4.74542124542125E-0001
 857  5.12673992673993E-0001  4.68901098901099E-0001
 858  5.18315018315018E-0001  4.72124542124542E-0001
 859  5.12673992673993E-0001  4.76153846153846E-0001
 860  5.19926739926740E-0001  4.70512820512821E-0001
 861  5.11868131868132E-0001  4.65677655677656E-0001
 862  5.08644688644689E-0001  4.70512820512821E-0001
 863  5.10256410256410E-0001  4.69706959706960E-0001
 864  5.08644688644689E-0001  4.72124542124542E-0001
 865  5.09450549450549E-0001  4.72124542124542E-0001
 866  5.11868131868132E-0001  4.80989010989011E-0001
 867  5.12673992673993E-0001  4.72124542124542E-0001
 868  5.09450549450549E-0001  4.65677655677656E-0001
 869  5.19120879120879E-0001  4.70512820512821E-0001
 870  5.11062271062271E-0001  4.68901098901099E-0001
 871  5.13479853479853E-0001  4.83406593406593E-0001
 872  5.11062271062271E-0001  4.69706959706960E-0001
 873  5.20732600732601E-0001  4.72124542124542E-0001
 874  5.07838827838828E-0001  4.69706959706960E-0001
 875  5.10256410256410E-0001  4.71318681318681E-0001
 876  5.11868131868132E-0001  4.70512820512821E-0001
 877  5.10256410256410E-0001  4.68901098901099E-0001
 878  5.13479853479853E-0001  4.76959706959707E-0001
 879  5.13479853479853E-0001  4.72124542124542E-0001
 880  5.10256410256410E-0001  4.76153846153846E-0001
 881  5.12673992673993E-0001  4.72124542124542E-0001
 882  5.15091575091575E-0001  4.77765567765568E-0001
 883  5.13479853479853E-0001  4.72124542124542E-0001
 884  5.13479853479853E-0001  4.78571428571429E-0001
 885  5.13479853479853E-0001  4.78571428571429E-0001
 886  5.11062271062271E-0001  4.75347985347985E-0001
 887  5.11062271062271E-0001  4.73736263736264E-0001
 888  5.11062271062271E-0001  4.70512820512821E-0001
 889  5.13479853479853E-0001  4.72124542124542E-0001
 890  5.13479853479853E-0001  4.72124542124542E-0001
 891  5.08644688644689E-0001  4.76959706959707E-0001
 892  5.11062271062271E-0001  4.72124542124542E-0001
 893  5.11062271062271E-0001  4.77765567765568E-0001
 894  5.09450549450549E-0001  4.71318681318681E-0001
 895  5.15897435897436E-0001  4.78571428571429E-0001
 896  5.13479853479853E-0001  4.77765567765568E-0001
 897  5.10256410256410E-0001  4.73736263736264E-0001
 898  5.10256410256410E-0001  4.74542124542125E-0001
 899  5.11062271062271E-0001  4.78571428571429E-0001
 900  5.08644688644689E-0001  4.79377289377289E-0001
 901  5.11062271062271E-0001  4.76153846153846E-0001
 902  5.13479853479853E-0001  4.78571428571429E-0001
 903  5.15897435897436E-0001  4.76153846153846E-0001
 904  5.14285714285714E-0001  4.66483516483516E-0001
 905  5.16703296703297E-0001  4.81794871794872E-0001
 906  5.16703296703297E-0001  4.72124542124542E-0001
 907  5.12673992673993E-0001  4.73736263736264E-0001
 908  5.18315018315018E-0001  4.68901098901099E-0001
 909  5.14285714285714E-0001  4.67289377289377E-0001
 910  5.14285714285714E-0001  4.68901098901099E-0001
 911  5.11062271062271E-0001  4.69706959706960E-0001
 912  5.13479853479853E-0001  4.73736263736264E-0001
 913  5.11868131868132E-0001  4.73736263736264E-0001
 914  5.12673992673993E-0001  4.72124542124542E-0001
 915  5.11868131868132E-0001  4.70512820512821E-0001
 916  5.11868131868132E-0001  4.67289377289377E-0001
 917  5.11868131868132E-0001  4.82600732600733E-0001
 918  5.10256410256410E-0001  4.74542124542125E-0001
 919  5.11868131868132E-0001  4.77765567765568E-0001
 920  5.11868131868132E-0001  4.71318681318681E-0001
 921  5.11062271062271E-0001  4.68901098901099E-0001
 922  5.09450549450549E-0001  4.68901098901099E-0001
 923  5.09450549450549E-0001  4.72124542124542E-0001
 924  5.08644688644689E-0001  4.68901098901099E-0001
 925  5.12673992673993E-0001  4.76959706959707E-0001
 926  5.16703296703297E-0001  4.72124542124542E-0001
 927  5.13479853479853E-0001  4.71318681318681E-0001
 928  5.15897435897436E-0001  4.71318681318681E-0001
 929  5.13479853479853E-0001  4.72124542124542E-0001
 930  5.07838827838828E-0001  4.72124542124542E-0001
 931  5.11062271062271E-0001  4.78571428571429E-0001
 932  5.12673992673993E-0001  4.78571428571429E-0001
 933  5.13479853479853E-0001  4.74542124542125E-0001
 934  5.17509157509158E-0001  4.72124542124542E-0001
 935  5.18315018315018E-0001  4.79377289377289E-0001
 936  5.09450549450549E-0001  4.71318681318681E-0001
 937  5.16703296703297E-0001  4.76153846153846E-0001
 938  5.12673992673993E-0001  4.75347985347985E-0001
 939  5.13479853479853E-0001  4.76959706959707E-0001
 940  5.05421245421245E-0001  4.76959706959707E-0001
 941  5.09450549450549E-0001  4.76153846153846E-0001
 942  5.05421245421245E-0001  4.76153846153846E-0001
 943  5.11868131868132E-0001  4.70512820512821E-0001
 944  5.14285714285714E-0001  4.77765567765568E-0001
 945  5.11062271062271E-0001  4.72124542124542E-0001
 946  5.17509157509158E-0001  4.76153846153846E-0001
 947  5.13479853479853E-0001  4.69706959706960E-0001
 948  5.18315018315018E-0001  4.78571428571429E-0001
 949  5.18315018315018E-0001  4.73736263736264E-0001
 950  5.11062271062271E-0001  4.75347985347985E-0001
 951  5.21538461538462E-0001  4.74542124542125E-0001
 952  5.15897435897436E-0001  4.69706959706960E-0001
 953  5.14285714285714E-0001  4.72124542124542E-0001
 954  5.12673992673993E-0001  4.72124542124542E-0001
 955  5.15897435897436E-0001  4.69706959706960E-0001
 956  5.09450549450549E-0001  4.74542124542125E-0001
 957  5.11062271062271E-0001  4.72124542124542E-0001
 958  5.14285714285714E-0001  4.70512820512821E-0001
 959  5.07838827838828E-0001  4.71318681318681E-0001
 960  5.08644688644689E-0001  4.72124542124542E-0001
 961  5.06227106227106E-0001  4.73736263736264E-0001
 962  5.17509157509158E-0001  4.74542124542125E-0001
 963  5.13479853479853E-0001  4.73736263736264E-0001
 964  5.16703296703297E-0001  4.72124542124542E-0001
 965  5.12673992673993E-0001  4.71318681318681E-0001
 966  5.14285714285714E-0001  4.72124542124542E-0001
 967  5.07032967032967E-0001  4.68901098901099E-0001
 968  5.07032967032967E-0001  4.69706959706960E-0001
 969  5.07032967032967E-0001  4.72124542124542E-0001
 970  5.09450549450549E-0001  4.74542124542125E-0001
 971  5.15091575091575E-0001  4.73736263736264E-0001
 972  5.15091575091575E-0001  4.79377289377289E-0001
 973  5.11868131868132E-0001  4.68901098901099E-0001
 974  5.10256410256410E-0001  4.74542124542125E-0001
 975  5.11868131868132E-0001  4.76153846153846E-0001
 976  5.12673992673993E-0001  4.71318681318681E-0001
 977  5.04615384615385E-0001  4.69706959706960E-0001
 978  5.10256410256410E-0001  4.81794871794872E-0001
 979  5.00586080586081E-0001  4.68095238095238E-0001
 980  5.05421245421245E-0001  4.75347985347985E-0001
 981  5.08644688644689E-0001  4.72124542124542E-0001
 982  5.11868131868132E-0001  4.74542124542125E-0001
 983  5.09450549450549E-0001  4.75347985347985E-0001
 984  5.06227106227106E-0001  4.69706959706960E-0001
 985  4.96556776556777E-0001  4.72124542124542E-0001
 986  5.11062271062271E-0001  4.76153846153846E-0001
 987  5.10256410256410E-0001  4.72124542124542E-0001
 988  5.12673992673993E-0001  4.66483516483516E-0001
 989  5.11868131868132E-0001  4.65677655677656E-0001
 990  5.07838827838828E-0001  4.72124542124542E-0001
 991  5.13479853479853E-0001  4.67289377289377E-0001
 992  5.12673992673993E-0001  4.74542124542125E-0001
 993  5.12673992673993E-0001  4.72124542124542E-0001
 994  5.11062271062271E-0001  4.72124542124542E-0001
 995  5.12673992673993E-0001  4.73736263736264E-0001
 996  5.13479853479853E-0001  4.76959706959707E-0001
 997  5.12673992673993E-0001  4.71318681318681E-0001
 998  5.09450549450549E-0001  4.71318681318681E-0001
 999  5.08644688644689E-0001  4.69706959706960E-0001
 1000  5.01391941391941E-0001  4.65677655677656E-0001
 1001  5.09450549450549E-0001  4.72124542124542E-0001
 1002  5.10256410256410E-0001  4.72124542124542E-0001
 1003  5.06227106227106E-0001  4.80183150183150E-0001
 1004  5.07838827838828E-0001  4.72124542124542E-0001
 1005  5.07032967032967E-0001  4.75347985347985E-0001
 1006  5.06227106227106E-0001  4.72124542124542E-0001
 1007  5.09450549450549E-0001  4.77765567765568E-0001
 1008  5.07032967032967E-0001  4.73736263736264E-0001
 1009  5.09450549450549E-0001  4.76153846153846E-0001
 1010  5.07032967032967E-0001  4.73736263736264E-0001
 1011  5.12673992673993E-0001  4.75347985347985E-0001
 1012  5.10256410256410E-0001  4.80989010989011E-0001
 1013  5.13479853479853E-0001  4.72124542124542E-0001
 1014  5.13479853479853E-0001  4.77765567765568E-0001
 1015  5.12673992673993E-0001  4.73736263736264E-0001
 1016  5.12673992673993E-0001  4.71318681318681E-0001
 1017  5.11868131868132E-0001  4.69706959706960E-0001
 1018  5.16703296703297E-0001  4.75347985347985E-0001
 1019  5.13479853479853E-0001  4.68095238095238E-0001
 1020  5.11868131868132E-0001  4.72124542124542E-0001
 1021  5.09450549450549E-0001  4.77765567765568E-0001
 1022  5.15897435897436E-0001  4.75347985347985E-0001
 1023  5.08644688644689E-0001  4.65677655677656E-0001
 1024  5.07838827838828E-0001  4.78571428571429E-0001
 1025  5.12673992673993E-0001  4.67289377289377E-0001
 1026  5.12673992673993E-0001  4.79377289377289E-0001
 1027  5.12673992673993E-0001  4.68901098901099E-0001
 1028  5.12673992673993E-0001  4.72124542124542E-0001
 1029  5.04615384615385E-0001  4.76959706959707E-0001
 1030  5.15091575091575E-0001  4.70512820512821E-0001
 1031  5.12673992673993E-0001  4.65677655677656E-0001
 1032  5.07838827838828E-0001  4.73736263736264E-0001
 1033  5.12673992673993E-0001  4.64065934065934E-0001
 1034  5.10256410256410E-0001  4.74542124542125E-0001
 1035  5.10256410256410E-0001  4.70512820512821E-0001
 1036  5.00586080586081E-0001  4.70512820512821E-0001
 1037  5.05421245421245E-0001  4.68095238095238E-0001
 1038  5.07032967032967E-0001  4.65677655677656E-0001
 1039  5.15897435897436E-0001  4.76959706959707E-0001
 1040  5.10256410256410E-0001  4.72124542124542E-0001
 1041  5.13479853479853E-0001  4.69706959706960E-0001
 1042  5.07838827838828E-0001  4.68901098901099E-0001
 1043  5.13479853479853E-0001  4.68901098901099E-0001
 1044  5.03809523809524E-0001  4.70512820512821E-0001
 1045  5.13479853479853E-0001  4.72930402930403E-0001
 1046  5.03809523809524E-0001  4.67289377289377E-0001
 1047  5.07032967032967E-0001  4.78571428571429E-0001
 1048  5.07838827838828E-0001  4.71318681318681E-0001
 1049  5.06227106227106E-0001  4.69706959706960E-0001
 1050  5.00586080586081E-0001  4.71318681318681E-0001
 1051  5.06227106227106E-0001  4.68095238095238E-0001
 1052  5.10256410256410E-0001  4.72124542124542E-0001
 1053  5.16703296703297E-0001  4.79377289377289E-0001
 1054  5.13479853479853E-0001  4.65677655677656E-0001
 1055  5.04615384615385E-0001  4.70512820512821E-0001
 1056  5.08644688644689E-0001  4.72124542124542E-0001
 1057  5.07032967032967E-0001  4.74542124542125E-0001
 1058  5.11868131868132E-0001  4.69706959706960E-0001
 1059  5.05421245421245E-0001  4.71318681318681E-0001
 1060  5.08644688644689E-0001  4.66483516483516E-0001
 1061  5.07032967032967E-0001  4.72124542124542E-0001
 1062  5.03809523809524E-0001  4.68095238095238E-0001
 1063  5.06227106227106E-0001  4.70512820512821E-0001
 1064  5.00586080586081E-0001  4.62454212454212E-0001
 1065  5.09450549450549E-0001  4.69706959706960E-0001
 1066  5.06227106227106E-0001  4.66483516483516E-0001
 1067  5.07838827838828E-0001  4.59230769230769E-0001
 1068  5.15897435897436E-0001  4.77765567765568E-0001
 1069  5.06227106227106E-0001  4.72124542124542E-0001
 1070  5.00586080586081E-0001  4.69706959706960E-0001
 1071  5.00586080586081E-0001  4.77765567765568E-0001
 1072  5.10256410256410E-0001  4.80183150183150E-0001
 1073  5.00586080586081E-0001  4.71318681318681E-0001
 1074  5.07838827838828E-0001  4.77765567765568E-0001
 1075  5.05421245421245E-0001  4.70512820512821E-0001
 1076  5.00586080586081E-0001  4.79377289377289E-0001
 1077  5.14285714285714E-0001  4.77765567765568E-0001
 1078  5.00586080586081E-0001  4.68901098901099E-0001
 1079  5.04615384615385E-0001  4.74542124542125E-0001
 1080  5.00586080586081E-0001  4.70512820512821E-0001
 1081  5.07032967032967E-0001  4.67289377289377E-0001
 1082  5.07838827838828E-0001  4.69706959706960E-0001
 1083  5.05421245421245E-0001  4.68901098901099E-0001
 1084  5.09450549450549E-0001  4.72124542124542E-0001
 1085  5.09450549450549E-0001  4.66483516483516E-0001
 1086  5.07838827838828E-0001  4.64871794871795E-0001
 1087  5.13479853479853E-0001  4.80183150183150E-0001
 1088  5.17509157509158E-0001  4.71318681318681E-0001
 1089  5.19926739926740E-0001  4.72124542124542E-0001
 1090  5.08644688644689E-0001  4.76959706959707E-0001
 1091  5.06227106227106E-0001  4.72124542124542E-0001
 1092  5.09450549450549E-0001  4.76959706959707E-0001
 1093  5.06227106227106E-0001  4.77765567765568E-0001
 1094  5.04615384615385E-0001  4.69706959706960E-0001
 1095  5.06227106227106E-0001  4.76959706959707E-0001
 1096  5.04615384615385E-0001  4.59230769230769E-0001
 1097  5.07032967032967E-0001  4.85824175824176E-0001
 1098  5.07032967032967E-0001  4.77765567765568E-0001
 1099  5.05421245421245E-0001  4.76153846153846E-0001
 1100  5.07838827838828E-0001  4.78571428571429E-0001
 1101  5.07838827838828E-0001  4.68095238095238E-0001
 1102  5.07838827838828E-0001  4.72124542124542E-0001
 1103  5.13479853479853E-0001  4.71318681318681E-0001
 1104  5.05421245421245E-0001  4.70512820512821E-0001
 1105  4.99780219780220E-0001  4.68095238095238E-0001
 1106  5.09450549450549E-0001  4.69706959706960E-0001
 1107  5.08644688644689E-0001  4.68095238095238E-0001
 1108  5.13479853479853E-0001  4.64065934065934E-0001
 1109  5.09450549450549E-0001  4.65677655677656E-0001
 1110  5.00586080586081E-0001  4.64871794871795E-0001
 1111  5.08644688644689E-0001  4.68901098901099E-0001
 1112  5.07032967032967E-0001  4.68901098901099E-0001
 1113  5.07032967032967E-0001  4.68901098901099E-0001
 1114  5.07032967032967E-0001  4.64871794871795E-0001
 1115  5.07032967032967E-0001  4.77765567765568E-0001
 1116  5.10256410256410E-0001  4.68901098901099E-0001
 1117  5.05421245421245E-0001  4.75347985347985E-0001
 1118  5.10256410256410E-0001  4.74542124542125E-0001
 1119  5.13479853479853E-0001  4.77765567765568E-0001
 1120  5.11062271062271E-0001  4.76153846153846E-0001
 1121  5.07032967032967E-0001  4.66483516483516E-0001
 1122  5.08644688644689E-0001  4.64065934065934E-0001
 1123  5.15897435897436E-0001  4.76153846153846E-0001
 1124  5.08644688644689E-0001  4.65677655677656E-0001
 1125  5.07838827838828E-0001  4.69706959706960E-0001
 1126  5.10256410256410E-0001  4.72124542124542E-0001
 1127  5.13479853479853E-0001  4.69706959706960E-0001
 1128  5.05421245421245E-0001  4.65677655677656E-0001
 1129  5.07032967032967E-0001  4.74542124542125E-0001
 1130  5.12673992673993E-0001  4.68095238095238E-0001
 1131  5.15091575091575E-0001  4.68901098901099E-0001
 1132  5.13479853479853E-0001  4.72124542124542E-0001
 1133  5.12673992673993E-0001  4.71318681318681E-0001
 1134  5.13479853479853E-0001  4.65677655677656E-0001
 1135  5.12673992673993E-0001  4.65677655677656E-0001
 1136  5.08644688644689E-0001  4.64065934065934E-0001
 1137  5.08644688644689E-0001  4.69706959706960E-0001
 1138  5.07032967032967E-0001  4.74542124542125E-0001
 1139  5.15091575091575E-0001  4.69706959706960E-0001
 1140  5.14285714285714E-0001  4.72124542124542E-0001
 1141  5.11062271062271E-0001  4.72124542124542E-0001
 1142  5.03003663003663E-0001  4.78571428571429E-0001
 1143  5.12673992673993E-0001  4.68901098901099E-0001
 1144  5.16703296703297E-0001  4.71318681318681E-0001
 1145  5.06227106227106E-0001  4.72124542124542E-0001
 1146  5.11868131868132E-0001  4.68901098901099E-0001
 1147  5.15091575091575E-0001  4.76153846153846E-0001
 1148  5.03003663003663E-0001  4.67289377289377E-0001
 1149  5.07838827838828E-0001  4.65677655677656E-0001
 1150  5.10256410256410E-0001  4.68901098901099E-0001
 1151  5.04615384615385E-0001  4.68095238095238E-0001
 1152  5.09450549450549E-0001  4.71318681318681E-0001
 1153  5.03809523809524E-0001  4.59230769230769E-0001
 1154  5.07032967032967E-0001  4.71318681318681E-0001
 1155  5.07838827838828E-0001  4.70512820512821E-0001
 1156  5.13479853479853E-0001  4.68901098901099E-0001
 1157  5.11868131868132E-0001  4.74542124542125E-0001
 1158  5.08644688644689E-0001  4.72124542124542E-0001
 1159  5.05421245421245E-0001  4.67289377289377E-0001
 1160  5.07032967032967E-0001  4.72930402930403E-0001
 1161  5.03809523809524E-0001  4.64871794871795E-0001
 1162  5.07838827838828E-0001  4.75347985347985E-0001
 1163  5.10256410256410E-0001  4.70512820512821E-0001
 1164  5.03809523809524E-0001  4.69706959706960E-0001
 1165  5.12673992673993E-0001  4.63260073260073E-0001
 1166  5.07032967032967E-0001  4.78571428571429E-0001
 1167  5.05421245421245E-0001  4.68901098901099E-0001
 1168  5.06227106227106E-0001  4.70512820512821E-0001
 1169  5.07032967032967E-0001  4.69706959706960E-0001
 1170  5.08644688644689E-0001  4.70512820512821E-0001
 1171  5.13479853479853E-0001  4.68901098901099E-0001
 1172  5.05421245421245E-0001  4.67289377289377E-0001
 1173  5.09450549450549E-0001  4.67289377289377E-0001
 1174  5.09450549450549E-0001  4.59230769230769E-0001
 1175  5.00586080586081E-0001  4.67289377289377E-0001
 1176  5.07032967032967E-0001  4.67289377289377E-0001
 1177  5.07838827838828E-0001  4.68901098901099E-0001
 1178  5.08644688644689E-0001  4.68901098901099E-0001
 1179  5.05421245421245E-0001  4.66483516483516E-0001
 1180  5.07838827838828E-0001  4.70512820512821E-0001
 1181  5.00586080586081E-0001  4.65677655677656E-0001
 1182  5.07032967032967E-0001  4.68901098901099E-0001
 1183  5.07838827838828E-0001  4.81794871794872E-0001
 1184  5.06227106227106E-0001  4.76959706959707E-0001
 1185  5.03809523809524E-0001  4.72124542124542E-0001
 1186  5.03809523809524E-0001  4.81794871794872E-0001
 1187  5.06227106227106E-0001  4.64871794871795E-0001
 1188  5.13479853479853E-0001  4.74542124542125E-0001
 1189  5.13479853479853E-0001  4.65677655677656E-0001
 1190  5.13479853479853E-0001  4.64871794871795E-0001
 1191  5.12673992673993E-0001  4.64065934065934E-0001
 1192  5.07838827838828E-0001  4.66483516483516E-0001
 1193  5.13479853479853E-0001  4.66483516483516E-0001
 1194  5.09450549450549E-0001  4.67289377289377E-0001
 1195  5.10256410256410E-0001  4.69706959706960E-0001
 1196  5.07838827838828E-0001  4.64065934065934E-0001
 1197  5.10256410256410E-0001  4.68095238095238E-0001
 1198  5.00586080586081E-0001  4.63260073260073E-0001
 1199  5.08644688644689E-0001  4.68095238095238E-0001
 1200  5.06227106227106E-0001  4.68901098901099E-0001
 1201  5.13479853479853E-0001  4.70512820512821E-0001
 1202  5.06227106227106E-0001  4.65677655677656E-0001
 1203  5.10256410256410E-0001  4.68095238095238E-0001
 1204  5.10256410256410E-0001  4.69706959706960E-0001
 1205  5.00586080586081E-0001  4.59230769230769E-0001
 1206  5.07838827838828E-0001  4.66483516483516E-0001
 1207  5.04615384615385E-0001  4.67289377289377E-0001
 1208  5.04615384615385E-0001  4.68095238095238E-0001
 1209  5.03809523809524E-0001  4.69706959706960E-0001
 1210  5.06227106227106E-0001  4.59230769230769E-0001
 1211  5.04615384615385E-0001  4.68095238095238E-0001
 1212  5.07032967032967E-0001  4.75347985347985E-0001
 1213  5.07838827838828E-0001  4.69706959706960E-0001
 1214  5.00586080586081E-0001  4.71318681318681E-0001
 1215  5.03809523809524E-0001  4.74542124542125E-0001
 1216  5.06227106227106E-0001  4.78571428571429E-0001
 1217  5.05421245421245E-0001  4.72124542124542E-0001
 1218  5.06227106227106E-0001  4.71318681318681E-0001
 1219  5.04615384615385E-0001  4.70512820512821E-0001
 1220  5.05421245421245E-0001  4.72930402930403E-0001
 1221  5.11868131868132E-0001  4.71318681318681E-0001
 1222  5.07032967032967E-0001  4.71318681318681E-0001
 1223  5.13479853479853E-0001  4.70512820512821E-0001
 1224  5.06227106227106E-0001  4.72124542124542E-0001
 1225  5.07032967032967E-0001  4.65677655677656E-0001
 1226  5.07838827838828E-0001  4.72124542124542E-0001
 1227  5.14285714285714E-0001  4.71318681318681E-0001
 1228  5.13479853479853E-0001  4.72124542124542E-0001
 1229  5.13479853479853E-0001  4.59230769230769E-0001
 1230  5.15897435897436E-0001  4.70512820512821E-0001
 1231  5.13479853479853E-0001  4.74542124542125E-0001
 1232  5.08644688644689E-0001  4.71318681318681E-0001
 1233  5.13479853479853E-0001  4.64871794871795E-0001
 1234  5.11062271062271E-0001  4.65677655677656E-0001
 1235  5.15091575091575E-0001  4.67289377289377E-0001
 1236  5.17509157509158E-0001  4.65677655677656E-0001
 1237  5.10256410256410E-0001  4.67289377289377E-0001
 1238  5.09450549450549E-0001  4.68901098901099E-0001
 1239  5.07032967032967E-0001  4.68095238095238E-0001
 1240  5.07838827838828E-0001  4.68095238095238E-0001
 1241  5.09450549450549E-0001  4.70512820512821E-0001
 1242  5.20732600732601E-0001  4.70512820512821E-0001
 1243  5.12673992673993E-0001  4.85018315018315E-0001
 1244  5.11062271062271E-0001  4.76153846153846E-0001
 1245  5.10256410256410E-0001  4.72124542124542E-0001
 1246  5.07032967032967E-0001  4.72124542124542E-0001
 1247  5.04615384615385E-0001  4.76959706959707E-0001
 1248  5.11062271062271E-0001  4.69706959706960E-0001
 1249  5.06227106227106E-0001  4.68901098901099E-0001
 1250  5.07838827838828E-0001  4.68901098901099E-0001
 1251  5.07032967032967E-0001  4.68901098901099E-0001
 1252  5.09450549450549E-0001  4.64065934065934E-0001
 1253  5.06227106227106E-0001  4.68095238095238E-0001
 1254  5.11868131868132E-0001  4.65677655677656E-0001
 1255  5.11062271062271E-0001  4.69706959706960E-0001
 1256  5.07838827838828E-0001  4.70512820512821E-0001
 1257  5.08644688644689E-0001  4.68095238095238E-0001
 1258  5.11062271062271E-0001  4.70512820512821E-0001
 1259  5.08644688644689E-0001  4.66483516483516E-0001
 1260  5.05421245421245E-0001  4.67289377289377E-0001
 1261  5.08644688644689E-0001  4.73736263736264E-0001
 1262  5.03809523809524E-0001  4.73736263736264E-0001
 1263  5.07838827838828E-0001  4.67289377289377E-0001
 1264  5.00586080586081E-0001  4.71318681318681E-0001
 1265  5.03003663003663E-0001  4.65677655677656E-0001
 1266  5.06227106227106E-0001  4.72124542124542E-0001
 1267  5.04615384615385E-0001  4.67289377289377E-0001
 1268  5.08644688644689E-0001  4.71318681318681E-0001
 1269  5.10256410256410E-0001  4.65677655677656E-0001
 1270  5.08644688644689E-0001  4.67289377289377E-0001
 1271  5.07838827838828E-0001  4.68095238095238E-0001
 1272  5.10256410256410E-0001  4.75347985347985E-0001
 1273  5.01391941391941E-0001  4.64065934065934E-0001
 1274  5.05421245421245E-0001  4.65677655677656E-0001
 1275  5.07032967032967E-0001  4.67289377289377E-0001
 1276  5.10256410256410E-0001  4.64065934065934E-0001
 1277  5.07838827838828E-0001  4.64065934065934E-0001
 1278  5.08644688644689E-0001  4.74542124542125E-0001
 1279  5.08644688644689E-0001  4.64871794871795E-0001
 1280  5.10256410256410E-0001  4.72124542124542E-0001
 1281  5.12673992673993E-0001  4.68901098901099E-0001
 1282  5.07838827838828E-0001  4.75347985347985E-0001
 1283  5.05421245421245E-0001  4.65677655677656E-0001
 1284  5.06227106227106E-0001  4.72124542124542E-0001
 1285  5.08644688644689E-0001  4.72124542124542E-0001
 1286  5.00586080586081E-0001  4.72124542124542E-0001
 1287  5.03003663003663E-0001  4.75347985347985E-0001
 1288  5.09450549450549E-0001  4.72124542124542E-0001
 1289  5.04615384615385E-0001  4.67289377289377E-0001
 1290  5.15091575091575E-0001  4.74542124542125E-0001
 1291  5.09450549450549E-0001  4.70512820512821E-0001
 1292  5.09450549450549E-0001  4.72124542124542E-0001
 1293  5.07032967032967E-0001  4.71318681318681E-0001
 1294  5.00586080586081E-0001  4.72124542124542E-0001
 1295  5.07032967032967E-0001  4.73736263736264E-0001
 1296  5.00586080586081E-0001  4.71318681318681E-0001
 1297  5.02197802197802E-0001  4.65677655677656E-0001
 1298  5.03809523809524E-0001  4.75347985347985E-0001
 1299  5.09450549450549E-0001  4.65677655677656E-0001
 1300  5.08644688644689E-0001  4.69706959706960E-0001
 1301  4.98974358974359E-0001  4.64065934065934E-0001
 1302  5.04615384615385E-0001  4.68095238095238E-0001
 1303  5.04615384615385E-0001  4.72124542124542E-0001
 1304  5.03003663003663E-0001  4.64871794871795E-0001
 1305  5.06227106227106E-0001  4.68901098901099E-0001
 1306  5.07032967032967E-0001  4.64871794871795E-0001
 1307  5.03003663003663E-0001  4.72124542124542E-0001
 1308  5.09450549450549E-0001  4.69706959706960E-0001
 1309  5.08644688644689E-0001  4.71318681318681E-0001
 1310  5.04615384615385E-0001  4.66483516483516E-0001
 1311  5.07838827838828E-0001  4.72124542124542E-0001
 1312  5.03003663003663E-0001  4.66483516483516E-0001
 1313  5.06227106227106E-0001  4.62454212454212E-0001
 1314  5.05421245421245E-0001  4.64871794871795E-0001
 1315  5.10256410256410E-0001  4.65677655677656E-0001
 1316  5.10256410256410E-0001  4.72930402930403E-0001
 1317  5.05421245421245E-0001  4.72124542124542E-0001
 1318  5.06227106227106E-0001  4.70512820512821E-0001
 1319  5.07838827838828E-0001  4.75347985347985E-0001
 1320  5.02197802197802E-0001  4.77765567765568E-0001
 1321  5.13479853479853E-0001  4.70512820512821E-0001
 1322  5.05421245421245E-0001  4.68901098901099E-0001
 1323  4.97362637362637E-0001  4.69706959706960E-0001
 1324  5.05421245421245E-0001  4.59230769230769E-0001
 1325  5.07838827838828E-0001  4.62454212454212E-0001
 1326  5.08644688644689E-0001  4.68901098901099E-0001
 1327  5.08644688644689E-0001  4.74542124542125E-0001
 1328  5.10256410256410E-0001  4.65677655677656E-0001
 1329  5.07032967032967E-0001  4.68095238095238E-0001
 1330  5.05421245421245E-0001  4.70512820512821E-0001
 1331  5.09450549450549E-0001  4.69706959706960E-0001
 1332  5.00586080586081E-0001  4.64065934065934E-0001
 1333  5.00586080586081E-0001  4.67289377289377E-0001
 1334  5.03809523809524E-0001  4.65677655677656E-0001
 1335  5.07032967032967E-0001  4.65677655677656E-0001
 1336  5.06227106227106E-0001  4.68095238095238E-0001
