 0  3.08805860805861E+0000  6.44688644688645E-0002
 1  0.00000000000000E+0000  0.00000000000000E+0000
 2  3.07435897435897E+0000  1.79706959706960E-0001
 3  3.08000000000000E+0000  1.87765567765568E-0001
 4  1.29098901098901E+0000  0.00000000000000E+0000
 5  3.07032967032967E+0000  1.78901098901099E-0001
 6  3.08644688644689E+0000  1.88571428571429E-0001
 7  1.83010989010989E+0000  1.47472527472527E-0001
 8  0.00000000000000E+0000  0.00000000000000E+0000
 9  3.06791208791209E+0000  1.77289377289377E-0001
 10  3.09289377289377E+0000  1.90989010989011E-0001
 11  2.42241758241758E+0000  1.91794871794872E-0001
 12  0.00000000000000E+0000  0.00000000000000E+0000
 13  3.06791208791209E+0000  1.74871794871795E-0001
 14  3.08080586080586E+0000  1.84542124542125E-0001
 15  3.00505494505495E+0000  2.48205128205128E-0001
 16  0.00000000000000E+0000  0.00000000000000E+0000
 17  3.06791208791209E+0000  1.74871794871795E-0001
 18  3.08322344322344E+0000  1.87765567765568E-0001
 19  3.12996336996337E+0000  2.49816849816850E-0001
 20  0.00000000000000E+0000  0.00000000000000E+0000
 21  3.06791208791209E+0000  1.78095238095238E-0001
 22  3.08080586080586E+0000  1.89377289377289E-0001
 23  3.12512820512821E+0000  2.48205128205128E-0001
 24  0.00000000000000E+0000  0.00000000000000E+0000
 25  3.06791208791209E+0000  3.86007326007326E-0001
 26  3.09208791208791E+0000  1.95824175824176E-0001
 27  3.12673992673993E+0000  2.49816849816850E-0001
 28  0.00000000000000E+0000  0.00000000000000E+0000
 29  3.07194139194139E+0000  3.90842490842491E-0001
 30  3.08080586080586E+0000  1.87765567765568E-0001
 31  3.11948717948718E+0000  2.47399267399267E-0001
 32  0.00000000000000E+0000  0.00000000000000E+0000
 33  3.06791208791209E+0000  3.86007326007326E-0001
 34  3.08564102564103E+0000  1.90183150183150E-0001
 35  3.11868131868132E+0000  2.46593406593407E-0001
 36  0.00000000000000E+0000  0.00000000000000E+0000
 37  3.06791208791209E+0000  3.85201465201465E-0001
 38  3.08564102564103E+0000  1.90183150183150E-0001
 39  3.11948717948718E+0000  2.45787545787546E-0001
 40  0.00000000000000E+0000  0.00000000000000E+0000
 41  3.07355311355311E+0000  4.02124542124542E-0001
 42  3.08644688644689E+0000  1.91794871794872E-0001
 43  3.11948717948718E+0000  2.46593406593407E-0001
 44  0.00000000000000E+0000  0.00000000000000E+0000
 45  3.06791208791209E+0000  3.88424908424908E-0001
 46  5.06886446886447E-0001  0.00000000000000E+0000
 47  3.10820512820513E+0000  2.40146520146520E-0001
 48  1.58271062271062E+0000  9.99267399267399E-0002
 49  2.97846153846154E+0000  3.86007326007326E-0001
 50  2.42564102564103E-0001  0.00000000000000E+0000
 51  3.10659340659341E+0000  2.40952380952381E-0001
 52  2.88498168498168E+0000  2.06300366300366E-0001
 53  2.25318681318681E+0000  2.48205128205128E-0001
 54  0.00000000000000E+0000  0.00000000000000E+0000
 55  3.10578754578755E+0000  2.39340659340659E-0001
 56  3.10578754578755E+0000  2.24029304029304E-0001
 57  1.47472527472527E+0000  1.91794871794872E-0001
 58  0.00000000000000E+0000  0.00000000000000E+0000
 59  3.10498168498168E+0000  2.38534798534799E-0001
 60  3.10256410256410E+0000  2.22417582417582E-0001
 61  8.18754578754579E-0001  1.33772893772894E-0001
 62  0.00000000000000E+0000  0.00000000000000E+0000
 63  3.10256410256410E+0000  2.36117216117216E-0001
 64  3.09934065934066E+0000  2.17582417582418E-0001
 65  1.01538461538461E-0001  7.41391941391941E-0002
 66  0.00000000000000E+0000  0.00000000000000E+0000
 67  3.10336996336996E+0000  2.36117216117216E-0001
 68  3.09369963369963E+0000  2.20805860805861E-0001
 69  0.00000000000000E+0000  1.12820512820512E-0002
 70  0.00000000000000E+0000  0.00000000000000E+0000
 71  3.09289377289377E+0000  2.30476190476190E-0001
 72  3.09289377289377E+0000  2.18388278388278E-0001
 73  0.00000000000000E+0000  0.00000000000000E+0000
 74  0.00000000000000E+0000  0.00000000000000E+0000
 75  3.09692307692308E+0000  2.33699633699634E-0001
 76  3.09692307692308E+0000  2.15970695970696E-0001
 77  0.00000000000000E+0000  0.00000000000000E+0000
 78  0.00000000000000E+0000  0.00000000000000E+0000
 79  3.09369963369963E+0000  2.32087912087912E-0001
 80  3.09692307692308E+0000  2.15970695970696E-0001
 81  0.00000000000000E+0000  0.00000000000000E+0000
 82  0.00000000000000E+0000  0.00000000000000E+0000
 83  3.09369963369963E+0000  2.29670329670330E-0001
 84  3.08886446886447E+0000  2.11135531135531E-0001
 85  0.00000000000000E+0000  0.00000000000000E+0000
 86  0.00000000000000E+0000  0.00000000000000E+0000
 87  3.09531135531136E+0000  2.29670329670330E-0001
 88  3.08080586080586E+0000  2.08717948717949E-0001
 89  0.00000000000000E+0000  0.00000000000000E+0000
 90  0.00000000000000E+0000  0.00000000000000E+0000
 91  3.09369963369963E+0000  2.32893772893773E-0001
 92  3.08644688644689E+0000  2.09523809523810E-0001
 93  0.00000000000000E+0000  0.00000000000000E+0000
 94  0.00000000000000E+0000  0.00000000000000E+0000
 95  3.09289377289377E+0000  2.27252747252747E-0001
 96  3.08805860805861E+0000  2.07912087912088E-0001
 97  0.00000000000000E+0000  0.00000000000000E+0000
 98  0.00000000000000E+0000  0.00000000000000E+0000
 99  3.08725274725275E+0000  2.26446886446886E-0001
 100  3.08483516483516E+0000  2.07106227106227E-0001
 101  0.00000000000000E+0000  0.00000000000000E+0000
 102  0.00000000000000E+0000  0.00000000000000E+0000
 103  3.08805860805861E+0000  2.25641025641026E-0001
 104  3.08725274725275E+0000  2.06300366300366E-0001
 105  0.00000000000000E+0000  0.00000000000000E+0000
 106  0.00000000000000E+0000  0.00000000000000E+0000
 107  3.08725274725275E+0000  2.23223443223443E-0001
 108  3.08402930402930E+0000  2.03882783882784E-0001
 109  0.00000000000000E+0000  0.00000000000000E+0000
 110  0.00000000000000E+0000  0.00000000000000E+0000
 111  3.08564102564103E+0000  2.23223443223443E-0001
 112  3.08080586080586E+0000  2.03076923076923E-0001
 113  0.00000000000000E+0000  0.00000000000000E+0000
 114  0.00000000000000E+0000  0.00000000000000E+0000
 115  3.08644688644689E+0000  2.21611721611722E-0001
 116  3.08322344322344E+0000  1.99853479853480E-0001
 117  0.00000000000000E+0000  0.00000000000000E+0000
 118  0.00000000000000E+0000  0.00000000000000E+0000
 119  3.09128205128205E+0000  2.28864468864469E-0001
 120  3.08080586080586E+0000  2.01465201465201E-0001
 121  0.00000000000000E+0000  0.00000000000000E+0000
 122  0.00000000000000E+0000  0.00000000000000E+0000
 123  3.08564102564103E+0000  2.20000000000000E-0001
 124  3.08080586080586E+0000  1.99853479853480E-0001
 125  0.00000000000000E+0000  0.00000000000000E+0000
 126  0.00000000000000E+0000  0.00000000000000E+0000
 127  3.08080586080586E+0000  2.17582417582418E-0001
 128  3.07919413919414E+0000  1.95018315018315E-0001
 129  0.00000000000000E+0000  0.00000000000000E+0000
 130  0.00000000000000E+0000  0.00000000000000E+0000
 131  3.07758241758242E+0000  2.16776556776557E-0001
 132  3.08000000000000E+0000  1.97435897435897E-0001
 133  0.00000000000000E+0000  0.00000000000000E+0000
 134  0.00000000000000E+0000  0.00000000000000E+0000
 135  3.08000000000000E+0000  2.15164835164835E-0001
 136  3.07758241758242E+0000  1.95824175824176E-0001
 137  0.00000000000000E+0000  0.00000000000000E+0000
 138  0.00000000000000E+0000  0.00000000000000E+0000
 139  3.06791208791209E+0000  2.14358974358974E-0001
 140  3.07758241758242E+0000  1.95018315018315E-0001
 141  0.00000000000000E+0000  0.00000000000000E+0000
 142  0.00000000000000E+0000  0.00000000000000E+0000
 143  3.07516483516484E+0000  2.14358974358974E-0001
 144  3.07677655677656E+0000  1.94212454212454E-0001
 145  0.00000000000000E+0000  0.00000000000000E+0000
 146  0.00000000000000E+0000  0.00000000000000E+0000
 147  3.07274725274725E+0000  2.11941391941392E-0001
 148  3.08000000000000E+0000  1.95018315018315E-0001
 149  0.00000000000000E+0000  0.00000000000000E+0000
 150  0.00000000000000E+0000  0.00000000000000E+0000
 151  3.06791208791209E+0000  2.07912087912088E-0001
 152  3.07516483516484E+0000  1.92600732600733E-0001
 153  0.00000000000000E+0000  0.00000000000000E+0000
 154  0.00000000000000E+0000  0.00000000000000E+0000
 155  3.07435897435897E+0000  2.11135531135531E-0001
 156  3.08080586080586E+0000  1.90989010989011E-0001
 157  0.00000000000000E+0000  0.00000000000000E+0000
 158  0.00000000000000E+0000  0.00000000000000E+0000
 159  3.06791208791209E+0000  2.08717948717949E-0001
 160  3.06791208791209E+0000  1.85347985347985E-0001
 161  0.00000000000000E+0000  0.00000000000000E+0000
 162  0.00000000000000E+0000  0.00000000000000E+0000
 163  3.06791208791209E+0000  2.06300366300366E-0001
 164  3.06791208791209E+0000  1.82930402930403E-0001
 165  0.00000000000000E+0000  0.00000000000000E+0000
 166  0.00000000000000E+0000  0.00000000000000E+0000
 167  3.06791208791209E+0000  2.07912087912088E-0001
 168  3.06710622710623E+0000  1.87765567765568E-0001
 169  2.57150183150183E+0000  1.37802197802198E-0001
 170  0.00000000000000E+0000  0.00000000000000E+0000
 171  3.06791208791209E+0000  2.07106227106227E-0001
 172  3.07355311355311E+0000  1.86959706959707E-0001
 173  3.10014652014652E+0000  1.85347985347985E-0001
 174  0.00000000000000E+0000  0.00000000000000E+0000
 175  3.06791208791209E+0000  2.06300366300366E-0001
 176  3.06630036630037E+0000  1.80512820512821E-0001
 177  3.09853479853480E+0000  1.85347985347985E-0001
 178  0.00000000000000E+0000  0.00000000000000E+0000
 179  3.06630036630037E+0000  3.61025641025641E-0001
 180  3.06791208791209E+0000  1.87765567765568E-0001
 181  3.09611721611722E+0000  1.86153846153846E-0001
 182  0.00000000000000E+0000  0.00000000000000E+0000
 183  3.06791208791209E+0000  4.04542124542125E-0001
 184  3.07032967032967E+0000  1.84542124542125E-0001
 185  3.09047619047619E+0000  1.86959706959707E-0001
 186  0.00000000000000E+0000  0.00000000000000E+0000
 187  3.06388278388278E+0000  4.07765567765568E-0001
 188  3.06791208791209E+0000  1.82124542124542E-0001
 189  3.09047619047619E+0000  1.88571428571429E-0001
 190  0.00000000000000E+0000  0.00000000000000E+0000
 191  0.00000000000000E+0000  7.33333333333333E-0002
 192  3.06952380952381E+0000  1.81318681318681E-0001
 193  3.08483516483516E+0000  1.83736263736264E-0001
 194  0.00000000000000E+0000  0.00000000000000E+0000
 195  0.00000000000000E+0000  0.00000000000000E+0000
 196  3.06791208791209E+0000  1.81318681318681E-0001
 197  3.08967032967033E+0000  1.88571428571429E-0001
 198  0.00000000000000E+0000  0.00000000000000E+0000
 199  0.00000000000000E+0000  0.00000000000000E+0000
 200  3.06871794871795E+0000  1.79706959706960E-0001
 201  3.08805860805861E+0000  1.88571428571429E-0001
 202  0.00000000000000E+0000  0.00000000000000E+0000
 203  0.00000000000000E+0000  0.00000000000000E+0000
 204  3.06791208791209E+0000  1.79706959706960E-0001
 205  3.08967032967033E+0000  1.89377289377289E-0001
 206  1.86959706959707E-0001  8.86446886446886E-0003
 207  0.00000000000000E+0000  0.00000000000000E+0000
 208  3.07274725274725E+0000  1.81318681318681E-0001
 209  3.08402930402930E+0000  1.89377289377289E-0001
 210  6.84175824175824E-0001  4.99633699633700E-0002
 211  0.00000000000000E+0000  0.00000000000000E+0000
 212  3.07516483516484E+0000  1.77289377289377E-0001
 213  3.08483516483516E+0000  1.90989010989011E-0001
 214  1.14271062271062E+0000  9.10622710622711E-0002
 215  0.00000000000000E+0000  0.00000000000000E+0000
 216  3.06791208791209E+0000  1.77289377289377E-0001
 217  3.08402930402930E+0000  1.89377289377289E-0001
 218  1.58754578754579E+0000  1.23296703296703E-0001
 219  0.00000000000000E+0000  0.00000000000000E+0000
 220  3.07516483516484E+0000  1.80512820512821E-0001
 221  3.07758241758242E+0000  1.83736263736264E-0001
 222  1.98967032967033E+0000  1.52307692307692E-0001
 223  0.00000000000000E+0000  0.00000000000000E+0000
 224  3.07032967032967E+0000  1.77289377289377E-0001
 225  3.08161172161172E+0000  1.90183150183150E-0001
 226  2.51750915750916E+0000  2.03076923076923E-0001
 227  0.00000000000000E+0000  0.00000000000000E+0000
 228  3.07032967032967E+0000  1.78095238095238E-0001
 229  3.08483516483516E+0000  1.90989010989011E-0001
 230  3.02439560439560E+0000  2.41758241758242E-0001
 231  0.00000000000000E+0000  0.00000000000000E+0000
 232  3.06791208791209E+0000  1.75677655677656E-0001
 233  3.08322344322344E+0000  1.90183150183150E-0001
 234  3.12271062271062E+0000  2.49816849816850E-0001
 235  0.00000000000000E+0000  0.00000000000000E+0000
 236  3.06791208791209E+0000  1.76483516483516E-0001
 237  3.08080586080586E+0000  1.90183150183150E-0001
 238  3.11787545787546E+0000  2.44981684981685E-0001
 239  0.00000000000000E+0000  0.00000000000000E+0000
 240  3.06952380952381E+0000  3.55384615384615E-0001
 241  3.07758241758242E+0000  1.84542124542125E-0001
 242  3.11948717948718E+0000  2.47399267399267E-0001
 243  0.00000000000000E+0000  0.00000000000000E+0000
 244  3.06549450549451E+0000  1.91794871794872E-0001
 245  3.11948717948718E+0000  2.48205128205128E-0001
 246  0.00000000000000E+0000  0.00000000000000E+0000
 247  3.06468864468864E+0000  3.82783882783883E-0001
 248  3.08483516483516E+0000  1.90989010989011E-0001
 249  3.11706959706960E+0000  2.46593406593407E-0001
 250  0.00000000000000E+0000  0.00000000000000E+0000
 251  3.06549450549451E+0000  3.82783882783883E-0001
 252  3.08322344322344E+0000  1.90183150183150E-0001
 253  3.11545787545788E+0000  2.44981684981685E-0001
 254  0.00000000000000E+0000  0.00000000000000E+0000
 255  3.07113553113553E+0000  3.80366300366300E-0001
 256  3.08483516483516E+0000  1.90183150183150E-0001
 257  3.11384615384615E+0000  2.45787545787546E-0001
 258  0.00000000000000E+0000  0.00000000000000E+0000
 259  3.06791208791209E+0000  4.05347985347985E-0001
 260  3.08402930402930E+0000  1.93406593406593E-0001
 261  3.11706959706960E+0000  2.51428571428571E-0001
 262  3.38461538461538E-0001  0.00000000000000E+0000
 263  3.06791208791209E+0000  3.88424908424908E-0001
 264  3.08402930402930E+0000  1.91794871794872E-0001
 265  3.10578754578755E+0000  2.38534798534799E-0001
 266  1.37963369963370E+0000  8.62271062271062E-0002
 267  2.88659340659341E+0000  3.77142857142857E-0001
 268  2.75846153846154E+0000  1.66007326007326E-0001
 269  3.10901098901099E+0000  2.40146520146520E-0001
 270  2.30798534798535E+0000  1.61172161172161E-0001
 271  2.42402930402930E+0000  2.97362637362637E-0001
 272  1.79787545787546E+0000  8.70329670329670E-0002
 273  3.10981684981685E+0000  2.40952380952381E-0001
 274  3.10739926739927E+0000  2.24029304029304E-0001
 275  1.92358974358974E+0000  2.28058608058608E-0001
 276  1.04439560439560E+0000  2.09523809523810E-0002
 277  3.10417582417582E+0000  2.40952380952381E-0001
 278  3.10659340659341E+0000  2.25641025641026E-0001
 279  1.35304029304029E+0000  1.66813186813187E-0001
 280  3.03809523809524E-0001  0.00000000000000E+0000
 281  3.10659340659341E+0000  2.39340659340659E-0001
 282  3.10095238095238E+0000  2.23223443223443E-0001
 283  8.22783882783883E-0001  1.35384615384615E-0001
 284  0.00000000000000E+0000  0.00000000000000E+0000
 285  3.10175824175824E+0000  2.36923076923077E-0001
 286  3.10175824175824E+0000  2.23223443223443E-0001
 287  2.66739926739927E-0001  9.99267399267399E-0002
 288  0.00000000000000E+0000  0.00000000000000E+0000
 289  3.10095238095238E+0000  2.35311355311355E-0001
 290  3.10901098901099E+0000  2.31282051282051E-0001
 291  0.00000000000000E+0000  5.31868131868132E-0002
 292  0.00000000000000E+0000  0.00000000000000E+0000
 293  3.09934065934066E+0000  2.35311355311355E-0001
 294  3.10256410256410E+0000  2.21611721611722E-0001
 295  0.00000000000000E+0000  1.77289377289377E-0002
 296  0.00000000000000E+0000  0.00000000000000E+0000
 297  3.09531135531136E+0000  2.32087912087912E-0001
 298  3.09531135531136E+0000  2.19194139194139E-0001
 299  0.00000000000000E+0000  0.00000000000000E+0000
 300  0.00000000000000E+0000  0.00000000000000E+0000
 301  3.09853479853480E+0000  2.33699633699634E-0001
 302  3.09369963369963E+0000  2.15164835164835E-0001
 303  0.00000000000000E+0000  0.00000000000000E+0000
 304  0.00000000000000E+0000  0.00000000000000E+0000
 305  3.09128205128205E+0000  2.28058608058608E-0001
 306  3.09369963369963E+0000  2.15164835164835E-0001
 307  0.00000000000000E+0000  0.00000000000000E+0000
 308  0.00000000000000E+0000  0.00000000000000E+0000
 309  3.10095238095238E+0000  2.35311355311355E-0001
 310  3.09128205128205E+0000  2.12747252747253E-0001
 311  0.00000000000000E+0000  0.00000000000000E+0000
 312  0.00000000000000E+0000  0.00000000000000E+0000
 313  3.08805860805861E+0000  2.28864468864469E-0001
 314  3.09047619047619E+0000  2.11135531135531E-0001
 315  0.00000000000000E+0000  0.00000000000000E+0000
 316  0.00000000000000E+0000  0.00000000000000E+0000
 317  3.08967032967033E+0000  2.29670329670330E-0001
 318  3.09128205128205E+0000  2.10329670329670E-0001
 319  0.00000000000000E+0000  0.00000000000000E+0000
 320  0.00000000000000E+0000  0.00000000000000E+0000
 321  3.08564102564103E+0000  2.27252747252747E-0001
 322  3.08805860805861E+0000  2.09523809523810E-0001
 323  0.00000000000000E+0000  0.00000000000000E+0000
 324  0.00000000000000E+0000  0.00000000000000E+0000
 325  3.08805860805861E+0000  2.24835164835165E-0001
 326  3.08564102564103E+0000  2.07106227106227E-0001
 327  0.00000000000000E+0000  0.00000000000000E+0000
 328  0.00000000000000E+0000  0.00000000000000E+0000
 329  3.08805860805861E+0000  2.26446886446886E-0001
 330  3.08644688644689E+0000  2.06300366300366E-0001
 331  0.00000000000000E+0000  0.00000000000000E+0000
 332  3.08080586080586E+0000  2.22417582417582E-0001
 333  3.08483516483516E+0000  2.06300366300366E-0001
 334  0.00000000000000E+0000  0.00000000000000E+0000
 335  0.00000000000000E+0000  0.00000000000000E+0000
 336  3.08080586080586E+0000  2.22417582417582E-0001
 337  3.08644688644689E+0000  0.00000000000000E+0000
 338  0.00000000000000E+0000  0.00000000000000E+0000
 339  3.08483516483516E+0000  2.03076923076923E-0001
 340  0.00000000000000E+0000  0.00000000000000E+0000
 341  3.08402930402930E+0000  2.29670329670330E-0001
 342  3.08161172161172E+0000  0.00000000000000E+0000
 343  0.00000000000000E+0000  0.00000000000000E+0000
 344  3.07597069597070E+0000  2.18388278388278E-0001
 345  3.08322344322344E+0000  0.00000000000000E+0000
 346  0.00000000000000E+0000  0.00000000000000E+0000
 347  3.07838827838828E+0000  0.00000000000000E+0000
 348  0.00000000000000E+0000  0.00000000000000E+0000
 349  3.07274725274725E+0000  2.17582417582418E-0001
 350  3.07838827838828E+0000  0.00000000000000E+0000
 351  0.00000000000000E+0000  0.00000000000000E+0000
 352  3.08000000000000E+0000  1.98241758241758E-0001
 353  0.00000000000000E+0000  0.00000000000000E+0000
 354  0.00000000000000E+0000  0.00000000000000E+0000
 355  3.07355311355311E+0000  1.95018315018315E-0001
 356  0.00000000000000E+0000  0.00000000000000E+0000
 357  0.00000000000000E+0000  0.00000000000000E+0000
 358  3.06549450549451E+0000  1.91794871794872E-0001
 359  0.00000000000000E+0000  0.00000000000000E+0000
 360  0.00000000000000E+0000  0.00000000000000E+0000
 361  3.07516483516484E+0000  1.92600732600733E-0001
 362  0.00000000000000E+0000  0.00000000000000E+0000
 363  0.00000000000000E+0000  0.00000000000000E+0000
 364  3.07032967032967E+0000  1.91794871794872E-0001
 365  0.00000000000000E+0000  0.00000000000000E+0000
 366  0.00000000000000E+0000  0.00000000000000E+0000
 367  3.07516483516484E+0000  1.90183150183150E-0001
 368  0.00000000000000E+0000  0.00000000000000E+0000
 369  0.00000000000000E+0000  0.00000000000000E+0000
 370  3.06710622710623E+0000  1.90183150183150E-0001
 371  0.00000000000000E+0000  0.00000000000000E+0000
 372  0.00000000000000E+0000  2.06300366300366E-0001
 373  3.06791208791209E+0000  1.88571428571429E-0001
 374  0.00000000000000E+0000  0.00000000000000E+0000
 375  0.00000000000000E+0000  0.00000000000000E+0000
 376  3.06710622710623E+0000  2.04688644688645E-0001
 377  3.07355311355311E+0000  1.86153846153846E-0001
 378  3.11868131868132E+0000  1.83736263736264E-0001
 379  0.00000000000000E+0000  0.00000000000000E+0000
 380  3.06307692307692E+0000  2.06300366300366E-0001
 381  3.06791208791209E+0000  1.86153846153846E-0001
 382  3.10336996336996E+0000  0.00000000000000E+0000
 383  3.06468864468864E+0000  2.82857142857143E-0001
 384  3.06791208791209E+0000  1.85347985347985E-0001
 385  3.10095238095238E+0000  1.86959706959707E-0001
 386  0.00000000000000E+0000  0.00000000000000E+0000
 387  3.06549450549451E+0000  3.93260073260073E-0001
 388  3.06791208791209E+0000  1.85347985347985E-0001
 389  3.09369963369963E+0000  0.00000000000000E+0000
 390  0.00000000000000E+0000  1.52307692307692E-0001
 391  3.06791208791209E+0000  1.83736263736264E-0001
 392  3.09289377289377E+0000  0.00000000000000E+0000
 393  0.00000000000000E+0000  0.00000000000000E+0000
 394  3.08886446886447E+0000  1.87765567765568E-0001
 395  3.08967032967033E+0000  0.00000000000000E+0000
 396  0.00000000000000E+0000  0.00000000000000E+0000
 397  3.06791208791209E+0000  1.82124542124542E-0001
 398  3.08080586080586E+0000  1.85347985347985E-0001
 399  0.00000000000000E+0000  0.00000000000000E+0000
 400  0.00000000000000E+0000  0.00000000000000E+0000
 401  3.06791208791209E+0000  1.88571428571429E-0001
 402  0.00000000000000E+0000  0.00000000000000E+0000
 403  0.00000000000000E+0000  0.00000000000000E+0000
 404  3.06388278388278E+0000  1.87765567765568E-0001
 405  3.98901098901099E-0001  2.82051282051282E-0002
 406  0.00000000000000E+0000  0.00000000000000E+0000
 407  3.06468864468864E+0000  1.79706959706960E-0001
 408  3.08000000000000E+0000  1.86959706959707E-0001
 409  9.20293040293040E-0001  7.09157509157509E-0002
 410  0.00000000000000E+0000  0.00000000000000E+0000
 411  3.06710622710623E+0000  1.78901098901099E-0001
 412  3.08000000000000E+0000  1.87765567765568E-0001
 413  1.40703296703297E+0000  0.00000000000000E+0000
 414  3.06388278388278E+0000  1.78095238095238E-0001
 415  3.08080586080586E+0000  1.51501831501832E-0001
 416  0.00000000000000E+0000  0.00000000000000E+0000
 417  3.07516483516484E+0000  1.82124542124542E-0001
 418  3.08080586080586E+0000  1.92600732600733E-0001
 419  0.00000000000000E+0000  0.00000000000000E+0000
 420  3.06791208791209E+0000  1.87765567765568E-0001
 421  2.97120879120879E+0000  2.45787545787546E-0001
 422  0.00000000000000E+0000  0.00000000000000E+0000
 423  3.06791208791209E+0000  1.78901098901099E-0001
 424  3.08080586080586E+0000  1.87765567765568E-0001
 425  3.12835164835165E+0000  0.00000000000000E+0000
 426  3.06791208791209E+0000  1.82930402930403E-0001
 427  3.08080586080586E+0000  1.86959706959707E-0001
 428  3.11787545787546E+0000  0.00000000000000E+0000
 429  3.06791208791209E+0000  3.88424908424908E-0001
 430  3.08000000000000E+0000  2.48205128205128E-0001
 431  0.00000000000000E+0000  0.00000000000000E+0000
 432  3.06791208791209E+0000  1.88571428571429E-0001
 433  3.11868131868132E+0000  0.00000000000000E+0000
 434  3.06791208791209E+0000  3.88424908424908E-0001
 435  3.08000000000000E+0000  2.45787545787546E-0001
 436  0.00000000000000E+0000  3.86813186813187E-0001
 437  3.08080586080586E+0000  1.88571428571429E-0001
 438  3.11626373626374E+0000  2.40952380952381E-0001
 439  0.00000000000000E+0000  0.00000000000000E+0000
 440  3.06791208791209E+0000  1.90183150183150E-0001
 441  3.10981684981685E+0000  1.12820512820512E-0002
 442  3.06791208791209E+0000  1.90183150183150E-0001
 443  3.11545787545788E+0000  2.46593406593407E-0001
 444  1.66813186813187E+0000  3.28791208791209E-0001
 445  2.86725274725275E+0000  2.43369963369963E-0001
 446  2.73670329670330E+0000  1.95824175824176E-0001
 447  2.15648351648352E+0000  2.82051282051282E-0001
 448  1.90827838827839E+0000  1.00732600732600E-0001
 449  3.10578754578755E+0000  2.25641025641026E-0001
 450  1.56901098901099E+0000  1.28937728937728E-0002
 451  3.10336996336996E+0000  2.23223443223443E-0001
 452  9.61391941391941E-0001  1.50695970695971E-0001
 453  4.19047619047619E-0002  0.00000000000000E+0000
 454  3.10256410256410E+0000  2.40952380952381E-0001
 455  3.10095238095238E+0000  1.03956043956044E-0001
 456  0.00000000000000E+0000  2.39340659340659E-0001
 457  3.09208791208791E+0000  2.16776556776557E-0001
 458  0.00000000000000E+0000  0.00000000000000E+0000
 459  3.10014652014652E+0000  2.37728937728938E-0001
 460  3.09853479853480E+0000  2.20805860805861E-0001
 461  0.00000000000000E+0000  0.00000000000000E+0000
 462  0.00000000000000E+0000  0.00000000000000E+0000
 463  3.09692307692308E+0000  2.34505494505495E-0001
 464  3.09289377289377E+0000  0.00000000000000E+0000
 465  0.00000000000000E+0000  0.00000000000000E+0000
 466  3.09692307692308E+0000  2.34505494505495E-0001
 467  3.09128205128205E+0000  2.14358974358974E-0001
 468  0.00000000000000E+0000  0.00000000000000E+0000
 469  3.09692307692308E+0000  2.33699633699634E-0001
 470  3.08644688644689E+0000  2.10329670329670E-0001
 471  0.00000000000000E+0000  0.00000000000000E+0000
 472  0.00000000000000E+0000  2.34505494505495E-0001
 473  3.08805860805861E+0000  2.12747252747253E-0001
 474  0.00000000000000E+0000  0.00000000000000E+0000
 475  3.08483516483516E+0000  2.11135531135531E-0001
 476  0.00000000000000E+0000  0.00000000000000E+0000
 477  0.00000000000000E+0000  2.31282051282051E-0001
 478  3.08805860805861E+0000  0.00000000000000E+0000
 479  0.00000000000000E+0000  0.00000000000000E+0000
 480  3.08483516483516E+0000  2.06300366300366E-0001
 481  0.00000000000000E+0000  0.00000000000000E+0000
 482  0.00000000000000E+0000  2.26446886446886E-0001
 483  3.08000000000000E+0000  2.06300366300366E-0001
 484  0.00000000000000E+0000  0.00000000000000E+0000
 485  0.00000000000000E+0000  0.00000000000000E+0000
 486  3.08483516483516E+0000  2.00659340659341E-0001
 487  0.00000000000000E+0000  0.00000000000000E+0000
 488  0.00000000000000E+0000  0.00000000000000E+0000
 489  3.08322344322344E+0000  2.25641025641026E-0001
 490  3.08080586080586E+0000  0.00000000000000E+0000
 491  0.00000000000000E+0000  0.00000000000000E+0000
 492  3.08080586080586E+0000  2.03076923076923E-0001
 493  0.00000000000000E+0000  0.00000000000000E+0000
 494  3.06791208791209E+0000  2.18388278388278E-0001
 495  3.07516483516484E+0000  0.00000000000000E+0000
 496  0.00000000000000E+0000  0.00000000000000E+0000
 497  3.07677655677656E+0000  2.20805860805861E-0001
 498  3.07516483516484E+0000  2.00659340659341E-0001
 499  0.00000000000000E+0000  0.00000000000000E+0000
 500  3.07838827838828E+0000  2.07106227106227E-0001
 501  0.00000000000000E+0000  0.00000000000000E+0000
 502  0.00000000000000E+0000  2.19194139194139E-0001
 503  3.07516483516484E+0000  0.00000000000000E+0000
 504  0.00000000000000E+0000  0.00000000000000E+0000
 505  3.06791208791209E+0000  2.16776556776557E-0001
 506  3.07758241758242E+0000  1.98241758241758E-0001
 507  0.00000000000000E+0000  0.00000000000000E+0000
 508  0.00000000000000E+0000  0.00000000000000E+0000
 509  3.06791208791209E+0000  1.96630036630037E-0001
 510  0.00000000000000E+0000  0.00000000000000E+0000
 511  3.06791208791209E+0000  2.15164835164835E-0001
 512  3.07435897435897E+0000  0.00000000000000E+0000
 513  0.00000000000000E+0000  2.23223443223443E-0001
 514  3.07355311355311E+0000  1.92600732600733E-0001
 515  0.00000000000000E+0000  0.00000000000000E+0000
 516  0.00000000000000E+0000  0.00000000000000E+0000
 517  3.06791208791209E+0000  1.92600732600733E-0001
 518  0.00000000000000E+0000  0.00000000000000E+0000
 519  3.06791208791209E+0000  2.12747252747253E-0001
 520  3.07032967032967E+0000  0.00000000000000E+0000
 521  0.00000000000000E+0000  2.11941391941392E-0001
 522  3.06952380952381E+0000  1.90183150183150E-0001
 523  0.00000000000000E+0000  0.00000000000000E+0000
 524  0.00000000000000E+0000  0.00000000000000E+0000
 525  3.06710622710623E+0000  1.84542124542125E-0001
 526  0.00000000000000E+0000  0.00000000000000E+0000
 527  3.06146520146520E+0000  2.08717948717949E-0001
 528  3.06630036630037E+0000  0.00000000000000E+0000
 529  0.00000000000000E+0000  2.09523809523810E-0001
 530  3.06710622710623E+0000  0.00000000000000E+0000
 531  0.00000000000000E+0000  0.00000000000000E+0000
 532  3.06388278388278E+0000  1.85347985347985E-0001
 533  3.10336996336996E+0000  0.00000000000000E+0000
 534  3.06468864468864E+0000  1.85347985347985E-0001
 535  3.09692307692308E+0000  1.86959706959707E-0001
 536  0.00000000000000E+0000  3.55384615384615E-0001
 537  3.06630036630037E+0000  1.87765567765568E-0001
 538  0.00000000000000E+0000  4.02930402930403E-0001
 539  3.06952380952381E+0000  1.82930402930403E-0001
 540  3.08725274725275E+0000  0.00000000000000E+0000
 541  3.06630036630037E+0000  1.82930402930403E-0001
 542  3.08967032967033E+0000  0.00000000000000E+0000
 543  0.00000000000000E+0000  1.82124542124542E-0001
 544  3.08644688644689E+0000  0.00000000000000E+0000
 545  0.00000000000000E+0000  1.80512820512821E-0001
 546  3.07919413919414E+0000  0.00000000000000E+0000
 547  0.00000000000000E+0000  1.81318681318681E-0001
 548  3.07516483516484E+0000  0.00000000000000E+0000
 549  0.00000000000000E+0000  1.74871794871795E-0001
 550  3.08241758241758E+0000  4.27106227106227E-0002
 551  0.00000000000000E+0000  1.78095238095238E-0001
 552  3.08080586080586E+0000  8.30036630036630E-0002
 553  0.00000000000000E+0000  1.78095238095238E-0001
 554  3.07435897435897E+0000  1.20879120879120E-0001
 555  0.00000000000000E+0000  1.78095238095238E-0001
 556  3.07838827838828E+0000  1.59560439560440E-0001
 557  0.00000000000000E+0000  0.00000000000000E+0000
 558  3.06227106227106E+0000  1.75677655677656E-0001
 559  3.08000000000000E+0000  1.90183150183150E-0001
 560  2.36358974358974E+0000  0.00000000000000E+0000
 561  3.06468864468864E+0000  1.90183150183150E-0001
 562  2.80036630036630E+0000  0.00000000000000E+0000
 563  3.06307692307692E+0000  1.75677655677656E-0001
 564  3.08000000000000E+0000  1.87765567765568E-0001
 565  3.11948717948718E+0000  2.49010989010989E-0001
 566  0.00000000000000E+0000  0.00000000000000E+0000
 567  3.06388278388278E+0000  1.77289377289377E-0001
 568  3.08000000000000E+0000  2.46593406593407E-0001
 569  0.00000000000000E+0000  3.30402930402930E-0001
 570  3.08241758241758E+0000  2.46593406593407E-0001
 571  0.00000000000000E+0000  3.86007326007326E-0001
 572  3.08080586080586E+0000  2.45787545787546E-0001
 573  0.00000000000000E+0000  0.00000000000000E+0000
 574  3.06468864468864E+0000  3.86007326007326E-0001
 575  3.08080586080586E+0000  1.88571428571429E-0001
 576  3.11384615384615E+0000  2.46593406593407E-0001
 577  0.00000000000000E+0000  0.00000000000000E+0000
 578  3.06549450549451E+0000  3.85201465201465E-0001
 579  3.07838827838828E+0000  1.87765567765568E-0001
 580  3.10659340659341E+0000  2.44175824175824E-0001
 581  0.00000000000000E+0000  0.00000000000000E+0000
 582  3.06146520146520E+0000  3.78754578754579E-0001
 583  3.07758241758242E+0000  1.90989010989011E-0001
 584  3.11223443223443E+0000  2.45787545787546E-0001
 585  0.00000000000000E+0000  0.00000000000000E+0000
 586  3.06791208791209E+0000  4.06153846153846E-0001
 587  3.08000000000000E+0000  1.89377289377289E-0001
 588  3.10820512820513E+0000  2.43369963369963E-0001
 589  5.49597069597070E-0001  3.96483516483516E-0001
 590  3.08080586080586E+0000  2.41758241758242E-0001
 591  1.62783882783883E+0000  3.32820512820513E-0001
 592  2.44336996336996E+0000  2.44981684981685E-0001
 593  2.65531135531136E+0000  2.85274725274725E-0001
 594  1.41750915750916E+0000  5.47985347985348E-0002
 595  3.10014652014652E+0000  2.26446886446886E-0001
 596  1.59399267399267E+0000  0.00000000000000E+0000
 597  3.10014652014652E+0000  2.21611721611722E-0001
 598  1.39010989010989E+0000  0.00000000000000E+0000
 599  3.09531135531136E+0000  2.22417582417582E-0001
 600  5.25421245421245E-0001  1.10402930402930E-0001
 601  0.00000000000000E+0000  2.35311355311355E-0001
 602  3.09450549450549E+0000  4.75457875457875E-0002
 603  0.00000000000000E+0000  2.33699633699634E-0001
 604  3.09611721611722E+0000  0.00000000000000E+0000
 605  3.09450549450549E+0000  2.20805860805861E-0001
 606  0.00000000000000E+0000  0.00000000000000E+0000
 607  3.08805860805861E+0000  2.14358974358974E-0001
 608  0.00000000000000E+0000  0.00000000000000E+0000
 609  3.09289377289377E+0000  2.24029304029304E-0001
 610  0.00000000000000E+0000  0.00000000000000E+0000
 611  3.08805860805861E+0000  2.13553113553114E-0001
 612  0.00000000000000E+0000  0.00000000000000E+0000
 613  3.08644688644689E+0000  2.20000000000000E-0001
 614  0.00000000000000E+0000  0.00000000000000E+0000
 615  3.08402930402930E+0000  2.28058608058608E-0001
 616  3.07919413919414E+0000  2.06300366300366E-0001
 617  0.00000000000000E+0000  0.00000000000000E+0000
 618  3.08080586080586E+0000  2.25641025641026E-0001
 619  3.08241758241758E+0000  2.08717948717949E-0001
 620  0.00000000000000E+0000  0.00000000000000E+0000
 621  3.08000000000000E+0000  2.26446886446886E-0001
 622  3.07838827838828E+0000  2.08717948717949E-0001
 623  0.00000000000000E+0000  0.00000000000000E+0000
 624  3.08000000000000E+0000  2.25641025641026E-0001
 625  3.08161172161172E+0000  2.07912087912088E-0001
 626  0.00000000000000E+0000  0.00000000000000E+0000
 627  3.07919413919414E+0000  2.21611721611722E-0001
 628  3.07435897435897E+0000  2.07912087912088E-0001
 629  0.00000000000000E+0000  0.00000000000000E+0000
 630  3.07677655677656E+0000  2.22417582417582E-0001
 631  3.07435897435897E+0000  1.99047619047619E-0001
 632  0.00000000000000E+0000  0.00000000000000E+0000
 633  3.07838827838828E+0000  2.20805860805861E-0001
 634  3.07758241758242E+0000  2.06300366300366E-0001
 635  0.00000000000000E+0000  0.00000000000000E+0000
 636  3.07597069597070E+0000  2.20805860805861E-0001
 637  3.07516483516484E+0000  2.02271062271062E-0001
 638  0.00000000000000E+0000  0.00000000000000E+0000
 639  3.06791208791209E+0000  2.20805860805861E-0001
 640  3.07516483516484E+0000  0.00000000000000E+0000
 641  3.07194139194139E+0000  1.99853479853480E-0001
 642  0.00000000000000E+0000  0.00000000000000E+0000
 643  3.07194139194139E+0000  1.99047619047619E-0001
 644  0.00000000000000E+0000  0.00000000000000E+0000
 645  0.00000000000000E+0000  2.15164835164835E-0001
 646  3.07355311355311E+0000  0.00000000000000E+0000
 647  0.00000000000000E+0000  2.13553113553114E-0001
 648  3.08322344322344E+0000  0.00000000000000E+0000
 649  0.00000000000000E+0000  2.11941391941392E-0001
 650  3.07274725274725E+0000  1.93406593406593E-0001
 651  0.00000000000000E+0000  0.00000000000000E+0000
 652  3.06388278388278E+0000  1.95018315018315E-0001
 653  0.00000000000000E+0000  0.00000000000000E+0000
 654  3.06549450549451E+0000  1.90183150183150E-0001
 655  0.00000000000000E+0000  0.00000000000000E+0000
 656  0.00000000000000E+0000  2.08717948717949E-0001
 657  3.06791208791209E+0000  0.00000000000000E+0000
 658  0.00000000000000E+0000  2.08717948717949E-0001
 659  3.06710622710623E+0000  0.00000000000000E+0000
 660  0.00000000000000E+0000  2.04688644688645E-0001
 661  3.06710622710623E+0000  0.00000000000000E+0000
 662  0.00000000000000E+0000  2.06300366300366E-0001
 663  3.06791208791209E+0000  1.82124542124542E-0001
 664  0.00000000000000E+0000  2.02271062271062E-0001
 665  3.06710622710623E+0000  1.83736263736264E-0001
 666  0.00000000000000E+0000  3.50549450549451E-0001
 667  3.06710622710623E+0000  1.86959706959707E-0001
 668  0.00000000000000E+0000  4.00512820512821E-0001
 669  3.06388278388278E+0000  1.85347985347985E-0001
 670  3.08886446886447E+0000  1.85347985347985E-0001
 671  0.00000000000000E+0000  0.00000000000000E+0000
 672  3.09128205128205E+0000  4.21465201465201E-0001
 673  3.06146520146520E+0000  1.86959706959707E-0001
 674  0.00000000000000E+0000  0.00000000000000E+0000
 675  3.06468864468864E+0000  1.83736263736264E-0001
 676  3.08080586080586E+0000  1.85347985347985E-0001
 677  0.00000000000000E+0000  0.00000000000000E+0000
 678  3.06630036630037E+0000  1.82930402930403E-0001
 679  3.07677655677656E+0000  1.79706959706960E-0001
 680  0.00000000000000E+0000  0.00000000000000E+0000
 681  3.06468864468864E+0000  1.81318681318681E-0001
 682  3.08080586080586E+0000  1.86959706959707E-0001
 683  3.78754578754579E-0002  0.00000000000000E+0000
 684  3.06468864468864E+0000  1.82124542124542E-0001
 685  3.08000000000000E+0000  1.87765567765568E-0001
 686  3.61025641025641E-0001  0.00000000000000E+0000
 687  3.06468864468864E+0000  1.79706959706960E-0001
 688  3.07032967032967E+0000  1.85347985347985E-0001
 689  8.68717948717949E-0001  0.00000000000000E+0000
 690  3.06388278388278E+0000  1.79706959706960E-0001
 691  3.07758241758242E+0000  1.86153846153846E-0001
 692  1.30549450549451E+0000  0.00000000000000E+0000
 693  3.06227106227106E+0000  1.75677655677656E-0001
 694  3.07838827838828E+0000  1.87765567765568E-0001
 695  1.70197802197802E+0000  0.00000000000000E+0000
 696  3.06468864468864E+0000  1.78095238095238E-0001
 697  3.07516483516484E+0000  1.84542124542125E-0001
 698  2.17824175824176E+0000  0.00000000000000E+0000
 699  3.06468864468864E+0000  1.78095238095238E-0001
 700  3.07758241758242E+0000  1.85347985347985E-0001
 701  2.64725274725275E+0000  0.00000000000000E+0000
 702  3.06549450549451E+0000  1.78095238095238E-0001
 703  3.07516483516484E+0000  1.85347985347985E-0001
 704  3.12673992673993E+0000  0.00000000000000E+0000
 705  3.06549450549451E+0000  1.78095238095238E-0001
 706  3.07597069597070E+0000  1.86959706959707E-0001
 707  3.11868131868132E+0000  0.00000000000000E+0000
 708  3.06549450549451E+0000  3.14285714285714E-0001
 709  3.07677655677656E+0000  1.86959706959707E-0001
 710  3.11787545787546E+0000  0.00000000000000E+0000
 711  3.06146520146520E+0000  3.66666666666667E-0001
 712  3.07355311355311E+0000  1.87765567765568E-0001
 713  3.11626373626374E+0000  0.00000000000000E+0000
 714  3.06307692307692E+0000  1.87765567765568E-0001
 715  3.11142857142857E+0000  0.00000000000000E+0000
 716  3.06307692307692E+0000  1.86959706959707E-0001
 717  3.11142857142857E+0000  0.00000000000000E+0000
 718  3.06791208791209E+0000  1.86153846153846E-0001
 719  3.10901098901099E+0000  2.44981684981685E-0001
 720  0.00000000000000E+0000  4.03736263736264E-0001
 721  3.06791208791209E+0000  2.44175824175824E-0001
 722  5.02051282051282E-0001  3.86007326007326E-0001
 723  3.07355311355311E+0000  2.45787545787546E-0001
 724  1.63589743589744E+0000  1.40219780219780E-0001
 725  3.10256410256410E+0000  1.95824175824176E-0001
 726  2.21369963369963E+0000  7.57509157509158E-0002
 727  3.11142857142857E+0000  2.24029304029304E-0001
 728  1.65684981684982E+0000  2.23223443223443E-0001
 729  1.07179487179487E+0000  0.00000000000000E+0000
 730  3.09853479853480E+0000  2.22417582417582E-0001
 731  4.92380952380952E-0001  0.00000000000000E+0000
 732  3.09611721611722E+0000  2.38534798534799E-0001
 733  3.09208791208791E+0000  5.47985347985348E-0002
 734  0.00000000000000E+0000  0.00000000000000E+0000
 735  3.09853479853480E+0000  2.36117216117216E-0001
 736  3.08644688644689E+0000  0.00000000000000E+0000
 737  0.00000000000000E+0000  2.34505494505495E-0001
 738  3.08080586080586E+0000  0.00000000000000E+0000
 739  0.00000000000000E+0000  0.00000000000000E+0000
 740  3.09047619047619E+0000  2.15970695970696E-0001
 741  0.00000000000000E+0000  0.00000000000000E+0000
 742  0.00000000000000E+0000  0.00000000000000E+0000
 743  3.08805860805861E+0000  2.14358974358974E-0001
 744  0.00000000000000E+0000  0.00000000000000E+0000
 745  0.00000000000000E+0000  0.00000000000000E+0000
 746  3.08725274725275E+0000  2.15164835164835E-0001
 747  0.00000000000000E+0000  0.00000000000000E+0000
 748  0.00000000000000E+0000  0.00000000000000E+0000
 749  3.08161172161172E+0000  2.11135531135531E-0001
 750  0.00000000000000E+0000  0.00000000000000E+0000
 751  3.08483516483516E+0000  2.18388278388278E-0001
 752  0.00000000000000E+0000  0.00000000000000E+0000
 753  3.08322344322344E+0000  2.07912087912088E-0001
 754  0.00000000000000E+0000  0.00000000000000E+0000
 755  3.08080586080586E+0000  2.14358974358974E-0001
 756  0.00000000000000E+0000  0.00000000000000E+0000
 757  3.08080586080586E+0000  2.06300366300366E-0001
 758  0.00000000000000E+0000  0.00000000000000E+0000
 759  3.08805860805861E+0000  2.06300366300366E-0001
 760  0.00000000000000E+0000  0.00000000000000E+0000
 761  3.07758241758242E+0000  2.03076923076923E-0001
 762  0.00000000000000E+0000  0.00000000000000E+0000
 763  3.07677655677656E+0000  2.02271062271062E-0001
 764  0.00000000000000E+0000  0.00000000000000E+0000
 765  3.06791208791209E+0000  1.99853479853480E-0001
 766  0.00000000000000E+0000  0.00000000000000E+0000
 767  3.06791208791209E+0000  2.00659340659341E-0001
 768  0.00000000000000E+0000  0.00000000000000E+0000
 769  3.06791208791209E+0000  1.95018315018315E-0001
 770  0.00000000000000E+0000  0.00000000000000E+0000
 771  3.06791208791209E+0000  1.93406593406593E-0001
 772  0.00000000000000E+0000  0.00000000000000E+0000
 773  3.06791208791209E+0000  1.90183150183150E-0001
 774  0.00000000000000E+0000  0.00000000000000E+0000
 775  3.06146520146520E+0000  1.95018315018315E-0001
 776  0.00000000000000E+0000  0.00000000000000E+0000
 777  3.06791208791209E+0000  1.92600732600733E-0001
 778  0.00000000000000E+0000  0.00000000000000E+0000
 779  3.06710622710623E+0000  1.92600732600733E-0001
 780  0.00000000000000E+0000  0.00000000000000E+0000
 781  3.06549450549451E+0000  1.90183150183150E-0001
 782  0.00000000000000E+0000  0.00000000000000E+0000
 783  3.06227106227106E+0000  1.90183150183150E-0001
 784  0.00000000000000E+0000  0.00000000000000E+0000
 785  3.05743589743590E+0000  2.06300366300366E-0001
 786  3.06710622710623E+0000  1.90183150183150E-0001
 787  0.00000000000000E+0000  0.00000000000000E+0000
 788  3.06146520146520E+0000  1.88571428571429E-0001
 789  0.00000000000000E+0000  0.00000000000000E+0000
 790  3.06227106227106E+0000  1.82930402930403E-0001
 791  0.00000000000000E+0000  2.07106227106227E-0001
 792  3.06065934065934E+0000  1.85347985347985E-0001
 793  0.00000000000000E+0000  2.97362637362637E-0001
 794  3.06227106227106E+0000  1.86153846153846E-0001
 795  0.00000000000000E+0000  0.00000000000000E+0000
 796  3.05743589743590E+0000  1.82124542124542E-0001
 797  3.08886446886447E+0000  0.00000000000000E+0000
 798  3.05582417582418E+0000  1.83736263736264E-0001
 799  3.08322344322344E+0000  0.00000000000000E+0000
 800  0.00000000000000E+0000  1.81318681318681E-0001
 801  3.08322344322344E+0000  0.00000000000000E+0000
 802  0.00000000000000E+0000  1.80512820512821E-0001
 803  3.08483516483516E+0000  0.00000000000000E+0000
 804  0.00000000000000E+0000  1.74871794871795E-0001
 805  3.08241758241758E+0000  0.00000000000000E+0000
 806  0.00000000000000E+0000  1.78901098901099E-0001
 807  3.08322344322344E+0000  0.00000000000000E+0000
 808  0.00000000000000E+0000  1.77289377289377E-0001
 809  3.08161172161172E+0000  1.28937728937728E-0002
 810  0.00000000000000E+0000  1.78095238095238E-0001
 811  3.07274725274725E+0000  5.23809523809524E-0002
 812  0.00000000000000E+0000  1.77289377289377E-0001
 813  3.07355311355311E+0000  1.85347985347985E-0001
 814  1.09032967032967E+0000  8.46153846153846E-0002
 815  0.00000000000000E+0000  1.77289377289377E-0001
 816  3.07355311355311E+0000  1.24908424908424E-0001
 817  0.00000000000000E+0000  1.74871794871795E-0001
 818  3.07597069597070E+0000  1.64395604395604E-0001
 819  0.00000000000000E+0000  1.75677655677656E-0001
 820  3.07677655677656E+0000  2.07106227106227E-0001
 821  0.00000000000000E+0000  0.00000000000000E+0000
 822  3.06146520146520E+0000  1.75677655677656E-0001
 823  3.06791208791209E+0000  2.45787545787546E-0001
 824  0.00000000000000E+0000  1.80512820512821E-0001
 825  3.07516483516484E+0000  2.47399267399267E-0001
 826  0.00000000000000E+0000  0.00000000000000E+0000
 827  3.05985347985348E+0000  3.57802197802198E-0001
 828  3.07355311355311E+0000  2.48205128205128E-0001
 829  0.00000000000000E+0000  3.81172161172161E-0001
 830  3.07677655677656E+0000  2.46593406593407E-0001
 831  0.00000000000000E+0000  3.82783882783883E-0001
 832  3.07435897435897E+0000  2.45787545787546E-0001
 833  0.00000000000000E+0000  3.82783882783883E-0001
 834  3.07597069597070E+0000  2.44175824175824E-0001
 835  0.00000000000000E+0000  3.81172161172161E-0001
 836  3.07919413919414E+0000  2.44175824175824E-0001
 837  0.00000000000000E+0000  4.00512820512821E-0001
 838  3.07597069597070E+0000  2.43369963369963E-0001
 839  0.00000000000000E+0000  4.02930402930403E-0001
 840  3.07516483516484E+0000  2.41758241758242E-0001
 841  1.57223443223443E+0000  3.36849816849817E-0001
 842  2.60051282051282E+0000  2.40952380952381E-0001
 843  2.81003663003663E+0000  2.83663003663004E-0001
 844  1.78336996336996E+0000  2.41758241758242E-0001
 845  3.09772893772894E+0000  1.95824175824176E-0001
 846  8.80000000000000E-0001  2.37728937728938E-0001
 847  3.09692307692308E+0000  1.46666666666667E-0001
 848  7.41391941391941E-0002  2.36923076923077E-0001
 849  3.09289377289377E+0000  8.21978021978022E-0002
 850  0.00000000000000E+0000  2.36117216117216E-0001
 851  3.09208791208791E+0000  3.14285714285714E-0002
 852  0.00000000000000E+0000  2.36117216117216E-0001
 853  3.09047619047619E+0000  0.00000000000000E+0000
 854  0.00000000000000E+0000  2.33699633699634E-0001
 855  3.08161172161172E+0000  0.00000000000000E+0000
 856  0.00000000000000E+0000  2.32087912087912E-0001
 857  3.08725274725275E+0000  0.00000000000000E+0000
 858  0.00000000000000E+0000  2.32087912087912E-0001
 859  3.08322344322344E+0000  0.00000000000000E+0000
 860  0.00000000000000E+0000  2.28864468864469E-0001
 861  3.08161172161172E+0000  0.00000000000000E+0000
 862  0.00000000000000E+0000  2.26446886446886E-0001
 863  3.08161172161172E+0000  0.00000000000000E+0000
 864  0.00000000000000E+0000  2.28058608058608E-0001
 865  3.08000000000000E+0000  0.00000000000000E+0000
 866  0.00000000000000E+0000  2.30476190476190E-0001
 867  3.07838827838828E+0000  0.00000000000000E+0000
 868  0.00000000000000E+0000  2.25641025641026E-0001
 869  3.08080586080586E+0000  0.00000000000000E+0000
 870  0.00000000000000E+0000  2.33699633699634E-0001
 871  3.07435897435897E+0000  0.00000000000000E+0000
 872  0.00000000000000E+0000  2.24029304029304E-0001
 873  3.06791208791209E+0000  0.00000000000000E+0000
 874  0.00000000000000E+0000  2.20805860805861E-0001
 875  3.06791208791209E+0000  0.00000000000000E+0000
 876  0.00000000000000E+0000  2.17582417582418E-0001
 877  3.07355311355311E+0000  0.00000000000000E+0000
 878  0.00000000000000E+0000  2.18388278388278E-0001
 879  3.07435897435897E+0000  0.00000000000000E+0000
 880  0.00000000000000E+0000  2.19194139194139E-0001
 881  3.08000000000000E+0000  0.00000000000000E+0000
 882  0.00000000000000E+0000  2.14358974358974E-0001
 883  3.06791208791209E+0000  0.00000000000000E+0000
 884  0.00000000000000E+0000  2.14358974358974E-0001
 885  3.06791208791209E+0000  0.00000000000000E+0000
 886  0.00000000000000E+0000  2.14358974358974E-0001
 887  3.06791208791209E+0000  0.00000000000000E+0000
 888  0.00000000000000E+0000  2.13553113553114E-0001
 889  3.06791208791209E+0000  0.00000000000000E+0000
 890  0.00000000000000E+0000  2.10329670329670E-0001
 891  3.06710622710623E+0000  0.00000000000000E+0000
 892  0.00000000000000E+0000  2.10329670329670E-0001
 893  3.06791208791209E+0000  0.00000000000000E+0000
 894  0.00000000000000E+0000  2.08717948717949E-0001
 895  3.06227106227106E+0000  0.00000000000000E+0000
 896  0.00000000000000E+0000  2.06300366300366E-0001
 897  3.06791208791209E+0000  0.00000000000000E+0000
 898  0.00000000000000E+0000  2.09523809523810E-0001
 899  3.07516483516484E+0000  0.00000000000000E+0000
 900  0.00000000000000E+0000  2.06300366300366E-0001
 901  3.06388278388278E+0000  0.00000000000000E+0000
 902  0.00000000000000E+0000  2.06300366300366E-0001
 903  3.06227106227106E+0000  1.82124542124542E-0001
 904  0.00000000000000E+0000  2.16776556776557E-0001
 905  3.05824175824176E+0000  1.82930402930403E-0001
 906  0.00000000000000E+0000  3.77948717948718E-0001
 907  3.05985347985348E+0000  1.83736263736264E-0001
 908  0.00000000000000E+0000  4.06959706959707E-0001
 909  3.06065934065934E+0000  1.82124542124542E-0001
 910  0.00000000000000E+0000  9.99267399267399E-0002
 911  3.06307692307692E+0000  1.85347985347985E-0001
 912  0.00000000000000E+0000  0.00000000000000E+0000
 913  3.06630036630037E+0000  1.85347985347985E-0001
 914  0.00000000000000E+0000  0.00000000000000E+0000
 915  3.05985347985348E+0000  1.86153846153846E-0001
 916  0.00000000000000E+0000  0.00000000000000E+0000
 917  3.05985347985348E+0000  1.86153846153846E-0001
 918  2.61904761904762E-0001  0.00000000000000E+0000
 919  3.05824175824176E+0000  1.86153846153846E-0001
 920  7.14798534798535E-0001  0.00000000000000E+0000
 921  3.06065934065934E+0000  1.85347985347985E-0001
 922  1.22007326007326E+0000  0.00000000000000E+0000
 923  3.05904761904762E+0000  1.83736263736264E-0001
 924  1.70358974358974E+0000  0.00000000000000E+0000
 925  3.06146520146520E+0000  1.94212454212454E-0001
 926  2.24271062271062E+0000  0.00000000000000E+0000
 927  3.05340659340659E+0000  1.86959706959707E-0001
 928  2.76813186813187E+0000  0.00000000000000E+0000
 929  3.05824175824176E+0000  1.85347985347985E-0001
 930  3.11868131868132E+0000  0.00000000000000E+0000
 931  3.05743589743590E+0000  1.82930402930403E-0001
 932  3.11223443223443E+0000  0.00000000000000E+0000
 933  3.06227106227106E+0000  1.87765567765568E-0001
 934  3.11465201465201E+0000  0.00000000000000E+0000
 935  3.06227106227106E+0000  3.91648351648352E-0001
 936  3.07194139194139E+0000  2.48205128205128E-0001
 937  0.00000000000000E+0000  3.90036630036630E-0001
 938  3.07435897435897E+0000  2.49816849816850E-0001
 939  0.00000000000000E+0000  3.90036630036630E-0001
 940  3.07274725274725E+0000  2.46593406593407E-0001
 941  0.00000000000000E+0000  3.79560439560440E-0001
 942  3.07194139194139E+0000  2.44981684981685E-0001
 943  0.00000000000000E+0000  4.02930402930403E-0001
 944  3.06630036630037E+0000  2.44175824175824E-0001
 945  1.15076923076923E+0000  3.48937728937729E-0001
 946  3.07516483516484E+0000  2.42564102564103E-0001
 947  2.30717948717949E+0000  2.98168498168498E-0001
 948  2.24754578754579E+0000  2.41758241758242E-0001
 949  3.09369963369963E+0000  2.21611721611722E-0001
 950  1.27487179487179E+0000  2.40952380952381E-0001
 951  3.09208791208791E+0000  1.62783882783883E-0001
 952  4.21465201465201E-0001  2.35311355311355E-0001
 953  3.09611721611722E+0000  1.20879120879120E-0001
 954  0.00000000000000E+0000  2.40146520146520E-0001
 955  3.08967032967033E+0000  6.04395604395604E-0002
 956  0.00000000000000E+0000  2.35311355311355E-0001
 957  3.08886446886447E+0000  6.44688644688645E-0003
 958  0.00000000000000E+0000  2.35311355311355E-0001
 959  3.09047619047619E+0000  0.00000000000000E+0000
 960  0.00000000000000E+0000  2.33699633699634E-0001
 961  3.08080586080586E+0000  0.00000000000000E+0000
 962  0.00000000000000E+0000  0.00000000000000E+0000
 963  3.08564102564103E+0000  2.32893772893773E-0001
 964  3.08000000000000E+0000  2.11135531135531E-0001
 965  0.00000000000000E+0000  0.00000000000000E+0000
 966  3.08564102564103E+0000  2.09523809523810E-0001
 967  0.00000000000000E+0000  0.00000000000000E+0000
 968  3.08402930402930E+0000  2.19194139194139E-0001
 969  0.00000000000000E+0000  0.00000000000000E+0000
 970  3.08000000000000E+0000  2.07912087912088E-0001
 971  0.00000000000000E+0000  0.00000000000000E+0000
 972  3.08483516483516E+0000  2.06300366300366E-0001
 973  0.00000000000000E+0000  0.00000000000000E+0000
 974  3.07597069597070E+0000  2.03882783882784E-0001
 975  0.00000000000000E+0000  0.00000000000000E+0000
 976  3.07516483516484E+0000  2.03882783882784E-0001
 977  0.00000000000000E+0000  0.00000000000000E+0000
 978  0.00000000000000E+0000  0.00000000000000E+0000
 979  3.06791208791209E+0000  2.02271062271062E-0001
 980  0.00000000000000E+0000  0.00000000000000E+0000
 981  0.00000000000000E+0000  2.21611721611722E-0001
 982  3.06791208791209E+0000  0.00000000000000E+0000
 983  0.00000000000000E+0000  2.21611721611722E-0001
 984  3.06952380952381E+0000  0.00000000000000E+0000
 985  0.00000000000000E+0000  2.20000000000000E-0001
 986  3.06791208791209E+0000  0.00000000000000E+0000
 987  0.00000000000000E+0000  2.19194139194139E-0001
 988  3.06871794871795E+0000  0.00000000000000E+0000
 989  0.00000000000000E+0000  2.17582417582418E-0001
 990  3.06630036630037E+0000  0.00000000000000E+0000
 991  0.00000000000000E+0000  2.14358974358974E-0001
 992  3.06468864468864E+0000  0.00000000000000E+0000
 993  0.00000000000000E+0000  2.15164835164835E-0001
 994  3.06468864468864E+0000  0.00000000000000E+0000
 995  0.00000000000000E+0000  2.15970695970696E-0001
 996  3.06630036630037E+0000  0.00000000000000E+0000
 997  0.00000000000000E+0000  2.12747252747253E-0001
 998  3.06227106227106E+0000  0.00000000000000E+0000
 999  0.00000000000000E+0000  0.00000000000000E+0000
 1000  3.05904761904762E+0000  2.07912087912088E-0001
 1001  3.06791208791209E+0000  1.99047619047619E-0001
 1002  0.00000000000000E+0000  0.00000000000000E+0000
 1003  3.06065934065934E+0000  1.87765567765568E-0001
 1004  0.00000000000000E+0000  0.00000000000000E+0000
 1005  3.05824175824176E+0000  1.86153846153846E-0001
 1006  0.00000000000000E+0000  0.00000000000000E+0000
 1007  3.06065934065934E+0000  1.85347985347985E-0001
 1008  2.33296703296703E+0000  0.00000000000000E+0000
 1009  3.05501831501832E+0000  1.85347985347985E-0001
 1010  3.09289377289377E+0000  0.00000000000000E+0000
 1011  3.05260073260073E+0000  1.86959706959707E-0001
 1012  3.08805860805861E+0000  0.00000000000000E+0000
 1013  3.05260073260073E+0000  1.84542124542125E-0001
 1014  3.08322344322344E+0000  0.00000000000000E+0000
 1015  3.05743589743590E+0000  1.81318681318681E-0001
 1016  3.08161172161172E+0000  0.00000000000000E+0000
 1017  0.00000000000000E+0000  1.81318681318681E-0001
 1018  3.08161172161172E+0000  0.00000000000000E+0000
 1019  0.00000000000000E+0000  0.00000000000000E+0000
 1020  3.05501831501832E+0000  1.79706959706960E-0001
 1021  3.07758241758242E+0000  1.86153846153846E-0001
 1022  0.00000000000000E+0000  0.00000000000000E+0000
 1023  3.05501831501832E+0000  1.86153846153846E-0001
 1024  0.00000000000000E+0000  0.00000000000000E+0000
 1025  3.05985347985348E+0000  1.87765567765568E-0001
 1026  2.81245421245421E-0001  0.00000000000000E+0000
 1027  3.05501831501832E+0000  1.86153846153846E-0001
 1028  7.33333333333333E-0001  0.00000000000000E+0000
 1029  3.05501831501832E+0000  1.86153846153846E-0001
 1030  1.14512820512821E+0000  0.00000000000000E+0000
 1031  3.05501831501832E+0000  1.85347985347985E-0001
 1032  1.64637362637363E+0000  0.00000000000000E+0000
 1033  3.05501831501832E+0000  1.85347985347985E-0001
 1034  2.12989010989011E+0000  0.00000000000000E+0000
 1035  3.05340659340659E+0000  1.86959706959707E-0001
 1036  2.70930402930403E+0000  0.00000000000000E+0000
 1037  3.05501831501832E+0000  1.73260073260073E-0001
 1038  3.07355311355311E+0000  2.49010989010989E-0001
 1039  0.00000000000000E+0000  1.75677655677656E-0001
 1040  3.06791208791209E+0000  2.47399267399267E-0001
 1041  0.00000000000000E+0000  3.70695970695971E-0001
 1042  3.07274725274725E+0000  2.48205128205128E-0001
 1043  0.00000000000000E+0000  3.85201465201465E-0001
 1044  3.06791208791209E+0000  2.44175824175824E-0001
 1045  0.00000000000000E+0000  3.86813186813187E-0001
 1046  3.06791208791209E+0000  2.43369963369963E-0001
 1047  0.00000000000000E+0000  3.86813186813187E-0001
 1048  3.06791208791209E+0000  2.44175824175824E-0001
 1049  0.00000000000000E+0000  3.81172161172161E-0001
 1050  3.06791208791209E+0000  2.39340659340659E-0001
 1051  1.48278388278388E-0001  3.94065934065934E-0001
 1052  3.06791208791209E+0000  2.43369963369963E-0001
 1053  1.30549450549451E+0000  3.86813186813187E-0001
 1054  2.80681318681319E+0000  1.66813186813187E-0001
 1055  3.09611721611722E+0000  1.21684981684981E-0001
 1056  2.80681318681319E+0000  7.09157509157509E-0002
 1057  3.09047619047619E+0000  2.25641025641026E-0001
 1058  1.95743589743590E+0000  2.57875457875458E-0002
 1059  3.09289377289377E+0000  2.19194139194139E-0001
 1060  1.29098901098901E+0000  0.00000000000000E+0000
 1061  3.08805860805861E+0000  2.22417582417582E-0001
 1062  6.28571428571429E-0001  0.00000000000000E+0000
 1063  3.09369963369963E+0000  2.21611721611722E-0001
 1064  4.83516483516484E-0003  0.00000000000000E+0000
 1065  3.08644688644689E+0000  2.16776556776557E-0001
 1066  0.00000000000000E+0000  0.00000000000000E+0000
 1067  3.08080586080586E+0000  2.17582417582418E-0001
 1068  0.00000000000000E+0000  0.00000000000000E+0000
 1069  3.08805860805861E+0000  2.15970695970696E-0001
 1070  0.00000000000000E+0000  0.00000000000000E+0000
 1071  0.00000000000000E+0000  2.31282051282051E-0001
 1072  3.08644688644689E+0000  0.00000000000000E+0000
 1073  0.00000000000000E+0000  2.30476190476190E-0001
 1074  3.07516483516484E+0000  0.00000000000000E+0000
 1075  0.00000000000000E+0000  2.28864468864469E-0001
 1076  3.07435897435897E+0000  0.00000000000000E+0000
 1077  0.00000000000000E+0000  2.24835164835165E-0001
 1078  3.07597069597070E+0000  0.00000000000000E+0000
 1079  0.00000000000000E+0000  2.26446886446886E-0001
 1080  3.07516483516484E+0000  0.00000000000000E+0000
 1081  0.00000000000000E+0000  2.24029304029304E-0001
 1082  3.07516483516484E+0000  0.00000000000000E+0000
 1083  0.00000000000000E+0000  2.25641025641026E-0001
 1084  3.07677655677656E+0000  0.00000000000000E+0000
 1085  0.00000000000000E+0000  0.00000000000000E+0000
 1086  3.07355311355311E+0000  2.23223443223443E-0001
 1087  3.06791208791209E+0000  2.06300366300366E-0001
 1088  0.00000000000000E+0000  0.00000000000000E+0000
 1089  3.06791208791209E+0000  2.01465201465201E-0001
 1090  0.00000000000000E+0000  0.00000000000000E+0000
 1091  3.07032967032967E+0000  2.02271062271062E-0001
 1092  0.00000000000000E+0000  0.00000000000000E+0000
 1093  3.06630036630037E+0000  2.03076923076923E-0001
 1094  0.00000000000000E+0000  0.00000000000000E+0000
 1095  3.06227106227106E+0000  2.00659340659341E-0001
 1096  0.00000000000000E+0000  0.00000000000000E+0000
 1097  3.06710622710623E+0000  1.95824175824176E-0001
 1098  0.00000000000000E+0000  0.00000000000000E+0000
 1099  3.06388278388278E+0000  1.98241758241758E-0001
 1100  0.00000000000000E+0000  0.00000000000000E+0000
 1101  0.00000000000000E+0000  2.12747252747253E-0001
 1102  3.06307692307692E+0000  0.00000000000000E+0000
 1103  0.00000000000000E+0000  2.14358974358974E-0001
 1104  3.06549450549451E+0000  0.00000000000000E+0000
 1105  0.00000000000000E+0000  2.11941391941392E-0001
 1106  3.06227106227106E+0000  0.00000000000000E+0000
 1107  0.00000000000000E+0000  2.11135531135531E-0001
 1108  3.06146520146520E+0000  0.00000000000000E+0000
 1109  0.00000000000000E+0000  2.08717948717949E-0001
 1110  3.06065934065934E+0000  0.00000000000000E+0000
 1111  0.00000000000000E+0000  2.07912087912088E-0001
 1112  3.06227106227106E+0000  0.00000000000000E+0000
 1113  0.00000000000000E+0000  0.00000000000000E+0000
 1114  3.05421245421245E+0000  1.89377289377289E-0001
 1115  0.00000000000000E+0000  0.00000000000000E+0000
 1116  3.05501831501832E+0000  1.88571428571429E-0001
 1117  0.00000000000000E+0000  0.00000000000000E+0000
 1118  3.05179487179487E+0000  1.87765567765568E-0001
 1119  3.09369963369963E+0000  0.00000000000000E+0000
 1120  3.05179487179487E+0000  1.80512820512821E-0001
 1121  3.08483516483516E+0000  0.00000000000000E+0000
 1122  3.05421245421245E+0000  1.85347985347985E-0001
 1123  3.08080586080586E+0000  0.00000000000000E+0000
 1124  3.05098901098901E+0000  1.83736263736264E-0001
 1125  3.08080586080586E+0000  0.00000000000000E+0000
 1126  3.05098901098901E+0000  1.85347985347985E-0001
 1127  3.07677655677656E+0000  1.85347985347985E-0001
 1128  0.00000000000000E+0000  0.00000000000000E+0000
 1129  3.04776556776557E+0000  1.85347985347985E-0001
 1130  0.00000000000000E+0000  0.00000000000000E+0000
 1131  3.05501831501832E+0000  1.81318681318681E-0001
 1132  0.00000000000000E+0000  0.00000000000000E+0000
 1133  3.05663003663004E+0000  1.85347985347985E-0001
 1134  0.00000000000000E+0000  0.00000000000000E+0000
 1135  3.05582417582418E+0000  1.86153846153846E-0001
 1136  2.74798534798535E-0001  0.00000000000000E+0000
 1137  3.06065934065934E+0000  1.82930402930403E-0001
 1138  8.07472527472527E-0001  0.00000000000000E+0000
 1139  3.05501831501832E+0000  1.88571428571429E-0001
 1140  1.36512820512821E+0000  0.00000000000000E+0000
 1141  3.05582417582418E+0000  1.77289377289377E-0001
 1142  3.06791208791209E+0000  1.50695970695971E-0001
 1143  0.00000000000000E+0000  1.72454212454212E-0001
 1144  3.07113553113553E+0000  1.98241758241758E-0001
 1145  0.00000000000000E+0000  1.75677655677656E-0001
 1146  3.07113553113553E+0000  2.44981684981685E-0001
 1147  0.00000000000000E+0000  1.77289377289377E-0001
 1148  3.06630036630037E+0000  2.48205128205128E-0001
 1149  0.00000000000000E+0000  1.78901098901099E-0001
 1150  3.06630036630037E+0000  2.49010989010989E-0001
 1151  0.00000000000000E+0000  3.89230769230769E-0001
 1152  3.06307692307692E+0000  2.47399267399267E-0001
 1153  0.00000000000000E+0000  0.00000000000000E+0000
 1154  3.05501831501832E+0000  1.86153846153846E-0001
 1155  3.10336996336996E+0000  0.00000000000000E+0000
 1156  3.05743589743590E+0000  1.89377289377289E-0001
 1157  3.10417582417582E+0000  0.00000000000000E+0000
 1158  3.04857142857143E+0000  1.86959706959707E-0001
 1159  3.09934065934066E+0000  0.00000000000000E+0000
 1160  3.04857142857143E+0000  1.86959706959707E-0001
 1161  3.09853479853480E+0000  8.30036630036630E-0002
 1162  2.95106227106227E+0000  1.56336996336996E-0001
 1163  3.09772893772894E+0000  1.83736263736264E-0001
 1164  2.34424908424908E+0000  7.89743589743590E-0002
 1165  3.09369963369963E+0000  2.24029304029304E-0001
 1166  1.63589743589744E+0000  1.20879120879120E-0002
 1167  3.08725274725275E+0000  2.22417582417582E-0001
 1168  1.06857142857143E+0000  1.53113553113553E-0001
 1169  3.70695970695971E-0002  2.39340659340659E-0001
 1170  3.08644688644689E+0000  9.58974358974359E-0002
 1171  0.00000000000000E+0000  2.38534798534799E-0001
 1172  3.08080586080586E+0000  4.51282051282051E-0002
 1173  0.00000000000000E+0000  2.34505494505495E-0001
 1174  3.07919413919414E+0000  0.00000000000000E+0000
 1175  0.00000000000000E+0000  2.35311355311355E-0001
 1176  3.07758241758242E+0000  0.00000000000000E+0000
 1177  0.00000000000000E+0000  2.34505494505495E-0001
 1178  3.08161172161172E+0000  0.00000000000000E+0000
 1179  0.00000000000000E+0000  0.00000000000000E+0000
 1180  3.07838827838828E+0000  2.14358974358974E-0001
 1181  0.00000000000000E+0000  0.00000000000000E+0000
 1182  3.07919413919414E+0000  2.12747252747253E-0001
 1183  0.00000000000000E+0000  0.00000000000000E+0000
 1184  3.08000000000000E+0000  2.09523809523810E-0001
 1185  0.00000000000000E+0000  0.00000000000000E+0000
 1186  3.07516483516484E+0000  2.08717948717949E-0001
 1187  0.00000000000000E+0000  0.00000000000000E+0000
 1188  3.07838827838828E+0000  2.07106227106227E-0001
 1189  0.00000000000000E+0000  0.00000000000000E+0000
 1190  3.06791208791209E+0000  2.03076923076923E-0001
 1191  0.00000000000000E+0000  0.00000000000000E+0000
 1192  3.06791208791209E+0000  2.02271062271062E-0001
 1193  0.00000000000000E+0000  0.00000000000000E+0000
 1194  0.00000000000000E+0000  2.21611721611722E-0001
 1195  3.06791208791209E+0000  0.00000000000000E+0000
 1196  0.00000000000000E+0000  2.21611721611722E-0001
 1197  3.06630036630037E+0000  0.00000000000000E+0000
 1198  0.00000000000000E+0000  2.17582417582418E-0001
 1199  3.06630036630037E+0000  0.00000000000000E+0000
 1200  0.00000000000000E+0000  2.19194139194139E-0001
 1201  3.06630036630037E+0000  0.00000000000000E+0000
 1202  0.00000000000000E+0000  2.19194139194139E-0001
 1203  3.06388278388278E+0000  0.00000000000000E+0000
 1204  0.00000000000000E+0000  2.16776556776557E-0001
 1205  3.06065934065934E+0000  0.00000000000000E+0000
 1206  0.00000000000000E+0000  0.00000000000000E+0000
 1207  3.05904761904762E+0000  1.95824175824176E-0001
 1208  0.00000000000000E+0000  0.00000000000000E+0000
 1209  3.05985347985348E+0000  1.91794871794872E-0001
 1210  0.00000000000000E+0000  0.00000000000000E+0000
 1211  3.06065934065934E+0000  1.92600732600733E-0001
 1212  0.00000000000000E+0000  0.00000000000000E+0000
 1213  3.05582417582418E+0000  1.88571428571429E-0001
 1214  0.00000000000000E+0000  0.00000000000000E+0000
 1215  3.05582417582418E+0000  1.88571428571429E-0001
 1216  0.00000000000000E+0000  0.00000000000000E+0000
 1217  3.05582417582418E+0000  1.86959706959707E-0001
 1218  0.00000000000000E+0000  0.00000000000000E+0000
 1219  0.00000000000000E+0000  2.08717948717949E-0001
 1220  3.05904761904762E+0000  0.00000000000000E+0000
 1221  0.00000000000000E+0000  2.07106227106227E-0001
 1222  3.05904761904762E+0000  0.00000000000000E+0000
 1223  0.00000000000000E+0000  2.04688644688645E-0001
 1224  3.04937728937729E+0000  1.82930402930403E-0001
 1225  0.00000000000000E+0000  2.03882783882784E-0001
 1226  3.05582417582418E+0000  1.82124542124542E-0001
 1227  0.00000000000000E+0000  3.80366300366300E-0001
 1228  3.05501831501832E+0000  1.82930402930403E-0001
 1229  0.00000000000000E+0000  4.06153846153846E-0001
 1230  3.05421245421245E+0000  1.86959706959707E-0001
 1231  0.00000000000000E+0000  0.00000000000000E+0000
 1232  0.00000000000000E+0000  0.00000000000000E+0000
 1233  3.05340659340659E+0000  0.00000000000000E+0000
 1234  0.00000000000000E+0000  1.80512820512821E-0001
 1235  3.07516483516484E+0000  0.00000000000000E+0000
 1236  0.00000000000000E+0000  1.78901098901099E-0001
 1237  3.07597069597070E+0000  0.00000000000000E+0000
 1238  0.00000000000000E+0000  1.77289377289377E-0001
 1239  3.07355311355311E+0000  7.25274725274725E-0003
 1240  0.00000000000000E+0000  1.78095238095238E-0001
 1241  3.06791208791209E+0000  4.51282051282051E-0002
 1242  0.00000000000000E+0000  1.78901098901099E-0001
 1243  3.06791208791209E+0000  8.94505494505495E-0002
 1244  0.00000000000000E+0000  1.77289377289377E-0001
 1245  3.06710622710623E+0000  1.36996336996337E-0001
 1246  0.00000000000000E+0000  0.00000000000000E+0000
 1247  3.05260073260073E+0000  1.87765567765568E-0001
 1248  2.08315018315018E+0000  0.00000000000000E+0000
 1249  3.05340659340659E+0000  1.86959706959707E-0001
 1250  2.62710622710623E+0000  0.00000000000000E+0000
 1251  3.05018315018315E+0000  1.88571428571429E-0001
 1252  3.11223443223443E+0000  0.00000000000000E+0000
 1253  3.05340659340659E+0000  1.85347985347985E-0001
 1254  3.10336996336996E+0000  0.00000000000000E+0000
 1255  3.04937728937729E+0000  1.83736263736264E-0001
 1256  3.10659340659341E+0000  0.00000000000000E+0000
 1257  3.05260073260073E+0000  1.87765567765568E-0001
 1258  3.09934065934066E+0000  0.00000000000000E+0000
 1259  3.05501831501832E+0000  1.87765567765568E-0001
 1260  3.10095238095238E+0000  2.45787545787546E-0001
 1261  0.00000000000000E+0000  3.81978021978022E-0001
 1262  3.06791208791209E+0000  2.43369963369963E-0001
 1263  0.00000000000000E+0000  3.76336996336996E-0001
 1264  3.06388278388278E+0000  2.43369963369963E-0001
 1265  0.00000000000000E+0000  4.07765567765568E-0001
 1266  3.06549450549451E+0000  2.43369963369963E-0001
 1267  1.02908424908425E+0000  3.93260073260073E-0001
 1268  3.06710622710623E+0000  2.40952380952381E-0001
 1269  2.18388278388278E+0000  3.12673992673993E-0001
 1270  2.33135531135531E+0000  2.34505494505495E-0001
 1271  3.08725274725275E+0000  2.29670329670330E-0001
 1272  1.47391941391941E+0000  5.72161172161172E-0002
 1273  3.09047619047619E+0000  2.26446886446886E-0001
 1274  1.83010989010989E+0000  0.00000000000000E+0000
 1275  3.08805860805861E+0000  2.20805860805861E-0001
 1276  1.01457875457875E+0000  0.00000000000000E+0000
 1277  3.08644688644689E+0000  2.22417582417582E-0001
 1278  3.84395604395604E-0001  0.00000000000000E+0000
 1279  3.08080586080586E+0000  2.20805860805861E-0001
 1280  0.00000000000000E+0000  0.00000000000000E+0000
 1281  3.08483516483516E+0000  2.14358974358974E-0001
 1282  0.00000000000000E+0000  0.00000000000000E+0000
 1283  3.08322344322344E+0000  2.17582417582418E-0001
 1284  0.00000000000000E+0000  0.00000000000000E+0000
 1285  0.00000000000000E+0000  2.30476190476190E-0001
 1286  3.08000000000000E+0000  0.00000000000000E+0000
 1287  0.00000000000000E+0000  2.30476190476190E-0001
 1288  3.07677655677656E+0000  0.00000000000000E+0000
 1289  0.00000000000000E+0000  2.30476190476190E-0001
 1290  3.07597069597070E+0000  0.00000000000000E+0000
 1291  0.00000000000000E+0000  2.26446886446886E-0001
 1292  3.07355311355311E+0000  0.00000000000000E+0000
 1293  0.00000000000000E+0000  2.26446886446886E-0001
 1294  3.07113553113553E+0000  0.00000000000000E+0000
 1295  0.00000000000000E+0000  0.00000000000000E+0000
 1296  3.07355311355311E+0000  2.08717948717949E-0001
 1297  0.00000000000000E+0000  0.00000000000000E+0000
 1298  3.07274725274725E+0000  2.06300366300366E-0001
 1299  0.00000000000000E+0000  0.00000000000000E+0000
 1300  3.06871794871795E+0000  2.06300366300366E-0001
 1301  0.00000000000000E+0000  0.00000000000000E+0000
 1302  3.06952380952381E+0000  2.07106227106227E-0001
 1303  0.00000000000000E+0000  0.00000000000000E+0000
 1304  3.06549450549451E+0000  2.03882783882784E-0001
 1305  0.00000000000000E+0000  0.00000000000000E+0000
 1306  3.06388278388278E+0000  0.00000000000000E+0000
 1307  0.00000000000000E+0000  0.00000000000000E+0000
 1308  3.06710622710623E+0000  2.20805860805861E-0001
 1309  3.06549450549451E+0000  0.00000000000000E+0000
 1310  0.00000000000000E+0000  2.18388278388278E-0001
 1311  3.06468864468864E+0000  0.00000000000000E+0000
 1312  0.00000000000000E+0000  2.16776556776557E-0001
 1313  3.06227106227106E+0000  0.00000000000000E+0000
 1314  0.00000000000000E+0000  2.14358974358974E-0001
 1315  3.06549450549451E+0000  0.00000000000000E+0000
 1316  0.00000000000000E+0000  2.14358974358974E-0001
 1317  3.06307692307692E+0000  0.00000000000000E+0000
 1318  0.00000000000000E+0000  0.00000000000000E+0000
 1319  3.05824175824176E+0000  1.96630036630037E-0001
 1320  0.00000000000000E+0000  0.00000000000000E+0000
 1321  3.06065934065934E+0000  1.95018315018315E-0001
 1322  0.00000000000000E+0000  0.00000000000000E+0000
 1323  3.05501831501832E+0000  1.92600732600733E-0001
 1324  0.00000000000000E+0000  0.00000000000000E+0000
 1325  3.05663003663004E+0000  1.92600732600733E-0001
 1326  0.00000000000000E+0000  0.00000000000000E+0000
 1327  3.05501831501832E+0000  1.91794871794872E-0001
 1328  0.00000000000000E+0000  0.00000000000000E+0000
 1329  0.00000000000000E+0000  0.00000000000000E+0000
 1330  3.05098901098901E+0000  0.00000000000000E+0000
 1331  0.00000000000000E+0000  2.07106227106227E-0001
 1332  3.05743589743590E+0000  0.00000000000000E+0000
 1333  0.00000000000000E+0000  2.06300366300366E-0001
 1334  3.05743589743590E+0000  0.00000000000000E+0000
 1335  0.00000000000000E+0000  2.07106227106227E-0001
 1336  3.05501831501832E+0000  0.00000000000000E+0000
 1337  0.00000000000000E+0000  2.06300366300366E-0001
 1338  3.05340659340659E+0000  8.94505494505495E-0002
 1339  0.00000000000000E+0000  1.98241758241758E-0001
 1340  3.05743589743590E+0000  1.87765567765568E-0001
 1341  0.00000000000000E+0000  0.00000000000000E+0000
 1342  3.05179487179487E+0000  1.86153846153846E-0001
 1343  3.08080586080586E+0000  0.00000000000000E+0000
 1344  3.05179487179487E+0000  1.92600732600733E-0001
 1345  3.08805860805861E+0000  0.00000000000000E+0000
 1346  3.04615384615385E+0000  1.85347985347985E-0001
 1347  3.07274725274725E+0000  0.00000000000000E+0000
 1348  3.04937728937729E+0000  1.80512820512821E-0001
 1349  3.07194139194139E+0000  0.00000000000000E+0000
 1350  0.00000000000000E+0000  1.78901098901099E-0001
 1351  3.07194139194139E+0000  0.00000000000000E+0000
 1352  3.05421245421245E+0000  1.92600732600733E-0001
 1353  0.00000000000000E+0000  0.00000000000000E+0000
 1354  3.05501831501832E+0000  1.89377289377289E-0001
 1355  0.00000000000000E+0000  0.00000000000000E+0000
 1356  3.04857142857143E+0000  1.85347985347985E-0001
 1357  0.00000000000000E+0000  0.00000000000000E+0000
 1358  3.05260073260073E+0000  1.85347985347985E-0001
 1359  2.75604395604396E-0001  0.00000000000000E+0000
 1360  3.05260073260073E+0000  1.82124542124542E-0001
 1361  6.89816849816850E-0001  0.00000000000000E+0000
 1362  3.05582417582418E+0000  1.78095238095238E-0001
 1363  3.06549450549451E+0000  8.46153846153846E-0002
 1364  0.00000000000000E+0000  1.79706959706960E-0001
 1365  3.06468864468864E+0000  1.20879120879120E-0001
 1366  0.00000000000000E+0000  1.79706959706960E-0001
 1367  3.06227106227106E+0000  1.54725274725275E-0001
 1368  0.00000000000000E+0000  1.75677655677656E-0001
 1369  3.06549450549451E+0000  1.87765567765568E-0001
 1370  0.00000000000000E+0000  1.83736263736264E-0001
 1371  3.06468864468864E+0000  0.00000000000000E+0000
 1372  3.05260073260073E+0000  1.86153846153846E-0001
 1373  3.11948717948718E+0000  0.00000000000000E+0000
 1374  3.05179487179487E+0000  1.83736263736264E-0001
 1375  3.10256410256410E+0000  0.00000000000000E+0000
 1376  3.05340659340659E+0000  1.86959706959707E-0001
 1377  3.10578754578755E+0000  0.00000000000000E+0000
 1378  3.05260073260073E+0000  1.86959706959707E-0001
 1379  3.10417582417582E+0000  0.00000000000000E+0000
 1380  3.05340659340659E+0000  1.82124542124542E-0001
 1381  3.10901098901099E+0000  0.00000000000000E+0000
 1382  3.05421245421245E+0000  1.86959706959707E-0001
 1383  3.10336996336996E+0000  2.44175824175824E-0001
 1384  0.00000000000000E+0000  3.77948717948718E-0001
 1385  3.06468864468864E+0000  2.49010989010989E-0001
 1386  0.00000000000000E+0000  4.09377289377289E-0001
 1387  3.06791208791209E+0000  2.44175824175824E-0001
 1388  3.19120879120879E-0001  3.89230769230769E-0001
 1389  3.07113553113553E+0000  2.47399267399267E-0001
 1390  1.17816849816850E+0000  3.88424908424908E-0001
 1391  3.07516483516484E+0000  2.41758241758242E-0001
 1392  1.53355311355311E+0000  9.58974358974359E-0002
 1393  2.91802197802198E+0000  1.11208791208791E-0001
 1394  3.09128205128205E+0000  2.12747252747253E-0001
 1395  2.22820512820513E+0000  5.56043956043956E-0002
 1396  3.09047619047619E+0000  2.24835164835165E-0001
 1397  2.02432234432234E+0000  0.00000000000000E+0000
 1398  3.08725274725275E+0000  2.23223443223443E-0001
 1399  1.11047619047619E+0000  0.00000000000000E+0000
 1400  3.09369963369963E+0000  2.19194139194139E-0001
 1401  3.08644688644689E-0001  0.00000000000000E+0000
 1402  3.08322344322344E+0000  2.36117216117216E-0001
 1403  3.08080586080586E+0000  2.01465201465201E-0002
 1404  0.00000000000000E+0000  2.35311355311355E-0001
 1405  3.08000000000000E+0000  0.00000000000000E+0000
 1406  0.00000000000000E+0000  2.29670329670330E-0001
 1407  3.08080586080586E+0000  0.00000000000000E+0000
 1408  0.00000000000000E+0000  2.32087912087912E-0001
 1409  3.08080586080586E+0000  0.00000000000000E+0000
 1410  0.00000000000000E+0000  0.00000000000000E+0000
 1411  3.07435897435897E+0000  2.31282051282051E-0001
 1412  3.06791208791209E+0000  2.12747252747253E-0001
 1413  0.00000000000000E+0000  0.00000000000000E+0000
 1414  3.07677655677656E+0000  2.09523809523810E-0001
 1415  0.00000000000000E+0000  0.00000000000000E+0000
 1416  3.07838827838828E+0000  2.09523809523810E-0001
 1417  0.00000000000000E+0000  0.00000000000000E+0000
 1418  3.07355311355311E+0000  2.03882783882784E-0001
 1419  0.00000000000000E+0000  0.00000000000000E+0000
 1420  0.00000000000000E+0000  2.30476190476190E-0001
 1421  3.07355311355311E+0000  0.00000000000000E+0000
 1422  0.00000000000000E+0000  2.26446886446886E-0001
 1423  3.06630036630037E+0000  0.00000000000000E+0000
 1424  0.00000000000000E+0000  2.26446886446886E-0001
 1425  3.06227106227106E+0000  2.01465201465201E-0001
 1426  0.00000000000000E+0000  0.00000000000000E+0000
 1427  3.06710622710623E+0000  2.01465201465201E-0001
 1428  0.00000000000000E+0000  0.00000000000000E+0000
 1429  3.06710622710623E+0000  2.01465201465201E-0001
 1430  0.00000000000000E+0000  0.00000000000000E+0000
 1431  3.06146520146520E+0000  2.00659340659341E-0001
 1432  0.00000000000000E+0000  0.00000000000000E+0000
 1433  0.00000000000000E+0000  2.20805860805861E-0001
 1434  3.06307692307692E+0000  0.00000000000000E+0000
 1435  0.00000000000000E+0000  2.19194139194139E-0001
 1436  3.05501831501832E+0000  0.00000000000000E+0000
 1437  3.05340659340659E+0000  1.96630036630037E-0001
 1438  0.00000000000000E+0000  0.00000000000000E+0000
 1439  3.05743589743590E+0000  1.94212454212454E-0001
 1440  0.00000000000000E+0000  0.00000000000000E+0000
 1441  0.00000000000000E+0000  2.16776556776557E-0001
 1442  3.07113553113553E+0000  0.00000000000000E+0000
 1443  0.00000000000000E+0000  2.14358974358974E-0001
 1444  3.05824175824176E+0000  0.00000000000000E+0000
 1445  0.00000000000000E+0000  2.13553113553114E-0001
 1446  3.05904761904762E+0000  0.00000000000000E+0000
 1447  0.00000000000000E+0000  0.00000000000000E+0000
 1448  3.05018315018315E+0000  1.89377289377289E-0001
 1449  0.00000000000000E+0000  0.00000000000000E+0000
 1450  3.05501831501832E+0000  1.88571428571429E-0001
 1451  0.00000000000000E+0000  0.00000000000000E+0000
 1452  3.05501831501832E+0000  1.82930402930403E-0001
 1453  0.00000000000000E+0000  0.00000000000000E+0000
 1454  3.05340659340659E+0000  2.07912087912088E-0001
 1455  3.05501831501832E+0000  0.00000000000000E+0000
 1456  0.00000000000000E+0000  2.01465201465201E-0001
 1457  3.06468864468864E+0000  0.00000000000000E+0000
 1458  0.00000000000000E+0000  2.06300366300366E-0001
 1459  3.05340659340659E+0000  1.76483516483516E-0001
 1460  0.00000000000000E+0000  2.07106227106227E-0001
 1461  3.04776556776557E+0000  1.80512820512821E-0001
 1462  0.00000000000000E+0000  0.00000000000000E+0000
 1463  3.04937728937729E+0000  1.83736263736264E-0001
 1464  3.08483516483516E+0000  0.00000000000000E+0000
 1465  3.04937728937729E+0000  1.81318681318681E-0001
 1466  3.08161172161172E+0000  0.00000000000000E+0000
 1467  3.04131868131868E+0000  1.81318681318681E-0001
 1468  3.07677655677656E+0000  0.00000000000000E+0000
 1469  3.05098901098901E+0000  1.79706959706960E-0001
 1470  3.07113553113553E+0000  0.00000000000000E+0000
 1471  0.00000000000000E+0000  1.80512820512821E-0001
 1472  3.07435897435897E+0000  0.00000000000000E+0000
 1473  0.00000000000000E+0000  0.00000000000000E+0000
 1474  3.05501831501832E+0000  1.80512820512821E-0001
 1475  0.00000000000000E+0000  0.00000000000000E+0000
 1476  3.05260073260073E+0000  1.86153846153846E-0001
 1477  0.00000000000000E+0000  0.00000000000000E+0000
 1478  3.05501831501832E+0000  1.86959706959707E-0001
 1479  0.00000000000000E+0000  0.00000000000000E+0000
 1480  3.05260073260073E+0000  1.86153846153846E-0001
 1481  1.54725274725275E-0001  0.00000000000000E+0000
 1482  3.05179487179487E+0000  1.74871794871795E-0001
 1483  3.06710622710623E+0000  3.06227106227106E-0002
 1484  0.00000000000000E+0000  1.84542124542125E-0001
 1485  3.06468864468864E+0000  6.44688644688645E-0002
 1486  0.00000000000000E+0000  1.75677655677656E-0001
 1487  3.06307692307692E+0000  9.58974358974359E-0002
 1488  0.00000000000000E+0000  1.74065934065934E-0001
