 0 -3.29450549450549E-0001 -3.72161172161172E-0001
 1 -2.23076923076923E-0001 -3.46373626373626E-0001
 2 -3.42344322344322E-0001 -4.22124542124542E-0001
 3 -3.19780219780220E-0001 -4.10036630036630E-0001
 4 -2.54505494505495E-0001 -3.70549450549451E-0001
 5 -2.73846153846154E-0001 -3.81025641025641E-0001
 6 -3.35091575091575E-0001 -4.20512820512821E-0001
 7 -3.34285714285714E-0001 -4.16483516483516E-0001
 8 -2.58534798534799E-0001 -3.76190476190476E-0001
 9 -2.77069597069597E-0001 -3.79413919413919E-0001
 10 -3.55238095238095E-0001 -4.30183150183150E-0001
 11 -3.23003663003663E-0001 -4.12454212454212E-0001
 12 -2.56117216117216E-0001 -3.68937728937729E-0001
 13 -2.62564102564103E-0001 -3.68937728937729E-0001
 14 -3.44761904761905E-0001 -4.27765567765568E-0001
 15 -3.28644688644689E-0001 -3.68131868131868E-0001
 16 -2.81098901098901E-0001 -3.78608058608059E-0001
 17 -3.28644688644689E-0001 -4.14871794871795E-0001
 18 -3.19780219780220E-0001 -4.05201465201465E-0001
 19 -2.51282051282051E-0001 -3.65714285714286E-0001
 20 -3.02051282051282E-0001 -3.82637362637363E-0001
 21 -3.37509157509158E-0001 -4.19706959706960E-0001
 22 -3.14945054945055E-0001 -4.01978021978022E-0001
 23 -2.56117216117216E-0001 -3.68131868131868E-0001
 24 -2.93186813186813E-0001 -3.90695970695971E-0001
 25 -3.24615384615385E-0001 -4.08424908424908E-0001
 26 -3.19780219780220E-0001 -4.06813186813187E-0001
 27 -2.48864468864469E-0001 -3.63296703296703E-0001
 28 -2.93992673992674E-0001 -3.93919413919414E-0001
 29 -3.51208791208791E-0001 -4.27765567765568E-0001
 30 -3.23003663003663E-0001 -4.18095238095238E-0001
 31 -2.57728937728938E-0001 -3.72967032967033E-0001
 32 -2.56117216117216E-0001 -3.69743589743590E-0001
 33 -3.50402930402930E-0001 -4.24542124542125E-0001
 34 -3.17362637362637E-0001 -4.07619047619048E-0001
 35 -2.50476190476190E-0001 -3.66520146520147E-0001
 36 -2.90769230769231E-0001 -3.90695970695971E-0001
 37 -3.34285714285714E-0001 -4.18095238095238E-0001
 38 -3.22197802197802E-0001 -4.10036630036630E-0001
 39 -2.56923076923077E-0001 -3.68131868131868E-0001
 40 -2.73040293040293E-0001 -3.76996336996337E-0001
 41 -3.43956043956044E-0001 -4.22124542124542E-0001
 42 -3.16556776556777E-0001 -4.06813186813187E-0001
 43 -2.66593406593407E-0001 -3.79413919413919E-0001
 44 -2.85934065934066E-0001 -3.89890109890110E-0001
 45 -3.28644688644689E-0001 -4.20512820512821E-0001
 46 -3.24615384615385E-0001 -4.10036630036630E-0001
 47 -2.63369963369963E-0001 -3.76190476190476E-0001
 48 -2.50476190476190E-0001 -3.63296703296703E-0001
 49 -3.46373626373626E-0001 -4.27765567765568E-0001
 50 -3.20586080586081E-0001 -4.14871794871795E-0001
 51 -2.68205128205128E-0001 -3.85860805860806E-0001
 52 -2.89157509157509E-0001 -3.89084249084249E-0001
 53 -3.41538461538462E-0001 -4.27765567765568E-0001
 54 -3.15750915750916E-0001 -4.02783882783883E-0001
 55 -2.59340659340659E-0001 -3.72967032967033E-0001
 56 -2.64981684981685E-0001 -3.77802197802198E-0001
 57 -3.41538461538462E-0001 -4.23736263736264E-0001
 58 -3.17362637362637E-0001 -4.07619047619048E-0001
 59 -2.56117216117216E-0001 -3.69743589743590E-0001
 60 -2.85934065934066E-0001 -3.90695970695971E-0001
 61 -3.18974358974359E-0001 -4.08424908424908E-0001
 62 -3.14139194139194E-0001 -4.09230769230769E-0001
 63 -2.57728937728938E-0001 -3.76190476190476E-0001
 64 -3.22197802197802E-0001 -4.12454212454212E-0001
 65 -3.41538461538462E-0001 -4.29377289377289E-0001
 66 -3.28644688644689E-0001 -4.21318681318681E-0001
 67 -2.60146520146520E-0001 -3.76190476190476E-0001
 68 -3.08498168498168E-0001 -4.10036630036630E-0001
 69 -3.60879120879121E-0001 -4.47106227106227E-0001
 70 -3.04468864468864E-0001 -4.03589743589744E-0001
 71 -2.59340659340659E-0001 -3.79413919413919E-0001
 72 -2.98827838827839E-0001 -3.98754578754579E-0001
 73 -3.50402930402930E-0001 -4.30989010989011E-0001
 74 -2.96410256410256E-0001 -4.04395604395604E-0001
 75 -2.60952380952381E-0001 -3.76190476190476E-0001
 76 -2.70622710622711E-0001 -3.89890109890110E-0001
 77 -3.45567765567766E-0001 -4.31794871794872E-0001
 78 -3.08498168498168E-0001 -4.07619047619048E-0001
 79 -2.58534798534799E-0001 -3.77802197802198E-0001
 80 -2.92380952380952E-0001 -3.97948717948718E-0001
 81 -3.50402930402930E-0001 -4.35824175824176E-0001
 82 -2.98021978021978E-0001 -3.95531135531136E-0001
 83 -2.63369963369963E-0001 -3.77802197802198E-0001
 84 -2.73040293040293E-0001 -3.84249084249084E-0001
 85 -3.41538461538462E-0001 -4.26153846153846E-0001
 86 -3.07692307692308E-0001 -4.03589743589744E-0001
 87 -2.56117216117216E-0001 -3.72161172161172E-0001
 88 -2.91575091575092E-0001 -3.95531135531136E-0001
 89 -3.50402930402930E-0001 -4.28571428571429E-0001
 90 -2.96410256410256E-0001 -3.98754578754579E-0001
 91 -2.62564102564103E-0001 -3.79413919413919E-0001
 92 -2.63369963369963E-0001 -3.79413919413919E-0001
 93 -3.36703296703297E-0001 -4.24542124542125E-0001
 94 -3.01245421245421E-0001 -4.05201465201465E-0001
 95 -2.50476190476190E-0001 -3.72967032967033E-0001
 96 -2.91575091575092E-0001 -3.96336996336996E-0001
 97 -3.52014652014652E-0001 -4.35824175824176E-0001
 98 -3.11721611721612E-0001 -4.14871794871795E-0001
 99 -2.60146520146520E-0001 -3.76190476190476E-0001
 100 -2.76263736263736E-0001 -3.95531135531136E-0001
 101 -3.50402930402930E-0001 -4.32600732600733E-0001
 102 -3.07692307692308E-0001 -4.09230769230769E-0001
 103 -2.62564102564103E-0001 -3.80219780219780E-0001
 104 -3.06886446886447E-0001 -4.02783882783883E-0001
 105 -3.50402930402930E-0001 -4.32600732600733E-0001
 106 -3.15750915750916E-0001 -4.10036630036630E-0001
 107 -2.64981684981685E-0001 -3.79413919413919E-0001
 108 -3.04468864468864E-0001 -3.99560439560440E-0001
 109 -3.25421245421245E-0001 -4.10036630036630E-0001
 110 -3.01245421245421E-0001 -4.03589743589744E-0001
 111 -2.62564102564103E-0001 -3.83443223443223E-0001
 112 -3.14139194139194E-0001 -4.11648351648352E-0001
 113 -3.39120879120879E-0001 -4.28571428571429E-0001
 114 -3.17362637362637E-0001 -4.11648351648352E-0001
 115 -2.60146520146520E-0001 -3.76190476190476E-0001
 116 -3.12527472527473E-0001 -4.06813186813187E-0001
 117 -3.07692307692308E-0001 -4.01978021978022E-0001
 118 -2.65787545787546E-0001 -3.76190476190476E-0001
 119 -3.04468864468864E-0001 -4.22930402930403E-0001
 120 -3.12527472527473E-0001 -3.82637362637363E-0001
 121 -2.91575091575092E-0001 -4.03589743589744E-0001
 122 -3.50402930402930E-0001 -4.36630036630037E-0001
 123 -2.89963369963370E-0001 -3.98754578754579E-0001
 124 -2.52087912087912E-0001 -3.65714285714286E-0001
 125 -3.06080586080586E-0001 -4.07619047619048E-0001
 126 -3.37509157509158E-0001 -3.98754578754579E-0001
 127 -2.56923076923077E-0001 -4.27765567765568E-0001
 128 -3.50402930402930E-0001 -3.94725274725275E-0001
 129 -2.55311355311355E-0001 -3.72967032967033E-0001
 130 -3.01245421245421E-0001 -4.31794871794872E-0001
 131 -3.04468864468864E-0001 -3.69743589743590E-0001
 132 -3.04468864468864E-0001 -4.28571428571429E-0001
 133 -2.95604395604396E-0001 -3.70549450549451E-0001
 134 -3.06080586080586E-0001 -3.97948717948718E-0001
 135 -3.38315018315018E-0001 -3.92307692307692E-0001
 136 -2.49670329670330E-0001 -3.97948717948718E-0001
 137 -3.10915750915751E-0001 -4.02783882783883E-0001
 138 -2.61758241758242E-0001 -4.01978021978022E-0001
 139 -3.41538461538462E-0001 -4.19706959706960E-0001
 140 -2.93186813186813E-0001 -3.76190476190476E-0001
 141 -3.14139194139194E-0001 -4.27765567765568E-0001
 142 -3.02051282051282E-0001 -3.98754578754579E-0001
 143 -2.59340659340659E-0001 -3.89890109890110E-0001
 144 -3.50402930402930E-0001 -3.93113553113553E-0001
 145 -2.65787545787546E-0001 -4.24542124542125E-0001
 146 -2.97216117216117E-0001 -3.76190476190476E-0001
 147 -3.04468864468864E-0001 -3.92307692307692E-0001
 148 -2.64981684981685E-0001 -3.99560439560440E-0001
 149 -3.32673992673993E-0001 -3.77802197802198E-0001
 150 -3.19780219780220E-0001 -4.18095238095238E-0001
 151 -3.02857142857143E-0001 -3.76190476190476E-0001
 152 -2.94798534798535E-0001 -3.89890109890110E-0001
 153 -3.43956043956044E-0001 -3.93113553113553E-0001
 154 -2.62564102564103E-0001 -4.14871794871795E-0001
 155 -2.88351648351648E-0001 -3.72967032967033E-0001
 156 -3.14139194139194E-0001 -3.91501831501832E-0001
 157 -2.65787545787546E-0001 -3.98754578754579E-0001
 158 -3.44761904761905E-0001 -3.64908424908425E-0001
 159 -3.13333333333333E-0001 -4.03589743589744E-0001
 160 -2.96410256410256E-0001 -3.98754578754579E-0001
 161 -3.44761904761905E-0001 -3.96336996336996E-0001
 162 -2.76263736263736E-0001 -3.76190476190476E-0001
 163 -3.11721611721612E-0001 -4.08424908424908E-0001
 164 -2.97216117216117E-0001 -3.84249084249084E-0001
 165 -2.66593406593407E-0001 -3.90695970695971E-0001
 166 -3.41538461538462E-0001 -4.09230769230769E-0001
 167 -2.98021978021978E-0001 -3.65714285714286E-0001
 168 -2.97216117216117E-0001 -3.88278388278388E-0001
 169 -2.63369963369963E-0001 -3.95531135531136E-0001
 170 -3.36703296703297E-0001 -4.09230769230769E-0001
 171 -2.93186813186813E-0001 -3.63296703296703E-0001
 172 -3.14945054945055E-0001 -3.89084249084249E-0001
 173 -2.65787545787546E-0001 -3.92307692307692E-0001
 174 -3.39120879120879E-0001 -4.13260073260073E-0001
 175 -2.97216117216117E-0001 -3.65714285714286E-0001
 176 -3.14139194139194E-0001 -3.93919413919414E-0001
 177 -2.63369963369963E-0001 -4.18901098901099E-0001
 178 -3.38315018315018E-0001 -3.95531135531136E-0001
 179 -2.61758241758242E-0001 -3.69743589743590E-0001
 180 -3.14945054945055E-0001 -4.01978021978022E-0001
 181 -3.50402930402930E-0001 -4.18901098901099E-0001
 182 -2.98827838827839E-0001 -3.61684981684982E-0001
 183 -2.99633699633700E-0001 -4.19706959706960E-0001
 184 -2.93186813186813E-0001 -3.90695970695971E-0001
 185 -2.59340659340659E-0001 -3.99560439560440E-0001
 186 -3.38315018315018E-0001 -4.18901098901099E-0001
 187 -2.97216117216117E-0001 -3.89084249084249E-0001
 188 -2.56923076923077E-0001 -3.64102564102564E-0001
 189 -3.13333333333333E-0001 -4.06007326007326E-0001
 190 -2.96410256410256E-0001 -3.71355311355311E-0001
 191 -3.08498168498168E-0001 -4.25347985347985E-0001
 192 -2.88351648351648E-0001 -3.67326007326007E-0001
 193 -3.10915750915751E-0001 -4.17289377289377E-0001
 194 -2.94798534798535E-0001 -3.72161172161172E-0001
 195 -3.11721611721612E-0001 -4.27765567765568E-0001
 196 -2.93186813186813E-0001 -3.74578754578755E-0001
 197 -3.11721611721612E-0001 -4.27765567765568E-0001
 198 -2.98021978021978E-0001 -3.70549450549451E-0001
 199 -3.11721611721612E-0001 -4.37435897435897E-0001
 200 -2.93992673992674E-0001 -3.72161172161172E-0001
 201 -3.33479853479853E-0001 -4.34212454212454E-0001
 202 -3.00439560439560E-0001 -3.70549450549451E-0001
 203 -2.96410256410256E-0001 -4.29377289377289E-0001
 204 -2.95604395604396E-0001 -3.68937728937729E-0001
 205 -3.11721611721612E-0001 -4.28571428571429E-0001
 206 -2.96410256410256E-0001 -3.76190476190476E-0001
 207 -3.12527472527473E-0001 -4.35018315018315E-0001
 208 -2.97216117216117E-0001 -3.76190476190476E-0001
 209 -3.02051282051282E-0001 -4.31794871794872E-0001
 210 -2.94798534798535E-0001 -3.76996336996337E-0001
 211 -3.14139194139194E-0001 -4.08424908424908E-0001
 212 -2.65787545787546E-0001 -4.18095238095238E-0001
 213 -3.50402930402930E-0001 -3.89084249084249E-0001
 214 -3.17362637362637E-0001 -4.44688644688645E-0001
 215 -3.03663003663004E-0001 -4.40659340659341E-0001
 216 -3.46373626373626E-0001 -3.87472527472527E-0001
 217 -3.15750915750916E-0001 -4.03589743589744E-0001
 218 -2.65787545787546E-0001 -4.40659340659341E-0001
 219 -2.94798534798535E-0001 -4.08424908424908E-0001
 220 -3.44761904761905E-0001 -3.76996336996337E-0001
 221 -3.07692307692308E-0001 -3.96336996336996E-0001
 222 -2.54505494505495E-0001 -4.27765567765568E-0001
 223 -3.00439560439560E-0001 -3.97948717948718E-0001
 224 -2.69816849816850E-0001 -4.30989010989011E-0001
 225 -2.86739926739927E-0001 -3.76190476190476E-0001
 226 -3.18974358974359E-0001 -4.14871794871795E-0001
 227 -3.43150183150183E-0001 -3.96336996336996E-0001
 228 -2.60952380952381E-0001 -3.76190476190476E-0001
 229 -3.14139194139194E-0001 -3.99560439560440E-0001
 230 -2.61758241758242E-0001 -4.20512820512821E-0001
 231 -2.98827838827839E-0001 -4.14871794871795E-0001
 232 -3.43150183150183E-0001 -3.76190476190476E-0001
 233 -3.02857142857143E-0001 -4.03589743589744E-0001
 234 -3.40732600732601E-0001 -3.98754578754579E-0001
 235 -2.73846153846154E-0001 -4.22124542124542E-0001
 236 -3.50402930402930E-0001 -4.04395604395604E-0001
 237 -2.53699633699634E-0001 -4.15677655677656E-0001
 238 -3.50402930402930E-0001 -4.03589743589744E-0001
 239 -2.35970695970696E-0001 -4.24542124542125E-0001
 240 -3.56043956043956E-0001 -4.42271062271062E-0001
 241 -2.89963369963370E-0001 -3.84249084249084E-0001
 242 -3.09304029304029E-0001 -4.39047619047619E-0001
 243 -2.85934065934066E-0001 -4.02783882783883E-0001
 244 -2.36776556776557E-0001 -4.31794871794872E-0001
 245 -3.64102564102564E-0001 -4.48717948717949E-0001
 246 -2.73040293040293E-0001 -3.87472527472527E-0001
 247 -3.29450549450549E-0001 -3.89084249084249E-0001
 248 -2.73040293040293E-0001 -4.38241758241758E-0001
 249 -2.77069597069597E-0001 -4.30183150183150E-0001
 250 -3.56043956043956E-0001 -3.76190476190476E-0001
 251 -3.26227106227106E-0001 -3.99560439560440E-0001
 252 -2.27106227106227E-0001 -3.72967032967033E-0001
 253 -3.30256410256410E-0001 -3.98754578754579E-0001
 254 -2.47252747252747E-0001 -4.01978021978022E-0001
 255 -2.64175824175824E-0001 -4.54358974358974E-0001
 256 -2.86739926739927E-0001 -4.49523809523810E-0001
 257 -2.60952380952381E-0001 -4.40659340659341E-0001
 258 -3.59267399267399E-0001 -4.35018315018315E-0001
 259 -3.50402930402930E-0001 -3.93919413919414E-0001
 260 -2.73040293040293E-0001 -3.90695970695971E-0001
 261 -3.37509157509158E-0001 -4.43882783882784E-0001
 262 -2.65787545787546E-0001 -3.76190476190476E-0001
 263 -3.34285714285714E-0001 -4.28571428571429E-0001
 264 -3.36703296703297E-0001 -3.76190476190476E-0001
 265 -3.52014652014652E-0001 -3.85054945054945E-0001
 266 -2.76263736263736E-0001 -4.34212454212454E-0001
 267 -2.61758241758242E-0001 -4.40659340659341E-0001
 268 -3.39926739926740E-0001 -3.89890109890110E-0001
 269 -3.67326007326007E-0001 -4.47912087912088E-0001
 270 -3.50402930402930E-0001 -3.93919413919414E-0001
 271 -3.39926739926740E-0001 -3.81831501831502E-0001
 272 -3.43150183150183E-0001 -3.95531135531136E-0001
 273 -2.63369963369963E-0001 -3.85054945054945E-0001
 274 -2.77069597069597E-0001 -3.78608058608059E-0001
 275 -2.17435897435897E-0001 -4.45494505494505E-0001
 276 -2.64175824175824E-0001 -4.46300366300366E-0001
 277 -2.69010989010989E-0001 -4.49523809523810E-0001
 278 -3.50402930402930E-0001 -4.51135531135531E-0001
 279 -2.67399267399267E-0001 -4.37435897435897E-0001
 280 -3.50402930402930E-0001 -4.44688644688645E-0001
 281 -2.69010989010989E-0001 -4.61611721611722E-0001
 282 -3.43150183150183E-0001 -3.89084249084249E-0001
 283 -2.41611721611722E-0001 -3.63296703296703E-0001
 284 -3.43956043956044E-0001 -4.39047619047619E-0001
 285 -2.71428571428571E-0001 -3.94725274725275E-0001
 286 -3.53626373626374E-0001 -4.53553113553114E-0001
 287 -3.62490842490842E-0001 -3.95531135531136E-0001
 288 -2.73846153846154E-0001 -4.63223443223443E-0001
 289 -3.50402930402930E-0001 -4.11648351648352E-0001
 290 -3.44761904761905E-0001 -4.66446886446886E-0001
 291 -2.60146520146520E-0001 -4.20512820512821E-0001
 292 -3.65714285714286E-0001 -4.11648351648352E-0001
 293 -2.93992673992674E-0001 -4.66446886446886E-0001
 294 -3.42344322344322E-0001 -4.17289377289377E-0001
 295 -2.67399267399267E-0001 -4.15677655677656E-0001
 296 -3.35091575091575E-0001 -4.57582417582418E-0001
 297 -2.66593406593407E-0001 -3.85054945054945E-0001
 298 -3.47985347985348E-0001 -4.66446886446886E-0001
 299 -3.34285714285714E-0001 -4.11648351648352E-0001
 300 -3.05274725274725E-0001 -4.69670329670330E-0001
 301 -3.35091575091575E-0001 -4.33406593406593E-0001
 302 -3.24615384615385E-0001 -4.14871794871795E-0001
 303 -3.11721611721612E-0001 -4.16483516483516E-0001
 304 -2.85128205128205E-0001 -4.07619047619048E-0001
 305 -2.60146520146520E-0001 -4.04395604395604E-0001
 306 -2.93186813186813E-0001 -4.01978021978022E-0001
 307 -2.69816849816850E-0001 -3.93919413919414E-0001
 308 -2.89157509157509E-0001 -3.97142857142857E-0001
 309 -2.94798534798535E-0001 -4.17289377289377E-0001
 310 -3.41538461538462E-0001 -3.97948717948718E-0001
 311 -3.09304029304029E-0001 -4.27765567765568E-0001
 312 -3.44761904761905E-0001 -4.04395604395604E-0001
 313 -3.30256410256410E-0001 -3.95531135531136E-0001
 314 -3.47985347985348E-0001 -4.05201465201465E-0001
 315 -3.47179487179487E-0001 -4.09230769230769E-0001
 316 -3.49597069597070E-0001 -4.27765567765568E-0001
 317 -3.47179487179487E-0001 -3.99560439560440E-0001
 318 -3.43150183150183E-0001 -3.73772893772894E-0001
 319 -2.82710622710623E-0001 -4.37435897435897E-0001
 320 -3.08498168498168E-0001 -4.04395604395604E-0001
 321 -3.45567765567766E-0001 -3.92307692307692E-0001
 322 -2.55311355311355E-0001 -3.86666666666667E-0001
 323 -2.57728937728938E-0001 -3.91501831501832E-0001
 324 -2.57728937728938E-0001 -3.82637362637363E-0001
 325 -2.67399267399267E-0001 -3.88278388278388E-0001
 326 -2.62564102564103E-0001 -3.63296703296703E-0001
 327 -3.27838827838828E-0001 -3.59267399267399E-0001
 328 -2.98021978021978E-0001 -3.56849816849817E-0001
 329 -3.10915750915751E-0001 -3.76996336996337E-0001
 330 -3.05274725274725E-0001 -3.86666666666667E-0001
 331 -2.60952380952381E-0001 -3.97142857142857E-0001
 332 -3.46373626373626E-0001 -3.52820512820513E-0001
 333 -3.06080586080586E-0001 -4.17289377289377E-0001
 334 -3.02051282051282E-0001 -3.85860805860806E-0001
 335 -2.60146520146520E-0001 -3.88278388278388E-0001
 336 -3.25421245421245E-0001 -3.56849816849817E-0001
 337 -2.91575091575092E-0001 -3.81025641025641E-0001
 338 -2.69816849816850E-0001 -4.14871794871795E-0001
 339 -3.02857142857143E-0001 -4.10036630036630E-0001
 340 -2.85128205128205E-0001 -3.72967032967033E-0001
 341 -3.50402930402930E-0001 -4.14871794871795E-0001
 342 -3.01245421245421E-0001 -3.88278388278388E-0001
 343 -3.51208791208791E-0001 -3.78608058608059E-0001
 344 -3.50402930402930E-0001 -3.89084249084249E-0001
 345 -3.47985347985348E-0001 -4.04395604395604E-0001
 346 -2.96410256410256E-0001 -3.76190476190476E-0001
 347 -3.02857142857143E-0001 -4.08424908424908E-0001
 348 -2.98021978021978E-0001 -3.85054945054945E-0001
 349 -3.31868131868132E-0001 -3.81025641025641E-0001
 350 -2.69010989010989E-0001 -4.06813186813187E-0001
 351 -2.99633699633700E-0001 -4.05201465201465E-0001
 352 -2.77875457875458E-0001 -4.06813186813187E-0001
 353 -2.90769230769231E-0001 -4.07619047619048E-0001
 354 -2.85934065934066E-0001 -3.65714285714286E-0001
 355 -2.69010989010989E-0001 -3.77802197802198E-0001
 356 -2.77069597069597E-0001 -3.53626373626374E-0001
 357 -3.08498168498168E-0001 -3.56849816849817E-0001
 358 -3.05274725274725E-0001 -3.82637362637363E-0001
 359 -3.43150183150183E-0001 -3.78608058608059E-0001
 360 -3.38315018315018E-0001 -3.81025641025641E-0001
 361 -3.35091575091575E-0001 -3.97142857142857E-0001
 362 -2.95604395604396E-0001 -4.06813186813187E-0001
 363 -3.05274725274725E-0001 -3.76190476190476E-0001
 364 -2.64175824175824E-0001 -3.74578754578755E-0001
 365 -2.60952380952381E-0001 -3.52820512820513E-0001
 366 -3.01245421245421E-0001 -3.76190476190476E-0001
 367 -2.52893772893773E-0001 -4.09230769230769E-0001
 368 -2.86739926739927E-0001 -4.10842490842491E-0001
 369 -3.01245421245421E-0001 -3.86666666666667E-0001
 370 -3.56849816849817E-0001 -3.91501831501832E-0001
 371 -3.50402930402930E-0001 -3.56043956043956E-0001
 372 -3.02857142857143E-0001 -3.76190476190476E-0001
 373 -2.64175824175824E-0001 -3.82637362637363E-0001
 374 -2.61758241758242E-0001 -4.14065934065934E-0001
 375 -2.96410256410256E-0001 -3.98754578754579E-0001
 376 -3.52820512820513E-0001 -4.14871794871795E-0001
 377 -2.96410256410256E-0001 -3.62490842490842E-0001
 378 -3.34285714285714E-0001 -3.89084249084249E-0001
 379 -2.65787545787546E-0001 -4.11648351648352E-0001
 380 -2.93186813186813E-0001 -3.96336996336996E-0001
 381 -3.50402930402930E-0001 -3.61684981684982E-0001
 382 -3.15750915750916E-0001 -3.83443223443223E-0001
 383 -2.71428571428571E-0001 -3.63296703296703E-0001
 384 -3.39120879120879E-0001 -3.83443223443223E-0001
 385 -2.54505494505495E-0001 -4.18901098901099E-0001
 386 -2.94798534798535E-0001 -3.87472527472527E-0001
 387 -2.73040293040293E-0001 -4.14871794871795E-0001
 388 -2.88351648351648E-0001 -3.92307692307692E-0001
 389 -3.52820512820513E-0001 -3.97142857142857E-0001
 390 -3.49597069597070E-0001 -3.66520146520147E-0001
 391 -3.01245421245421E-0001 -3.89084249084249E-0001
 392 -2.77875457875458E-0001 -4.27765567765568E-0001
 393 -2.94798534798535E-0001 -3.97948717948718E-0001
 394 -3.56849816849817E-0001 -3.73772893772894E-0001
 395 -3.36703296703297E-0001 -3.88278388278388E-0001
 396 -2.60146520146520E-0001 -4.18095238095238E-0001
 397 -2.91575091575092E-0001 -4.06007326007326E-0001
 398 -3.38315018315018E-0001 -4.15677655677656E-0001
 399 -2.90769230769231E-0001 -4.23736263736264E-0001
 400 -3.54432234432234E-0001 -4.00366300366300E-0001
 401 -3.52014652014652E-0001 -4.18095238095238E-0001
 402 -2.89963369963370E-0001 -3.80219780219780E-0001
 403 -2.36776556776557E-0001 -3.68937728937729E-0001
 404 -3.21391941391941E-0001 -4.17289377289377E-0001
 405 -3.70549450549451E-0001 -4.31794871794872E-0001
 406 -2.76263736263736E-0001 -3.86666666666667E-0001
 407 -2.51282051282051E-0001 -3.83443223443223E-0001
 408 -2.64175824175824E-0001 -3.70549450549451E-0001
 409 -3.41538461538462E-0001 -3.66520146520147E-0001
 410 -3.27032967032967E-0001 -4.10036630036630E-0001
 411 -3.64102564102564E-0001 -4.19706959706960E-0001
 412 -3.52014652014652E-0001 -4.24542124542125E-0001
 413 -2.77069597069597E-0001 -4.35018315018315E-0001
 414 -2.87545787545788E-0001 -3.84249084249084E-0001
 415 -2.60146520146520E-0001 -3.66520146520147E-0001
 416 -3.37509157509158E-0001 -4.17289377289377E-0001
 417 -3.51208791208791E-0001 -4.27765567765568E-0001
 418 -2.73846153846154E-0001 -3.65714285714286E-0001
 419 -2.26300366300366E-0001 -3.72161172161172E-0001
 420 -2.78681318681319E-0001 -4.31794871794872E-0001
 421 -2.56117216117216E-0001 -4.27765567765568E-0001
 422 -3.53626373626374E-0001 -4.27765567765568E-0001
 423 -2.60952380952381E-0001 -4.25347985347985E-0001
 424 -3.46373626373626E-0001 -4.28571428571429E-0001
 425 -3.52014652014652E-0001 -4.29377289377289E-0001
 426 -2.69010989010989E-0001 -3.96336996336996E-0001
 427 -2.57728937728938E-0001 -3.60073260073260E-0001
 428 -3.16556776556777E-0001 -4.31794871794872E-0001
 429 -3.39926739926740E-0001 -4.30989010989011E-0001
 430 -2.72234432234432E-0001 -3.83443223443223E-0001
 431 -2.49670329670330E-0001 -3.79413919413919E-0001
 432 -3.39120879120879E-0001 -4.30989010989011E-0001
 433 -3.40732600732601E-0001 -4.30183150183150E-0001
 434 -2.66593406593407E-0001 -3.80219780219780E-0001
 435 -2.31941391941392E-0001 -3.76190476190476E-0001
 436 -2.64175824175824E-0001 -3.83443223443223E-0001
 437 -2.40000000000000E-0001 -3.58461538461538E-0001
 438 -3.50402930402930E-0001 -3.84249084249084E-0001
 439 -3.31868131868132E-0001 -4.24542124542125E-0001
 440 -3.46373626373626E-0001 -4.35824175824176E-0001
 441 -3.47985347985348E-0001 -3.90695970695971E-0001
 442 -3.51208791208791E-0001 -3.81831501831502E-0001
 443 -2.73040293040293E-0001 -3.82637362637363E-0001
 444 -2.69010989010989E-0001 -4.28571428571429E-0001
 445 -2.61758241758242E-0001 -4.35824175824176E-0001
 446 -3.55238095238095E-0001 -4.30183150183150E-0001
 447 -3.34285714285714E-0001 -4.22930402930403E-0001
 448 -2.63369963369963E-0001 -3.82637362637363E-0001
 449 -2.89963369963370E-0001 -4.00366300366300E-0001
 450 -3.43150183150183E-0001 -3.76996336996337E-0001
 451 -3.01245421245421E-0001 -4.05201465201465E-0001
 452 -3.28644688644689E-0001 -3.76996336996337E-0001
 453 -2.70622710622711E-0001 -4.16483516483516E-0001
 454 -2.60146520146520E-0001 -3.79413919413919E-0001
 455 -2.86739926739927E-0001 -4.22124542124542E-0001
 456 -2.63369963369963E-0001 -3.85860805860806E-0001
 457 -2.97216117216117E-0001 -4.18901098901099E-0001
 458 -2.60952380952381E-0001 -3.84249084249084E-0001
 459 -2.85934065934066E-0001 -4.27765567765568E-0001
 460 -2.58534798534799E-0001 -3.82637362637363E-0001
 461 -2.93186813186813E-0001 -4.17289377289377E-0001
 462 -2.59340659340659E-0001 -3.81831501831502E-0001
 463 -2.93186813186813E-0001 -3.81025641025641E-0001
 464 -2.73846153846154E-0001 -3.80219780219780E-0001
 465 -3.41538461538462E-0001 -4.01978021978022E-0001
 466 -3.31868131868132E-0001 -4.28571428571429E-0001
 467 -3.11721611721612E-0001 -4.16483516483516E-0001
 468 -2.64175824175824E-0001 -3.78608058608059E-0001
 469 -2.98827838827839E-0001 -4.01978021978022E-0001
 470 -3.50402930402930E-0001 -4.41465201465201E-0001
 471 -3.12527472527473E-0001 -4.12454212454212E-0001
 472 -2.62564102564103E-0001 -3.80219780219780E-0001
 473 -2.91575091575092E-0001 -4.06813186813187E-0001
 474 -3.12527472527473E-0001 -4.07619047619048E-0001
 475 -2.61758241758242E-0001 -4.01978021978022E-0001
 476 -3.50402930402930E-0001 -4.05201465201465E-0001
 477 -2.60146520146520E-0001 -3.71355311355311E-0001
 478 -3.01245421245421E-0001 -4.28571428571429E-0001
 479 -3.05274725274725E-0001 -3.66520146520147E-0001
 480 -3.11721611721612E-0001 -3.80219780219780E-0001
 481 -3.43956043956044E-0001 -4.31794871794872E-0001
 482 -2.98021978021978E-0001 -3.95531135531136E-0001
 483 -2.60146520146520E-0001 -3.79413919413919E-0001
 484 -3.35091575091575E-0001 -4.08424908424908E-0001
 485 -3.52014652014652E-0001 -4.15677655677656E-0001
 486 -2.99633699633700E-0001 -4.01978021978022E-0001
 487 -2.62564102564103E-0001 -3.98754578754579E-0001
 488 -2.54505494505495E-0001 -3.76190476190476E-0001
 489 -2.98021978021978E-0001 -3.78608058608059E-0001
 490 -3.11721611721612E-0001 -4.05201465201465E-0001
 491 -2.60952380952381E-0001 -3.76190476190476E-0001
 492 -3.06886446886447E-0001 -3.84249084249084E-0001
 493 -3.02051282051282E-0001 -4.14871794871795E-0001
 494 -3.19780219780220E-0001 -4.26153846153846E-0001
 495 -2.98021978021978E-0001 -3.87472527472527E-0001
 496 -3.17362637362637E-0001 -4.15677655677656E-0001
 497 -3.38315018315018E-0001 -3.94725274725275E-0001
 498 -2.66593406593407E-0001 -4.04395604395604E-0001
 499 -2.53699633699634E-0001 -3.98754578754579E-0001
 500 -2.56117216117216E-0001 -4.07619047619048E-0001
 501 -2.64981684981685E-0001 -4.34212454212454E-0001
 502 -3.02051282051282E-0001 -4.28571428571429E-0001
 503 -2.94798534798535E-0001 -4.10842490842491E-0001
 504 -3.40732600732601E-0001 -4.10842490842491E-0001
 505 -3.38315018315018E-0001 -3.82637362637363E-0001
 506 -3.03663003663004E-0001 -3.64102564102564E-0001
 507 -3.14139194139194E-0001 -3.94725274725275E-0001
 508 -2.69010989010989E-0001 -3.79413919413919E-0001
 509 -3.14139194139194E-0001 -3.76190476190476E-0001
 510 -3.08498168498168E-0001 -4.12454212454212E-0001
 511 -3.47179487179487E-0001 -4.02783882783883E-0001
 512 -2.53699633699634E-0001 -4.04395604395604E-0001
 513 -3.54432234432234E-0001 -3.98754578754579E-0001
 514 -2.38388278388278E-0001 -4.08424908424908E-0001
 515 -3.50402930402930E-0001 -4.01978021978022E-0001
 516 -2.52893772893773E-0001 -4.11648351648352E-0001
 517 -3.52014652014652E-0001 -4.35018315018315E-0001
 518 -2.93186813186813E-0001 -3.76190476190476E-0001
 519 -3.03663003663004E-0001 -4.27765567765568E-0001
 520 -2.91575091575092E-0001 -3.68131868131868E-0001
 521 -3.11721611721612E-0001 -4.30183150183150E-0001
 522 -2.94798534798535E-0001 -3.71355311355311E-0001
 523 -3.13333333333333E-0001 -4.01978021978022E-0001
 524 -3.44761904761905E-0001 -4.06007326007326E-0001
 525 -3.50402930402930E-0001 -4.04395604395604E-0001
 526 -3.43956043956044E-0001 -4.22930402930403E-0001
 527 -3.35897435897436E-0001 -4.06813186813187E-0001
 528 -3.43150183150183E-0001 -4.16483516483516E-0001
 529 -2.88351648351648E-0001 -3.99560439560440E-0001
 530 -2.64175824175824E-0001 -3.78608058608059E-0001
 531 -3.36703296703297E-0001 -4.09230769230769E-0001
 532 -3.47179487179487E-0001 -4.32600732600733E-0001
 533 -2.83516483516484E-0001 -3.89084249084249E-0001
 534 -2.50476190476190E-0001 -3.89084249084249E-0001
 535 -2.47252747252747E-0001 -4.16483516483516E-0001
 536 -3.58461538461538E-0001 -3.76996336996337E-0001
 537 -2.29523809523810E-0001 -3.68131868131868E-0001
 538 -3.22197802197802E-0001 -4.19706959706960E-0001
 539 -3.41538461538462E-0001 -3.76190476190476E-0001
 540 -3.43956043956044E-0001 -4.38241758241758E-0001
 541 -3.56849816849817E-0001 -3.77802197802198E-0001
 542 -3.25421245421245E-0001 -4.15677655677656E-0001
 543 -3.58461538461538E-0001 -3.64908424908425E-0001
 544 -3.05274725274725E-0001 -4.02783882783883E-0001
 545 -3.50402930402930E-0001 -4.17289377289377E-0001
 546 -3.50402930402930E-0001 -4.20512820512821E-0001
 547 -3.45567765567766E-0001 -4.29377289377289E-0001
 548 -2.67399267399267E-0001 -3.64908424908425E-0001
 549 -3.27838827838828E-0001 -4.27765567765568E-0001
 550 -2.54505494505495E-0001 -3.72161172161172E-0001
 551 -2.53699633699634E-0001 -4.22930402930403E-0001
 552 -3.50402930402930E-0001 -3.68131868131868E-0001
 553 -2.48864468864469E-0001 -4.06813186813187E-0001
 554 -3.47179487179487E-0001 -4.27765567765568E-0001
 555 -2.89963369963370E-0001 -3.79413919413919E-0001
 556 -3.59267399267399E-0001 -4.21318681318681E-0001
 557 -2.55311355311355E-0001 -3.68937728937729E-0001
 558 -2.70622710622711E-0001 -3.85054945054945E-0001
 559 -3.35091575091575E-0001 -4.14871794871795E-0001
 560 -2.60146520146520E-0001 -4.18901098901099E-0001
 561 -3.28644688644689E-0001 -3.69743589743590E-0001
 562 -2.52893772893773E-0001 -4.40659340659341E-0001
 563 -3.40732600732601E-0001 -4.22124542124542E-0001
 564 -2.56117216117216E-0001 -4.18901098901099E-0001
 565 -3.23809523809524E-0001 -3.64102564102564E-0001
 566 -2.65787545787546E-0001 -4.31794871794872E-0001
 567 -3.29450549450549E-0001 -4.01978021978022E-0001
 568 -2.56117216117216E-0001 -3.65714285714286E-0001
 569 -2.80293040293040E-0001 -3.82637362637363E-0001
 570 -3.53626373626374E-0001 -4.21318681318681E-0001
 571 -3.18168498168498E-0001 -3.85054945054945E-0001
 572 -3.54432234432234E-0001 -4.21318681318681E-0001
 573 -3.09304029304029E-0001 -4.02783882783883E-0001
 574 -2.49670329670330E-0001 -3.76190476190476E-0001
 575 -3.41538461538462E-0001 -3.89084249084249E-0001
 576 -3.50402930402930E-0001 -3.96336996336996E-0001
 577 -3.55238095238095E-0001 -4.04395604395604E-0001
 578 -3.39926739926740E-0001 -4.27765567765568E-0001
 579 -3.04468864468864E-0001 -4.06007326007326E-0001
 580 -2.52893772893773E-0001 -3.71355311355311E-0001
 581 -2.78681318681319E-0001 -3.94725274725275E-0001
 582 -3.37509157509158E-0001 -4.08424908424908E-0001
 583 -2.96410256410256E-0001 -4.31794871794872E-0001
 584 -3.02857142857143E-0001 -3.97948717948718E-0001
 585 -2.60146520146520E-0001 -3.97948717948718E-0001
 586 -2.62564102564103E-0001 -3.70549450549451E-0001
 587 -2.91575091575092E-0001 -3.68937728937729E-0001
 588 -2.82710622710623E-0001 -3.67326007326007E-0001
 589 -2.91575091575092E-0001 -3.65714285714286E-0001
 590 -2.89157509157509E-0001 -3.89890109890110E-0001
 591 -3.21391941391941E-0001 -3.85054945054945E-0001
 592 -3.47179487179487E-0001 -4.30989010989011E-0001
 593 -2.78681318681319E-0001 -3.89084249084249E-0001
 594 -2.52087912087912E-0001 -3.71355311355311E-0001
 595 -2.93992673992674E-0001 -4.00366300366300E-0001
 596 -3.11721611721612E-0001 -4.20512820512821E-0001
 597 -2.82710622710623E-0001 -3.86666666666667E-0001
 598 -2.55311355311355E-0001 -3.89084249084249E-0001
 599 -2.56923076923077E-0001 -3.82637362637363E-0001
 600 -2.54505494505495E-0001 -3.83443223443223E-0001
 601 -2.58534798534799E-0001 -3.85860805860806E-0001
 602 -2.60952380952381E-0001 -3.71355311355311E-0001
 603 -3.01245421245421E-0001 -4.18901098901099E-0001
 604 -2.86739926739927E-0001 -4.12454212454212E-0001
 605 -3.31062271062271E-0001 -3.64908424908425E-0001
 606 -3.00439560439560E-0001 -3.93113553113553E-0001
 607 -2.48058608058608E-0001 -3.97142857142857E-0001
 608 -3.31868131868132E-0001 -4.11648351648352E-0001
 609 -2.83516483516484E-0001 -3.64908424908425E-0001
 610 -2.90769230769231E-0001 -3.89084249084249E-0001
 611 -3.45567765567766E-0001 -3.89890109890110E-0001
 612 -2.43223443223443E-0001 -3.60879120879121E-0001
 613 -2.87545787545788E-0001 -3.80219780219780E-0001
 614 -2.41611721611722E-0001 -3.93919413919414E-0001
 615 -3.41538461538462E-0001 -4.23736263736264E-0001
 616 -2.83516483516484E-0001 -4.16483516483516E-0001
 617 -3.38315018315018E-0001 -3.91501831501832E-0001
 618 -2.47252747252747E-0001 -3.63296703296703E-0001
 619 -2.84322344322344E-0001 -4.14871794871795E-0001
 620 -2.84322344322344E-0001 -3.89890109890110E-0001
 621 -2.66593406593407E-0001 -3.98754578754579E-0001
 622 -3.30256410256410E-0001 -4.10036630036630E-0001
 623 -2.87545787545788E-0001 -3.60879120879121E-0001
 624 -2.98021978021978E-0001 -3.70549450549451E-0001
 625 -2.60146520146520E-0001 -4.21318681318681E-0001
 626 -2.80293040293040E-0001 -4.02783882783883E-0001
 627 -3.31868131868132E-0001 -3.70549450549451E-0001
 628 -2.47252747252747E-0001 -3.59267399267399E-0001
 629 -3.11721611721612E-0001 -4.18901098901099E-0001
 630 -2.68205128205128E-0001 -3.76190476190476E-0001
 631 -2.43223443223443E-0001 -4.09230769230769E-0001
 632 -3.38315018315018E-0001 -4.19706959706960E-0001
 633 -2.59340659340659E-0001 -3.64102564102564E-0001
 634 -3.10915750915751E-0001 -4.07619047619048E-0001
 635 -3.52820512820513E-0001 -3.79413919413919E-0001
 636 -2.43223443223443E-0001 -4.15677655677656E-0001
 637 -2.58534798534799E-0001 -4.08424908424908E-0001
 638 -3.37509157509158E-0001 -3.63296703296703E-0001
 639 -3.34285714285714E-0001 -3.72161172161172E-0001
 640 -2.12600732600733E-0001 -4.21318681318681E-0001
 641 -2.42417582417582E-0001 -3.65714285714286E-0001
 642 -3.50402930402930E-0001 -4.27765567765568E-0001
 643 -3.31062271062271E-0001 -3.50402930402930E-0001
 644 -2.45641025641026E-0001 -3.65714285714286E-0001
 645 -3.03663003663004E-0001 -4.06007326007326E-0001
 646 -3.32673992673993E-0001 -4.14871794871795E-0001
 647 -2.57728937728938E-0001 -3.52820512820513E-0001
 648 -3.30256410256410E-0001 -3.70549450549451E-0001
 649 -2.79487179487179E-0001 -4.16483516483516E-0001
 650 -2.45641025641026E-0001 -4.18901098901099E-0001
 651 -3.33479853479853E-0001 -3.65714285714286E-0001
 652 -2.02930402930403E-0001 -4.22930402930403E-0001
 653 -2.43223443223443E-0001 -4.21318681318681E-0001
 654 -3.28644688644689E-0001 -3.89084249084249E-0001
 655 -3.18974358974359E-0001 -4.08424908424908E-0001
 656 -2.50476190476190E-0001 -3.69743589743590E-0001
 657 -2.64981684981685E-0001 -4.06007326007326E-0001
 658 -2.44029304029304E-0001 -3.65714285714286E-0001
 659 -2.78681318681319E-0001 -4.20512820512821E-0001
 660 -3.05274725274725E-0001 -4.02783882783883E-0001
 661 -2.48864468864469E-0001 -3.93919413919414E-0001
 662 -3.28644688644689E-0001 -4.15677655677656E-0001
 663 -3.19780219780220E-0001 -3.82637362637363E-0001
 664 -3.38315018315018E-0001 -4.05201465201465E-0001
 665 -2.49670329670330E-0001 -3.69743589743590E-0001
 666 -3.33479853479853E-0001 -4.19706959706960E-0001
 667 -3.02051282051282E-0001 -3.67326007326007E-0001
 668 -2.70622710622711E-0001 -3.78608058608059E-0001
 669 -3.43150183150183E-0001 -3.93919413919414E-0001
 670 -2.40805860805861E-0001 -3.64908424908425E-0001
 671 -2.78681318681319E-0001 -4.23736263736264E-0001
 672 -2.98827838827839E-0001 -3.97142857142857E-0001
 673 -2.45641025641026E-0001 -4.02783882783883E-0001
 674 -3.28644688644689E-0001 -4.18901098901099E-0001
 675 -2.98021978021978E-0001 -3.95531135531136E-0001
 676 -3.26227106227106E-0001 -3.89890109890110E-0001
 677 -2.52893772893773E-0001 -3.67326007326007E-0001
 678 -2.81098901098901E-0001 -3.89084249084249E-0001
 679 -3.02051282051282E-0001 -3.97142857142857E-0001
 680 -2.93992673992674E-0001 -3.68131868131868E-0001
 681 -3.05274725274725E-0001 -3.80219780219780E-0001
 682 -2.49670329670330E-0001 -4.18095238095238E-0001
 683 -2.79487179487179E-0001 -3.97142857142857E-0001
 684 -3.40732600732601E-0001 -3.65714285714286E-0001
 685 -2.80293040293040E-0001 -4.13260073260073E-0001
 686 -2.81904761904762E-0001 -4.03589743589744E-0001
 687 -3.35897435897436E-0001 -3.64908424908425E-0001
 688 -2.75457875457875E-0001 -3.94725274725275E-0001
 689 -3.24615384615385E-0001 -3.89084249084249E-0001
 690 -3.12527472527473E-0001 -3.93919413919414E-0001
 691 -3.11721611721612E-0001 -4.01978021978022E-0001
 692 -3.24615384615385E-0001 -4.13260073260073E-0001
 693 -2.82710622710623E-0001 -3.91501831501832E-0001
 694 -2.44029304029304E-0001 -3.76190476190476E-0001
 695 -2.95604395604396E-0001 -4.01172161172161E-0001
 696 -3.25421245421245E-0001 -4.02783882783883E-0001
 697 -3.21391941391941E-0001 -4.06007326007326E-0001
 698 -3.25421245421245E-0001 -4.09230769230769E-0001
 699 -3.24615384615385E-0001 -4.22930402930403E-0001
 700 -2.76263736263736E-0001 -3.78608058608059E-0001
 701 -2.93186813186813E-0001 -3.90695970695971E-0001
 702 -2.44835164835165E-0001 -3.99560439560440E-0001
 703 -3.24615384615385E-0001 -3.93919413919414E-0001
 704 -2.50476190476190E-0001 -3.76190476190476E-0001
 705 -2.91575091575092E-0001 -4.20512820512821E-0001
 706 -2.85934065934066E-0001 -3.97142857142857E-0001
 707 -2.47252747252747E-0001 -4.13260073260073E-0001
 708 -2.88351648351648E-0001 -3.66520146520147E-0001
 709 -2.92380952380952E-0001 -3.94725274725275E-0001
 710 -3.27838827838828E-0001 -3.63296703296703E-0001
 711 -2.97216117216117E-0001 -3.97142857142857E-0001
 712 -3.36703296703297E-0001 -4.19706959706960E-0001
 713 -2.77069597069597E-0001 -3.63296703296703E-0001
 714 -2.92380952380952E-0001 -3.80219780219780E-0001
 715 -2.52087912087912E-0001 -4.19706959706960E-0001
 716 -2.80293040293040E-0001 -3.89084249084249E-0001
 717 -3.30256410256410E-0001 -3.85860805860806E-0001
 718 -2.35970695970696E-0001 -3.52014652014652E-0001
 719 -2.97216117216117E-0001 -4.13260073260073E-0001
 720 -2.78681318681319E-0001 -3.76190476190476E-0001
 721 -2.46446886446886E-0001 -3.92307692307692E-0001
 722 -3.28644688644689E-0001 -4.09230769230769E-0001
 723 -2.80293040293040E-0001 -3.68937728937729E-0001
 724 -3.04468864468864E-0001 -3.76190476190476E-0001
 725 -2.53699633699634E-0001 -4.10842490842491E-0001
 726 -2.76263736263736E-0001 -3.43150183150183E-0001
 727 -3.03663003663004E-0001 -3.93919413919414E-0001
 728 -3.31062271062271E-0001 -3.81025641025641E-0001
 729 -2.24688644688645E-0001 -3.51208791208791E-0001
 730 -3.11721611721612E-0001 -4.15677655677656E-0001
 731 -2.62564102564103E-0001 -3.74578754578755E-0001
 732 -2.45641025641026E-0001 -4.22124542124542E-0001
 733 -2.50476190476190E-0001 -3.60073260073260E-0001
 734 -3.36703296703297E-0001 -4.22124542124542E-0001
 735 -3.35897435897436E-0001 -3.76996336996337E-0001
 736 -2.33553113553114E-0001 -3.51208791208791E-0001
 737 -3.11721611721612E-0001 -3.72967032967033E-0001
 738 -2.43223443223443E-0001 -4.06813186813187E-0001
 739 -3.27838827838828E-0001 -4.14871794871795E-0001
 740 -2.51282051282051E-0001 -3.33479853479853E-0001
 741 -3.23003663003663E-0001 -3.65714285714286E-0001
 742 -2.07765567765568E-0001 -4.17289377289377E-0001
 743 -2.47252747252747E-0001 -4.22930402930403E-0001
 744 -3.17362637362637E-0001 -3.63296703296703E-0001
 745 -2.56117216117216E-0001 -3.72967032967033E-0001
 746 -3.30256410256410E-0001 -4.15677655677656E-0001
 747 -2.42417582417582E-0001 -3.65714285714286E-0001
 748 -2.53699633699634E-0001 -3.56849816849817E-0001
 749 -2.69010989010989E-0001 -3.69743589743590E-0001
 750 -3.23003663003663E-0001 -3.59267399267399E-0001
 751 -3.21391941391941E-0001 -3.39926739926740E-0001
 752 -3.10915750915751E-0001 -3.62490842490842E-0001
 753 -3.00439560439560E-0001 -3.34285714285714E-0001
 754 -3.23003663003663E-0001 -4.14871794871795E-0001
 755 -3.03663003663004E-0001 -4.08424908424908E-0001
 756 -3.12527472527473E-0001 -4.07619047619048E-0001
 757 -2.36776556776557E-0001 -3.61684981684982E-0001
 758 -2.63369963369963E-0001 -3.66520146520147E-0001
 759 -3.03663003663004E-0001 -3.89890109890110E-0001
 760 -3.26227106227106E-0001 -3.60879120879121E-0001
 761 -2.42417582417582E-0001 -4.10036630036630E-0001
 762 -2.34358974358974E-0001 -4.14871794871795E-0001
 763 -3.24615384615385E-0001 -3.64102564102564E-0001
 764 -2.60146520146520E-0001 -3.76996336996337E-0001
 765 -3.25421245421245E-0001 -4.02783882783883E-0001
 766 -2.38388278388278E-0001 -3.68131868131868E-0001
 767 -2.45641025641026E-0001 -4.06007326007326E-0001
 768 -3.07692307692308E-0001 -3.61684981684982E-0001
 769 -3.28644688644689E-0001 -3.59267399267399E-0001
 770 -2.43223443223443E-0001 -4.10036630036630E-0001
 771 -2.88351648351648E-0001 -3.54432234432234E-0001
 772 -2.60952380952381E-0001 -3.74578754578755E-0001
 773 -3.18168498168498E-0001 -3.88278388278388E-0001
 774 -2.34358974358974E-0001 -3.68131868131868E-0001
 775 -3.34285714285714E-0001 -4.20512820512821E-0001
 776 -3.03663003663004E-0001 -3.60879120879121E-0001
 777 -2.56923076923077E-0001 -3.76996336996337E-0001
 778 -3.43956043956044E-0001 -3.93919413919414E-0001
 779 -2.35164835164835E-0001 -3.59267399267399E-0001
 780 -2.52893772893773E-0001 -4.11648351648352E-0001
 781 -2.88351648351648E-0001 -3.90695970695971E-0001
 782 -2.36776556776557E-0001 -4.14871794871795E-0001
 783 -2.73846153846154E-0001 -3.63296703296703E-0001
 784 -2.29523809523810E-0001 -3.50402930402930E-0001
 785 -3.16556776556777E-0001 -4.19706959706960E-0001
 786 -2.73040293040293E-0001 -3.63296703296703E-0001
 787 -3.02857142857143E-0001 -3.90695970695971E-0001
 788 -2.37582417582418E-0001 -3.97948717948718E-0001
 789 -3.09304029304029E-0001 -4.07619047619048E-0001
 790 -2.80293040293040E-0001 -3.63296703296703E-0001
 791 -2.48864468864469E-0001 -3.70549450549451E-0001
 792 -3.17362637362637E-0001 -3.73772893772894E-0001
 793 -2.35164835164835E-0001 -3.86666666666667E-0001
 794 -2.31941391941392E-0001 -3.59267399267399E-0001
 795 -2.88351648351648E-0001 -3.59267399267399E-0001
 796 -2.85934065934066E-0001 -3.63296703296703E-0001
 797 -2.77875457875458E-0001 -3.64908424908425E-0001
 798 -2.71428571428571E-0001 -3.63296703296703E-0001
 799 -2.87545787545788E-0001 -3.84249084249084E-0001
 800 -3.02051282051282E-0001 -3.74578754578755E-0001
 801 -3.13333333333333E-0001 -3.70549450549451E-0001
 802 -2.40000000000000E-0001 -3.62490842490842E-0001
 803 -2.75457875457875E-0001 -3.97948717948718E-0001
 804 -3.09304029304029E-0001 -4.13260073260073E-0001
 805 -2.73040293040293E-0001 -3.85054945054945E-0001
 806 -2.39194139194139E-0001 -3.64908424908425E-0001
 807 -2.87545787545788E-0001 -3.64102564102564E-0001
 808 -2.79487179487179E-0001 -3.68937728937729E-0001
 809 -2.81098901098901E-0001 -3.63296703296703E-0001
 810 -2.83516483516484E-0001 -3.93113553113553E-0001
 811 -3.12527472527473E-0001 -3.83443223443223E-0001
 812 -3.09304029304029E-0001 -3.92307692307692E-0001
 813 -3.06080586080586E-0001 -4.09230769230769E-0001
 814 -2.63369963369963E-0001 -4.09230769230769E-0001
 815 -2.69816849816850E-0001 -4.11648351648352E-0001
 816 -2.65787545787546E-0001 -3.87472527472527E-0001
 817 -2.38388278388278E-0001 -3.78608058608059E-0001
 818 -2.40000000000000E-0001 -3.65714285714286E-0001
 819 -2.80293040293040E-0001 -3.93919413919414E-0001
 820 -3.16556776556777E-0001 -3.81831501831502E-0001
 821 -2.38388278388278E-0001 -3.93919413919414E-0001
 822 -3.23003663003663E-0001 -3.92307692307692E-0001
 823 -3.15750915750916E-0001 -3.92307692307692E-0001
 824 -3.20586080586081E-0001 -3.79413919413919E-0001
 825 -2.21465201465201E-0001 -3.56043956043956E-0001
 826 -2.82710622710623E-0001 -3.93113553113553E-0001
 827 -3.22197802197802E-0001 -4.14871794871795E-0001
 828 -2.66593406593407E-0001 -3.88278388278388E-0001
 829 -3.14139194139194E-0001 -3.52014652014652E-0001
 830 -2.81098901098901E-0001 -3.87472527472527E-0001
 831 -2.38388278388278E-0001 -4.07619047619048E-0001
 832 -3.24615384615385E-0001 -4.17289377289377E-0001
 833 -2.64175824175824E-0001 -3.67326007326007E-0001
 834 -2.81904761904762E-0001 -3.93919413919414E-0001
 835 -3.33479853479853E-0001 -3.66520146520147E-0001
 836 -2.81904761904762E-0001 -3.81025641025641E-0001
 837 -2.36776556776557E-0001 -3.93113553113553E-0001
 838 -3.09304029304029E-0001 -4.14871794871795E-0001
 839 -2.65787545787546E-0001 -3.59267399267399E-0001
 840 -2.73040293040293E-0001 -3.87472527472527E-0001
 841 -3.16556776556777E-0001 -3.77802197802198E-0001
 842 -2.34358974358974E-0001 -3.63296703296703E-0001
 843 -2.80293040293040E-0001 -4.07619047619048E-0001
 844 -2.73040293040293E-0001 -3.47179487179487E-0001
 845 -2.69010989010989E-0001 -3.85054945054945E-0001
 846 -3.18974358974359E-0001 -3.58461538461538E-0001
 847 -2.72234432234432E-0001 -3.81025641025641E-0001
 848 -2.21465201465201E-0001 -3.92307692307692E-0001
 849 -3.18168498168498E-0001 -4.10036630036630E-0001
 850 -2.48864468864469E-0001 -3.55238095238095E-0001
 851 -2.95604395604396E-0001 -3.96336996336996E-0001
 852 -3.21391941391941E-0001 -3.59267399267399E-0001
 853 -2.19853479853480E-0001 -3.52820512820513E-0001
 854 -2.86739926739927E-0001 -3.64102564102564E-0001
 855 -2.03736263736264E-0001 -3.97948717948718E-0001
 856 -3.26227106227106E-0001 -3.57655677655678E-0001
 857 -2.38388278388278E-0001 -4.11648351648352E-0001
 858 -2.33553113553114E-0001 -3.97142857142857E-0001
 859 -3.24615384615385E-0001 -3.43150183150183E-0001
 860 -2.82710622710623E-0001 -4.08424908424908E-0001
 861 -2.47252747252747E-0001 -3.62490842490842E-0001
 862 -2.34358974358974E-0001 -4.10036630036630E-0001
 863 -2.43223443223443E-0001 -3.46373626373626E-0001
 864 -3.26227106227106E-0001 -4.16483516483516E-0001
 865 -3.17362637362637E-0001 -3.15750915750916E-0001
 866 -3.10109890109890E-0001 -4.06813186813187E-0001
 867 -2.26300366300366E-0001 -3.50402930402930E-0001
 868 -2.19047619047619E-0001 -4.03589743589744E-0001
 869 -3.20586080586081E-0001 -4.07619047619048E-0001
 870 -2.27912087912088E-0001 -3.51208791208791E-0001
 871 -3.02857142857143E-0001 -4.03589743589744E-0001
 872 -3.06886446886447E-0001 -3.56043956043956E-0001
 873 -2.34358974358974E-0001 -3.54432234432234E-0001
 874 -3.26227106227106E-0001 -3.97948717948718E-0001
 875 -2.31135531135531E-0001 -3.56043956043956E-0001
 876 -3.10915750915751E-0001 -4.05201465201465E-0001
 877 -2.30329670329670E-0001 -3.55238095238095E-0001
 878 -1.82783882783883E-0001 -4.05201465201465E-0001
 879 -2.34358974358974E-0001 -3.88278388278388E-0001
 880 -3.08498168498168E-0001 -3.50402930402930E-0001
 881 -2.34358974358974E-0001 -3.72161172161172E-0001
 882 -2.29523809523810E-0001 -3.51208791208791E-0001
 883 -2.89157509157509E-0001 -3.60879120879121E-0001
 884 -3.16556776556777E-0001 -3.63296703296703E-0001
 885 -2.95604395604396E-0001 -4.01172161172161E-0001
 886 -3.11721611721612E-0001 -4.01978021978022E-0001
 887 -3.03663003663004E-0001 -3.97948717948718E-0001
 888 -2.30329670329670E-0001 -4.01172161172161E-0001
 889 -2.27912087912088E-0001 -3.53626373626374E-0001
 890 -2.40000000000000E-0001 -3.57655677655678E-0001
 891 -3.12527472527473E-0001 -3.37509157509158E-0001
 892 -3.06886446886447E-0001 -3.49597069597070E-0001
 893 -3.07692307692308E-0001 -3.71355311355311E-0001
 894 -3.05274725274725E-0001 -4.00366300366300E-0001
 895 -3.11721611721612E-0001 -3.52820512820513E-0001
 896 -2.29523809523810E-0001 -3.95531135531136E-0001
 897 -3.04468864468864E-0001 -4.02783882783883E-0001
 898 -2.25494505494505E-0001 -3.68937728937729E-0001
 899 -3.13333333333333E-0001 -4.06007326007326E-0001
 900 -3.09304029304029E-0001 -3.50402930402930E-0001
 901 -2.30329670329670E-0001 -3.60073260073260E-0001
 902 -3.22197802197802E-0001 -4.10036630036630E-0001
 903 -2.23076923076923E-0001 -3.54432234432234E-0001
 904 -2.31135531135531E-0001 -4.06007326007326E-0001
 905 -3.18974358974359E-0001 -4.17289377289377E-0001
 906 -2.27912087912088E-0001 -3.51208791208791E-0001
 907 -3.10915750915751E-0001 -4.16483516483516E-0001
 908 -2.98021978021978E-0001 -3.68937728937729E-0001
 909 -3.15750915750916E-0001 -4.03589743589744E-0001
 910 -2.14212454212454E-0001 -4.05201465201465E-0001
 911 -2.89963369963370E-0001 -3.58461538461538E-0001
 912 -3.06080586080586E-0001 -3.58461538461538E-0001
 913 -2.48058608058608E-0001 -4.01978021978022E-0001
 914 -2.89157509157509E-0001 -3.91501831501832E-0001
 915 -2.21465201465201E-0001 -3.66520146520147E-0001
 916 -3.25421245421245E-0001 -4.14871794871795E-0001
 917 -2.79487179487179E-0001 -3.52014652014652E-0001
 918 -2.56923076923077E-0001 -3.69743589743590E-0001
 919 -3.14139194139194E-0001 -3.90695970695971E-0001
 920 -2.21465201465201E-0001 -3.50402930402930E-0001
 921 -2.34358974358974E-0001 -3.85860805860806E-0001
 922 -2.27912087912088E-0001 -3.64102564102564E-0001
 923 -3.10109890109890E-0001 -4.03589743589744E-0001
 924 -2.88351648351648E-0001 -3.43956043956044E-0001
 925 -2.67399267399267E-0001 -3.76190476190476E-0001
 926 -3.07692307692308E-0001 -3.54432234432234E-0001
 927 -3.14139194139194E-0001  5.99575091575092E+0000
 928 -1.99113553113553E+0000 -3.50402930402930E-0001
 929 -2.50476190476190E-0001 -3.44761904761905E-0001
 930 -2.23882783882784E-0001 -3.36703296703297E-0001
 931 -2.40000000000000E-0001 -3.51208791208791E-0001
 932 -2.41611721611722E-0001 -3.63296703296703E-0001
 933 -2.81904761904762E-0001 -3.82637362637363E-0001
 934 -3.10915750915751E-0001 -3.68937728937729E-0001
 935 -3.26227106227106E-0001 -4.05201465201465E-0001
 936 -2.67399267399267E-0001 -4.01978021978022E-0001
 937 -2.63369963369963E-0001 -3.81831501831502E-0001
 938 -2.22271062271062E-0001 -3.89890109890110E-0001
 939 -2.20659340659341E-0001 -3.76996336996337E-0001
 940 -2.09377289377289E-0001 -3.37509157509158E-0001
 941 -2.69010989010989E-0001 -3.51208791208791E-0001
 942 -2.60952380952381E-0001 -3.45567765567766E-0001
 943 -2.47252747252747E-0001 -3.39926739926740E-0001
 944 -2.61758241758242E-0001 -3.73772893772894E-0001
 945 -2.22271062271062E-0001 -3.81831501831502E-0001
 946 -2.18241758241758E-0001 -3.82637362637363E-0001
 947 -2.30329670329670E-0001 -3.71355311355311E-0001
 948 -2.21465201465201E-0001 -3.83443223443223E-0001
 949 -2.12600732600733E-0001 -3.50402930402930E-0001
 950 -2.64175824175824E-0001 -4.08424908424908E-0001
 951 -2.65787545787546E-0001 -3.83443223443223E-0001
 952 -2.13406593406593E-0001 -3.68131868131868E-0001
 953 -3.00439560439560E-0001 -3.78608058608059E-0001
 954 -2.25494505494505E-0001 -3.68131868131868E-0001
 955 -3.06080586080586E-0001 -3.76190476190476E-0001
 956 -2.24688644688645E-0001 -3.52820512820513E-0001
 957 -2.67399267399267E-0001 -3.93113553113553E-0001
 958 -2.60146520146520E-0001 -3.50402930402930E-0001
 959 -2.77069597069597E-0001 -4.07619047619048E-0001
 960 -2.62564102564103E-0001 -3.66520146520147E-0001
 961 -2.15824175824176E-0001 -3.73772893772894E-0001
 962 -2.16630036630037E-0001 -3.50402930402930E-0001
 963 -2.62564102564103E-0001 -3.68131868131868E-0001
 964 -3.13333333333333E-0001 -3.89084249084249E-0001
 965 -3.10109890109890E-0001 -4.04395604395604E-0001
 966 -2.62564102564103E-0001 -3.76190476190476E-0001
 967 -2.20659340659341E-0001 -3.50402930402930E-0001
 968 -2.64981684981685E-0001 -4.05201465201465E-0001
 969 -2.60952380952381E-0001 -3.50402930402930E-0001
 970 -2.68205128205128E-0001 -4.01978021978022E-0001
 971 -2.57728937728938E-0001 -3.50402930402930E-0001
 972 -2.51282051282051E-0001 -3.63296703296703E-0001
 973 -2.99633699633700E-0001 -3.78608058608059E-0001
 974 -2.28717948717949E-0001 -3.65714285714286E-0001
 975 -2.71428571428571E-0001 -4.04395604395604E-0001
 976 -2.56923076923077E-0001 -3.76996336996337E-0001
 977 -2.21465201465201E-0001 -3.95531135531136E-0001
 978 -2.97216117216117E-0001 -3.76996336996337E-0001
 979 -2.21465201465201E-0001 -3.58461538461538E-0001
 980 -2.71428571428571E-0001 -4.06007326007326E-0001
 981 -2.51282051282051E-0001 -3.53626373626374E-0001
 982 -2.64175824175824E-0001 -3.81025641025641E-0001
 983 -2.95604395604396E-0001 -3.71355311355311E-0001
 984 -2.23076923076923E-0001 -3.81025641025641E-0001
 985 -2.96410256410256E-0001 -3.75384615384615E-0001
 986 -2.24688644688645E-0001 -3.82637362637363E-0001
 987 -2.48058608058608E-0001 -3.50402930402930E-0001
 988 -2.57728937728938E-0001 -3.97142857142857E-0001
 989 -2.60146520146520E-0001 -3.50402930402930E-0001
 990 -2.73040293040293E-0001 -3.76996336996337E-0001
 991 -2.98827838827839E-0001 -3.68131868131868E-0001
 992 -2.17435897435897E-0001 -3.76190476190476E-0001
 993 -2.96410256410256E-0001 -3.96336996336996E-0001
 994 -2.48864468864469E-0001 -3.36703296703297E-0001
 995 -2.64175824175824E-0001 -4.01978021978022E-0001
 996 -2.49670329670330E-0001 -3.50402930402930E-0001
 997 -2.63369963369963E-0001 -3.73772893772894E-0001
 998 -3.01245421245421E-0001 -3.95531135531136E-0001
 999 -2.55311355311355E-0001 -3.50402930402930E-0001
 1000 -2.59340659340659E-0001 -3.98754578754579E-0001
 1001 -2.56117216117216E-0001 -3.36703296703297E-0001
 1002 -2.73040293040293E-0001 -3.90695970695971E-0001
 1003 -2.52087912087912E-0001 -3.60073260073260E-0001
 1004 -2.10183150183150E-0001 -3.76996336996337E-0001
 1005 -3.10109890109890E-0001 -3.76190476190476E-0001
 1006 -2.10989010989011E-0001 -4.01978021978022E-0001
 1007 -2.51282051282051E-0001 -3.38315018315018E-0001
 1008 -2.60146520146520E-0001 -3.44761904761905E-0001
 1009 -2.69816849816850E-0001 -3.50402930402930E-0001
 1010 -2.77875457875458E-0001 -3.86666666666667E-0001
 1011 -3.14139194139194E-0001 -4.02783882783883E-0001
 1012 -2.52893772893773E-0001 -3.45567765567766E-0001
 1013 -2.69010989010989E-0001 -3.97142857142857E-0001
 1014 -2.56923076923077E-0001 -3.56849816849817E-0001
 1015 -2.12600732600733E-0001 -3.73772893772894E-0001
 1016 -3.08498168498168E-0001 -4.01978021978022E-0001
 1017 -2.51282051282051E-0001 -3.50402930402930E-0001
 1018 -2.77069597069597E-0001 -4.01978021978022E-0001
 1019 -2.62564102564103E-0001 -3.76190476190476E-0001
 1020 -2.17435897435897E-0001 -3.76190476190476E-0001
 1021 -3.03663003663004E-0001 -4.01172161172161E-0001
 1022 -2.56923076923077E-0001 -3.74578754578755E-0001
 1023 -2.26300366300366E-0001 -3.72967032967033E-0001
 1024 -2.12600732600733E-0001 -3.72967032967033E-0001
 1025 -2.16630036630037E-0001 -3.69743589743590E-0001
 1026 -2.17435897435897E-0001 -3.63296703296703E-0001
 1027 -2.12600732600733E-0001 -3.41538461538462E-0001
 1028 -2.60952380952381E-0001 -3.40732600732601E-0001
 1029 -2.66593406593407E-0001 -3.43150183150183E-0001
 1030 -2.68205128205128E-0001 -3.76190476190476E-0001
 1031 -3.02857142857143E-0001 -3.79413919413919E-0001
 1032 -2.09377289377289E-0001 -3.30256410256410E-0001
 1033 -2.73040293040293E-0001 -4.09230769230769E-0001
 1034 -2.48864468864469E-0001 -3.53626373626374E-0001
 1035 -2.85934065934066E-0001 -4.03589743589744E-0001
 1036 -2.37582417582418E-0001 -3.46373626373626E-0001
 1037 -2.78681318681319E-0001 -3.91501831501832E-0001
 1038 -3.16556776556777E-0001 -3.95531135531136E-0001
 1039 -3.14139194139194E-0001 -4.04395604395604E-0001
 1040 -3.07692307692308E-0001 -3.89890109890110E-0001
 1041 -3.07692307692308E-0001 -3.93113553113553E-0001
 1042 -3.24615384615385E-0001 -3.40732600732601E-0001
 1043 -2.85934065934066E-0001 -3.37509157509158E-0001
 1044 -2.73846153846154E-0001 -3.45567765567766E-0001
 1045 -2.74652014652015E-0001 -3.52820512820513E-0001
 1046 -2.85934065934066E-0001 -3.71355311355311E-0001
 1047 -2.02930402930403E-0001 -3.39926739926740E-0001
 1048 -2.79487179487179E-0001 -3.63296703296703E-0001
 1049 -2.07765567765568E-0001 -3.58461538461538E-0001
 1050 -1.86007326007326E-0001 -3.46373626373626E-0001
 1051 -2.03736263736264E-0001 -3.56849816849817E-0001
 1052 -2.21465201465201E-0001 -3.50402930402930E-0001
 1053 -2.89157509157509E-0001 -3.17362637362637E-0001
 1054 -2.89963369963370E-0001 -3.83443223443223E-0001
 1055 -3.11721611721612E-0001 -4.03589743589744E-0001
 1056 -2.27106227106227E-0001 -3.55238095238095E-0001
 1057 -2.08571428571429E-0001 -4.01978021978022E-0001
 1058 -3.07692307692308E-0001 -4.04395604395604E-0001
 1059 -2.18241758241758E-0001 -3.52820512820513E-0001
 1060 -3.17362637362637E-0001 -3.97948717948718E-0001
 1061 -2.19853479853480E-0001 -3.53626373626374E-0001
 1062 -3.01245421245421E-0001 -3.59267399267399E-0001
 1063 -3.01245421245421E-0001 -3.43956043956044E-0001
 1064 -2.94798534798535E-0001 -3.60879120879121E-0001
 1065 -3.02857142857143E-0001 -4.06007326007326E-0001
 1066 -2.95604395604396E-0001 -4.03589743589744E-0001
 1067 -2.98827838827839E-0001 -4.02783882783883E-0001
 1068 -2.19047619047619E-0001 -4.08424908424908E-0001
 1069 -2.18241758241758E-0001 -4.02783882783883E-0001
 1070 -2.13406593406593E-0001 -4.00366300366300E-0001
 1071 -2.08571428571429E-0001 -3.46373626373626E-0001
 1072 -2.08571428571429E-0001 -3.52820512820513E-0001
 1073 -2.10989010989011E-0001 -3.47179487179487E-0001
 1074 -2.87545787545788E-0001 -4.01978021978022E-0001
 1075 -3.01245421245421E-0001 -4.03589743589744E-0001
 1076 -2.03736263736264E-0001 -3.39926739926740E-0001
 1077 -2.35164835164835E-0001 -3.54432234432234E-0001
 1078 -1.89230769230769E-0001 -3.37509157509158E-0001
 1079 -3.01245421245421E-0001 -3.56849816849817E-0001
 1080 -2.24688644688645E-0001 -3.50402930402930E-0001
 1081 -3.07692307692308E-0001 -3.52820512820513E-0001
 1082 -2.21465201465201E-0001 -3.52820512820513E-0001
 1083 -3.04468864468864E-0001 -3.89890109890110E-0001
 1084 -3.14945054945055E-0001 -4.08424908424908E-0001
 1085 -2.02124542124542E-0001 -3.72161172161172E-0001
 1086 -1.73113553113553E-0001 -3.25421245421245E-0001
 1087 -2.82710622710623E-0001 -4.06007326007326E-0001
 1088 -2.98021978021978E-0001 -4.02783882783883E-0001
 1089 -2.34358974358974E-0001 -3.27032967032967E-0001
 1090 -2.94798534798535E-0001 -4.01978021978022E-0001
 1091 -3.00439560439560E-0001 -3.58461538461538E-0001
 1092 -2.15018315018315E-0001 -3.49597069597070E-0001
 1093 -1.97289377289377E-0001 -3.52014652014652E-0001
 1094 -2.31135531135531E-0001 -3.53626373626374E-0001
 1095 -2.13406593406593E-0001 -3.96336996336996E-0001
 1096 -2.20659340659341E-0001 -3.51208791208791E-0001
 1097 -1.73919413919414E-0001 -3.94725274725275E-0001
 1098 -2.12600732600733E-0001 -3.44761904761905E-0001
 1099 -2.24688644688645E-0001 -3.98754578754579E-0001
 1100 -2.17435897435897E-0001 -3.53626373626374E-0001
 1101 -2.22271062271062E-0001 -3.96336996336996E-0001
 1102 -2.19047619047619E-0001 -3.51208791208791E-0001
 1103 -2.21465201465201E-0001 -3.47985347985348E-0001
 1104 -2.00512820512821E-0001 -3.58461538461538E-0001
 1105 -2.17435897435897E-0001 -3.53626373626374E-0001
 1106 -2.82710622710623E-0001 -3.60073260073260E-0001
 1107 -2.98827838827839E-0001 -3.36703296703297E-0001
 1108 -3.02051282051282E-0001 -4.02783882783883E-0001
 1109 -2.96410256410256E-0001 -3.95531135531136E-0001
 1110 -2.13406593406593E-0001 -3.56849816849817E-0001
 1111 -2.05347985347985E-0001 -4.01172161172161E-0001
 1112 -3.18974358974359E-0001 -3.38315018315018E-0001
 1113 -1.92454212454212E-0001 -3.31868131868132E-0001
 1114 -3.10915750915751E-0001 -4.06007326007326E-0001
 1115 -1.93260073260073E-0001 -3.31868131868132E-0001
 1116 -3.18974358974359E-0001 -4.14871794871795E-0001
 1117 -3.14945054945055E-0001 -3.36703296703297E-0001
 1118 -1.73113553113553E-0001 -4.20512820512821E-0001
 1119 -3.01245421245421E-0001 -3.33479853479853E-0001
 1120 -2.30329670329670E-0001 -3.89890109890110E-0001
 1121 -2.02930402930403E-0001 -3.50402930402930E-0001
 1122 -3.11721611721612E-0001 -3.89890109890110E-0001
 1123 -1.98901098901099E-0001 -3.46373626373626E-0001
 1124 -3.17362637362637E-0001 -4.10036630036630E-0001
 1125 -2.82710622710623E-0001 -3.37509157509158E-0001
 1126 -2.29523809523810E-0001 -3.94725274725275E-0001
 1127 -2.89157509157509E-0001 -3.89084249084249E-0001
 1128 -1.90842490842491E-0001 -3.35091575091575E-0001
 1129 -2.12600732600733E-0001 -3.56849816849817E-0001
 1130 -3.02051282051282E-0001 -4.08424908424908E-0001
 1131 -2.79487179487179E-0001 -3.89084249084249E-0001
 1132 -1.99706959706960E-0001 -3.84249084249084E-0001
 1133 -2.03736263736264E-0001 -3.35091575091575E-0001
 1134 -2.48058608058608E-0001 -3.68131868131868E-0001
 1135 -3.28644688644689E-0001 -4.19706959706960E-0001
 1136 -2.62564102564103E-0001 -3.39926739926740E-0001
 1137 -2.64981684981685E-0001 -4.10036630036630E-0001
 1138 -2.87545787545788E-0001 -3.35897435897436E-0001
 1139 -2.44029304029304E-0001 -3.29450549450549E-0001
 1140 -2.38388278388278E-0001 -3.27032967032967E-0001
 1141 -2.38388278388278E-0001 -3.33479853479853E-0001
 1142 -2.13406593406593E-0001 -3.43150183150183E-0001
 1143 -3.25421245421245E-0001 -3.66520146520147E-0001
 1144 -3.16556776556777E-0001 -4.17289377289377E-0001
 1145 -2.73040293040293E-0001 -3.86666666666667E-0001
 1146 -2.08571428571429E-0001 -3.37509157509158E-0001
 1147 -2.57728937728938E-0001 -4.06007326007326E-0001
 1148 -2.73040293040293E-0001 -3.89890109890110E-0001
 1149 -2.10989010989011E-0001 -3.72967032967033E-0001
 1150 -3.03663003663004E-0001 -3.82637362637363E-0001
 1151 -1.96483516483516E-0001 -3.76190476190476E-0001
 1152 -3.23809523809524E-0001 -4.14871794871795E-0001
 1153 -2.51282051282051E-0001 -3.38315018315018E-0001
 1154 -2.64175824175824E-0001 -4.21318681318681E-0001
 1155 -2.57728937728938E-0001 -3.41538461538462E-0001
 1156 -2.52893772893773E-0001 -3.81025641025641E-0001
 1157 -3.33479853479853E-0001 -3.82637362637363E-0001
 1158 -2.01318681318681E-0001 -3.43150183150183E-0001
 1159 -2.73040293040293E-0001 -3.90695970695971E-0001
 1160 -3.27032967032967E-0001 -3.44761904761905E-0001
 1161 -2.64175824175824E-0001 -3.44761904761905E-0001
 1162 -2.67399267399267E-0001 -3.89084249084249E-0001
 1163 -3.04468864468864E-0001 -4.07619047619048E-0001
 1164 -2.43223443223443E-0001 -3.76190476190476E-0001
 1165 -2.08571428571429E-0001 -3.37509157509158E-0001
 1166 -2.77875457875458E-0001 -4.18095238095238E-0001
 1167 -2.40000000000000E-0001 -3.37509157509158E-0001
 1168 -2.70622710622711E-0001 -3.44761904761905E-0001
 1169 -2.69010989010989E-0001 -3.85054945054945E-0001
