 0  5.11062271062271E-0001 -2.00000000000000E+0000
 1 -2.00000000000000E+0000 -2.00000000000000E+0000
 2  4.09523809523810E-0001 -1.63413919413919E+0000
 3  5.11868131868132E-0001 -1.82512820512821E+0000
 4 -2.00000000000000E+0000 -2.00000000000000E+0000
 5 -2.00000000000000E+0000 -2.00000000000000E+0000
 6  4.10329670329670E-0001 -1.62205128205128E+0000
 7  5.12673992673993E-0001 -1.82673992673993E+0000
 8  4.28864468864469E-0001 -1.86219780219780E+0000
 9 -2.00000000000000E+0000 -2.00000000000000E+0000
 10  4.10329670329670E-0001 -1.60029304029304E+0000
 11  5.13479853479853E-0001 -1.82915750915751E+0000
 12  5.57802197802198E-0001 -1.84930402930403E+0000
 13 -2.00000000000000E+0000 -2.00000000000000E+0000
 14  4.06300366300366E-0001 -1.59626373626374E+0000
 15  5.19120879120879E-0001 -1.82915750915751E+0000
 16  4.15970695970696E-0001 -1.85897435897436E+0000
 17 -2.00000000000000E+0000 -2.00000000000000E+0000
 18  4.10329670329670E-0001 -1.58659340659341E+0000
 19  5.19926739926740E-0001 -1.83076923076923E+0000
 20  4.07106227106227E-0001 -1.86058608058608E+0000
 21 -2.00000000000000E+0000 -2.00000000000000E+0000
 22  4.91721611721612E-0001 -1.57450549450549E+0000
 23  5.23150183150183E-0001 -1.83157509157509E+0000
 24  4.10329670329670E-0001 -1.85978021978022E+0000
 25 -2.00000000000000E+0000 -2.00000000000000E+0000
 26 -2.00000000000000E+0000 -2.00000000000000E+0000
 27  5.26373626373626E-0001 -1.83238095238095E+0000
 28  4.04688644688645E-0001 -1.86139194139194E+0000
 29 -2.00000000000000E+0000 -1.99919413919414E+0000
 30 -2.00000000000000E+0000 -2.00000000000000E+0000
 31  5.27179487179487E-0001 -1.83882783882784E+0000
 32  4.10329670329670E-0001 -1.85897435897436E+0000
 33 -2.00000000000000E+0000 -1.98549450549451E+0000
 34 -2.00000000000000E+0000 -2.00000000000000E+0000
 35  5.33626373626374E-0001 -1.83479853479853E+0000
 36  4.03076923076923E-0001 -1.86300366300366E+0000
 37 -2.00000000000000E+0000 -1.97421245421245E+0000
 38 -2.00000000000000E+0000 -2.00000000000000E+0000
 39  5.37655677655678E-0001 -1.83641025641026E+0000
 40  4.15164835164835E-0001 -1.85494505494505E+0000
 41 -1.64864468864469E+0000 -1.94036630036630E+0000
 42 -2.00000000000000E+0000 -2.00000000000000E+0000
 43  5.42490842490842E-0001 -1.83963369963370E+0000
 44  4.18388278388278E-0001 -1.85897435897436E+0000
 45 -1.98227106227106E+0000 -1.96615384615385E+0000
 46 -2.00000000000000E+0000 -2.00000000000000E+0000
 47  5.45714285714286E-0001 -1.83721611721612E+0000
 48  4.35311355311355E-0001 -1.85736263736264E+0000
 49 -1.81223443223443E+0000 -1.95567765567766E+0000
 50 -2.00000000000000E+0000 -2.00000000000000E+0000
 51 -6.75457875457875E-0002 -1.88798534798535E+0000
 52  4.49010989010989E-0001 -1.85736263736264E+0000
 53 -1.32065934065934E+0000 -1.91216117216117E+0000
 54 -2.00000000000000E+0000 -2.00000000000000E+0000
 55  4.90109890109890E-0001 -1.84688644688645E+0000
 56  4.72380952380952E-0001 -1.85494505494505E+0000
 57 -1.47457875457875E+0000 -1.92263736263736E+0000
 58 -2.00000000000000E+0000 -2.00000000000000E+0000
 59 -4.25641025641026E-0002 -1.79772893772894E+0000
 60  4.84468864468864E-0001 -1.85413919413919E+0000
 61 -1.46732600732601E+0000 -1.92263736263736E+0000
 62 -2.00000000000000E+0000 -2.00000000000000E+0000
 63 -1.69890109890110E-0001 -1.74212454212454E+0000
 64  5.02197802197802E-0001 -1.85252747252747E+0000
 65 -1.14095238095238E+0000 -1.89684981684982E+0000
 66 -2.00000000000000E+0000 -2.00000000000000E+0000
 67  1.50842490842491E-0001 -1.68410256410256E+0000
 68  5.19120879120879E-0001 -1.85010989010989E+0000
 69 -5.40586080586081E-0001 -1.84527472527473E+0000
 70 -2.00000000000000E+0000 -2.00000000000000E+0000
 71 -4.49816849816850E-0002 -1.69054945054945E+0000
 72  5.33626373626374E-0001 -1.84930402930403E+0000
 73 -7.19487179487179E-0001 -1.86058608058608E+0000
 74 -2.00000000000000E+0000 -2.00000000000000E+0000
 75 -4.14871794871795E-0001 -1.72358974358974E+0000
 76  4.21611721611722E-0001 -1.85816849816850E+0000
 77 -9.86227106227106E-0001 -1.88315018315018E+0000
 78 -2.00000000000000E+0000 -2.00000000000000E+0000
 79 -1.09501831501832E+0000 -1.76791208791209E+0000
 80  2.99633699633700E-0002 -1.88717948717949E+0000
 81 -4.90622710622711E-0001 -1.83479853479853E+0000
 82 -2.00000000000000E+0000 -2.00000000000000E+0000
 83 -5.95384615384615E-0001 -1.72358974358974E+0000
 84 -3.02051282051282E-0001 -1.91619047619048E+0000
 85  2.88644688644689E-0001 -1.77838827838828E+0000
 86 -2.00000000000000E+0000 -2.00000000000000E+0000
 87 -3.43150183150183E-0001 -1.70989010989011E+0000
 88 -5.75238095238095E-0001 -1.94036630036630E+0000
 89  5.48937728937729E-0001 -1.75824175824176E+0000
 90 -1.81465201465201E+0000 -1.97663003663004E+0000
 91 -1.29809523809524E+0000 -1.78402930402930E+0000
 92 -9.00000000000000E-0001 -1.96293040293040E+0000
 93 -2.73846153846154E-0001 -1.82432234432234E+0000
 94 -1.49069597069597E+0000 -1.94923076923077E+0000
 95 -1.38754578754579E+0000 -1.78725274725275E+0000
 96 -1.17802197802198E+0000 -1.98146520146520E+0000
 97  6.48864468864469E-0001 -1.74857142857143E+0000
 98 -1.28842490842491E+0000 -1.93391941391941E+0000
 99 -7.50915750915751E-0001 -1.74293040293040E+0000
 100 -1.41010989010989E+0000 -1.99677655677656E+0000
 101  6.14212454212454E-0001 -1.75501831501832E+0000
 102 -8.59706959706960E-0001 -1.89926739926740E+0000
 103 -1.58981684981685E+0000 -1.80901098901099E+0000
 104 -1.63897435897436E+0000 -2.00000000000000E+0000
 105  5.61025641025641E-0001 -1.75824175824176E+0000
 106 -5.83296703296703E-0001 -1.87992673992674E+0000
 107 -1.93553113553114E+0000 -1.87267399267399E+0000
 108 -1.86380952380952E+0000 -2.00000000000000E+0000
 109  5.45714285714286E-0001 -1.75985347985348E+0000
 110 -3.22197802197802E-0001 -1.86139194139194E+0000
 111 -1.44476190476190E+0000 -1.83641025641026E+0000
 112 -2.00000000000000E+0000 -2.00000000000000E+0000
 113  5.42490842490842E-0001 -1.75904761904762E+0000
 114 -8.12454212454212E-0002 -1.84124542124542E+0000
 115 -2.00000000000000E+0000 -1.93714285714286E+0000
 116 -2.00000000000000E+0000 -2.00000000000000E+0000
 117  5.36849816849817E-0001 -1.76146520146520E+0000
 118  1.38754578754579E-0001 -1.82673992673993E+0000
 119 -2.00000000000000E+0000 -1.93956043956044E+0000
 120 -2.00000000000000E+0000 -2.00000000000000E+0000
 121  5.27179487179487E-0001 -1.76388278388278E+0000
 122  3.95824175824176E-0001 -1.80498168498168E+0000
 123 -2.00000000000000E+0000 -1.95326007326007E+0000
 124 -2.00000000000000E+0000 -2.00000000000000E+0000
 125  5.21538461538462E-0001 -1.76307692307692E+0000
 126  5.68278388278388E-0001 -1.79772893772894E+0000
 127 -2.00000000000000E+0000 -2.00000000000000E+0000
 128 -2.00000000000000E+0000 -2.00000000000000E+0000
 129  5.15897435897436E-0001 -1.76146520146520E+0000
 130  5.46520146520147E-0001 -1.79692307692308E+0000
 131 -2.00000000000000E+0000 -2.00000000000000E+0000
 132 -2.00000000000000E+0000 -2.00000000000000E+0000
 133  5.09450549450549E-0001 -1.76630036630037E+0000
 134  5.39267399267399E-0001 -1.79772893772894E+0000
 135 -2.00000000000000E+0000 -2.00000000000000E+0000
 136 -2.00000000000000E+0000 -2.00000000000000E+0000
 137  4.99780219780220E-0001 -1.76307692307692E+0000
 138  5.33626373626374E-0001 -1.80014652014652E+0000
 139 -2.00000000000000E+0000 -2.00000000000000E+0000
 140 -2.00000000000000E+0000 -2.00000000000000E+0000
 141  4.93333333333333E-0001 -1.76549450549451E+0000
 142  5.30402930402930E-0001 -1.80417582417582E+0000
 143 -2.00000000000000E+0000 -2.00000000000000E+0000
 144 -2.00000000000000E+0000 -2.00000000000000E+0000
 145  4.86886446886447E-0001 -1.76952380952381E+0000
 146  5.23956043956044E-0001 -1.80336996336996E+0000
 147 -2.00000000000000E+0000 -2.00000000000000E+0000
 148 -2.00000000000000E+0000 -2.00000000000000E+0000
 149  4.75604395604396E-0001 -1.77355311355311E+0000
 150  5.19120879120879E-0001 -1.80659340659341E+0000
 151 -2.00000000000000E+0000 -2.00000000000000E+0000
 152 -2.00000000000000E+0000 -2.00000000000000E+0000
 153  4.72380952380952E-0001 -1.76952380952381E+0000
 154  5.13479853479853E-0001 -1.80901098901099E+0000
 155 -2.00000000000000E+0000 -2.00000000000000E+0000
 156 -2.00000000000000E+0000 -2.00000000000000E+0000
 157  4.57069597069597E-0001 -1.77758241758242E+0000
 158  5.13479853479853E-0001 -1.80901098901099E+0000
 159 -2.00000000000000E+0000 -2.00000000000000E+0000
 160 -2.00000000000000E+0000 -2.00000000000000E+0000
 161  4.59487179487179E-0001 -1.77355311355311E+0000
 162  5.09450549450549E-0001 -1.81304029304029E+0000
 163 -2.00000000000000E+0000 -2.00000000000000E+0000
 164 -2.00000000000000E+0000 -2.00000000000000E+0000
 165  4.54652014652015E-0001 -1.77355311355311E+0000
 166  5.10256410256410E-0001 -1.81304029304029E+0000
 167 -2.00000000000000E+0000 -2.00000000000000E+0000
 168 -2.00000000000000E+0000 -2.00000000000000E+0000
 169  4.49010989010989E-0001 -1.77597069597070E+0000
 170  5.06227106227106E-0001 -1.81545787545788E+0000
 171 -2.00000000000000E+0000 -2.00000000000000E+0000
 172 -2.00000000000000E+0000 -2.00000000000000E+0000
 173  4.41758241758242E-0001 -1.77758241758242E+0000
 174  5.02197802197802E-0001 -1.82190476190476E+0000
 175 -2.00000000000000E+0000 -2.00000000000000E+0000
 176 -2.00000000000000E+0000 -2.00000000000000E+0000
 177  4.44175824175824E-0001 -1.76952380952381E+0000
 178  5.04615384615385E-0001 -1.82109890109890E+0000
 179 -2.00000000000000E+0000 -2.00000000000000E+0000
 180 -2.00000000000000E+0000 -2.00000000000000E+0000
 181  4.23223443223443E-0001 -1.78080586080586E+0000
 182  5.05421245421245E-0001 -1.82271062271062E+0000
 183 -2.00000000000000E+0000 -2.00000000000000E+0000
 184 -2.00000000000000E+0000 -2.00000000000000E+0000
 185  4.24835164835165E-0001 -1.76468864468864E+0000
 186  5.07838827838828E-0001 -1.82351648351648E+0000
 187 -2.00000000000000E+0000 -2.00000000000000E+0000
 188 -2.00000000000000E+0000 -2.00000000000000E+0000
 189  4.19194139194139E-0001 -1.71875457875458E+0000
 190  5.08644688644689E-0001 -1.82432234432234E+0000
 191 -2.00000000000000E+0000 -2.00000000000000E+0000
 192 -2.00000000000000E+0000 -2.00000000000000E+0000
 193  4.15164835164835E-0001 -1.67120879120879E+0000
 194  5.06227106227106E-0001 -1.82593406593407E+0000
 195 -2.00000000000000E+0000 -2.00000000000000E+0000
 196 -2.00000000000000E+0000 -2.00000000000000E+0000
 197  4.15164835164835E-0001 -1.63494505494505E+0000
 198  5.11868131868132E-0001 -1.82673992673993E+0000
 199 -2.00000000000000E+0000 -2.00000000000000E+0000
 200 -2.00000000000000E+0000 -2.00000000000000E+0000
 201  4.10329670329670E-0001 -1.61560439560440E+0000
 202  5.11062271062271E-0001 -1.82673992673993E+0000
 203 -4.13260073260073E-0001 -1.92989010989011E+0000
 204 -2.00000000000000E+0000 -2.00000000000000E+0000
 205  4.15970695970696E-0001 -1.59868131868132E+0000
 206  5.14285714285714E-0001 -1.83157509157509E+0000
 207  6.02930402930403E-0001 -1.84124542124542E+0000
 208 -2.00000000000000E+0000 -2.00000000000000E+0000
 209  4.15164835164835E-0001 -1.59142857142857E+0000
 210  5.13479853479853E-0001 -1.82915750915751E+0000
 211  4.15970695970696E-0001 -1.85816849816850E+0000
 212 -2.00000000000000E+0000 -2.00000000000000E+0000
 213  4.10329670329670E-0001 -1.58578754578755E+0000
 214  5.17509157509158E-0001 -1.83157509157509E+0000
 215  4.07912087912088E-0001 -1.85816849816850E+0000
 216 -2.00000000000000E+0000 -2.00000000000000E+0000
 217  4.28058608058608E-0001 -1.57934065934066E+0000
 218  5.19926739926740E-0001 -1.83238095238095E+0000
 219  4.15164835164835E-0001 -1.85252747252747E+0000
 220 -2.00000000000000E+0000 -2.00000000000000E+0000
 221 -2.00000000000000E+0000 -2.00000000000000E+0000
 222  5.26373626373626E-0001 -1.83479853479853E+0000
 223  4.00659340659341E-0001 -1.86461538461538E+0000
 224 -2.00000000000000E+0000 -1.99597069597070E+0000
 225 -2.00000000000000E+0000 -2.00000000000000E+0000
 226  5.29597069597070E-0001 -1.83721611721612E+0000
 227  4.07106227106227E-0001 -1.85736263736264E+0000
 228 -2.00000000000000E+0000 -1.98065934065934E+0000
 229 -2.00000000000000E+0000 -2.00000000000000E+0000
 230  5.32820512820513E-0001 -1.83641025641026E+0000
 231  4.04688644688645E-0001 -1.85897435897436E+0000
 232 -1.95326007326007E+0000 -1.96695970695971E+0000
 233 -2.00000000000000E+0000 -2.00000000000000E+0000
 234  5.39267399267399E-0001 -1.83479853479853E+0000
 235  4.12747252747253E-0001 -1.85897435897436E+0000
 236 -2.00000000000000E+0000 -1.99194139194139E+0000
 237 -2.00000000000000E+0000 -2.00000000000000E+0000
 238  5.43296703296703E-0001 -1.83963369963370E+0000
 239  4.27252747252747E-0001 -1.86139194139194E+0000
 240 -1.73890109890110E+0000 -1.94761904761905E+0000
 241 -2.00000000000000E+0000 -2.00000000000000E+0000
 242  3.04761904761905E-0001 -1.85978021978022E+0000
 243  4.49010989010989E-0001 -1.85575091575092E+0000
 244 -1.69296703296703E+0000 -1.93956043956044E+0000
 245 -2.00000000000000E+0000 -2.00000000000000E+0000
 246  3.49890109890110E-0001 -1.85172161172161E+0000
 247  4.74798534798535E-0001 -1.85333333333333E+0000
 248 -1.45120879120879E+0000 -1.92183150183150E+0000
 249 -2.00000000000000E+0000 -2.00000000000000E+0000
 250  1.75824175824176E-0001 -1.76549450549451E+0000
 251  4.87692307692308E-0001 -1.85252747252747E+0000
 252 -1.24652014652015E+0000 -1.90571428571429E+0000
 253 -2.00000000000000E+0000 -2.00000000000000E+0000
 254  3.64102564102564E-0002 -1.71150183150183E+0000
 255  5.00586080586081E-0001 -1.85333333333333E+0000
 256 -8.21025641025641E-0001 -1.87267399267399E+0000
 257 -2.00000000000000E+0000 -2.00000000000000E+0000
 258 -1.43589743589743E-0002 -1.69377289377289E+0000
 259  5.23956043956044E-0001 -1.84849816849817E+0000
 260 -5.30915750915751E-0001 -1.84366300366300E+0000
 261 -2.00000000000000E+0000 -2.00000000000000E+0000
 262 -4.98168498168498E-0002 -1.69377289377289E+0000
 263  5.43296703296703E-0001 -1.84849816849817E+0000
 264 -5.02710622710623E-0001 -1.84285714285714E+0000
 265 -2.00000000000000E+0000 -2.00000000000000E+0000
 266 -4.66446886446886E-0001 -1.72439560439560E+0000
 267  2.06446886446886E-0001 -1.87589743589744E+0000
 268 -7.28351648351648E-0001 -1.86622710622711E+0000
 269 -2.00000000000000E+0000 -2.00000000000000E+0000
 270 -1.17882783882784E+0000 -1.77113553113553E+0000
 271 -1.48131868131868E-0001 -1.90893772893773E+0000
 272 -2.73040293040293E-0001 -1.82593406593407E+0000
 273 -2.00000000000000E+0000 -2.00000000000000E+0000
 274 -2.91575091575092E-0001 -1.70183150183150E+0000
 275 -5.14798534798535E-0001 -1.93230769230769E+0000
 276  5.25567765567766E-0001 -1.76146520146520E+0000
 277 -2.00000000000000E+0000 -1.99919413919414E+0000
 278 -6.35677655677656E-0001 -1.72842490842491E+0000
 279 -7.79120879120879E-0001 -1.95487179487179E+0000
 280  1.13772893772893E-0001 -1.79369963369963E+0000
 281 -1.54307692307692E+0000 -1.95326007326007E+0000
 282 -1.25457875457875E+0000 -1.78564102564103E+0000
 283 -1.02571428571429E+0000 -1.97260073260073E+0000
 284 -3.45054945054945E-0002 -1.80739926739927E+0000
 285 -1.24571428571429E+0000 -1.92989010989011E+0000
 286 -1.86380952380952E+0000 -1.82754578754579E+0000
 287 -1.26827838827839E+0000 -1.98871794871795E+0000
 288  6.26300366300366E-0001 -1.75985347985348E+0000
 289 -9.46739926739927E-0001 -1.90410256410256E+0000
 290 -1.44476190476190E+0000 -1.79692307692308E+0000
 291 -1.54710622710623E+0000 -2.00000000000000E+0000
 292  5.73919413919414E-0001 -1.76065934065934E+0000
 293 -6.59853479853480E-0001 -1.88476190476190E+0000
 294 -1.27633699633700E+0000 -1.81868131868132E+0000
 295 -1.74857142857143E+0000 -2.00000000000000E+0000
 296  5.51355311355311E-0001 -1.75904761904762E+0000
 297 -3.93113553113553E-0001 -1.86219780219780E+0000
 298 -2.00000000000000E+0000 -1.90007326007326E+0000
 299 -1.95728937728938E+0000 -2.00000000000000E+0000
 300  5.43296703296703E-0001 -1.75985347985348E+0000
 301 -1.48131868131868E-0001 -1.84527472527473E+0000
 302 -1.54630036630037E+0000 -1.85816849816850E+0000
 303 -2.00000000000000E+0000 -2.00000000000000E+0000
 304  5.39267399267399E-0001 -1.75985347985348E+0000
 305  9.04029304029304E-0002 -1.82673992673993E+0000
 306 -2.00000000000000E+0000 -1.95245421245421E+0000
 307 -2.00000000000000E+0000 -2.00000000000000E+0000
 308  5.30402930402930E-0001 -1.76146520146520E+0000
 309  3.07179487179487E-0001 -1.81142857142857E+0000
 310 -2.00000000000000E+0000 -1.99194139194139E+0000
 311 -2.00000000000000E+0000 -2.00000000000000E+0000
 312  5.21538461538462E-0001 -1.76227106227106E+0000
 313  5.10256410256410E-0001 -1.79611721611722E+0000
 314 -1.85252747252747E+0000 -1.96695970695971E+0000
 315 -2.00000000000000E+0000 -2.00000000000000E+0000
 316  5.13479853479853E-0001 -1.76791208791209E+0000
 317  5.52161172161172E-0001 -1.79208791208791E+0000
 318 -2.00000000000000E+0000 -2.00000000000000E+0000
 319 -2.00000000000000E+0000 -2.00000000000000E+0000
 320  5.07838827838828E-0001 -1.76468864468864E+0000
 321  5.44102564102564E-0001 -1.79611721611722E+0000
 322 -2.00000000000000E+0000 -2.00000000000000E+0000
 323 -2.00000000000000E+0000 -2.00000000000000E+0000
 324  5.02197802197802E-0001 -1.76630036630037E+0000
 325  5.36043956043956E-0001 -1.79853479853480E+0000
 326 -2.00000000000000E+0000 -2.00000000000000E+0000
 327 -2.00000000000000E+0000 -2.00000000000000E+0000
 328  4.95750915750916E-0001 -1.76791208791209E+0000
 329  5.31208791208791E-0001 -1.80175824175824E+0000
 330 -2.00000000000000E+0000 -2.00000000000000E+0000
 331 -2.00000000000000E+0000 -1.76871794871795E+0000
 332  5.26373626373626E-0001 -1.80175824175824E+0000
 333 -2.00000000000000E+0000 -2.00000000000000E+0000
 334 -2.00000000000000E+0000 -2.00000000000000E+0000
 335  4.78827838827839E-0001 -1.77032967032967E+0000
 336  5.22344322344322E-0001 -1.80336996336996E+0000
 337 -2.00000000000000E+0000 -2.00000000000000E+0000
 338 -2.00000000000000E+0000 -2.00000000000000E+0000
 339  4.71575091575092E-0001 -1.76871794871795E+0000
 340  5.19926739926740E-0001 -2.00000000000000E+0000
 341 -2.00000000000000E+0000 -2.00000000000000E+0000
 342  4.69157509157509E-0001 -1.77113553113553E+0000
 343  5.17509157509158E-0001 -1.80901098901099E+0000
 344 -2.00000000000000E+0000 -2.00000000000000E+0000
 345 -2.00000000000000E+0000 -2.00000000000000E+0000
 346  4.58681318681319E-0001 -1.77435897435897E+0000
 347  5.13479853479853E-0001 -1.81062271062271E+0000
 348 -2.00000000000000E+0000 -2.00000000000000E+0000
 349  4.51428571428571E-0001 -1.77838827838828E+0000
 350  5.09450549450549E-0001 -1.81223443223443E+0000
 351 -2.00000000000000E+0000 -2.00000000000000E+0000
 352 -2.00000000000000E+0000 -2.00000000000000E+0000
 353  4.48205128205128E-0001 -1.77677655677656E+0000
 354  5.07838827838828E-0001 -1.81384615384615E+0000
 355 -2.00000000000000E+0000 -2.00000000000000E+0000
 356 -2.00000000000000E+0000 -2.00000000000000E+0000
 357  4.36117216117216E-0001 -1.78241758241758E+0000
 358  5.07838827838828E-0001 -1.81706959706960E+0000
 359 -2.00000000000000E+0000 -2.00000000000000E+0000
 360  4.36117216117216E-0001 -1.78000000000000E+0000
 361  5.06227106227106E-0001 -1.81868131868132E+0000
 362 -2.00000000000000E+0000 -2.00000000000000E+0000
 363 -2.00000000000000E+0000 -2.00000000000000E+0000
 364  4.29670329670330E-0001 -1.78000000000000E+0000
 365  5.06227106227106E-0001 -1.81868131868132E+0000
 366 -2.00000000000000E+0000 -2.00000000000000E+0000
 367  4.25641025641026E-0001 -1.77758241758242E+0000
 368  5.05421245421245E-0001 -1.82029304029304E+0000
 369 -2.00000000000000E+0000 -2.00000000000000E+0000
 370  4.10329670329670E-0001 -1.74373626373626E+0000
 371  5.07032967032967E-0001 -1.82271062271062E+0000
 372 -2.00000000000000E+0000 -2.00000000000000E+0000
 373  4.11941391941392E-0001 -1.69941391941392E+0000
 374  5.07838827838828E-0001 -1.82432234432234E+0000
 375 -2.00000000000000E+0000 -2.00000000000000E+0000
 376  4.10329670329670E-0001 -1.65750915750916E+0000
 377  5.08644688644689E-0001 -1.82593406593407E+0000
 378 -2.00000000000000E+0000 -2.00000000000000E+0000
 379 -2.00000000000000E+0000 -2.00000000000000E+0000
 380  4.06300366300366E-0001 -1.62688644688645E+0000
 381  5.11868131868132E-0001 -2.00000000000000E+0000
 382 -2.00000000000000E+0000 -2.00000000000000E+0000
 383  4.07912087912088E-0001 -1.60835164835165E+0000
 384  5.14285714285714E-0001 -1.84043956043956E+0000
 385 -2.00000000000000E+0000 -2.00000000000000E+0000
 386  3.99047619047619E-0001 -1.59787545787546E+0000
 387  5.14285714285714E-0001 -1.86461538461538E+0000
 388 -2.00000000000000E+0000 -2.00000000000000E+0000
 389  4.07912087912088E-0001 -1.83076923076923E+0000
 390  4.07106227106227E-0001 -1.86058608058608E+0000
 391 -2.00000000000000E+0000 -2.00000000000000E+0000
 392 -1.38190476190476E+0000 -1.72761904761905E+0000
 393  5.23150183150183E-0001 -1.83238095238095E+0000
 394  4.09523809523810E-0001 -1.85978021978022E+0000
 395 -2.00000000000000E+0000 -2.00000000000000E+0000
 396 -2.00000000000000E+0000 -2.00000000000000E+0000
 397  5.25567765567766E-0001 -1.83238095238095E+0000
 398  4.06300366300366E-0001 -2.00000000000000E+0000
 399 -2.00000000000000E+0000 -2.00000000000000E+0000
 400  5.32014652014652E-0001 -1.85978021978022E+0000
 401 -2.00000000000000E+0000 -1.99032967032967E+0000
 402 -2.00000000000000E+0000 -2.00000000000000E+0000
 403  5.32820512820513E-0001 -1.85978021978022E+0000
 404 -2.00000000000000E+0000 -1.97582417582418E+0000
 405 -2.00000000000000E+0000 -1.83641025641026E+0000
 406  4.07106227106227E-0001 -1.85978021978022E+0000
 407 -1.94439560439560E+0000 -2.00000000000000E+0000
 408  5.43296703296703E-0001 -1.83721611721612E+0000
 409  4.08717948717949E-0001 -1.94520146520147E+0000
 410 -2.00000000000000E+0000 -2.00000000000000E+0000
 411  5.46520146520147E-0001 -1.83721611721612E+0000
 412  4.32893772893773E-0001 -1.85978021978022E+0000
 413 -1.74212454212454E+0000 -1.94520146520147E+0000
 414 -2.00000000000000E+0000 -2.00000000000000E+0000
 415  5.88424908424908E-0001 -1.83641025641026E+0000
 416  4.54652014652015E-0001 -1.85494505494505E+0000
 417 -1.45282051282051E+0000 -2.00000000000000E+0000
 418  7.99267399267399E-0002 -1.85010989010989E+0000
 419  4.70769230769231E-0001 -1.87670329670330E+0000
 420 -2.00000000000000E+0000 -2.00000000000000E+0000
 421  1.23443223443223E-0001 -1.85413919413919E+0000
 422 -1.20461538461538E+0000 -1.90007326007326E+0000
 423 -2.00000000000000E+0000 -1.70666666666667E+0000
 424  5.06227106227106E-0001 -1.85494505494505E+0000
 425 -1.20300366300366E+0000 -2.00000000000000E+0000
 426 -4.30989010989011E-0001 -1.72600732600733E+0000
 427  5.21538461538462E-0001 -1.84930402930403E+0000
 428 -2.00000000000000E+0000 -2.00000000000000E+0000
 429 -4.33699633699634E-0002 -1.85091575091575E+0000
 430 -6.36483516483516E-0001 -1.85010989010989E+0000
 431 -2.00000000000000E+0000 -1.74373626373626E+0000
 432  3.07179487179487E-0001 -1.86783882783883E+0000
 433 -7.52527472527473E-0001 -2.00000000000000E+0000
 434 -1.79560439560440E-0001 -1.69135531135531E+0000
 435 -9.09157509157509E-0002 -1.82190476190476E+0000
 436 -2.00000000000000E+0000 -2.00000000000000E+0000
 437 -1.26747252747253E+0000 -1.92263736263736E+0000
 438  2.51282051282051E-0002 -1.99435897435897E+0000
 439 -5.30915750915751E-0001 -1.72278388278388E+0000
 440 -6.55018315018315E-0001 -1.94520146520147E+0000
 441 -3.02051282051282E-0001 -1.82512820512821E+0000
 442 -1.69216117216117E+0000 -1.96776556776557E+0000
 443 -1.37223443223443E+0000 -1.96937728937729E+0000
 444  6.87545787545788E-0001 -1.74615384615385E+0000
 445 -1.35531135531136E+0000 -1.93875457875458E+0000
 446 -7.24322344322344E-0001 -1.73728937728938E+0000
 447 -1.15384615384615E+0000 -1.75421245421245E+0000
 448 -1.06197802197802E+0000 -1.91619047619048E+0000
 449 -1.97179487179487E+0000 -2.00000000000000E+0000
 450  5.89230769230769E-0001 -1.75340659340659E+0000
 451 -7.82344322344322E-0001 -1.79934065934066E+0000
 452 -1.62930402930403E+0000 -1.75985347985348E+0000
 453 -5.18021978021978E-0001 -1.86622710622711E+0000
 454 -2.00000000000000E+0000 -2.00000000000000E+0000
 455  5.46520146520147E-0001 -1.75904761904762E+0000
 456 -2.44835164835165E-0001 -1.85575091575092E+0000
 457 -1.78725274725275E+0000 -1.86783882783883E+0000
 458 -2.00000000000000E+0000 -1.76388278388278E+0000
 459 -1.43589743589743E-0002 -1.83721611721612E+0000
 460 -2.00000000000000E+0000 -1.92263736263736E+0000
 461 -2.00000000000000E+0000 -2.00000000000000E+0000
 462  5.32820512820513E-0001 -1.82109890109890E+0000
 463 -2.00000000000000E+0000 -1.92908424908425E+0000
 464 -2.00000000000000E+0000 -2.00000000000000E+0000
 465  5.29597069597070E-0001 -1.75904761904762E+0000
 466  4.31282051282051E-0001 -1.94117216117216E+0000
 467 -2.00000000000000E+0000 -2.00000000000000E+0000
 468  5.16703296703297E-0001 -1.79369963369963E+0000
 469 -2.00000000000000E+0000 -2.00000000000000E+0000
 470  5.11868131868132E-0001 -1.76307692307692E+0000
 471  5.45714285714286E-0001 -2.00000000000000E+0000
 472 -2.00000000000000E+0000 -1.76307692307692E+0000
 473  5.37655677655678E-0001 -1.79853479853480E+0000
 474 -2.00000000000000E+0000 -2.00000000000000E+0000
 475  5.00586080586081E-0001 -1.76388278388278E+0000
 476  5.32820512820513E-0001 -1.80014652014652E+0000
 477 -2.00000000000000E+0000 -2.00000000000000E+0000
 478 -2.00000000000000E+0000 -1.76630036630037E+0000
 479  5.27179487179487E-0001 -2.00000000000000E+0000
 480 -2.00000000000000E+0000 -2.00000000000000E+0000
 481  4.86080586080586E-0001 -1.80498168498168E+0000
 482 -2.00000000000000E+0000 -2.00000000000000E+0000
 483  4.78827838827839E-0001 -1.76952380952381E+0000
 484  5.18315018315018E-0001 -2.00000000000000E+0000
 485 -2.00000000000000E+0000 -1.77274725274725E+0000
 486  5.15091575091575E-0001 -1.80981684981685E+0000
 487 -2.00000000000000E+0000 -2.00000000000000E+0000
 488  4.72380952380952E-0001 -1.80256410256410E+0000
 489 -2.00000000000000E+0000 -2.00000000000000E+0000
 490 -2.00000000000000E+0000 -2.00000000000000E+0000
 491  4.61904761904762E-0001 -1.77194139194139E+0000
 492  5.09450549450549E-0001 -2.00000000000000E+0000
 493 -2.00000000000000E+0000 -1.77677655677656E+0000
 494  5.08644688644689E-0001 -1.81384615384615E+0000
 495 -2.00000000000000E+0000 -2.00000000000000E+0000
 496  4.49010989010989E-0001 -1.81304029304029E+0000
 497 -2.00000000000000E+0000 -2.00000000000000E+0000
 498 -2.00000000000000E+0000 -2.00000000000000E+0000
 499  4.44175824175824E-0001 -1.77677655677656E+0000
 500  5.04615384615385E-0001 -2.00000000000000E+0000
 501 -2.00000000000000E+0000 -1.77597069597070E+0000
 502  5.04615384615385E-0001 -2.00000000000000E+0000
 503 -2.00000000000000E+0000 -2.00000000000000E+0000
 504  4.32087912087912E-0001 -1.81948717948718E+0000
 505 -2.00000000000000E+0000 -2.00000000000000E+0000
 506  4.21611721611722E-0001 -1.78241758241758E+0000
 507  5.03809523809524E-0001 -1.82271062271062E+0000
 508 -2.00000000000000E+0000 -2.00000000000000E+0000
 509 -2.00000000000000E+0000 -1.75421245421245E+0000
 510  5.06227106227106E-0001 -2.00000000000000E+0000
 511 -2.00000000000000E+0000 -1.70989010989011E+0000
 512  5.07838827838828E-0001 -1.82271062271062E+0000
 513 -2.00000000000000E+0000 -2.00000000000000E+0000
 514  4.14358974358974E-0001 -1.82512820512821E+0000
 515 -2.00000000000000E+0000 -2.00000000000000E+0000
 516  4.12747252747253E-0001 -1.63494505494505E+0000
 517  5.07032967032967E-0001 -1.82673992673993E+0000
 518 -2.00000000000000E+0000 -2.00000000000000E+0000
 519 -2.00000000000000E+0000 -2.00000000000000E+0000
 520  4.11135531135531E-0001 -1.61399267399267E+0000
 521  5.07838827838828E-0001 -1.93472527472527E+0000
 522 -2.00000000000000E+0000 -1.60271062271062E+0000
 523  5.11868131868132E-0001 -1.85172161172161E+0000
 524 -2.00000000000000E+0000 -2.00000000000000E+0000
 525  4.07912087912088E-0001 -1.58981684981685E+0000
 526  5.13479853479853E-0001 -1.83076923076923E+0000
 527  4.27252747252747E-0001 -2.00000000000000E+0000
 528  4.09523809523810E-0001 -1.83157509157509E+0000
 529  4.05494505494505E-0001 -2.00000000000000E+0000
 530 -2.00000000000000E+0000 -1.83238095238095E+0000
 531  4.10329670329670E-0001 -2.00000000000000E+0000
 532 -2.00000000000000E+0000 -2.00000000000000E+0000
 533  5.21538461538462E-0001 -1.85978021978022E+0000
 534 -2.00000000000000E+0000 -2.00000000000000E+0000
 535  5.27985347985348E-0001 -1.85897435897436E+0000
 536 -2.00000000000000E+0000 -2.00000000000000E+0000
 537  5.28791208791209E-0001 -1.85897435897436E+0000
 538 -2.00000000000000E+0000 -2.00000000000000E+0000
 539  5.39267399267399E-0001 -1.82835164835165E+0000
 540  4.07106227106227E-0001 -2.00000000000000E+0000
 541 -2.00000000000000E+0000 -1.83802197802198E+0000
 542  4.19194139194139E-0001 -1.96776556776557E+0000
 543 -2.00000000000000E+0000 -1.84124542124542E+0000
 544  4.32087912087912E-0001 -1.94520146520147E+0000
 545 -2.00000000000000E+0000 -2.00000000000000E+0000
 546  5.57802197802198E-0001 -1.84124542124542E+0000
 547  4.49010989010989E-0001 -1.85413919413919E+0000
 548 -1.76065934065934E+0000 -1.94842490842491E+0000
 549 -2.00000000000000E+0000 -2.00000000000000E+0000
 550  6.06153846153846E-0001 -1.82673992673993E+0000
 551  4.68351648351648E-0001 -1.85494505494505E+0000
 552 -1.02329670329670E+0000 -1.88717948717949E+0000
 553 -2.00000000000000E+0000 -2.00000000000000E+0000
 554 -1.46520146520146E-0003 -1.78241758241758E+0000
 555  4.84468864468864E-0001 -1.85333333333333E+0000
 556 -1.12564102564103E+0000 -1.89684981684982E+0000
 557 -2.00000000000000E+0000 -1.69054945054945E+0000
 558  4.98974358974359E-0001 -1.85091575091575E+0000
 559 -1.03619047619048E+0000 -1.88959706959707E+0000
 560 -2.00000000000000E+0000 -1.73326007326007E+0000
 561  5.15897435897436E-0001 -1.85091575091575E+0000
 562 -8.53260073260073E-0001 -1.87509157509158E+0000
 563 -2.00000000000000E+0000 -2.00000000000000E+0000
 564  1.58901098901099E-0001 -1.67684981684982E+0000
 565  5.23150183150183E-0001 -1.85252747252747E+0000
 566 -2.92380952380952E-0001 -1.82835164835165E+0000
 567 -2.00000000000000E+0000 -1.71311355311355E+0000
 568  5.37655677655678E-0001 -1.85172161172161E+0000
 569 -8.14578754578755E-0001 -1.86945054945055E+0000
 570 -2.00000000000000E+0000 -1.75824175824176E+0000
 571  1.29084249084249E-0001 -1.78402930402930E+0000
 572 -2.00000000000000E+0000 -2.00000000000000E+0000
 573 -4.56776556776557E-0001 -1.71391941391941E+0000
 574 -2.21465201465201E-0001 -1.85413919413919E+0000
 575 -2.00000000000000E+0000 -2.00000000000000E+0000
 576 -3.83443223443223E-0001 -1.71472527472527E+0000
 577 -4.57582417582418E-0001 -1.79369963369963E+0000
 578 -1.80578754578755E+0000 -1.81626373626374E+0000
 579 -7.79120879120879E-0001 -1.95245421245421E+0000
 580 -2.55311355311355E-0001 -1.82754578754579E+0000
 581 -1.44717948717949E+0000 -1.74293040293040E+0000
 582 -1.05150183150183E+0000 -1.78967032967033E+0000
 583 -1.18043956043956E+0000 -1.83641025641026E+0000
 584 -1.31421245421245E+0000 -1.75340659340659E+0000
 585 -8.53260073260073E-0001 -1.77758241758242E+0000
 586 -1.53582417582418E+0000 -2.00000000000000E+0000
 587  5.70695970695971E-0001 -1.75985347985348E+0000
 588 -6.05860805860806E-0001 -1.83963369963370E+0000
 589 -1.80820512820513E+0000 -1.75904761904762E+0000
 590 -3.24615384615385E-0001 -1.90974358974359E+0000
 591 -1.99758241758242E+0000 -1.76307692307692E+0000
 592 -6.99633699633700E-0002 -1.86783882783883E+0000
 593 -2.00000000000000E+0000 -1.76065934065934E+0000
 594  1.58095238095238E-0001 -1.96373626373626E+0000
 595 -2.00000000000000E+0000 -1.76630036630037E+0000
 596  3.35384615384615E-0001 -1.93230769230769E+0000
 597 -2.00000000000000E+0000 -1.76307692307692E+0000
 598  5.56996336996337E-0001 -2.00000000000000E+0000
 599 -2.00000000000000E+0000 -1.76227106227106E+0000
 600  5.57802197802198E-0001 -2.00000000000000E+0000
 601 -2.00000000000000E+0000 -1.76468864468864E+0000
 602  5.32820512820513E-0001 -2.00000000000000E+0000
 603 -2.00000000000000E+0000 -1.76549450549451E+0000
 604  5.36849816849817E-0001 -2.00000000000000E+0000
 605 -2.00000000000000E+0000 -1.76630036630037E+0000
 606  5.35238095238095E-0001 -2.00000000000000E+0000
 607 -2.00000000000000E+0000 -1.76549450549451E+0000
 608  5.26373626373626E-0001 -2.00000000000000E+0000
 609 -2.00000000000000E+0000 -1.76791208791209E+0000
 610  5.22344322344322E-0001 -2.00000000000000E+0000
 611 -2.00000000000000E+0000 -1.76710622710623E+0000
 612  5.20732600732601E-0001 -2.00000000000000E+0000
 613 -2.00000000000000E+0000 -2.00000000000000E+0000
 614  4.73186813186813E-0001 -1.77032967032967E+0000
 615  5.16703296703297E-0001 -1.80820512820513E+0000
 616 -2.00000000000000E+0000 -2.00000000000000E+0000
 617  4.65934065934066E-0001 -1.80981684981685E+0000
 618 -2.00000000000000E+0000 -2.00000000000000E+0000
 619  4.60293040293040E-0001 -1.80820512820513E+0000
 620 -2.00000000000000E+0000 -2.00000000000000E+0000
 621  4.56263736263736E-0001 -1.81223443223443E+0000
 622 -2.00000000000000E+0000 -2.00000000000000E+0000
 623  4.50622710622711E-0001 -1.81304029304029E+0000
 624 -2.00000000000000E+0000 -2.00000000000000E+0000
 625  4.46593406593407E-0001 -1.81465201465201E+0000
 626 -2.00000000000000E+0000 -2.00000000000000E+0000
 627  4.40146520146520E-0001 -1.81626373626374E+0000
 628 -2.00000000000000E+0000 -2.00000000000000E+0000
 629  4.32893772893773E-0001 -1.81787545787546E+0000
 630 -2.00000000000000E+0000 -2.00000000000000E+0000
 631  4.26446886446886E-0001 -1.81787545787546E+0000
 632 -2.00000000000000E+0000 -2.00000000000000E+0000
 633  4.20000000000000E-0001 -1.82190476190476E+0000
 634 -2.00000000000000E+0000 -2.00000000000000E+0000
 635 -2.00000000000000E+0000 -1.73648351648352E+0000
 636  4.94139194139194E-0001 -2.00000000000000E+0000
 637 -2.00000000000000E+0000 -1.70505494505495E+0000
 638  5.04615384615385E-0001 -2.00000000000000E+0000
 639 -2.00000000000000E+0000 -1.66476190476190E+0000
 640  5.11868131868132E-0001 -2.00000000000000E+0000
 641 -2.00000000000000E+0000 -1.63494505494505E+0000
 642  5.09450549450549E-0001 -2.00000000000000E+0000
 643 -2.00000000000000E+0000 -1.61721611721612E+0000
 644  5.11868131868132E-0001 -2.00000000000000E+0000
 645 -2.00000000000000E+0000 -1.60271062271062E+0000
 646  5.14285714285714E-0001 -1.84205128205128E+0000
 647 -2.00000000000000E+0000 -1.59062271062271E+0000
 648  5.11062271062271E-0001 -1.86139194139194E+0000
 649 -2.00000000000000E+0000 -1.58256410256410E+0000
 650  5.18315018315018E-0001 -1.86058608058608E+0000
 651 -2.00000000000000E+0000 -2.00000000000000E+0000
 652  5.20732600732601E-0001 -1.85978021978022E+0000
 653 -2.00000000000000E+0000 -2.00000000000000E+0000
 654 -2.00000000000000E+0000 -2.00000000000000E+0000
 655  5.23956043956044E-0001 -1.86058608058608E+0000
 656 -2.00000000000000E+0000 -1.99838827838828E+0000
 657 -2.00000000000000E+0000 -1.83479853479853E+0000
 658  4.04688644688645E-0001 -1.98065934065934E+0000
 659 -2.00000000000000E+0000 -1.83560439560440E+0000
 660  3.99853479853480E-0001 -1.96937728937729E+0000
 661 -2.00000000000000E+0000 -1.83802197802198E+0000
 662  4.06300366300366E-0001 -1.96293040293040E+0000
 663 -2.00000000000000E+0000 -1.83802197802198E+0000
 664  4.20805860805861E-0001 -1.92263736263736E+0000
 665 -2.00000000000000E+0000 -1.83641025641026E+0000
 666  4.34505494505495E-0001 -1.92747252747253E+0000
 667 -2.00000000000000E+0000 -1.85655677655678E+0000
 668  4.55457875457875E-0001 -1.94278388278388E+0000
 669 -2.00000000000000E+0000 -1.82432234432234E+0000
 670  4.74798534798535E-0001 -1.93069597069597E+0000
 671 -2.00000000000000E+0000 -1.75824175824176E+0000
 672  4.93333333333333E-0001 -1.91457875457875E+0000
 673 -2.00000000000000E+0000 -1.69619047619048E+0000
 674  5.09450549450549E-0001 -1.84769230769231E+0000
 675 -2.00000000000000E+0000 -1.73648351648352E+0000
 676  5.23150183150183E-0001 -1.87912087912088E+0000
 677 -2.00000000000000E+0000 -2.00000000000000E+0000
 678 -2.10183150183150E-0001 -1.70344322344322E+0000
 679  5.36849816849817E-0001 -1.84849816849817E+0000
 680 -2.83516483516484E-0001 -2.00000000000000E+0000
 681 -4.59194139194139E-0001 -1.88073260073260E+0000
 682 -6.34871794871795E-0001 -2.00000000000000E+0000
 683 -1.29084249084249E+0000 -1.90652014652015E+0000
 684 -6.67912087912088E-0001 -2.00000000000000E+0000
 685 -1.20542124542125E+0000 -1.93311355311355E+0000
 686  8.31501831501832E-0002 -1.97260073260073E+0000
 687 -5.38168498168498E-0001 -1.95728937728938E+0000
 688  4.06300366300366E-0001 -1.94358974358974E+0000
 689 -1.82835164835165E+0000 -1.97904761904762E+0000
 690 -1.69890109890110E-0001 -1.92102564102564E+0000
 691 -1.33597069597070E+0000 -1.99274725274725E+0000
 692  6.13406593406593E-0001 -1.89443223443223E+0000
 693 -1.14417582417582E+0000 -2.00000000000000E+0000
 694  5.59413919413919E-0001 -1.88395604395604E+0000
 695 -1.98307692307692E+0000 -2.00000000000000E+0000
 696  5.45714285714286E-0001 -1.85333333333333E+0000
 697 -2.00000000000000E+0000 -1.92747252747253E+0000
 698 -2.00000000000000E+0000 -1.75179487179487E+0000
 699  3.07692307692308E-0002 -1.93472527472527E+0000
 700 -2.00000000000000E+0000 -1.75824175824176E+0000
 701  2.53186813186813E-0001 -1.90813186813187E+0000
 702 -2.00000000000000E+0000 -1.76065934065934E+0000
 703  4.56263736263736E-0001 -2.00000000000000E+0000
 704 -2.00000000000000E+0000 -1.76307692307692E+0000
 705  5.52967032967033E-0001 -2.00000000000000E+0000
 706 -2.00000000000000E+0000 -1.76307692307692E+0000
 707  5.39267399267399E-0001 -2.00000000000000E+0000
 708 -2.00000000000000E+0000 -1.76307692307692E+0000
 709  5.36043956043956E-0001 -2.00000000000000E+0000
 710 -2.00000000000000E+0000 -1.76468864468864E+0000
 711  5.31208791208791E-0001 -2.00000000000000E+0000
 712 -2.00000000000000E+0000 -1.76710622710623E+0000
 713  5.24761904761905E-0001 -2.00000000000000E+0000
 714 -2.00000000000000E+0000 -1.76630036630037E+0000
 715  5.20732600732601E-0001 -2.00000000000000E+0000
 716 -2.00000000000000E+0000 -1.77113553113553E+0000
 717  5.17509157509158E-0001 -2.00000000000000E+0000
 718 -2.00000000000000E+0000 -2.00000000000000E+0000
 719  4.71575091575092E-0001 -1.77113553113553E+0000
 720  5.12673992673993E-0001 -1.80901098901099E+0000
 721 -2.00000000000000E+0000 -2.00000000000000E+0000
 722  4.63516483516484E-0001 -1.81545787545788E+0000
 723 -2.00000000000000E+0000 -2.00000000000000E+0000
 724  4.61904761904762E-0001 -1.81142857142857E+0000
 725 -2.00000000000000E+0000 -2.00000000000000E+0000
 726  4.53846153846154E-0001 -1.81304029304029E+0000
 727 -2.00000000000000E+0000 -2.00000000000000E+0000
 728  4.47399267399267E-0001 -1.81787545787546E+0000
 729 -2.00000000000000E+0000 -2.00000000000000E+0000
 730  4.37728937728938E-0001 -1.81787545787546E+0000
 731 -2.00000000000000E+0000 -2.00000000000000E+0000
 732  4.37728937728938E-0001 -1.82029304029304E+0000
 733 -2.00000000000000E+0000 -2.00000000000000E+0000
 734  4.31282051282051E-0001 -1.82109890109890E+0000
 735 -2.00000000000000E+0000 -2.00000000000000E+0000
 736  4.24835164835165E-0001 -1.82271062271062E+0000
 737 -2.00000000000000E+0000 -2.00000000000000E+0000
 738 -2.00000000000000E+0000 -1.75421245421245E+0000
 739  5.02197802197802E-0001 -2.00000000000000E+0000
 740 -2.00000000000000E+0000 -1.71150183150183E+0000
 741  5.08644688644689E-0001 -2.00000000000000E+0000
 742 -2.00000000000000E+0000 -1.67443223443223E+0000
 743  5.07838827838828E-0001 -2.00000000000000E+0000
 744 -2.00000000000000E+0000 -1.63575091575092E+0000
 745  5.06227106227106E-0001 -2.00000000000000E+0000
 746 -2.00000000000000E+0000 -1.61318681318681E+0000
 747  5.07838827838828E-0001 -1.99758241758242E+0000
 748 -2.00000000000000E+0000 -1.59706959706960E+0000
 749  5.17509157509158E-0001 -1.83399267399267E+0000
 750 -2.00000000000000E+0000 -1.59626373626374E+0000
 751  5.13479853479853E-0001 -1.85816849816850E+0000
 752 -2.00000000000000E+0000 -1.58659340659341E+0000
 753  5.17509157509158E-0001 -1.86219780219780E+0000
 754 -2.00000000000000E+0000 -2.00000000000000E+0000
 755 -2.00000000000000E+0000 -2.00000000000000E+0000
 756  5.23956043956044E-0001 -1.86058608058608E+0000
 757 -2.00000000000000E+0000 -2.00000000000000E+0000
 758 -2.00000000000000E+0000 -1.83479853479853E+0000
 759  4.03882783882784E-0001 -2.00000000000000E+0000
 760 -2.00000000000000E+0000 -1.83721611721612E+0000
 761  4.03076923076923E-0001 -1.98871794871795E+0000
 762 -2.00000000000000E+0000 -1.83721611721612E+0000
 763  4.03076923076923E-0001 -1.96615384615385E+0000
 764 -2.00000000000000E+0000 -1.83882783882784E+0000
 765  4.06300366300366E-0001 -1.91296703296703E+0000
 766 -2.00000000000000E+0000 -1.84043956043956E+0000
 767  4.19194139194139E-0001 -1.94439560439560E+0000
 768 -2.00000000000000E+0000 -1.85575091575092E+0000
 769  4.40146520146520E-0001 -1.93875457875458E+0000
 770 -2.00000000000000E+0000 -1.82512820512821E+0000
 771  4.55457875457875E-0001 -1.90168498168498E+0000
 772 -2.00000000000000E+0000 -1.72358974358974E+0000
 773  4.73186813186813E-0001 -1.92021978021978E+0000
 774 -2.00000000000000E+0000 -2.00000000000000E+0000
 775 -1.76336996336996E-0001 -1.85333333333333E+0000
 776 -6.95311355311355E-0001 -2.00000000000000E+0000
 777  1.95164835164835E-0001 -1.84930402930403E+0000
 778 -7.58974358974359E-0001 -2.00000000000000E+0000
 779 -5.58315018315018E-0001 -1.85575091575092E+0000
 780 -1.03699633699634E+0000 -2.00000000000000E+0000
 781 -4.70476190476190E-0001 -1.84849816849817E+0000
 782 -2.96410256410256E-0001 -2.00000000000000E+0000
 783 -3.19780219780220E-0001 -1.88315018315018E+0000
 784  1.09743589743589E-0001 -2.00000000000000E+0000
 785 -4.02783882783883E-0001 -1.91135531135531E+0000
 786 -2.70622710622711E-0001 -1.98710622710623E+0000
 787 -1.09179487179487E+0000 -1.94117216117216E+0000
 788 -6.19047619047619E-0002 -1.97179487179487E+0000
 789 -1.37626373626374E+0000 -1.79369963369963E+0000
 790 -9.90256410256410E-0001 -1.77838827838828E+0000
 791 -1.20542124542125E+0000 -1.78483516483516E+0000
 792 -1.20139194139194E+0000 -1.75098901098901E+0000
 793 -8.52454212454212E-0001 -1.77274725274725E+0000
 794 -1.46732600732601E+0000 -1.75582417582418E+0000
 795 -5.76043956043956E-0001 -1.83076923076923E+0000
 796 -1.73326007326007E+0000 -1.75824175824176E+0000
 797 -2.85934065934066E-0001 -1.85010989010989E+0000
 798 -2.00000000000000E+0000 -1.76549450549451E+0000
 799 -1.91941391941392E-0002 -1.93391941391941E+0000
 800 -2.00000000000000E+0000 -1.76146520146520E+0000
 801  2.37875457875458E-0001 -1.97663003663004E+0000
 802 -2.00000000000000E+0000 -1.76146520146520E+0000
 803  4.65934065934066E-0001 -2.00000000000000E+0000
 804 -2.00000000000000E+0000 -2.00000000000000E+0000
 805  5.13479853479853E-0001 -1.79369963369963E+0000
 806 -2.00000000000000E+0000 -2.00000000000000E+0000
 807  5.07838827838828E-0001 -1.79692307692308E+0000
 808 -2.00000000000000E+0000 -2.00000000000000E+0000
 809  5.00586080586081E-0001 -1.79853479853480E+0000
 810 -2.00000000000000E+0000 -2.00000000000000E+0000
 811  4.87692307692308E-0001 -1.79853479853480E+0000
 812 -2.00000000000000E+0000 -2.00000000000000E+0000
 813  4.87692307692308E-0001 -1.80175824175824E+0000
 814 -2.00000000000000E+0000 -2.00000000000000E+0000
 815  4.74798534798535E-0001 -1.80417582417582E+0000
 816 -2.00000000000000E+0000 -2.00000000000000E+0000
 817  4.71575091575092E-0001 -1.80659340659341E+0000
 818 -2.00000000000000E+0000 -2.00000000000000E+0000
 819 -2.00000000000000E+0000 -1.77113553113553E+0000
 820  5.11868131868132E-0001 -2.00000000000000E+0000
 821 -2.00000000000000E+0000 -1.77355311355311E+0000
 822  5.11062271062271E-0001 -2.00000000000000E+0000
 823 -2.00000000000000E+0000 -1.77355311355311E+0000
 824  5.07032967032967E-0001 -2.00000000000000E+0000
 825 -2.00000000000000E+0000 -1.77677655677656E+0000
 826  5.00586080586081E-0001 -2.00000000000000E+0000
 827 -2.00000000000000E+0000 -1.77597069597070E+0000
 828  5.00586080586081E-0001 -2.00000000000000E+0000
 829 -2.00000000000000E+0000 -1.77919413919414E+0000
 830  5.00586080586081E-0001 -2.00000000000000E+0000
 831 -2.00000000000000E+0000 -2.00000000000000E+0000
 832  4.26446886446886E-0001 -1.78000000000000E+0000
 833  5.00586080586081E-0001 -1.81948717948718E+0000
 834 -2.00000000000000E+0000 -2.00000000000000E+0000
 835  4.23223443223443E-0001 -1.82029304029304E+0000
 836 -2.00000000000000E+0000 -2.00000000000000E+0000
 837  4.14358974358974E-0001 -1.82432234432234E+0000
 838 -2.00000000000000E+0000 -2.00000000000000E+0000
 839  4.09523809523810E-0001 -1.82512820512821E+0000
 840 -2.00000000000000E+0000 -2.00000000000000E+0000
 841  4.10329670329670E-0001 -1.82512820512821E+0000
 842 -2.00000000000000E+0000 -2.00000000000000E+0000
 843  4.07912087912088E-0001 -1.82754578754579E+0000
 844 -2.00000000000000E+0000 -2.00000000000000E+0000
 845 -2.00000000000000E+0000 -1.60351648351648E+0000
 846  5.07032967032967E-0001 -1.82673992673993E+0000
 847 -2.00000000000000E+0000 -1.58659340659341E+0000
 848  5.11868131868132E-0001 -1.85978021978022E+0000
 849 -2.00000000000000E+0000 -1.58256410256410E+0000
 850  5.16703296703297E-0001 -1.86139194139194E+0000
 851 -2.00000000000000E+0000 -1.69457875457875E+0000
 852  5.18315018315018E-0001 -1.85978021978022E+0000
 853 -2.00000000000000E+0000 -2.00000000000000E+0000
 854  5.26373626373626E-0001 -1.86219780219780E+0000
 855 -2.00000000000000E+0000 -2.00000000000000E+0000
 856  5.28791208791209E-0001 -1.86703296703297E+0000
 857 -2.00000000000000E+0000 -1.97985347985348E+0000
 858 -2.00000000000000E+0000 -2.00000000000000E+0000
 859  5.33626373626374E-0001 -1.83802197802198E+0000
 860  4.01465201465201E-0001 -1.97260073260073E+0000
 861 -2.00000000000000E+0000 -1.83641025641026E+0000
 862  4.07106227106227E-0001 -1.95245421245421E+0000
 863 -2.00000000000000E+0000 -1.83882783882784E+0000
 864  4.19194139194139E-0001 -1.92424908424908E+0000
 865 -2.00000000000000E+0000 -1.84043956043956E+0000
 866  4.36117216117216E-0001 -1.90652014652015E+0000
 867 -2.00000000000000E+0000 -1.83238095238095E+0000
 868  4.57069597069597E-0001 -1.92021978021978E+0000
 869 -2.00000000000000E+0000 -1.78564102564103E+0000
 870  4.84468864468864E-0001 -1.92344322344322E+0000
 871 -2.00000000000000E+0000 -2.00000000000000E+0000
 872 -2.23076923076923E-0001 -1.85333333333333E+0000
 873 -1.31260073260073E+0000 -2.00000000000000E+0000
 874 -5.07545787545788E-0001 -1.85252747252747E+0000
 875 -9.10476190476190E-0001 -2.00000000000000E+0000
 876 -2.47252747252747E-0001 -1.85172161172161E+0000
 877 -5.67179487179487E-0001 -2.00000000000000E+0000
 878 -3.76190476190476E-0001 -1.85978021978022E+0000
 879 -1.56190476190476E-0001 -2.00000000000000E+0000
 880 -3.63296703296703E-0001 -1.89684981684982E+0000
 881  1.62637362637363E-0002 -2.00000000000000E+0000
 882 -6.02637362637363E-0001 -1.92666666666667E+0000
 883  4.78827838827839E-0001 -1.98952380952381E+0000
 884 -4.17289377289377E-0001 -1.95648351648352E+0000
 885  6.59340659340659E-0001 -1.94600732600733E+0000
 886 -9.48351648351648E-0001 -1.75904761904762E+0000
 887 -9.92673992673993E-0001 -1.80256410256410E+0000
 888 -1.14820512820513E+0000 -1.84285714285714E+0000
 889 -1.27230769230769E+0000 -1.81304029304029E+0000
 890 -8.50036630036630E-0001 -1.85897435897436E+0000
 891 -1.59948717948718E+0000 -1.75582417582418E+0000
 892 -5.13992673992674E-0001 -1.88959706959707E+0000
 893 -1.79692307692308E+0000 -1.75501831501832E+0000
 894 -2.20659340659341E-0001 -1.85655677655678E+0000
 895 -2.00000000000000E+0000 -1.75824175824176E+0000
 896  4.60805860805861E-0002 -1.86945054945055E+0000
 897 -2.00000000000000E+0000 -2.00000000000000E+0000
 898  5.27985347985348E-0001 -1.81304029304029E+0000
 899 -1.77194139194139E+0000 -2.00000000000000E+0000
 900  5.22344322344322E-0001 -1.79853479853480E+0000
 901 -2.00000000000000E+0000 -2.00000000000000E+0000
 902  5.17509157509158E-0001 -1.79611721611722E+0000
 903 -2.00000000000000E+0000 -2.00000000000000E+0000
 904  5.05421245421245E-0001 -1.79692307692308E+0000
 905 -2.00000000000000E+0000 -2.00000000000000E+0000
 906  5.00586080586081E-0001 -1.80014652014652E+0000
 907 -2.00000000000000E+0000 -2.00000000000000E+0000
 908  4.92527472527473E-0001 -1.80256410256410E+0000
 909 -2.00000000000000E+0000 -2.00000000000000E+0000
 910 -2.00000000000000E+0000 -2.00000000000000E+0000
 911  4.86886446886447E-0001 -2.00000000000000E+0000
 912 -2.00000000000000E+0000 -1.76630036630037E+0000
 913  5.13479853479853E-0001 -2.00000000000000E+0000
 914 -2.00000000000000E+0000 -1.76710622710623E+0000
 915  5.15897435897436E-0001 -2.00000000000000E+0000
 916 -2.00000000000000E+0000 -1.76871794871795E+0000
 917  5.16703296703297E-0001 -2.00000000000000E+0000
 918 -2.00000000000000E+0000 -1.77113553113553E+0000
 919  5.07838827838828E-0001 -2.00000000000000E+0000
 920 -2.00000000000000E+0000 -1.77194139194139E+0000
 921  5.04615384615385E-0001 -2.00000000000000E+0000
 922 -2.00000000000000E+0000 -1.77597069597070E+0000
 923  4.98974358974359E-0001 -2.00000000000000E+0000
 924 -2.00000000000000E+0000 -1.77435897435897E+0000
 925  5.05421245421245E-0001 -2.00000000000000E+0000
 926 -2.00000000000000E+0000 -2.00000000000000E+0000
 927  4.33699633699634E-0001 -1.82029304029304E+0000
 928 -2.00000000000000E+0000 -2.00000000000000E+0000
 929  4.28864468864469E-0001 -1.82271062271062E+0000
 930 -2.00000000000000E+0000 -2.00000000000000E+0000
 931  4.22417582417582E-0001 -1.82512820512821E+0000
 932 -2.00000000000000E+0000 -2.00000000000000E+0000
 933  4.16776556776557E-0001 -1.82673992673993E+0000
 934 -2.00000000000000E+0000 -2.00000000000000E+0000
 935  4.09523809523810E-0001 -1.82673992673993E+0000
 936 -2.00000000000000E+0000 -2.00000000000000E+0000
 937  4.08717948717949E-0001 -1.82754578754579E+0000
 938 -2.00000000000000E+0000 -2.00000000000000E+0000
 939  4.11135531135531E-0001 -1.82915750915751E+0000
 940 -2.00000000000000E+0000 -2.00000000000000E+0000
 941 -2.00000000000000E+0000 -1.60673992673993E+0000
 942  5.07032967032967E-0001 -1.87347985347985E+0000
 943 -2.00000000000000E+0000 -1.60190476190476E+0000
 944  5.10256410256410E-0001 -1.85091575091575E+0000
 945 -2.00000000000000E+0000 -1.58336996336996E+0000
 946  5.10256410256410E-0001 -1.86139194139194E+0000
 947 -2.00000000000000E+0000 -2.00000000000000E+0000
 948  5.13479853479853E-0001 -1.85978021978022E+0000
 949 -2.00000000000000E+0000 -2.00000000000000E+0000
 950  5.22344322344322E-0001 -1.85978021978022E+0000
 951 -2.00000000000000E+0000 -2.00000000000000E+0000
 952  5.30402930402930E-0001 -1.85897435897436E+0000
 953 -2.00000000000000E+0000 -1.98065934065934E+0000
 954 -2.00000000000000E+0000 -1.83802197802198E+0000
 955  3.97435897435897E-0001 -1.97340659340659E+0000
 956 -2.00000000000000E+0000 -1.84124542124542E+0000
 957  4.03076923076923E-0001 -1.96534798534799E+0000
 958 -2.00000000000000E+0000 -1.83882783882784E+0000
 959  4.07912087912088E-0001 -1.94681318681319E+0000
 960 -2.00000000000000E+0000 -1.84124542124542E+0000
 961  4.24835164835165E-0001 -1.93875457875458E+0000
 962 -2.00000000000000E+0000 -1.85978021978022E+0000
 963  4.43369963369963E-0001 -1.92505494505495E+0000
 964 -2.00000000000000E+0000 -1.86219780219780E+0000
 965  4.61098901098901E-0001 -1.89201465201465E+0000
 966 -2.00000000000000E+0000 -2.00000000000000E+0000
 967  4.23223443223443E-0001 -1.85816849816850E+0000
 968 -1.44798534798535E+0000 -2.00000000000000E+0000
 969 -1.19120879120879E-0001 -1.85252747252747E+0000
 970 -8.96776556776557E-0001 -2.00000000000000E+0000
 971  2.06446886446886E-0001 -1.85091575091575E+0000
 972 -8.27472527472527E-0001 -2.00000000000000E+0000
 973 -4.55970695970696E-0001 -1.85091575091575E+0000
 974 -1.01846153846154E+0000 -2.00000000000000E+0000
 975 -6.21172161172161E-0001 -1.84930402930403E+0000
 976 -1.05421245421245E-0001 -2.00000000000000E+0000
 977 -7.39926739926740E-0002 -1.68813186813187E+0000
 978 -1.59706959706960E-0002 -1.84285714285714E+0000
 979 -2.00000000000000E+0000 -1.78161172161172E+0000
 980 -2.48864468864469E-0001 -1.84446886446886E+0000
 981 -1.85333333333333E+0000 -1.76227106227106E+0000
 982 -5.88937728937729E-0001 -1.75421245421245E+0000
 983 -1.58901098901099E+0000 -1.76307692307692E+0000
 984 -8.69377289377289E-0001 -1.82835164835165E+0000
 985 -1.26586080586081E+0000 -1.73648351648352E+0000
 986 -1.12322344322344E+0000 -1.79853479853480E+0000
 987 -9.83003663003663E-0001 -1.84366300366300E+0000
 988 -1.35934065934066E+0000 -1.99274725274725E+0000
 989  5.90842490842491E-0001 -1.88798534798535E+0000
 990 -1.15626373626374E+0000 -2.00000000000000E+0000
 991  5.61025641025641E-0001 -1.86703296703297E+0000
 992 -2.00000000000000E+0000 -2.00000000000000E+0000
 993  5.43296703296703E-0001 -1.85010989010989E+0000
 994 -2.00000000000000E+0000 -2.00000000000000E+0000
 995  5.36849816849817E-0001 -1.83238095238095E+0000
 996 -2.00000000000000E+0000 -2.00000000000000E+0000
 997  5.27179487179487E-0001 -1.81304029304029E+0000
 998 -1.90087912087912E+0000 -1.92989010989011E+0000
 999 -2.00000000000000E+0000 -1.75985347985348E+0000
 1000  4.32893772893773E-0001 -2.00000000000000E+0000
 1001 -2.00000000000000E+0000 -1.76388278388278E+0000
 1002  5.50549450549451E-0001 -2.00000000000000E+0000
 1003 -2.00000000000000E+0000 -1.76388278388278E+0000
 1004  5.39267399267399E-0001 -2.00000000000000E+0000
 1005 -2.00000000000000E+0000 -1.76630036630037E+0000
 1006  5.34432234432234E-0001 -2.00000000000000E+0000
 1007 -2.00000000000000E+0000 -1.76549450549451E+0000
 1008  5.32014652014652E-0001 -2.00000000000000E+0000
 1009 -2.00000000000000E+0000 -2.00000000000000E+0000
 1010  4.86080586080586E-0001 -1.80095238095238E+0000
 1011 -2.00000000000000E+0000 -2.00000000000000E+0000
 1012  4.81245421245421E-0001 -1.80417582417582E+0000
 1013 -2.00000000000000E+0000 -2.00000000000000E+0000
 1014  4.74798534798535E-0001 -1.80417582417582E+0000
 1015 -2.00000000000000E+0000 -2.00000000000000E+0000
 1016  4.69157509157509E-0001 -1.80820512820513E+0000
 1017 -2.00000000000000E+0000 -2.00000000000000E+0000
 1018  4.61904761904762E-0001 -1.80981684981685E+0000
 1019 -2.00000000000000E+0000 -2.00000000000000E+0000
 1020 -2.00000000000000E+0000 -1.77032967032967E+0000
 1021  5.07838827838828E-0001 -2.00000000000000E+0000
 1022 -2.00000000000000E+0000 -1.77274725274725E+0000
 1023  5.06227106227106E-0001 -2.00000000000000E+0000
 1024 -2.00000000000000E+0000 -1.76468864468864E+0000
 1025  5.00586080586081E-0001 -2.00000000000000E+0000
 1026 -2.00000000000000E+0000 -1.77516483516484E+0000
 1027  5.00586080586081E-0001 -2.00000000000000E+0000
 1028 -2.00000000000000E+0000 -1.77435897435897E+0000
 1029  4.98974358974359E-0001 -2.00000000000000E+0000
 1030 -2.00000000000000E+0000 -2.00000000000000E+0000
 1031  4.28058608058608E-0001 -1.81948717948718E+0000
 1032 -2.00000000000000E+0000 -2.00000000000000E+0000
 1033  4.23223443223443E-0001 -1.82029304029304E+0000
 1034 -2.00000000000000E+0000 -2.00000000000000E+0000
 1035  4.15970695970696E-0001 -1.83076923076923E+0000
 1036 -2.00000000000000E+0000 -2.00000000000000E+0000
 1037  4.10329670329670E-0001 -1.82835164835165E+0000
 1038 -2.00000000000000E+0000 -2.00000000000000E+0000
 1039  4.07912087912088E-0001 -1.82512820512821E+0000
 1040 -2.00000000000000E+0000 -2.00000000000000E+0000
 1041  4.04688644688645E-0001 -1.63736263736264E+0000
 1042  5.07032967032967E-0001 -2.00000000000000E+0000
 1043 -2.00000000000000E+0000 -1.61721611721612E+0000
 1044  5.07032967032967E-0001 -2.00000000000000E+0000
 1045 -2.00000000000000E+0000 -1.59545787545788E+0000
 1046  5.11062271062271E-0001 -1.84043956043956E+0000
 1047 -2.00000000000000E+0000 -1.59062271062271E+0000
 1048  5.15897435897436E-0001 -1.86058608058608E+0000
 1049 -2.00000000000000E+0000 -1.63494505494505E+0000
 1050  5.20732600732601E-0001 -1.86219780219780E+0000
 1051 -2.00000000000000E+0000 -2.00000000000000E+0000
 1052  5.20732600732601E-0001 -2.00000000000000E+0000
 1053 -2.00000000000000E+0000 -1.83560439560440E+0000
 1054  4.06300366300366E-0001 -2.00000000000000E+0000
 1055 -2.00000000000000E+0000 -1.83641025641026E+0000
 1056  4.03076923076923E-0001 -1.98065934065934E+0000
 1057 -2.00000000000000E+0000 -1.83721611721612E+0000
 1058  4.00659340659341E-0001 -1.96212454212454E+0000
 1059 -2.00000000000000E+0000 -1.83802197802198E+0000
 1060  4.06300366300366E-0001 -1.96131868131868E+0000
 1061 -2.00000000000000E+0000 -1.84124542124542E+0000
 1062  4.10329670329670E-0001 -2.00000000000000E+0000
 1063  2.94285714285714E-0001 -1.85978021978022E+0000
 1064 -1.69780219780220E+0000 -2.00000000000000E+0000
 1065  4.09523809523810E-0001 -1.85736263736264E+0000
 1066 -1.28600732600733E+0000 -2.00000000000000E+0000
 1067  1.16190476190476E-0001 -1.85494505494505E+0000
 1068 -1.20783882783883E+0000 -2.00000000000000E+0000
 1069  6.79487179487179E-0001 -1.85655677655678E+0000
 1070 -1.34161172161172E+0000 -2.00000000000000E+0000
 1071 -2.83516483516484E-0001 -1.85252747252747E+0000
 1072 -6.34065934065934E-0001 -2.00000000000000E+0000
 1073 -4.93040293040293E-0001 -1.72923076923077E+0000
 1074  5.13479853479853E-0001 -1.85494505494505E+0000
 1075 -2.00000000000000E+0000 -1.69216117216117E+0000
 1076  5.21538461538462E-0001 -1.87912087912088E+0000
 1077 -2.00000000000000E+0000 -1.75260073260073E+0000
 1078  5.37655677655678E-0001 -1.83963369963370E+0000
 1079 -2.00000000000000E+0000 -1.71069597069597E+0000
 1080  4.84981684981685E-0002 -1.84446886446886E+0000
 1081 -2.00000000000000E+0000 -1.77274725274725E+0000
 1082 -2.88351648351648E-0001 -1.77838827838828E+0000
 1083 -1.85333333333333E+0000 -1.73648351648352E+0000
 1084 -6.07472527472527E-0001 -1.94117216117216E+0000
 1085 -4.81758241758242E-0001 -1.95648351648352E+0000
 1086 -1.14901098901099E+0000 -1.95890109890110E+0000
 1087  7.16556776556777E-0001 -1.93230769230769E+0000
 1088 -1.43347985347985E+0000 -1.97743589743590E+0000
 1089 -1.73919413919414E-0001 -1.91054945054945E+0000
 1090 -1.14417582417582E+0000 -1.99274725274725E+0000
 1091  6.08571428571429E-0001 -1.89040293040293E+0000
 1092 -2.00000000000000E+0000 -2.00000000000000E+0000
 1093  5.61831501831502E-0001 -1.86864468864469E+0000
 1094 -1.96131868131868E+0000 -1.88637362637363E+0000
 1095 -1.79934065934066E+0000 -1.75824175824176E+0000
 1096 -2.15824175824176E-0001 -1.83963369963370E+0000
 1097 -2.00000000000000E+0000 -1.75824175824176E+0000
 1098  5.97802197802198E-0002 -1.95648351648352E+0000
 1099 -2.00000000000000E+0000 -1.75985347985348E+0000
 1100  2.99120879120879E-0001 -1.96695970695971E+0000
 1101 -2.00000000000000E+0000 -1.76227106227106E+0000
 1102  5.01391941391941E-0001 -1.95970695970696E+0000
 1103 -2.00000000000000E+0000 -1.76146520146520E+0000
 1104  5.44908424908425E-0001 -2.00000000000000E+0000
 1105  5.06227106227106E-0001 -1.79772893772894E+0000
 1106 -2.00000000000000E+0000 -2.00000000000000E+0000
 1107  5.00586080586081E-0001 -1.79934065934066E+0000
 1108 -2.00000000000000E+0000 -2.00000000000000E+0000
 1109  4.94139194139194E-0001 -1.80175824175824E+0000
 1110 -2.00000000000000E+0000 -2.00000000000000E+0000
 1111  4.86886446886447E-0001 -1.80256410256410E+0000
 1112 -2.00000000000000E+0000 -2.00000000000000E+0000
 1113  4.78021978021978E-0001 -1.80739926739927E+0000
 1114 -2.00000000000000E+0000 -2.00000000000000E+0000
 1115 -2.00000000000000E+0000 -1.76710622710623E+0000
 1116  5.07838827838828E-0001 -2.00000000000000E+0000
 1117 -2.00000000000000E+0000 -1.76871794871795E+0000
 1118  5.00586080586081E-0001 -2.00000000000000E+0000
 1119 -2.00000000000000E+0000 -1.77113553113553E+0000
 1120  5.13479853479853E-0001 -2.00000000000000E+0000
 1121 -2.00000000000000E+0000 -1.77274725274725E+0000
 1122  5.03003663003663E-0001 -2.00000000000000E+0000
 1123 -2.00000000000000E+0000 -1.77113553113553E+0000
 1124  5.03003663003663E-0001 -1.81545787545788E+0000
 1125 -2.00000000000000E+0000 -2.00000000000000E+0000
 1126  4.42564102564103E-0001 -1.81706959706960E+0000
 1127 -2.00000000000000E+0000 -2.00000000000000E+0000
 1128  4.36117216117216E-0001 -1.81304029304029E+0000
 1129 -2.00000000000000E+0000 -2.00000000000000E+0000
 1130  4.29670329670330E-0001 -1.82109890109890E+0000
 1131 -2.00000000000000E+0000 -2.00000000000000E+0000
 1132  4.23223443223443E-0001 -1.82351648351648E+0000
 1133 -2.00000000000000E+0000 -2.00000000000000E+0000
 1134 -2.00000000000000E+0000 -1.76791208791209E+0000
 1135  5.01391941391941E-0001 -2.00000000000000E+0000
 1136 -2.00000000000000E+0000 -1.72923076923077E+0000
 1137  5.01391941391941E-0001 -2.00000000000000E+0000
 1138 -2.00000000000000E+0000 -1.68813186813187E+0000
 1139  5.00586080586081E-0001 -2.00000000000000E+0000
 1140 -2.00000000000000E+0000 -1.65106227106227E+0000
 1141  5.03003663003663E-0001 -2.00000000000000E+0000
 1142 -2.00000000000000E+0000 -1.62527472527473E+0000
 1143  5.11062271062271E-0001 -2.00000000000000E+0000
 1144 -2.00000000000000E+0000 -2.00000000000000E+0000
 1145  4.06300366300366E-0001 -1.82432234432234E+0000
 1146  1.20571428571429E+0000 -2.00000000000000E+0000
 1147  4.03882783882784E-0001 -1.83076923076923E+0000
 1148  4.70769230769231E-0001 -2.00000000000000E+0000
 1149  4.04688644688645E-0001 -1.83399267399267E+0000
 1150  3.97435897435897E-0001 -2.00000000000000E+0000
 1151 -2.00000000000000E+0000 -1.83721611721612E+0000
 1152  4.04688644688645E-0001 -2.00000000000000E+0000
 1153 -2.00000000000000E+0000 -1.83560439560440E+0000
 1154  3.97435897435897E-0001 -2.00000000000000E+0000
 1155 -2.00000000000000E+0000 -2.00000000000000E+0000
 1156  5.26373626373626E-0001 -1.86058608058608E+0000
 1157 -2.00000000000000E+0000 -2.00000000000000E+0000
 1158  5.32820512820513E-0001 -1.86058608058608E+0000
 1159 -1.92263736263736E+0000 -2.00000000000000E+0000
 1160  5.38461538461538E-0001 -1.86058608058608E+0000
 1161 -1.75179487179487E+0000 -2.00000000000000E+0000
 1162  5.39267399267399E-0001 -1.85897435897436E+0000
 1163 -1.65589743589744E+0000 -2.00000000000000E+0000
 1164  5.66666666666667E-0001 -1.85816849816850E+0000
 1165 -1.54791208791209E+0000 -2.00000000000000E+0000
 1166  3.14432234432234E-0001 -1.85736263736264E+0000
 1167 -1.56322344322344E+0000 -1.93069597069597E+0000
 1168 -2.00000000000000E+0000 -1.76468864468864E+0000
 1169  4.71575091575092E-0001 -1.91135531135531E+0000
 1170 -2.00000000000000E+0000 -1.70505494505495E+0000
 1171  4.90109890109890E-0001 -1.89201465201465E+0000
 1172 -2.00000000000000E+0000 -1.69457875457875E+0000
 1173  5.06227106227106E-0001 -1.85494505494505E+0000
 1174 -2.00000000000000E+0000 -1.68732600732601E+0000
 1175  5.24761904761905E-0001 -1.83157509157509E+0000
 1176 -2.00000000000000E+0000 -2.00000000000000E+0000
 1177 -1.88424908424908E-0001 -1.85010989010989E+0000
 1178 -1.94065934065934E-0001 -2.00000000000000E+0000
 1179 -6.73553113553114E-0001 -1.89926739926740E+0000
 1180 -3.13333333333333E-0001 -2.00000000000000E+0000
 1181 -5.28498168498168E-0001 -1.92505494505495E+0000
 1182  5.51355311355311E-0001 -1.97098901098901E+0000
 1183 -4.35824175824176E-0001 -1.94681318681319E+0000
 1184  6.64981684981685E-0001 -1.94117216117216E+0000
 1185 -9.49157509157509E-0001 -1.96776556776557E+0000
 1186  1.57289377289377E-0001 -1.91860805860806E+0000
 1187 -2.00000000000000E+0000 -1.84608058608059E+0000
 1188 -1.24410256410256E+0000 -1.81787545787546E+0000
 1189 -8.16996336996337E-0001 -1.86864468864469E+0000
 1190 -1.48424908424908E+0000 -1.75824175824176E+0000
 1191 -5.38974358974359E-0001 -1.82593406593407E+0000
 1192 -1.70505494505495E+0000 -1.75985347985348E+0000
 1193 -2.73846153846154E-0001 -1.91377289377289E+0000
 1194 -1.94842490842491E+0000 -1.75904761904762E+0000
 1195 -7.91208791208791E-0003 -1.92263736263736E+0000
 1196 -2.00000000000000E+0000 -1.76307692307692E+0000
 1197  2.05641025641026E-0001 -1.90571428571429E+0000
 1198 -2.00000000000000E+0000 -2.00000000000000E+0000
 1199  5.23150183150183E-0001 -1.80175824175824E+0000
 1200 -2.00000000000000E+0000 -2.00000000000000E+0000
 1201  5.13479853479853E-0001 -1.80014652014652E+0000
 1202 -1.99274725274725E+0000 -2.00000000000000E+0000
 1203  5.07838827838828E-0001 -1.79369963369963E+0000
 1204 -2.00000000000000E+0000 -2.00000000000000E+0000
 1205  4.97362637362637E-0001 -1.79934065934066E+0000
 1206 -2.00000000000000E+0000 -2.00000000000000E+0000
 1207  4.95750915750916E-0001 -1.79934065934066E+0000
 1208 -2.00000000000000E+0000 -2.00000000000000E+0000
 1209  4.87692307692308E-0001 -1.80095238095238E+0000
 1210 -2.00000000000000E+0000 -2.00000000000000E+0000
 1211 -2.00000000000000E+0000 -1.76791208791209E+0000
 1212  5.21538461538462E-0001 -2.00000000000000E+0000
 1213 -2.00000000000000E+0000 -1.77274725274725E+0000
 1214  5.15897435897436E-0001 -2.00000000000000E+0000
 1215 -2.00000000000000E+0000 -1.76388278388278E+0000
 1216  5.13479853479853E-0001 -2.00000000000000E+0000
 1217 -2.00000000000000E+0000 -1.77032967032967E+0000
 1218  5.08644688644689E-0001 -2.00000000000000E+0000
 1219 -2.00000000000000E+0000 -2.00000000000000E+0000
 1220  4.61904761904762E-0001 -1.81223443223443E+0000
 1221 -2.00000000000000E+0000 -2.00000000000000E+0000
 1222  4.53846153846154E-0001 -1.81142857142857E+0000
 1223 -2.00000000000000E+0000 -2.00000000000000E+0000
 1224  4.49010989010989E-0001 -1.81545787545788E+0000
 1225 -2.00000000000000E+0000 -2.00000000000000E+0000
 1226  4.36117216117216E-0001 -1.81545787545788E+0000
 1227 -2.00000000000000E+0000 -2.00000000000000E+0000
 1228  4.41758241758242E-0001 -1.81626373626374E+0000
 1229 -2.00000000000000E+0000 -2.00000000000000E+0000
 1230 -2.00000000000000E+0000 -2.00000000000000E+0000
 1231  4.36117216117216E-0001 -2.00000000000000E+0000
 1232 -2.00000000000000E+0000 -1.77919413919414E+0000
 1233  4.98974358974359E-0001 -2.00000000000000E+0000
 1234 -2.00000000000000E+0000 -1.78080586080586E+0000
 1235  5.00586080586081E-0001 -2.00000000000000E+0000
 1236 -2.00000000000000E+0000 -1.76710622710623E+0000
 1237  5.00586080586081E-0001 -2.00000000000000E+0000
 1238 -2.00000000000000E+0000 -1.72600732600733E+0000
 1239  5.00586080586081E-0001 -2.00000000000000E+0000
 1240 -2.00000000000000E+0000 -1.69296703296703E+0000
 1241  5.00586080586081E-0001 -2.00000000000000E+0000
 1242 -2.00000000000000E+0000 -2.00000000000000E+0000
 1243  4.04688644688645E-0001 -1.82673992673993E+0000
 1244 -2.00000000000000E+0000 -2.00000000000000E+0000
 1245  4.03076923076923E-0001 -1.82915750915751E+0000
 1246 -2.00000000000000E+0000 -2.00000000000000E+0000
 1247  4.03882783882784E-0001 -1.82996336996337E+0000
 1248  1.21831501831501E-0001 -2.00000000000000E+0000
 1249  3.99853479853480E-0001 -1.83076923076923E+0000
 1250  6.77069597069597E-0001 -2.00000000000000E+0000
 1251  4.03076923076923E-0001 -1.83157509157509E+0000
 1252  4.28058608058608E-0001 -2.00000000000000E+0000
 1253  4.34505494505495E-0001 -1.83318681318681E+0000
 1254  4.00659340659341E-0001 -1.86380952380952E+0000
 1255 -2.00000000000000E+0000 -2.00000000000000E+0000
 1256  5.19120879120879E-0001 -1.85413919413919E+0000
 1257 -2.00000000000000E+0000 -2.00000000000000E+0000
 1258  5.19120879120879E-0001 -1.86219780219780E+0000
 1259 -2.00000000000000E+0000 -2.00000000000000E+0000
 1260  5.19120879120879E-0001 -1.86219780219780E+0000
 1261 -2.00000000000000E+0000 -2.00000000000000E+0000
 1262  5.28791208791209E-0001 -1.86219780219780E+0000
 1263 -2.00000000000000E+0000 -2.00000000000000E+0000
 1264  5.31208791208791E-0001 -1.83721611721612E+0000
 1265  3.96630036630037E-0001 -1.97582417582418E+0000
 1266 -2.00000000000000E+0000 -1.83802197802198E+0000
 1267  3.99047619047619E-0001 -1.96051282051282E+0000
 1268 -2.00000000000000E+0000 -1.83882783882784E+0000
 1269  4.05494505494505E-0001 -1.94439560439560E+0000
 1270 -2.00000000000000E+0000 -1.85655677655678E+0000
 1271  4.21611721611722E-0001 -1.89684981684982E+0000
 1272 -2.00000000000000E+0000 -1.85252747252747E+0000
 1273  4.36117216117216E-0001 -1.92747252747253E+0000
 1274 -2.00000000000000E+0000 -2.00000000000000E+0000
 1275  1.99194139194139E-0001 -1.85575091575092E+0000
 1276 -1.42219780219780E+0000 -2.00000000000000E+0000
 1277  1.13772893772893E-0001 -1.85413919413919E+0000
 1278 -1.08534798534799E+0000 -2.00000000000000E+0000
 1279 -5.00293040293040E-0001 -1.85413919413919E+0000
 1280 -1.06117216117216E+0000 -2.00000000000000E+0000
 1281  2.03223443223443E-0001 -1.85494505494505E+0000
 1282 -6.75970695970696E-0001 -2.00000000000000E+0000
 1283 -6.63076923076923E-0001 -1.84527472527473E+0000
 1284 -1.00073260073260E+0000 -2.00000000000000E+0000
 1285 -7.98461538461538E-0001 -1.84769230769231E+0000
 1286 -4.70476190476190E-0001 -1.84043956043956E+0000
 1287 -2.00000000000000E+0000 -1.72600732600733E+0000
 1288  6.46153846153846E-0002 -1.82190476190476E+0000
 1289 -2.00000000000000E+0000 -1.72842490842491E+0000
 1290 -2.91575091575092E-0001 -1.79934065934066E+0000
 1291 -1.87106227106227E+0000 -1.81062271062271E+0000
 1292 -5.64761904761905E-0001 -1.75501831501832E+0000
 1293 -1.53985347985348E+0000 -1.79369963369963E+0000
 1294 -8.73406593406593E-0001 -1.82351648351648E+0000
 1295 -1.25296703296703E+0000 -1.74373626373626E+0000
 1296 -1.12080586080586E+0000 -1.78564102564103E+0000
 1297 -9.75750915750916E-0001 -1.90168498168498E+0000
 1298 -1.81626373626374E+0000 -1.99032967032967E+0000
 1299  6.09377289377289E-0001 -1.88879120879121E+0000
 1300 -1.89523809523810E+0000 -2.00000000000000E+0000
 1301  5.65054945054945E-0001 -1.86945054945055E+0000
 1302 -1.45362637362637E+0000 -2.00000000000000E+0000
 1303  5.48131868131868E-0001 -1.85172161172161E+0000
 1304 -2.00000000000000E+0000 -2.00000000000000E+0000
 1305  5.36849816849817E-0001 -1.84366300366300E+0000
 1306 -2.00000000000000E+0000 -2.00000000000000E+0000
 1307  5.29597069597070E-0001 -1.81868131868132E+0000
 1308 -1.81545787545788E+0000 -1.91054945054945E+0000
 1309 -2.00000000000000E+0000 -1.76065934065934E+0000
 1310  4.30476190476190E-0001 -2.00000000000000E+0000
 1311 -2.00000000000000E+0000 -1.76065934065934E+0000
 1312  5.56190476190476E-0001 -2.00000000000000E+0000
 1313 -2.00000000000000E+0000 -1.76227106227106E+0000
 1314  5.39267399267399E-0001 -2.00000000000000E+0000
 1315 -2.00000000000000E+0000 -1.76468864468864E+0000
 1316  5.32014652014652E-0001 -2.00000000000000E+0000
 1317 -2.00000000000000E+0000 -1.76468864468864E+0000
 1318  5.27985347985348E-0001 -2.00000000000000E+0000
 1319 -2.00000000000000E+0000 -2.00000000000000E+0000
 1320  4.89304029304029E-0001 -1.80336996336996E+0000
 1321 -2.00000000000000E+0000 -2.00000000000000E+0000
 1322  4.82857142857143E-0001 -1.79934065934066E+0000
 1323 -2.00000000000000E+0000 -2.00000000000000E+0000
 1324  4.81245421245421E-0001 -1.80578754578755E+0000
 1325 -2.00000000000000E+0000 -2.00000000000000E+0000
 1326  4.69963369963370E-0001 -1.80820512820513E+0000
 1327 -2.00000000000000E+0000 -2.00000000000000E+0000
 1328  4.64322344322344E-0001 -1.81062271062271E+0000
 1329 -2.00000000000000E+0000 -2.00000000000000E+0000
 1330 -2.00000000000000E+0000 -1.77435897435897E+0000
 1331  5.03003663003663E-0001 -2.00000000000000E+0000
 1332 -2.00000000000000E+0000 -1.77194139194139E+0000
 1333  5.04615384615385E-0001 -2.00000000000000E+0000
 1334 -2.00000000000000E+0000 -1.77355311355311E+0000
 1335  5.00586080586081E-0001 -2.00000000000000E+0000
 1336 -2.00000000000000E+0000 -1.77435897435897E+0000
 1337  4.99780219780220E-0001 -2.00000000000000E+0000
 1338 -2.00000000000000E+0000 -1.77677655677656E+0000
 1339  4.99780219780220E-0001 -2.00000000000000E+0000
 1340 -2.00000000000000E+0000 -2.00000000000000E+0000
 1341  4.37728937728938E-0001 -1.82190476190476E+0000
 1342 -2.00000000000000E+0000 -2.00000000000000E+0000
 1343  4.23223443223443E-0001 -1.82351648351648E+0000
 1344 -2.00000000000000E+0000 -2.00000000000000E+0000
 1345  4.17582417582418E-0001 -1.82432234432234E+0000
 1346 -2.00000000000000E+0000 -2.00000000000000E+0000
 1347  4.15970695970696E-0001 -1.82754578754579E+0000
 1348 -2.00000000000000E+0000 -2.00000000000000E+0000
 1349  4.07106227106227E-0001 -2.00000000000000E+0000
 1350 -2.00000000000000E+0000 -2.00000000000000E+0000
 1351  4.06300366300366E-0001 -1.66556776556777E+0000
 1352  5.00586080586081E-0001 -2.00000000000000E+0000
 1353 -2.00000000000000E+0000 -1.63494505494505E+0000
 1354  5.05421245421245E-0001 -2.00000000000000E+0000
 1355 -2.00000000000000E+0000 -1.61479853479853E+0000
 1356  5.02197802197802E-0001 -2.00000000000000E+0000
 1357 -2.00000000000000E+0000 -1.59868131868132E+0000
 1358  5.06227106227106E-0001 -1.81868131868132E+0000
 1359 -2.00000000000000E+0000 -1.58981684981685E+0000
 1360  5.19120879120879E-0001 -1.85736263736264E+0000
 1361 -2.00000000000000E+0000 -2.00000000000000E+0000
 1362  4.40146520146520E-0001 -1.83318681318681E+0000
 1363  3.97435897435897E-0001 -2.00000000000000E+0000
 1364 -2.00000000000000E+0000 -1.83479853479853E+0000
 1365  3.97435897435897E-0001 -2.00000000000000E+0000
 1366 -2.00000000000000E+0000 -1.82915750915751E+0000
 1367  3.97435897435897E-0001 -2.00000000000000E+0000
 1368 -2.00000000000000E+0000 -1.83560439560440E+0000
 1369  3.97435897435897E-0001 -1.98952380952381E+0000
 1370 -2.00000000000000E+0000 -1.83721611721612E+0000
 1371  4.03076923076923E-0001 -1.85816849816850E+0000
 1372 -2.00000000000000E+0000 -2.00000000000000E+0000
 1373  5.26373626373626E-0001 -1.85816849816850E+0000
 1374 -1.87750915750916E+0000 -2.00000000000000E+0000
 1375  5.30402930402930E-0001 -1.86058608058608E+0000
 1376 -1.87589743589744E+0000 -2.00000000000000E+0000
 1377  5.29597069597070E-0001 -1.86139194139194E+0000
 1378 -1.60835164835165E+0000 -2.00000000000000E+0000
 1379  5.34432234432234E-0001 -1.85736263736264E+0000
 1380 -1.65912087912088E+0000 -2.00000000000000E+0000
 1381  4.94945054945055E-0001 -1.91619047619048E+0000
 1382 -2.00000000000000E+0000 -1.83076923076923E+0000
 1383  4.74798534798535E-0001 -1.91860805860806E+0000
 1384 -2.00000000000000E+0000 -1.74131868131868E+0000
 1385  4.92527472527473E-0001 -1.86219780219780E+0000
 1386 -2.00000000000000E+0000 -1.70021978021978E+0000
 1387  5.03809523809524E-0001 -1.88234432234432E+0000
 1388 -2.00000000000000E+0000 -1.72358974358974E+0000
 1389  5.18315018315018E-0001 -1.82835164835165E+0000
 1390 -2.00000000000000E+0000 -1.70183150183150E+0000
 1391  5.31208791208791E-0001 -1.87509157509158E+0000
 1392 -2.00000000000000E+0000 -2.00000000000000E+0000
 1393 -5.47032967032967E-0001 -1.86300366300366E+0000
 1394 -7.31868131868132E-0002 -2.00000000000000E+0000
 1395 -5.70402930402930E-0001 -1.88879120879121E+0000
 1396 -4.11648351648352E-0001 -2.00000000000000E+0000
 1397 -1.12483516483516E+0000 -1.92263736263736E+0000
 1398  1.65347985347985E-0001 -1.99355311355311E+0000
 1399 -6.75164835164835E-0001 -1.94197802197802E+0000
 1400 -4.63223443223443E-0001 -1.96534798534799E+0000
 1401 -1.18205128205128E+0000 -1.96695970695971E+0000
 1402  6.98827838827839E-0001 -1.74454212454212E+0000
 1403 -1.40366300366300E+0000 -1.77355311355311E+0000
 1404 -1.18849816849817E+0000 -1.79369963369963E+0000
 1405 -1.19010989010989E+0000 -1.84769230769231E+0000
 1406 -1.50681318681319E+0000 -1.80175824175824E+0000
 1407 -9.01611721611722E-0001 -1.85252747252747E+0000
 1408 -1.72761904761905E+0000 -1.75743589743590E+0000
 1409 -7.54139194139194E-0001 -1.80095238095238E+0000
 1410 -2.00000000000000E+0000 -1.75904761904762E+0000
 1411 -5.46227106227106E-0001 -1.87509157509158E+0000
 1412 -2.00000000000000E+0000 -2.00000000000000E+0000
 1413  5.27179487179487E-0001 -1.85494505494505E+0000
 1414 -2.00000000000000E+0000 -2.00000000000000E+0000
 1415  5.20732600732601E-0001 -1.83721611721612E+0000
 1416 -2.00000000000000E+0000 -2.00000000000000E+0000
 1417  5.13479853479853E-0001 -1.81626373626374E+0000
 1418 -1.59948717948718E+0000 -2.00000000000000E+0000
 1419  5.07032967032967E-0001 -1.80336996336996E+0000
 1420 -2.00000000000000E+0000 -2.00000000000000E+0000
 1421  5.02197802197802E-0001 -1.79369963369963E+0000
 1422 -2.00000000000000E+0000 -2.00000000000000E+0000
 1423 -2.00000000000000E+0000 -1.76630036630037E+0000
 1424  5.34432234432234E-0001 -2.00000000000000E+0000
 1425 -2.00000000000000E+0000 -1.76952380952381E+0000
 1426  5.30402930402930E-0001 -2.00000000000000E+0000
 1427 -2.00000000000000E+0000 -1.76710622710623E+0000
 1428  5.23956043956044E-0001 -2.00000000000000E+0000
 1429 -2.00000000000000E+0000 -1.77113553113553E+0000
 1430  5.26373626373626E-0001 -2.00000000000000E+0000
 1431 -2.00000000000000E+0000 -1.76952380952381E+0000
 1432  5.13479853479853E-0001 -2.00000000000000E+0000
 1433 -2.00000000000000E+0000 -2.00000000000000E+0000
 1434  4.61904761904762E-0001 -1.80739926739927E+0000
 1435 -2.00000000000000E+0000 -2.00000000000000E+0000
 1436  4.60293040293040E-0001 -1.80901098901099E+0000
 1437 -2.00000000000000E+0000 -2.00000000000000E+0000
 1438  4.55457875457875E-0001 -1.81304029304029E+0000
 1439 -2.00000000000000E+0000 -2.00000000000000E+0000
 1440  4.52234432234432E-0001 -1.81545787545788E+0000
 1441 -2.00000000000000E+0000 -2.00000000000000E+0000
 1442 -2.00000000000000E+0000 -1.77919413919414E+0000
 1443  5.00586080586081E-0001 -2.00000000000000E+0000
 1444 -2.00000000000000E+0000 -1.77435897435897E+0000
 1445  4.99780219780220E-0001 -2.00000000000000E+0000
 1446 -2.00000000000000E+0000 -1.77919413919414E+0000
 1447  4.98168498168498E-0001 -2.00000000000000E+0000
 1448 -2.00000000000000E+0000 -1.78402930402930E+0000
 1449  4.98168498168498E-0001 -2.00000000000000E+0000
 1450 -2.00000000000000E+0000 -2.00000000000000E+0000
 1451  4.21611721611722E-0001 -1.82109890109890E+0000
 1452 -2.00000000000000E+0000 -2.00000000000000E+0000
 1453  4.15970695970696E-0001 -1.82351648351648E+0000
 1454 -2.00000000000000E+0000 -2.00000000000000E+0000
 1455  4.11941391941392E-0001 -1.82512820512821E+0000
 1456 -2.00000000000000E+0000 -2.00000000000000E+0000
 1457  4.05494505494505E-0001 -2.00000000000000E+0000
 1458 -2.00000000000000E+0000 -1.64864468864469E+0000
 1459  5.05421245421245E-0001 -2.00000000000000E+0000
 1460 -2.00000000000000E+0000 -1.63333333333333E+0000
 1461  5.00586080586081E-0001 -2.00000000000000E+0000
 1462 -2.00000000000000E+0000 -1.60996336996337E+0000
 1463  5.07838827838828E-0001 -2.00000000000000E+0000
 1464 -2.00000000000000E+0000 -1.59787545787546E+0000
 1465  5.00586080586081E-0001 -1.83721611721612E+0000
 1466 -2.00000000000000E+0000 -2.00000000000000E+0000
 1467  4.86080586080586E-0001 -1.83076923076923E+0000
 1468  4.22417582417582E-0001 -2.00000000000000E+0000
 1469 -2.00000000000000E+0000 -1.83318681318681E+0000
 1470  3.96630036630037E-0001 -2.00000000000000E+0000
 1471 -2.00000000000000E+0000 -1.83802197802198E+0000
 1472  3.99047619047619E-0001 -2.00000000000000E+0000
 1473 -2.00000000000000E+0000 -1.83721611721612E+0000
 1474  3.97435897435897E-0001 -1.99435897435897E+0000
 1475 -2.00000000000000E+0000 -1.83721611721612E+0000
 1476  3.96630036630037E-0001 -1.97904761904762E+0000
 1477 -2.00000000000000E+0000 -2.00000000000000E+0000
 1478  5.33626373626374E-0001 -1.86139194139194E+0000
 1479 -1.97098901098901E+0000 -2.00000000000000E+0000
 1480  5.46520146520147E-0001 -1.85978021978022E+0000
 1481 -1.91296703296703E+0000 -2.00000000000000E+0000
 1482 -6.02930402930403E-0002 -1.85897435897436E+0000
 1483 -1.69619047619048E+0000 -2.00000000000000E+0000
 1484  6.70329670329670E-0002 -1.84608058608059E+0000
 1485  4.36117216117216E-0001 -1.94520146520147E+0000
 1486 -2.00000000000000E+0000 -1.78322344322344E+0000
 1487  4.58681318681319E-0001 -1.90732600732601E+0000
 1488 -2.00000000000000E+0000 -1.72681318681319E+0000
 1489  4.74798534798535E-0001 -1.87025641025641E+0000
 1490 -2.00000000000000E+0000 -1.68329670329670E+0000
 1491  4.94945054945055E-0001 -1.84446886446886E+0000
 1492 -2.00000000000000E+0000 -2.00000000000000E+0000
 1493 -7.23809523809524E-0002 -1.85010989010989E+0000
 1494 -4.89816849816850E-0001 -2.00000000000000E+0000
 1495 -4.27765567765568E-0001 -1.85172161172161E+0000
 1496 -3.97948717948718E-0001 -2.00000000000000E+0000
 1497 -1.07728937728938E+0000 -1.87509157509158E+0000
 1498 -8.85494505494505E-0001 -2.00000000000000E+0000
 1499 -1.45604395604396E+0000 -1.90732600732601E+0000
 1500 -7.00952380952381E-0001 -1.97179487179487E+0000
 1501 -1.59545787545788E+0000 -1.93311355311355E+0000
 1502 -1.99706959706960E-0001 -1.93391941391941E+0000
 1503 -1.71472527472527E+0000 -1.81948717948718E+0000
 1504 -8.33113553113553E-0001 -1.83076923076923E+0000
 1505 -1.03216117216117E+0000 -1.84285714285714E+0000
 1506 -1.12483516483516E+0000 -1.82351648351648E+0000
 1507 -7.51721611721612E-0001 -1.87106227106227E+0000
 1508 -1.43025641025641E+0000 -1.76065934065934E+0000
 1509 -4.58388278388278E-0001 -1.90974358974359E+0000
 1510 -1.68329670329670E+0000 -1.75663003663004E+0000
 1511 -1.40073260073260E-0001 -1.86542124542125E+0000
 1512 -1.96695970695971E+0000 -1.75824175824176E+0000
 1513  1.50036630036630E-0001 -1.91538461538462E+0000
 1514 -2.00000000000000E+0000 -2.00000000000000E+0000
 1515  5.25567765567766E-0001 -1.80820512820513E+0000
 1516 -2.00000000000000E+0000 -2.00000000000000E+0000
 1517  5.16703296703297E-0001 -1.79369963369963E+0000
 1518 -2.00000000000000E+0000 -2.00000000000000E+0000
 1519  5.07838827838828E-0001 -1.79853479853480E+0000
 1520 -2.00000000000000E+0000 -2.00000000000000E+0000
 1521  4.97362637362637E-0001 -1.79934065934066E+0000
 1522 -2.00000000000000E+0000 -2.00000000000000E+0000
 1523  4.94139194139194E-0001 -1.80014652014652E+0000
 1524 -2.00000000000000E+0000 -2.00000000000000E+0000
 1525 -2.00000000000000E+0000 -1.76468864468864E+0000
 1526  5.23150183150183E-0001 -2.00000000000000E+0000
 1527 -2.00000000000000E+0000 -1.76791208791209E+0000
 1528  5.13479853479853E-0001 -2.00000000000000E+0000
 1529 -2.00000000000000E+0000 -1.76630036630037E+0000
 1530  5.11868131868132E-0001 -2.00000000000000E+0000
 1531 -2.00000000000000E+0000 -1.76952380952381E+0000
 1532  5.06227106227106E-0001 -2.00000000000000E+0000
 1533 -2.00000000000000E+0000 -2.00000000000000E+0000
 1534  4.69963369963370E-0001 -1.80336996336996E+0000
 1535 -2.00000000000000E+0000 -2.00000000000000E+0000
 1536  4.69963369963370E-0001 -1.81142857142857E+0000
 1537 -2.00000000000000E+0000 -2.00000000000000E+0000
 1538  4.49010989010989E-0001 -1.81465201465201E+0000
 1539 -2.00000000000000E+0000 -2.00000000000000E+0000
 1540  4.42564102564103E-0001 -1.81706959706960E+0000
