 0 -7.69450549450549E-0001  7.18681318681319E-0002
 1 -7.67838827838828E-0001 -2.73040293040293E-0001
 2 -7.49304029304029E-0001  7.50915750915751E-0002
 3 -7.72673992673993E-0001  7.18681318681319E-0002
 4 -7.85567765567766E-0001  6.78388278388278E-0002
 5 -7.66227106227106E-0001 -3.76190476190476E-0001
 6 -7.42857142857143E-0001  7.50915750915751E-0002
 7 -7.66227106227106E-0001  7.91208791208791E-0002
 8 -7.78315018315018E-0001  7.42857142857143E-0002
 9 -7.64615384615385E-0001 -4.27765567765568E-0001
 10 -7.52527472527473E-0001  7.26739926739927E-0002
 11 -7.72673992673993E-0001  7.34798534798535E-0002
 12 -7.79120879120879E-0001  7.50915750915751E-0002
 13 -7.65421245421245E-0001 -5.52673992673993E-0001
 14 -7.53333333333333E-0001  6.30036630036630E-0002
 15 -7.73479853479853E-0001  7.18681318681319E-0002
 16 -7.82344322344322E-0001  7.50915750915751E-0002
 17 -7.69450549450549E-0001 -6.59047619047619E-0001
 18 -7.52527472527473E-0001 -2.27106227106227E-0003
 19 -7.71868131868132E-0001  7.50915750915751E-0002
 20 -7.80732600732601E-0001  7.50915750915751E-0002
 21 -7.71062271062271E-0001 -7.54139194139194E-0001
 22 -7.54139194139194E-0001 -1.13479853479853E-0001
 23 -7.75897435897436E-0001  7.58974358974359E-0002
 24 -7.86373626373626E-0001 -8.31501831501832E-0001
 25 -7.57362637362637E-0001 -1.48937728937729E-0001
 26 -7.76703296703297E-0001  7.50915750915751E-0002
 27 -7.86373626373626E-0001  7.50915750915751E-0002
 28 -7.68644688644689E-0001 -9.38681318681319E-0001
 29 -7.53333333333333E-0001  7.50915750915751E-0002
 30 -7.89597069597070E-0001  7.18681318681319E-0002
 31 -7.71868131868132E-0001 -1.03457875457875E+0000
 32 -7.51721611721612E-0001 -2.90769230769231E-0001
 33 -7.79120879120879E-0001  7.50915750915751E-0002
 34 -7.86373626373626E-0001  7.42857142857143E-0002
 35 -7.63003663003663E-0001 -1.10549450549451E+0000
 36 -7.52527472527473E-0001 -3.15750915750916E-0001
 37 -7.75897435897436E-0001  7.83150183150183E-0002
 38 -7.85567765567766E-0001  7.75091575091575E-0002
 39 -7.65421245421245E-0001 -1.20703296703297E+0000
 40 -7.53333333333333E-0001 -3.67326007326007E-0001
 41 -7.76703296703297E-0001  7.75091575091575E-0002
 42 -7.83956043956044E-0001  7.50915750915751E-0002
 43 -7.63809523809524E-0001 -1.30051282051282E+0000
 44 -7.47692307692308E-0001 -3.85054945054945E-0001
 45 -7.71868131868132E-0001  8.15384615384615E-0002
 46 -7.79926739926740E-0001  7.67032967032967E-0002
 47 -7.60586080586081E-0001 -1.39963369963370E+0000
 48 -7.48498168498168E-0001 -4.21318681318681E-0001
 49 -7.69450549450549E-0001  8.15384615384615E-0002
 50 -7.79926739926740E-0001  7.50915750915751E-0002
 51 -7.55750915750916E-0001 -1.50439560439560E+0000
 52 -7.43663003663004E-0001 -4.68058608058608E-0001
 53 -7.72673992673993E-0001  7.91208791208791E-0002
 54 -7.79926739926740E-0001  7.50915750915751E-0002
 55 -7.59780219780220E-0001 -4.72087912087912E-0001
 56 -7.69450549450549E-0001  7.99267399267399E-0002
 57 -7.79926739926740E-0001  7.67032967032967E-0002
 58 -7.55750915750916E-0001 -1.57289377289377E+0000
 59 -7.47692307692308E-0001 -5.01098901098901E-0001
 60 -7.69450549450549E-0001  8.15384615384615E-0002
 61 -7.78315018315018E-0001  7.50915750915751E-0002
 62 -7.57362637362637E-0001 -1.57531135531136E+0000
 63 -7.45274725274725E-0001 -5.04322344322344E-0001
 64 -7.73479853479853E-0001  8.23443223443223E-0002
 65 -7.77509157509158E-0001  7.91208791208791E-0002
 66 -7.56556776556777E-0001 -1.57531135531136E+0000
 67 -7.47692307692308E-0001 -5.18021978021978E-0001
 68 -7.70256410256410E-0001  8.15384615384615E-0002
 69 -7.78315018315018E-0001  7.67032967032967E-0002
 70 -7.54139194139194E-0001 -1.57369963369963E+0000
 71 -7.47692307692308E-0001 -5.18021978021978E-0001
 72 -7.69450549450549E-0001  8.71794871794872E-0002
 73 -7.79926739926740E-0001 -1.57047619047619E+0000
 74 -7.49304029304029E-0001 -5.12380952380952E-0001
 75 -7.76703296703297E-0001  7.75091575091575E-0002
 76 -7.79120879120879E-0001  7.50915750915751E-0002
 77 -7.54945054945055E-0001 -1.57531135531136E+0000
 78 -7.46080586080586E-0001 -5.09157509157509E-0001
 79 -7.67032967032967E-0001  7.99267399267399E-0002
 80 -7.73479853479853E-0001  7.75091575091575E-0002
 81 -7.50109890109890E-0001 -1.57369963369963E+0000
 82 -7.44468864468864E-0001  8.55677655677656E-0002
 83 -7.75897435897436E-0001  7.50915750915751E-0002
 84 -7.50109890109890E-0001 -4.72893772893773E-0001
 85 -7.73479853479853E-0001  7.58974358974359E-0002
 86 -7.81538461538462E-0001  7.34798534798535E-0002
 87 -7.50915750915751E-0001 -1.57450549450549E+0000
 88 -7.46886446886447E-0001 -4.47912087912088E-0001
 89 -7.66227106227106E-0001  8.63736263736264E-0002
 90 -7.76703296703297E-0001 -1.57289377289377E+0000
 91 -7.50109890109890E-0001  7.50915750915751E-0002
 92 -7.75897435897436E-0001  7.67032967032967E-0002
 93 -7.63003663003663E-0001  7.18681318681319E-0002
 94 -7.57362637362637E-0001 -4.06007326007326E-0001
 95 -7.66227106227106E-0001  7.83150183150183E-0002
 96 -7.61391941391941E-0001 -3.54432234432234E-0001
 97 -7.71062271062271E-0001  7.83150183150183E-0002
 98 -7.60586080586081E-0001  7.67032967032967E-0002
 99 -7.66227106227106E-0001 -3.39926739926740E-0001
 100 -7.71062271062271E-0001  7.67032967032967E-0002
 101 -7.64615384615385E-0001  7.50915750915751E-0002
 102 -7.65421245421245E-0001 -2.91575091575092E-0001
 103 -7.68644688644689E-0001 -1.57772893772894E+0000
 104 -7.83956043956044E-0001  8.15384615384615E-0002
 105 -7.67032967032967E-0001 -1.57450549450549E+0000
 106 -7.84761904761905E-0001  8.07326007326007E-0002
 107 -7.71062271062271E-0001 -2.04542124542125E-0001
 108 -7.69450549450549E-0001 -1.57450549450549E+0000
 109 -7.83956043956044E-0001  7.99267399267399E-0002
 110 -7.71062271062271E-0001 -1.57289377289377E+0000
 111 -7.88791208791209E-0001  7.50915750915751E-0002
 112 -7.67032967032967E-0001 -1.03003663003663E-0001
 113 -7.67032967032967E-0001 -1.57450549450549E+0000
 114 -7.87179487179487E-0001  7.91208791208791E-0002
 115 -7.65421245421245E-0001 -2.00000000000000E-0002
 116 -7.63809523809524E-0001  7.58974358974359E-0002
 117 -7.63809523809524E-0001  4.04395604395604E-0002
 118 -7.61391941391941E-0001  7.50915750915751E-0002
 119 -7.60586080586081E-0001  6.70329670329670E-0002
 120 -7.63003663003663E-0001  7.50915750915751E-0002
 121 -7.64615384615385E-0001  6.86446886446886E-0002
 122 -7.57362637362637E-0001  7.34798534798535E-0002
 123 -7.60586080586081E-0001  6.86446886446886E-0002
 124 -7.57362637362637E-0001  8.15384615384615E-0002
 125 -7.75897435897436E-0001  6.78388278388278E-0002
 126 -7.63003663003663E-0001 -7.47692307692308E-0001
 127 -7.81538461538462E-0001  7.99267399267399E-0002
 128 -7.72673992673993E-0001 -5.87326007326007E-0001
 129 -7.79926739926740E-0001  7.83150183150183E-0002
 130 -7.79926739926740E-0001 -4.29377289377289E-0001
 131 -7.80732600732601E-0001  8.15384615384615E-0002
 132 -7.78315018315018E-0001 -2.81904761904762E-0001
 133 -7.79926739926740E-0001  7.75091575091575E-0002
 134 -7.77509157509158E-0001 -1.38461538461538E-0001
 135 -7.87179487179487E-0001  7.67032967032967E-0002
 136 -7.80732600732601E-0001  6.54212454212454E-0002
 137 -7.77509157509158E-0001  7.18681318681319E-0002
 138 -7.62197802197802E-0001  7.10622710622711E-0002
 139 -7.79120879120879E-0001  7.42857142857143E-0002
 140 -7.63003663003663E-0001  6.94505494505495E-0002
 141 -7.88791208791209E-0001  5.81684981684982E-0002
 142 -7.61391941391941E-0001  7.02564102564103E-0002
 143 -7.85567765567766E-0001 -4.33699633699634E-0002
 144 -7.65421245421245E-0001  6.86446886446886E-0002
 145 -7.88791208791209E-0001  7.34798534798535E-0002
 146 -7.84761904761905E-0001  7.42857142857143E-0002
 147 -7.91208791208791E-0001  7.26739926739927E-0002
 148 -7.92014652014652E-0001 -3.46373626373626E-0001
 149 -7.58974358974359E-0001  7.26739926739927E-0002
 150 -7.90402930402930E-0001 -4.43882783882784E-0001
 151 -7.58974358974359E-0001  7.42857142857143E-0002
 152 -7.88791208791209E-0001  7.75091575091575E-0002
 153 -7.84761904761905E-0001  7.26739926739927E-0002
 154 -7.88791208791209E-0001  7.58974358974359E-0002
 155 -7.87179487179487E-0001 -4.01465201465201E-0002
 156 -7.88791208791209E-0001  7.50915750915751E-0002
 157 -7.86373626373626E-0001  7.34798534798535E-0002
 158 -7.94432234432234E-0001 -8.35531135531136E-0001
 159 -7.65421245421245E-0001  7.50915750915751E-0002
 160 -7.98461538461538E-0001 -9.40293040293040E-0001
 161 -7.63003663003663E-0001 -2.27912087912088E-0001
 162 -7.89597069597070E-0001  7.58974358974359E-0002
 163 -7.84761904761905E-0001  7.91208791208791E-0002
 164 -8.02490842490842E-0001 -1.12886446886447E+0000
 165 -7.62197802197802E-0001  7.50915750915751E-0002
 166 -7.95238095238095E-0001 -3.71355311355311E-0001
 167 -7.92820512820513E-0001  7.50915750915751E-0002
 168 -7.81538461538462E-0001 -1.34483516483516E+0000
 169 -7.63003663003663E-0001  7.91208791208791E-0002
 170 -7.92014652014652E-0001 -1.44879120879121E+0000
 171 -7.62197802197802E-0001  7.75091575091575E-0002
 172 -7.75897435897436E-0001 -4.67252747252747E-0001
 173 -7.91208791208791E-0001 -1.57369963369963E+0000
 174 -7.58974358974359E-0001  8.31501831501832E-0002
 175 -7.91208791208791E-0001 -1.57450549450549E+0000
 176 -7.59780219780220E-0001  7.34798534798535E-0002
 177 -7.73479853479853E-0001 -5.12380952380952E-0001
 178 -7.87179487179487E-0001 -1.57611721611722E+0000
 179 -7.56556776556777E-0001  8.15384615384615E-0002
 180 -7.89597069597070E-0001  7.91208791208791E-0002
 181 -7.69450549450549E-0001 -5.24468864468864E-0001
 182 -7.82344322344322E-0001 -1.57450549450549E+0000
 183 -7.58168498168498E-0001  8.15384615384615E-0002
 184 -7.88791208791209E-0001 -4.93040293040293E-0001
 185 -7.84761904761905E-0001 -1.57369963369963E+0000
 186 -7.66227106227106E-0001  7.83150183150183E-0002
 187 -7.75091575091575E-0001  8.23443223443223E-0002
 188 -7.66227106227106E-0001 -4.60000000000000E-0001
 189 -7.79120879120879E-0001  8.07326007326007E-0002
 190 -7.79926739926740E-0001 -1.57289377289377E+0000
 191 -7.56556776556777E-0001  7.67032967032967E-0002
 192 -7.61391941391941E-0001 -4.14871794871795E-0001
 193 -7.69450549450549E-0001 -1.29326007326007E+0000
 194 -7.79120879120879E-0001  7.58974358974359E-0002
 195 -7.55750915750916E-0001  7.58974358974359E-0002
 196 -7.59780219780220E-0001 -3.26227106227106E-0001
 197 -7.67032967032967E-0001  8.07326007326007E-0002
 198 -7.63003663003663E-0001  7.34798534798535E-0002
 199 -7.47692307692308E-0001 -1.57772893772894E+0000
 200 -7.74285714285714E-0001  7.67032967032967E-0002
 201 -7.67838827838828E-0001  7.58974358974359E-0002
 202 -7.59780219780220E-0001 -1.57531135531136E+0000
 203 -7.74285714285714E-0001  7.50915750915751E-0002
 204 -7.58974358974359E-0001  7.50915750915751E-0002
 205 -7.56556776556777E-0001 -1.57289377289377E+0000
 206 -7.74285714285714E-0001  4.76923076923077E-0002
 207 -7.55750915750916E-0001  7.26739926739927E-0002
 208 -7.57362637362637E-0001  8.15384615384615E-0002
 209 -7.67032967032967E-0001 -1.25619047619048E+0000
 210 -7.75897435897436E-0001  6.70329670329670E-0002
 211 -7.59780219780220E-0001  8.07326007326007E-0002
 212 -7.74285714285714E-0001  7.26739926739927E-0002
 213 -7.66227106227106E-0001 -7.28351648351648E-0001
 214 -7.82344322344322E-0001  7.91208791208791E-0002
 215 -7.77509157509158E-0001  6.78388278388278E-0002
 216 -7.72673992673993E-0001  7.26739926739927E-0002
 217 -7.63809523809524E-0001  7.91208791208791E-0002
 218 -7.83956043956044E-0001 -4.06813186813187E-0001
 219 -7.82344322344322E-0001  7.34798534798535E-0002
 220 -7.63809523809524E-0001 -2.64981684981685E-0001
 221 -7.84761904761905E-0001  7.83150183150183E-0002
 222 -7.82344322344322E-0001  6.94505494505495E-0002
 223 -7.80732600732601E-0001  7.50915750915751E-0002
 224 -7.84761904761905E-0001  7.50915750915751E-0002
 225 -7.88791208791209E-0001  7.34798534798535E-0002
 226 -7.71062271062271E-0001  7.50915750915751E-0002
 227 -7.88791208791209E-0001  7.50915750915751E-0002
 228 -7.88791208791209E-0001  7.10622710622711E-0002
 229 -7.92820512820513E-0001 -1.11868131868131E-0001
 230 -7.68644688644689E-0001  7.18681318681319E-0002
 231 -7.96849816849817E-0001 -2.44029304029304E-0001
 232 -7.64615384615385E-0001  7.34798534798535E-0002
 233 -7.89597069597070E-0001  7.10622710622711E-0002
 234 -7.88791208791209E-0001  7.26739926739927E-0002
 235 -7.96043956043956E-0001  7.34798534798535E-0002
 236 -7.88791208791209E-0001 -4.60805860805861E-0001
 237 -7.67838827838828E-0001  7.26739926739927E-0002
 238 -7.95238095238095E-0001 -5.57509157509158E-0001
 239 -7.61391941391941E-0001  7.50915750915751E-0002
 240 -7.89597069597070E-0001  7.42857142857143E-0002
 241 -7.97655677655678E-0001 -6.42930402930403E-0001
 242 -7.66227106227106E-0001  7.42857142857143E-0002
 243 -7.98461538461538E-0001 -7.09010989010989E-0001
 244 -7.65421245421245E-0001  7.50915750915751E-0002
 245 -7.96043956043956E-0001 -1.41684981684982E-0001
 246 -7.88791208791209E-0001  7.50915750915751E-0002
 247 -7.79926739926740E-0001 -1.77142857142857E-0001
 248 -7.83956043956044E-0001  7.42857142857143E-0002
 249 -7.82344322344322E-0001 -2.37582417582418E-0001
 250 -7.88791208791209E-0001  7.67032967032967E-0002
 251 -7.90402930402930E-0001 -1.11919413919414E+0000
 252 -7.65421245421245E-0001  7.42857142857143E-0002
 253 -8.01684981684982E-0001 -1.22717948717949E+0000
 254 -7.63809523809524E-0001  7.67032967032967E-0002
 255 -7.96849816849817E-0001  7.50915750915751E-0002
 256 -7.76703296703297E-0001 -1.33435897435897E+0000
 257 -7.63809523809524E-0001 -3.76190476190476E-0001
 258 -7.88791208791209E-0001  7.83150183150183E-0002
 259 -7.96849816849817E-0001 -1.44153846153846E+0000
 260 -7.63809523809524E-0001 -4.24542124542125E-0001
 261 -7.88791208791209E-0001  8.23443223443223E-0002
 262 -7.96043956043956E-0001  7.50915750915751E-0002
 263 -7.74285714285714E-0001  8.07326007326007E-0002
 264 -7.87985347985348E-0001 -4.66446886446886E-0001
 265 -7.86373626373626E-0001 -1.57450549450549E+0000
 266 -7.65421245421245E-0001 -4.80146520146520E-0001
 267 -7.88791208791209E-0001 -1.57450549450549E+0000
 268 -7.66227106227106E-0001  7.50915750915751E-0002
 269 -7.75897435897436E-0001  8.79853479853480E-0002
 270 -8.01684981684982E-0001  7.42857142857143E-0002
 271 -7.73479853479853E-0001  8.15384615384615E-0002
 272 -7.97655677655678E-0001 -5.07545787545788E-0001
 273 -7.92820512820513E-0001  8.07326007326007E-0002
 274 -7.93626373626374E-0001 -4.88205128205128E-0001
 275 -7.92820512820513E-0001 -1.57128205128205E+0000
 276 -7.75897435897436E-0001 -4.76923076923077E-0001
 277 -7.99267399267399E-0001 -1.57128205128205E+0000
 278 -7.67032967032967E-0001  7.50915750915751E-0002
 279 -7.77509157509158E-0001  7.75091575091575E-0002
 280 -8.01684981684982E-0001 -1.29164835164835E+0000
 281 -7.99267399267399E-0001 -3.78608058608059E-0001
 282 -7.82344322344322E-0001 -3.38315018315018E-0001
 283 -7.90402930402930E-0001  7.58974358974359E-0002
 284 -7.83956043956044E-0001 -3.05274725274725E-0001
 285 -7.91208791208791E-0001  7.50915750915751E-0002
 286 -7.84761904761905E-0001 -1.57611721611722E+0000
 287 -8.01684981684982E-0001  7.75091575091575E-0002
 288 -7.85567765567766E-0001 -1.57369963369963E+0000
 289 -8.01684981684982E-0001  7.50915750915751E-0002
 290 -7.80732600732601E-0001 -1.46520146520147E-0001
 291 -7.80732600732601E-0001  7.42857142857143E-0002
 292 -7.79120879120879E-0001 -1.05421245421245E-0001
 293 -7.79120879120879E-0001  7.50915750915751E-0002
 294 -7.76703296703297E-0001 -2.56410256410256E-0002
 295 -7.75091575091575E-0001  7.50915750915751E-0002
 296 -7.75897435897436E-0001 -1.39399267399267E+0000
 297 -7.97655677655678E-0001  8.07326007326007E-0002
 298 -7.86373626373626E-0001 -1.18849816849817E+0000
 299 -7.96043956043956E-0001  8.15384615384615E-0002
 300 -7.90402930402930E-0001 -1.00798534798535E+0000
 301 -7.92820512820513E-0001  8.15384615384615E-0002
 302 -7.88791208791209E-0001  7.67032967032967E-0002
 303 -7.69450549450549E-0001  6.70329670329670E-0002
 304 -7.71062271062271E-0001  7.99267399267399E-0002
 305 -7.87985347985348E-0001  7.91208791208791E-0002
 306 -7.91208791208791E-0001  7.83150183150183E-0002
 307 -7.92014652014652E-0001  7.26739926739927E-0002
 308 -7.72673992673993E-0001  7.10622710622711E-0002
 309 -7.73479853479853E-0001  7.26739926739927E-0002
 310 -7.96043956043956E-0001  8.39560439560440E-0002
 311 -7.98461538461538E-0001  6.86446886446886E-0002
 312 -7.95238095238095E-0001  6.94505494505495E-0002
 313 -7.96849816849817E-0001  6.86446886446886E-0002
 314 -7.95238095238095E-0001 -2.08058608058608E-0002
 315 -7.73479853479853E-0001  6.94505494505495E-0002
 316 -7.96043956043956E-0001  6.78388278388278E-0002
 317 -8.02490842490842E-0001  7.50915750915751E-0002
 318 -7.96849816849817E-0001 -3.13333333333333E-0001
 319 -7.68644688644689E-0001  7.18681318681319E-0002
 320 -7.98461538461538E-0001 -4.49523809523810E-0001
 321 -7.75091575091575E-0001  6.86446886446886E-0002
 322 -7.97655677655678E-0001 -5.15604395604396E-0001
 323 -7.71062271062271E-0001  7.42857142857143E-0002
 324 -7.95238095238095E-0001  8.20512820512821E-0003
 325 -8.01684981684982E-0001  6.94505494505495E-0002
 326 -8.04908424908425E-0001 -8.44688644688645E-0002
 327 -7.93626373626374E-0001  7.34798534798535E-0002
 328 -7.90402930402930E-0001 -8.36336996336996E-0001
 329 -7.65421245421245E-0001  7.26739926739927E-0002
 330 -7.88791208791209E-0001 -2.02930402930403E-0001
 331 -7.91208791208791E-0001  7.50915750915751E-0002
 332 -8.00073260073260E-0001 -2.61758241758242E-0001
 333 -7.92014652014652E-0001 -1.19494505494505E+0000
 334 -7.60586080586081E-0001 -3.27838827838828E-0001
 335 -7.89597069597070E-0001 -3.85054945054945E-0001
 336 -7.88791208791209E-0001 -4.12454212454212E-0001
 337 -7.88791208791209E-0001 -1.50923076923077E+0000
 338 -7.59780219780220E-0001 -4.51135531135531E-0001
 339 -7.86373626373626E-0001 -1.57772893772894E+0000
 340 -7.58168498168498E-0001  7.75091575091575E-0002
 341 -7.89597069597070E-0001 -4.82564102564103E-0001
 342 -7.89597069597070E-0001  7.58974358974359E-0002
 343 -7.70256410256410E-0001 -4.97069597069597E-0001
 344 -7.87179487179487E-0001  7.91208791208791E-0002
 345 -7.93626373626374E-0001 -1.57450549450549E+0000
 346 -7.61391941391941E-0001  8.07326007326007E-0002
 347 -7.88791208791209E-0001 -5.13992673992674E-0001
 348 -7.90402930402930E-0001  7.50915750915751E-0002
 349 -7.75897435897436E-0001  8.71794871794872E-0002
 350 -7.95238095238095E-0001 -1.57450549450549E+0000
 351 -7.63003663003663E-0001  7.75091575091575E-0002
 352 -7.61391941391941E-0001  7.91208791208791E-0002
 353 -7.92820512820513E-0001 -1.57611721611722E+0000
 354 -7.65421245421245E-0001 -4.64835164835165E-0001
 355 -7.88791208791209E-0001 -1.57531135531136E+0000
 356 -7.62197802197802E-0001 -1.00234432234432E+0000
 357 -7.62197802197802E-0001 -3.73772893772894E-0001
 358 -7.79120879120879E-0001 -3.27838827838828E-0001
 359 -7.79120879120879E-0001 -1.58256410256410E+0000
 360 -7.85567765567766E-0001 -1.57853479853480E+0000
 361 -7.88791208791209E-0001 -1.57692307692308E+0000
 362 -7.83150183150183E-0001 -1.57692307692308E+0000
 363 -7.80732600732601E-0001 -1.57772893772894E+0000
 364 -7.85567765567766E-0001 -1.57772893772894E+0000
 365 -7.81538461538462E-0001  7.42857142857143E-0002
 366 -7.60586080586081E-0001  7.26739926739927E-0002
 367 -7.58974358974359E-0001  6.86446886446886E-0002
 368 -7.63809523809524E-0001  7.26739926739927E-0002
 369 -7.66227106227106E-0001  7.50915750915751E-0002
 370 -7.78315018315018E-0001  7.83150183150183E-0002
 371 -7.81538461538462E-0001  7.75091575091575E-0002
 372 -7.83150183150183E-0001  6.86446886446886E-0002
 373 -7.75897435897436E-0001  6.78388278388278E-0002
 374 -7.78315018315018E-0001 -3.01245421245421E-0001
 375 -7.88791208791209E-0001 -1.10256410256410E-0001
 376 -7.89597069597070E-0001  5.78754578754579E-0003
 377 -7.89597069597070E-0001  7.10622710622711E-0002
 378 -7.70256410256410E-0001  6.59340659340659E-0003
 379 -7.68644688644689E-0001 -1.64249084249084E-0001
 380 -7.65421245421245E-0001  7.34798534798535E-0002
 381 -7.83150183150183E-0001  7.26739926739927E-0002
 382 -7.79926739926740E-0001  7.10622710622711E-0002
 383 -7.83956043956044E-0001  6.86446886446886E-0002
 384 -7.86373626373626E-0001  7.18681318681319E-0002
 385 -7.83956043956044E-0001  6.94505494505495E-0002
 386 -7.79926739926740E-0001 -7.53333333333333E-0001
 387 -7.59780219780220E-0001 -8.78241758241758E-0001
 388 -7.58974358974359E-0001 -1.12673992673992E-0001
 389 -7.81538461538462E-0001 -2.15824175824176E-0001
 390 -7.88791208791209E-0001  7.18681318681319E-0002
 391 -7.96043956043956E-0001  7.18681318681319E-0002
 392 -7.96043956043956E-0001  7.26739926739927E-0002
 393 -7.79926739926740E-0001  7.42857142857143E-0002
 394 -7.78315018315018E-0001 -1.52293040293040E+0000
 395 -7.67032967032967E-0001 -1.57692307692308E+0000
 396 -7.68644688644689E-0001 -4.90622710622711E-0001
 397 -7.96849816849817E-0001 -4.97069597069597E-0001
 398 -7.93626373626374E-0001  8.07326007326007E-0002
 399 -8.00879120879121E-0001  7.67032967032967E-0002
 400 -8.01684981684982E-0001  7.50915750915751E-0002
 401 -7.79926739926740E-0001  7.42857142857143E-0002
 402 -7.77509157509158E-0001 -1.57450549450549E+0000
 403 -7.72673992673993E-0001 -1.57611721611722E+0000
 404 -7.72673992673993E-0001 -4.30989010989011E-0001
 405 -7.92014652014652E-0001 -1.59706959706960E+0000
 406 -7.96849816849817E-0001  7.50915750915751E-0002
 407 -7.73479853479853E-0001  7.58974358974359E-0002
 408 -7.77509157509158E-0001  7.91208791208791E-0002
 409 -7.77509157509158E-0001 -2.06153846153846E-0001
 410 -7.77509157509158E-0001 -1.85201465201465E-0001
 411 -7.77509157509158E-0001 -1.57450549450549E+0000
 412 -7.94432234432234E-0001 -1.57692307692308E+0000
 413 -7.95238095238095E-0001  7.26739926739927E-0002
 414 -7.68644688644689E-0001  7.10622710622711E-0002
 415 -7.67838827838828E-0001  8.15384615384615E-0002
 416 -7.83956043956044E-0001  8.31501831501832E-0002
 417 -7.87179487179487E-0001  6.46153846153846E-0002
 418 -7.69450549450549E-0001 -7.90402930402930E-0001
 419 -7.94432234432234E-0001  7.10622710622711E-0002
 420 -7.67032967032967E-0001  7.10622710622711E-0002
 421 -7.68644688644689E-0001  7.67032967032967E-0002
 422 -7.92820512820513E-0001  7.50915750915751E-0002
 423 -7.92014652014652E-0001  6.38095238095238E-0002
 424 -7.80732600732601E-0001  6.54212454212454E-0002
 425 -7.83956043956044E-0001 -1.83882783882784E-0002
 426 -7.92820512820513E-0001  6.78388278388278E-0002
 427 -7.74285714285714E-0001  4.93040293040293E-0002
 428 -7.74285714285714E-0001 -9.89743589743590E-0002
 429 -7.69450549450549E-0001 -1.47326007326007E-0001
 430 -7.61391941391941E-0001  7.58974358974359E-0002
 431 -7.94432234432234E-0001  6.86446886446886E-0002
 432 -7.94432234432234E-0001  7.18681318681319E-0002
 433 -7.95238095238095E-0001  6.94505494505495E-0002
 434 -7.91208791208791E-0001  5.81684981684982E-0002
 435 -7.91208791208791E-0001  7.10622710622711E-0002
 436 -7.94432234432234E-0001  7.10622710622711E-0002
 437 -7.94432234432234E-0001  7.18681318681319E-0002
 438 -7.84761904761905E-0001  7.34798534798535E-0002
 439 -7.83150183150183E-0001 -1.13772893772894E+0000
 440 -7.64615384615385E-0001  7.18681318681319E-0002
 441 -7.86373626373626E-0001  7.26739926739927E-0002
 442 -8.00879120879121E-0001 -3.76996336996337E-0001
 443 -7.94432234432234E-0001  7.67032967032967E-0002
 444 -7.97655677655678E-0001 -4.27765567765568E-0001
 445 -7.96849816849817E-0001 -4.47912087912088E-0001
 446 -7.95238095238095E-0001 -1.57853479853480E+0000
 447 -7.70256410256410E-0001 -1.57450549450549E+0000
 448 -7.67838827838828E-0001  7.26739926739927E-0002
 449 -7.80732600732601E-0001  7.50915750915751E-0002
 450 -7.80732600732601E-0001  7.99267399267399E-0002
 451 -8.03296703296703E-0001  7.75091575091575E-0002
 452 -7.96849816849817E-0001  7.50915750915751E-0002
 453 -7.78315018315018E-0001  7.34798534798535E-0002
 454 -7.75897435897436E-0001 -1.57450549450549E+0000
 455 -7.67032967032967E-0001 -1.57531135531136E+0000
 456 -7.67838827838828E-0001 -4.73699633699634E-0001
 457 -7.92014652014652E-0001  8.07326007326007E-0002
 458 -7.92820512820513E-0001  7.42857142857143E-0002
 459 -7.72673992673993E-0001  7.18681318681319E-0002
 460 -7.74285714285714E-0001 -3.14945054945055E-0001
 461 -7.79120879120879E-0001 -1.57772893772894E+0000
 462 -7.89597069597070E-0001  7.34798534798535E-0002
 463 -7.68644688644689E-0001  7.58974358974359E-0002
 464 -7.73479853479853E-0001 -1.15897435897435E-0001
 465 -7.73479853479853E-0001 -1.58014652014652E+0000
 466 -7.89597069597070E-0001  7.34798534798535E-0002
 467 -7.71062271062271E-0001  7.99267399267399E-0002
 468 -7.77509157509158E-0001  6.38095238095238E-0002
 469 -7.63809523809524E-0001  6.21978021978022E-0002
 470 -7.64615384615385E-0001 -5.92161172161172E-0001
 471 -7.82344322344322E-0001  6.62271062271062E-0002
 472 -7.62197802197802E-0001  7.58974358974359E-0002
 473 -7.83150183150183E-0001  7.42857142857143E-0002
 474 -7.83956043956044E-0001  6.86446886446886E-0002
 475 -7.65421245421245E-0001  6.78388278388278E-0002
 476 -7.67032967032967E-0001  7.02564102564103E-0002
 477 -7.67032967032967E-0001 -3.04761904761905E-0002
 478 -7.63809523809524E-0001 -7.96336996336996E-0002
 479 -7.65421245421245E-0001 -2.38388278388278E-0001
 480 -7.66227106227106E-0001  7.34798534798535E-0002
 481 -7.88791208791209E-0001  6.78388278388278E-0002
 482 -7.85567765567766E-0001  7.02564102564103E-0002
 483 -7.83150183150183E-0001 -5.43809523809524E-0001
 484 -7.66227106227106E-0001  4.76923076923077E-0002
 485 -7.88791208791209E-0001  6.86446886446886E-0002
 486 -7.93626373626374E-0001  6.94505494505495E-0002
 487 -7.83956043956044E-0001 -9.37875457875458E-0001
 488 -7.63809523809524E-0001  7.18681318681319E-0002
 489 -7.98461538461538E-0001  7.10622710622711E-0002
 490 -7.79120879120879E-0001  7.26739926739927E-0002
 491 -7.79120879120879E-0001  7.02564102564103E-0002
 492 -7.79926739926740E-0001  7.10622710622711E-0002
 493 -7.76703296703297E-0001 -1.55355311355311E+0000
 494 -7.64615384615385E-0001 -1.58095238095238E+0000
 495 -7.57362637362637E-0001 -4.76923076923077E-0001
 496 -7.88791208791209E-0001  7.67032967032967E-0002
 497 -7.93626373626374E-0001  7.10622710622711E-0002
 498 -7.71868131868132E-0001 -1.58095238095238E+0000
 499 -7.66227106227106E-0001 -4.66446886446886E-0001
 500 -7.88791208791209E-0001  7.91208791208791E-0002
 501 -7.92014652014652E-0001  7.50915750915751E-0002
 502 -7.68644688644689E-0001 -9.99926739926740E-0001
 503 -7.62197802197802E-0001 -3.72967032967033E-0001
 504 -7.76703296703297E-0001 -3.01245421245421E-0001
 505 -7.78315018315018E-0001  7.10622710622711E-0002
 506 -7.71868131868132E-0001  7.10622710622711E-0002
 507 -7.69450549450549E-0001 -1.57531135531136E+0000
 508 -7.93626373626374E-0001  6.94505494505495E-0002
 509 -7.65421245421245E-0001 -1.57531135531136E+0000
 510 -7.94432234432234E-0001  7.18681318681319E-0002
 511 -7.68644688644689E-0001 -1.57611721611722E+0000
 512 -7.96043956043956E-0001  6.94505494505495E-0002
 513 -7.71062271062271E-0001 -1.57369963369963E+0000
 514 -7.96043956043956E-0001 -1.43186813186813E+0000
 515 -8.00073260073260E-0001 -1.21670329670330E+0000
 516 -7.96043956043956E-0001 -1.02410256410256E+0000
 517 -7.97655677655678E-0001  7.18681318681319E-0002
 518 -7.68644688644689E-0001  7.67032967032967E-0002
 519 -7.90402930402930E-0001  6.46153846153846E-0002
 520 -7.77509157509158E-0001 -4.57582417582418E-0001
 521 -7.99267399267399E-0001  7.10622710622711E-0002
 522 -7.78315018315018E-0001  6.46153846153846E-0002
 523 -7.88791208791209E-0001  6.94505494505495E-0002
 524 -8.00879120879121E-0001  6.70329670329670E-0002
 525 -7.88791208791209E-0001  7.10622710622711E-0002
 526 -7.96849816849817E-0001  6.54212454212454E-0002
 527 -7.91208791208791E-0001  7.02564102564103E-0002
 528 -7.94432234432234E-0001 -2.32747252747253E-0001
 529 -7.68644688644689E-0001 -2.93186813186813E-0001
 530 -7.67838827838828E-0001  6.62271062271062E-0002
 531 -7.89597069597070E-0001  6.94505494505495E-0002
 532 -7.91208791208791E-0001  6.78388278388278E-0002
 533 -7.87985347985348E-0001 -7.21098901098901E-0001
 534 -7.66227106227106E-0001 -8.23443223443223E-0001
 535 -7.66227106227106E-0001 -9.25787545787546E-0001
 536 -7.67838827838828E-0001  6.86446886446886E-0002
 537 -7.89597069597070E-0001  7.83150183150183E-0002
 538 -7.88791208791209E-0001 -1.23040293040293E+0000
 539 -7.66227106227106E-0001 -1.33677655677656E+0000
 540 -7.65421245421245E-0001 -4.27765567765568E-0001
 541 -7.95238095238095E-0001  7.42857142857143E-0002
 542 -7.97655677655678E-0001  7.26739926739927E-0002
 543 -7.97655677655678E-0001  7.10622710622711E-0002
 544 -7.71062271062271E-0001  7.18681318681319E-0002
 545 -7.75897435897436E-0001 -5.00293040293040E-0001
 546 -7.92014652014652E-0001  7.50915750915751E-0002
 547 -8.01684981684982E-0001  7.18681318681319E-0002
 548 -7.73479853479853E-0001 -1.57611721611722E+0000
 549 -7.64615384615385E-0001 -4.84175824175824E-0001
 550 -7.93626373626374E-0001 -4.44688644688645E-0001
 551 -7.90402930402930E-0001  6.78388278388278E-0002
 552 -7.92820512820513E-0001  7.26739926739927E-0002
 553 -7.73479853479853E-0001  7.10622710622711E-0002
 554 -7.70256410256410E-0001 -1.58336996336996E+0000
 555 -7.88791208791209E-0001  7.26739926739927E-0002
 556 -7.66227106227106E-0001 -1.57772893772894E+0000
 557 -7.83956043956044E-0001  7.50915750915751E-0002
 558 -7.75897435897436E-0001  3.64102564102564E-0002
 559 -7.68644688644689E-0001 -1.36095238095238E+0000
 560 -7.83956043956044E-0001  7.50915750915751E-0002
 561 -7.78315018315018E-0001 -8.28278388278388E-0001
 562 -7.83150183150183E-0001  6.78388278388278E-0002
 563 -7.63003663003663E-0001  7.26739926739927E-0002
 564 -7.69450549450549E-0001 -3.63296703296703E-0001
 565 -7.83150183150183E-0001  7.26739926739927E-0002
 566 -7.80732600732601E-0001  5.89743589743590E-0002
 567 -7.88791208791209E-0001  6.78388278388278E-0002
 568 -7.67838827838828E-0001  7.02564102564103E-0002
 569 -7.88791208791209E-0001  6.21978021978022E-0002
 570 -7.88791208791209E-0001  6.70329670329670E-0002
 571 -7.88791208791209E-0001  6.78388278388278E-0002
 572 -7.85567765567766E-0001  6.78388278388278E-0002
 573 -7.86373626373626E-0001  6.54212454212454E-0002
 574 -7.83150183150183E-0001  6.46153846153846E-0002
 575 -7.81538461538462E-0001  6.38095238095238E-0002
 576 -7.82344322344322E-0001 -1.05421245421245E-0001
 577 -7.88791208791209E-0001  7.10622710622711E-0002
 578 -7.91208791208791E-0001 -1.00798534798535E+0000
 579 -7.63003663003663E-0001  7.18681318681319E-0002
 580 -7.96043956043956E-0001 -1.36175824175824E+0000
 581 -7.60586080586081E-0001  7.34798534798535E-0002
 582 -7.96043956043956E-0001 -1.57692307692308E+0000
 583 -7.67838827838828E-0001  6.94505494505495E-0002
 584 -7.73479853479853E-0001 -1.57450549450549E+0000
 585 -7.69450549450549E-0001 -4.88205128205128E-0001
 586 -7.92820512820513E-0001  7.50915750915751E-0002
 587 -7.75897435897436E-0001 -4.60805860805861E-0001
 588 -7.94432234432234E-0001  7.18681318681319E-0002
 589 -7.75091575091575E-0001 -3.86666666666667E-0001
 590 -7.92820512820513E-0001  7.18681318681319E-0002
 591 -7.73479853479853E-0001  7.34798534798535E-0002
 592 -7.72673992673993E-0001  7.02564102564103E-0002
 593 -7.75897435897436E-0001  7.10622710622711E-0002
 594 -7.73479853479853E-0001 -1.57531135531136E+0000
 595 -7.98461538461538E-0001 -1.57450549450549E+0000
 596 -7.95238095238095E-0001 -1.57692307692308E+0000
 597 -7.96849816849817E-0001 -1.41010989010989E+0000
 598 -7.93626373626374E-0001  6.38095238095238E-0002
 599 -7.71062271062271E-0001  6.13919413919414E-0002
 600 -7.71868131868132E-0001 -1.03296703296703E+0000
 601 -7.96043956043956E-0001 -8.65347985347985E-0001
 602 -7.96849816849817E-0001 -7.07399267399267E-0001
 603 -7.94432234432234E-0001 -5.26080586080586E-0001
 604 -7.97655677655678E-0001  6.70329670329670E-0002
 605 -7.73479853479853E-0001  6.78388278388278E-0002
 606 -7.73479853479853E-0001  7.26739926739927E-0002
 607 -7.96043956043956E-0001  6.21978021978022E-0002
 608 -7.96849816849817E-0001  6.78388278388278E-0002
 609 -7.71868131868132E-0001  6.54212454212454E-0002
 610 -7.88791208791209E-0001 -2.24688644688645E-0001
 611 -7.65421245421245E-0001  6.78388278388278E-0002
 612 -7.88791208791209E-0001  7.10622710622711E-0002
 613 -7.97655677655678E-0001  6.78388278388278E-0002
 614 -7.83956043956044E-0001 -9.33333333333333E-0002
 615 -7.94432234432234E-0001  7.10622710622711E-0002
 616 -7.80732600732601E-0001 -2.64175824175824E-0001
 617 -7.88791208791209E-0001  6.86446886446886E-0002
 618 -7.90402930402930E-0001 -1.32630036630037E+0000
 619 -7.62197802197802E-0001  7.18681318681319E-0002
 620 -7.97655677655678E-0001 -1.57772893772894E+0000
 621 -7.68644688644689E-0001  7.58974358974359E-0002
 622 -8.00879120879121E-0001  7.10622710622711E-0002
 623 -7.84761904761905E-0001 -4.86593406593407E-0001
 624 -8.00073260073260E-0001  6.86446886446886E-0002
 625 -7.79926739926740E-0001 -1.57611721611722E+0000
 626 -7.71062271062271E-0001  7.50915750915751E-0002
 627 -8.01684981684982E-0001 -1.58014652014652E+0000
 628 -7.71062271062271E-0001 -1.24249084249084E+0000
 629 -7.92820512820513E-0001  6.46153846153846E-0002
 630 -7.72673992673993E-0001 -3.41538461538462E-0001
 631 -7.83956043956044E-0001  7.26739926739927E-0002
 632 -7.71868131868132E-0001  6.86446886446886E-0002
 633 -7.63809523809524E-0001  7.75091575091575E-0002
 634 -7.67838827838828E-0001  7.99267399267399E-0002
 635 -7.74285714285714E-0001  7.02564102564103E-0002
 636 -7.71868131868132E-0001  7.34798534798535E-0002
 637 -7.76703296703297E-0001  6.94505494505495E-0002
 638 -7.67838827838828E-0001  7.10622710622711E-0002
 639 -7.69450549450549E-0001  7.50915750915751E-0002
 640 -7.82344322344322E-0001  6.13919413919414E-0002
 641 -7.75897435897436E-0001 -9.58827838827839E-0001
 642 -7.91208791208791E-0001  7.42857142857143E-0002
 643 -7.85567765567766E-0001  7.34798534798535E-0002
 644 -7.81538461538462E-0001  6.86446886446886E-0002
 645 -7.82344322344322E-0001  6.62271062271062E-0002
 646 -7.58974358974359E-0001  6.78388278388278E-0002
 647 -7.64615384615385E-0001  6.54212454212454E-0002
 648 -7.67032967032967E-0001  6.38095238095238E-0002
 649 -7.88791208791209E-0001  6.46153846153846E-0002
 650 -7.66227106227106E-0001  6.30036630036630E-0002
 651 -7.88791208791209E-0001  6.38095238095238E-0002
 652 -7.88791208791209E-0001  6.38095238095238E-0002
 653 -7.86373626373626E-0001  6.38095238095238E-0002
 654 -7.90402930402930E-0001  6.13919413919414E-0002
 655 -7.91208791208791E-0001  6.62271062271062E-0002
 656 -7.91208791208791E-0001  6.54212454212454E-0002
 657 -7.90402930402930E-0001  6.54212454212454E-0002
 658 -7.90402930402930E-0001  6.62271062271062E-0002
 659 -7.92820512820513E-0001 -7.55750915750916E-0001
 660 -7.70256410256410E-0001 -1.19413919413919E-0002
 661 -7.97655677655678E-0001 -8.55677655677656E-0001
 662 -7.74285714285714E-0001 -6.35164835164835E-0002
 663 -7.94432234432234E-0001 -9.66886446886447E-0001
 664 -7.70256410256410E-0001 -1.05069597069597E+0000
 665 -7.69450549450549E-0001 -1.16029304029304E+0000
 666 -7.67838827838828E-0001  6.94505494505495E-0002
 667 -7.88791208791209E-0001 -1.25941391941392E+0000
 668 -7.73479853479853E-0001 -1.35450549450549E+0000
 669 -7.73479853479853E-0001 -1.45765567765568E+0000
 670 -7.70256410256410E-0001 -1.55597069597070E+0000
 671 -7.79120879120879E-0001 -1.57934065934066E+0000
 672 -7.74285714285714E-0001 -1.57772893772894E+0000
 673 -7.75897435897436E-0001 -4.70476190476190E-0001
 674 -8.00073260073260E-0001 -4.83369963369963E-0001
 675 -8.04102564102564E-0001  7.58974358974359E-0002
 676 -8.04908424908425E-0001 -1.57531135531136E+0000
 677 -7.79926739926740E-0001  7.67032967032967E-0002
 678 -8.06520146520147E-0001  7.02564102564103E-0002
 679 -7.78315018315018E-0001 -1.57611721611722E+0000
 680 -7.79120879120879E-0001 -1.57692307692308E+0000
 681 -7.78315018315018E-0001 -4.06007326007326E-0001
 682 -7.89597069597070E-0001 -1.59384615384615E+0000
 683 -7.97655677655678E-0001 -1.58417582417582E+0000
 684 -8.01684981684982E-0001 -1.57853479853480E+0000
 685 -7.96043956043956E-0001 -2.60952380952381E-0001
 686 -7.73479853479853E-0001 -2.15018315018315E-0001
 687 -7.72673992673993E-0001 -1.54578754578755E-0001
 688 -7.74285714285714E-0001  7.34798534798535E-0002
 689 -7.73479853479853E-0001  7.10622710622711E-0002
 690 -7.77509157509158E-0001  7.26739926739927E-0002
 691 -7.75897435897436E-0001  7.50915750915751E-0002
 692 -7.76703296703297E-0001  6.05860805860806E-0002
 693 -7.63003663003663E-0001  5.97802197802198E-0002
 694 -7.64615384615385E-0001  6.05860805860806E-0002
 695 -7.64615384615385E-0001 -9.14505494505495E-0001
 696 -7.87179487179487E-0001 -7.38021978021978E-0001
 697 -7.86373626373626E-0001  6.46153846153846E-0002
 698 -7.61391941391941E-0001  7.18681318681319E-0002
 699 -7.89597069597070E-0001  6.05860805860806E-0002
 700 -7.73479853479853E-0001  1.46520146520146E-0002
 701 -8.00879120879121E-0001  1.78754578754579E-0002
 702 -7.70256410256410E-0001  6.86446886446886E-0002
 703 -8.01684981684982E-0001  5.97802197802198E-0002
 704 -7.88791208791209E-0001  7.02564102564103E-0002
 705 -8.03296703296703E-0001  6.78388278388278E-0002
 706 -8.00879120879121E-0001  6.46153846153846E-0002
 707 -7.90402930402930E-0001 -4.47106227106227E-0001
 708 -7.66227106227106E-0001  6.54212454212454E-0002
 709 -7.89597069597070E-0001 -7.41245421245421E-0001
 710 -7.75897435897436E-0001  6.78388278388278E-0002
 711 -7.96849816849817E-0001 -1.03860805860806E+0000
 712 -7.69450549450549E-0001  6.78388278388278E-0002
 713 -7.96849816849817E-0001 -1.33274725274725E+0000
 714 -7.69450549450549E-0001  7.26739926739927E-0002
 715 -8.00073260073260E-0001 -1.57772893772894E+0000
 716 -7.65421245421245E-0001  7.34798534798535E-0002
 717 -7.95238095238095E-0001  6.94505494505495E-0002
 718 -7.73479853479853E-0001 -4.89816849816850E-0001
 719 -7.92820512820513E-0001  7.42857142857143E-0002
 720 -7.95238095238095E-0001 -4.75311355311355E-0001
 721 -7.92014652014652E-0001 -4.72087912087912E-0001
 722 -7.95238095238095E-0001  6.86446886446886E-0002
 723 -7.71868131868132E-0001 -1.57934065934066E+0000
 724 -7.67838827838828E-0001 -1.60673992673993E+0000
 725 -7.92820512820513E-0001  6.86446886446886E-0002
 726 -7.65421245421245E-0001  6.86446886446886E-0002
 727 -7.73479853479853E-0001 -2.81904761904762E-0001
 728 -7.83956043956044E-0001 -1.58095238095238E+0000
 729 -7.93626373626374E-0001  7.10622710622711E-0002
 730 -7.78315018315018E-0001 -1.02197802197802E-0001
 731 -7.75897435897436E-0001 -1.57853479853480E+0000
 732 -7.92820512820513E-0001  6.86446886446886E-0002
 733 -7.63809523809524E-0001  6.05860805860806E-0002
 734 -7.67838827838828E-0001 -1.05069597069597E+0000
 735 -7.92820512820513E-0001  6.70329670329670E-0002
 736 -7.63809523809524E-0001  7.50915750915751E-0002
 737 -7.85567765567766E-0001 -5.70402930402930E-0001
 738 -7.91208791208791E-0001  7.26739926739927E-0002
 739 -7.84761904761905E-0001  6.30036630036630E-0002
 740 -7.75897435897436E-0001  6.13919413919414E-0002
 741 -7.79926739926740E-0001  6.94505494505495E-0002
 742 -7.91208791208791E-0001  6.94505494505495E-0002
 743 -7.91208791208791E-0001  6.62271062271062E-0002
 744 -7.88791208791209E-0001 -3.85347985347985E-0002
 745 -7.67838827838828E-0001 -1.26373626373626E-0001
 746 -7.73479853479853E-0001 -1.81978021978022E-0001
 747 -7.73479853479853E-0001 -2.57728937728938E-0001
 748 -7.71868131868132E-0001 -3.57655677655678E-0001
 749 -7.75897435897436E-0001 -4.64029304029304E-0001
 750 -7.72673992673993E-0001 -5.84908424908425E-0001
 751 -7.72673992673993E-0001 -6.93699633699634E-0001
 752 -7.72673992673993E-0001 -7.96849816849817E-0001
 753 -7.71062271062271E-0001 -8.74212454212454E-0001
 754 -7.72673992673993E-0001 -9.60439560439560E-0001
 755 -7.74285714285714E-0001 -1.06600732600733E+0000
 756 -7.72673992673993E-0001 -2.63369963369963E-0001
 757 -7.99267399267399E-0001  6.70329670329670E-0002
 758 -8.01684981684982E-0001  6.21978021978022E-0002
 759 -7.82344322344322E-0001 -4.33406593406593E-0001
 760 -7.92014652014652E-0001  6.78388278388278E-0002
