 0  1.30000000000000E+0000  3.75421245421245E-0001
 1 -8.18608058608059E-0001  3.91538461538462E-0001
 2  3.24102564102564E-0001  3.77838827838828E-0001
 3  1.30000000000000E+0000  3.78644688644689E-0001
 4  1.30000000000000E+0000  3.70586080586081E-0001
 5 -7.56556776556777E-0001  3.88315018315018E-0001
 6  2.86227106227106E-0001  3.76227106227106E-0001
 7  1.30000000000000E+0000  3.75421245421245E-0001
 8  1.30000000000000E+0000  3.76227106227106E-0001
 9 -7.18681318681319E-0001  3.91538461538462E-0001
 10  2.71721611721612E-0001  3.77838827838828E-0001
 11  1.30000000000000E+0000  3.76227106227106E-0001
 12  1.30000000000000E+0000  3.70586080586081E-0001
 13 -7.05787545787546E-0001  3.91538461538462E-0001
 14  2.27399267399267E-0001  3.74615384615385E-0001
 15  1.30000000000000E+0000  3.71391941391941E-0001
 16  1.30000000000000E+0000  3.78644688644689E-0001
 17 -6.63076923076923E-0001  3.90732600732601E-0001
 18  2.02417582417582E-0001  3.75421245421245E-0001
 19  1.30000000000000E+0000  3.72197802197802E-0001
 20  1.30000000000000E+0000  3.68974358974359E-0001
 21 -6.67106227106227E-0001  3.88315018315018E-0001
 22  1.50036630036630E-0001  3.75421245421245E-0001
 23  1.30000000000000E+0000  3.67362637362637E-0001
 24  1.30000000000000E+0000  3.72197802197802E-0001
 25 -6.40512820512821E-0001  3.87509157509158E-0001
 26  1.06520146520146E-0001  3.76227106227106E-0001
 27  1.30000000000000E+0000  3.64139194139194E-0001
 28  1.30000000000000E+0000  3.75421245421245E-0001
 29 -6.17948717948718E-0001  3.88315018315018E-0001
 30  8.95970695970696E-0002  3.73809523809524E-0001
 31  1.30000000000000E+0000  3.63333333333333E-0001
 32  1.30000000000000E+0000  3.72197802197802E-0001
 33 -5.75238095238095E-0001  3.87509157509158E-0001
 34  6.86446886446886E-0002  3.81868131868132E-0001
 35  1.30000000000000E+0000  3.61721611721612E-0001
 36  1.30000000000000E+0000  3.72197802197802E-0001
 37 -5.99413919413919E-0001  3.93150183150183E-0001
 38  1.24249084249084E-0001  3.73003663003663E-0001
 39  1.30000000000000E+0000  3.68974358974359E-0001
 40  1.30000000000000E+0000  3.77032967032967E-0001
 41 -7.33186813186813E-0001  3.89120879120879E-0001
 42  1.05714285714285E-0001  3.75421245421245E-0001
 43  1.30000000000000E+0000  3.62527472527473E-0001
 44  1.30000000000000E+0000  3.73003663003663E-0001
 45 -7.91208791208791E-0001  3.89926739926740E-0001
 46  9.92673992673993E-0002  3.73003663003663E-0001
 47  1.30000000000000E+0000  3.62527472527473E-0001
 48  1.30000000000000E+0000  3.67362637362637E-0001
 49 -8.62930402930403E-0001  3.86703296703297E-0001
 50  7.50915750915751E-0002  3.75421245421245E-0001
 51  1.30000000000000E+0000  3.60109890109890E-0001
 52  1.30000000000000E+0000  3.92344322344322E-0001
 53  6.78388278388278E-0002  3.81062271062271E-0001
 54  1.30000000000000E+0000  3.61721611721612E-0001
 55  1.30000000000000E+0000  3.68168498168498E-0001
 56 -9.11282051282051E-0001  3.91538461538462E-0001
 57  8.39560439560440E-0002  3.75421245421245E-0001
 58  1.30000000000000E+0000  3.59304029304029E-0001
 59  1.30000000000000E+0000  3.72197802197802E-0001
 60 -9.77362637362637E-0001  3.89926739926740E-0001
 61  7.42857142857143E-0002  3.79450549450549E-0001
 62  1.30000000000000E+0000  3.68974358974359E-0001
 63  1.30000000000000E+0000  3.72197802197802E-0001
 64 -1.00315018315018E+0000  3.93150183150183E-0001
 65  4.12454212454212E-0002  3.77032967032967E-0001
 66  1.30000000000000E+0000  3.62527472527473E-0001
 67  1.30000000000000E+0000  3.65750915750916E-0001
 68 -1.00315018315018E+0000  3.93956043956044E-0001
 69  2.35164835164835E-0002  3.63333333333333E-0001
 70  1.30000000000000E+0000  3.69780219780220E-0001
 71 -1.02974358974359E+0000  3.89120879120879E-0001
 72 -2.24175824175824E-0002  3.79450549450549E-0001
 73  1.30000000000000E+0000  3.55274725274725E-0001
 74  1.30000000000000E+0000  3.67362637362637E-0001
 75 -1.01201465201465E+0000  3.93150183150183E-0001
 76 -5.14285714285714E-0002  3.61721611721612E-0001
 77  1.30000000000000E+0000  3.67362637362637E-0001
 78 -9.70109890109890E-0001  3.88315018315018E-0001
 79 -7.64102564102564E-0002  3.79450549450549E-0001
 80  1.30000000000000E+0000  3.56080586080586E-0001
 81  1.30000000000000E+0000  3.64945054945055E-0001
 82 -1.01040293040293E+0000  3.90732600732601E-0001
 83 -6.59340659340659E-0002  3.77838827838828E-0001
 84  1.30000000000000E+0000  3.56080586080586E-0001
 85  1.30000000000000E+0000  3.67362637362637E-0001
 86 -1.08454212454212E+0000  3.94761904761905E-0001
 87 -9.01098901098901E-0002  3.76227106227106E-0001
 88  1.30000000000000E+0000  3.54468864468864E-0001
 89  1.30000000000000E+0000  3.67362637362637E-0001
 90 -1.08615384615385E+0000  3.87509157509158E-0001
 91 -1.15897435897435E-0001  3.78644688644689E-0001
 92  1.30000000000000E+0000  3.56080586080586E-0001
 93  1.30000000000000E+0000  3.60915750915751E-0001
 94 -1.04908424908425E+0000  3.90732600732601E-0001
 95 -1.32014652014652E-0001  3.81868131868132E-0001
 96  1.30000000000000E+0000  3.54468864468864E-0001
 97  1.30000000000000E+0000  3.65750915750916E-0001
 98 -1.09824175824176E+0000  3.89926739926740E-0001
 99 -1.43296703296703E-0001  3.80256410256410E-0001
 100  1.30000000000000E+0000  3.56080586080586E-0001
 101  1.30000000000000E+0000  3.64139194139194E-0001
 102 -1.13772893772894E+0000  3.93956043956044E-0001
 103 -1.48131868131868E-0001  3.77838827838828E-0001
 104  1.30000000000000E+0000  3.54468864468864E-0001
 105  1.30000000000000E+0000  3.64945054945055E-0001
 106 -1.15062271062271E+0000  3.81868131868132E-0001
 107 -1.95677655677656E-0001  3.81062271062271E-0001
 108  1.30000000000000E+0000  3.60109890109890E-0001
 109  1.30000000000000E+0000  3.64139194139194E-0001
 110 -1.07970695970696E+0000  3.91538461538462E-0001
 111 -2.02124542124542E-0001  3.79450549450549E-0001
 112  1.30000000000000E+0000  3.52051282051282E-0001
 113  1.30000000000000E+0000  3.62527472527473E-0001
 114 -1.12000000000000E+0000  3.89926739926740E-0001
 115 -2.12600732600733E-0001  3.81062271062271E-0001
 116  1.30000000000000E+0000  3.56080586080586E-0001
 117  1.30000000000000E+0000  3.64945054945055E-0001
 118 -1.12000000000000E+0000  3.91538461538462E-0001
 119 -2.47252747252747E-0001  3.79450549450549E-0001
 120  1.30000000000000E+0000  3.53663003663004E-0001
 121  1.30000000000000E+0000  3.62527472527473E-0001
 122 -1.09098901098901E+0000  3.92344322344322E-0001
 123 -2.30329670329670E-0001  3.81062271062271E-0001
 124  1.30000000000000E+0000  3.54468864468864E-0001
 125  1.30000000000000E+0000  3.62527472527473E-0001
 126 -1.19252747252747E+0000  3.94761904761905E-0001
 127 -2.60146520146520E-0001  3.81868131868132E-0001
 128  1.30000000000000E+0000  3.56080586080586E-0001
 129  1.30000000000000E+0000  3.65750915750916E-0001
 130 -1.22798534798535E+0000  3.92344322344322E-0001
 131 -2.60952380952381E-0001  3.86703296703297E-0001
 132  1.30000000000000E+0000  3.48021978021978E-0001
 133  1.30000000000000E+0000  3.62527472527473E-0001
 134 -1.27311355311355E+0000  3.94761904761905E-0001
 135 -2.72234432234432E-0001  3.58498168498168E-0001
 136  1.30000000000000E+0000  3.67362637362637E-0001
 137 -1.32630036630037E+0000  3.94761904761905E-0001
 138 -2.85934065934066E-0001  3.81868131868132E-0001
 139  1.30000000000000E+0000  3.66556776556777E-0001
 140 -1.36739926739927E+0000  3.94761904761905E-0001
 141 -3.14139194139194E-0001  3.81868131868132E-0001
 142  1.30000000000000E+0000  3.56080586080586E-0001
 143  1.30000000000000E+0000  3.62527472527473E-0001
 144 -1.36820512820513E+0000  3.94761904761905E-0001
 145 -3.29450549450549E-0001  3.56080586080586E-0001
 146  1.30000000000000E+0000  3.94761904761905E-0001
 147 -3.43150183150183E-0001  3.81868131868132E-0001
 148  1.30000000000000E+0000  3.56886446886447E-0001
 149  1.30000000000000E+0000  4.01208791208791E-0001
 150 -3.42344322344322E-0001  3.56080586080586E-0001
 151  1.30000000000000E+0000  3.94761904761905E-0001
 152 -3.56849816849817E-0001  3.81868131868132E-0001
 153  1.30000000000000E+0000  3.53663003663004E-0001
 154  1.30000000000000E+0000  4.04432234432234E-0001
 155 -3.54432234432234E-0001  3.87509157509158E-0001
 156  1.30000000000000E+0000  3.56080586080586E-0001
 157  1.30000000000000E+0000  3.56080586080586E-0001
 158 -1.32791208791209E+0000  3.94761904761905E-0001
 159 -3.57655677655678E-0001  3.81868131868132E-0001
 160  1.30000000000000E+0000  3.58498168498168E-0001
 161  1.30000000000000E+0000  3.71391941391941E-0001
 162 -1.36901098901099E+0000  3.94761904761905E-0001
 163 -3.72161172161172E-0001  3.88315018315018E-0001
 164  1.30000000000000E+0000  3.55274725274725E-0001
 165  1.30000000000000E+0000  3.67362637362637E-0001
 166 -1.36820512820513E+0000  3.93956043956044E-0001
 167  1.30000000000000E+0000  3.52857142857143E-0001
 168  1.30000000000000E+0000  3.67362637362637E-0001
 169 -1.36981684981685E+0000  3.94761904761905E-0001
 170 -3.72967032967033E-0001  3.92344322344322E-0001
 171  1.30000000000000E+0000  3.57692307692308E-0001
 172  1.30000000000000E+0000  3.94761904761905E-0001
 173 -3.89084249084249E-0001  3.87509157509158E-0001
 174  1.30000000000000E+0000  3.56886446886447E-0001
 175  1.30000000000000E+0000  3.60915750915751E-0001
 176 -1.36820512820513E+0000  3.94761904761905E-0001
 177 -3.84249084249084E-0001  3.62527472527473E-0001
 178  1.30000000000000E+0000  3.59304029304029E-0001
 179 -1.36820512820513E+0000  3.87509157509158E-0001
 180  1.30000000000000E+0000  3.61721611721612E-0001
 181  1.30000000000000E+0000  3.62527472527473E-0001
 182 -1.36820512820513E+0000  3.78644688644689E-0001
 183  1.30000000000000E+0000  3.50439560439560E-0001
 184  1.30000000000000E+0000  3.94761904761905E-0001
 185 -3.58461538461538E-0001  3.97985347985348E-0001
 186  1.30000000000000E+0000  3.53663003663004E-0001
 187  1.30000000000000E+0000  3.55274725274725E-0001
 188 -1.36981684981685E+0000  3.92344322344322E-0001
 189 -3.80219780219780E-0001  3.88315018315018E-0001
 190  1.30000000000000E+0000  3.56080586080586E-0001
 191  1.30000000000000E+0000  4.06849816849817E-0001
 192 -3.97142857142857E-0001  3.86703296703297E-0001
 193  1.30000000000000E+0000  3.63333333333333E-0001
 194 -1.36820512820513E+0000  3.89926739926740E-0001
 195  1.30000000000000E+0000  3.72197802197802E-0001
 196 -1.36739926739927E+0000  3.94761904761905E-0001
 197  1.30000000000000E+0000  3.60915750915751E-0001
 198 -1.36659340659341E+0000  3.90732600732601E-0001
 199  1.30000000000000E+0000  3.56080586080586E-0001
 200 -1.36981684981685E+0000  3.88315018315018E-0001
 201  1.30000000000000E+0000  3.58498168498168E-0001
 202  1.30000000000000E+0000  3.56080586080586E-0001
 203 -1.36981684981685E+0000  3.92344322344322E-0001
 204 -3.69743589743590E-0001  3.56080586080586E-0001
 205  1.30000000000000E+0000  3.56080586080586E-0001
 206 -1.36820512820513E+0000  3.86703296703297E-0001
 207  1.30000000000000E+0000  3.57692307692308E-0001
 208  1.30000000000000E+0000  3.99597069597070E-0001
 209 -3.73772893772894E-0001  3.87509157509158E-0001
 210  1.30000000000000E+0000  3.51245421245421E-0001
 211  1.30000000000000E+0000  3.56080586080586E-0001
 212 -1.36901098901099E+0000  3.92344322344322E-0001
 213  1.30000000000000E+0000  3.52051282051282E-0001
 214  1.30000000000000E+0000  3.61721611721612E-0001
 215 -1.36981684981685E+0000  3.94761904761905E-0001
 216 -3.64908424908425E-0001  3.56080586080586E-0001
 217  1.30000000000000E+0000  3.93956043956044E-0001
 218 -3.67326007326007E-0001  3.85897435897436E-0001
 219  1.30000000000000E+0000  3.56080586080586E-0001
 220 -1.36820512820513E+0000  3.85897435897436E-0001
 221  1.30000000000000E+0000  3.56080586080586E-0001
 222 -1.36820512820513E+0000  3.88315018315018E-0001
 223 -3.31868131868132E-0001  3.54468864468864E-0001
 224  1.30000000000000E+0000  3.90732600732601E-0001
 225 -3.21391941391941E-0001  3.85897435897436E-0001
 226  1.30000000000000E+0000  3.55274725274725E-0001
 227 -1.36820512820513E+0000  3.93956043956044E-0001
 228 -3.13333333333333E-0001  3.81868131868132E-0001
 229  1.30000000000000E+0000  3.52857142857143E-0001
 230  1.30000000000000E+0000  3.56080586080586E-0001
 231 -1.36901098901099E+0000  3.93956043956044E-0001
 232 -3.11721611721612E-0001  3.79450549450549E-0001
 233  1.30000000000000E+0000  3.43186813186813E-0001
 234  1.30000000000000E+0000  3.90732600732601E-0001
 235 -2.98827838827839E-0001  3.50439560439560E-0001
 236  1.30000000000000E+0000  3.52051282051282E-0001
 237 -1.36981684981685E+0000  3.89926739926740E-0001
 238 -2.78681318681319E-0001  3.91538461538462E-0001
 239  1.30000000000000E+0000  3.59304029304029E-0001
 240 -1.37142857142857E+0000  3.81868131868132E-0001
 241  1.30000000000000E+0000  3.43186813186813E-0001
 242  1.30000000000000E+0000  3.55274725274725E-0001
 243 -1.37062271062271E+0000  3.86703296703297E-0001
 244 -2.81904761904762E-0001  3.48827838827839E-0001
 245  1.30000000000000E+0000  3.94761904761905E-0001
 246 -2.83516483516484E-0001  3.43186813186813E-0001
 247  1.30000000000000E+0000  3.54468864468864E-0001
 248 -8.50036630036630E-0001  3.81868131868132E-0001
 249 -2.64175824175824E-0001  3.81868131868132E-0001
 250  1.30000000000000E+0000  3.48021978021978E-0001
 251 -6.09084249084249E-0001  3.85897435897436E-0001
 252  1.30000000000000E+0000  3.51245421245421E-0001
 253  5.36043956043956E-0001  3.81868131868132E-0001
 254  1.30000000000000E+0000  3.53663003663004E-0001
 255 -4.72893772893773E-0001  3.85091575091575E-0001
 256  1.30000000000000E+0000  3.49633699633700E-0001
 257 -1.36659340659341E+0000  3.84285714285714E-0001
 258  1.30000000000000E+0000  3.52857142857143E-0001
 259  1.30000000000000E+0000  3.57692307692308E-0001
 260 -1.96483516483516E-0001  3.84285714285714E-0001
 261  1.30000000000000E+0000  3.56080586080586E-0001
 262  7.06080586080586E-0001  3.84285714285714E-0001
 263  1.30000000000000E+0000  3.48827838827839E-0001
 264  1.30000000000000E+0000  3.51245421245421E-0001
 265  4.96556776556777E-0001  3.74615384615385E-0001
 266 -2.09377289377289E-0001  3.89120879120879E-0001
 267  1.30000000000000E+0000  3.60915750915751E-0001
 268  1.30000000000000E+0000  3.52051282051282E-0001
 269  1.26131868131868E+0000  3.71391941391941E-0001
 270 -1.78754578754579E-0001  3.81868131868132E-0001
 271  1.30000000000000E+0000  3.56080586080586E-0001
 272  1.30000000000000E+0000  3.54468864468864E-0001
 273  1.30000000000000E+0000  3.67362637362637E-0001
 274 -1.72307692307692E-0001  3.84285714285714E-0001
 275  1.30000000000000E+0000  3.64139194139194E-0001
 276  1.30000000000000E+0000  3.81868131868132E-0001
 277  1.30000000000000E+0000  3.60915750915751E-0001
 278  1.30000000000000E+0000  3.58498168498168E-0001
 279 -1.48937728937729E-0001  3.81868131868132E-0001
 280  1.06065934065934E+0000  3.68168498168498E-0001
 281  1.30000000000000E+0000  3.56080586080586E-0001
 282  1.30000000000000E+0000  3.83479853479853E-0001
 283  9.22857142857143E-0001  3.56080586080586E-0001
 284  1.30000000000000E+0000  3.84285714285714E-0001
 285  6.68205128205128E-0001  3.57692307692308E-0001
 286  1.30000000000000E+0000  3.81868131868132E-0001
 287  3.32161172161172E-0001  3.58498168498168E-0001
 288  1.30000000000000E+0000  3.85897435897436E-0001
 289 -9.04835164835165E-0001  3.62527472527473E-0001
 290  1.30000000000000E+0000  3.81868131868132E-0001
 291 -1.28681318681319E+0000  3.62527472527473E-0001
 292  1.30000000000000E+0000  3.80256410256410E-0001
 293 -1.37787545787546E+0000  3.64945054945055E-0001
 294  1.30000000000000E+0000  3.81868131868132E-0001
 295 -1.37787545787546E+0000  3.88315018315018E-0001
 296  1.30000000000000E+0000  3.50439560439560E-0001
 297 -6.75457875457875E-0002  3.93956043956044E-0001
 298  1.30000000000000E+0000  3.53663003663004E-0001
 299 -7.47985347985348E-0002  3.90732600732601E-0001
 300  1.30000000000000E+0000  3.49633699633700E-0001
 301 -6.10989010989011E-0002  3.93956043956044E-0001
 302  1.30000000000000E+0000  3.43186813186813E-0001
 303 -4.09523809523810E-0002  3.94761904761905E-0001
 304  1.30000000000000E+0000  3.43186813186813E-0001
 305 -2.27106227106227E-0003  3.88315018315018E-0001
 306 -1.37868131868132E+0000  3.68974358974359E-0001
 307  1.30000000000000E+0000  3.88315018315018E-0001
 308 -1.38915750915751E+0000  3.72197802197802E-0001
 309  1.30000000000000E+0000  3.88315018315018E-0001
 310 -1.39157509157509E+0000  3.89926739926740E-0001
 311  1.30000000000000E+0000  3.50439560439560E-0001
 312  6.59340659340659E-0003  4.04432234432234E-0001
 313  1.30000000000000E+0000  3.54468864468864E-0001
 314 -2.40293040293040E-0002  4.01208791208791E-0001
 315  1.30000000000000E+0000  3.77838827838828E-0001
 316  1.30000000000000E+0000  3.89120879120879E-0001
 317 -1.37706959706960E+0000  3.76227106227106E-0001
 318  1.30000000000000E+0000  3.49633699633700E-0001
 319  4.17582417582418E-0003  4.01208791208791E-0001
 320  1.30000000000000E+0000  3.93150183150183E-0001
 321 -1.37706959706960E+0000  3.48827838827839E-0001
 322  6.62271062271062E-0002  3.73809523809524E-0001
 323  1.30000000000000E+0000  3.94761904761905E-0001
 324  1.30000000000000E+0000  3.88315018315018E-0001
 325 -1.37142857142857E+0000  3.94761904761905E-0001
 326  1.30000000000000E+0000  3.85897435897436E-0001
 327 -1.37384615384615E+0000  3.94761904761905E-0001
 328  1.30000000000000E+0000  3.89120879120879E-0001
 329 -1.37304029304029E+0000  3.94761904761905E-0001
 330  1.30000000000000E+0000  3.91538461538462E-0001
 331 -1.37142857142857E+0000  3.51245421245421E-0001
 332  1.17802197802197E-0001  4.00402930402930E-0001
 333  1.28307692307692E+0000  3.47216117216117E-0001
 334  1.62124542124542E-0001  3.73003663003663E-0001
 335  1.30000000000000E+0000  3.93956043956044E-0001
 336  1.26131868131868E+0000  3.91538461538462E-0001
 337 -1.36336996336996E+0000  3.43186813186813E-0001
 338  2.93479853479853E-0001  3.41575091575092E-0001
 339  2.92673992673993E-0001  3.43186813186813E-0001
 340  3.32967032967033E-0001  3.43186813186813E-0001
 341  3.69230769230769E-0001  3.43186813186813E-0001
 342  4.10329670329670E-0001  3.70586080586081E-0001
 343  1.30000000000000E+0000  3.43186813186813E-0001
 344  4.33699633699634E-0001  3.71391941391941E-0001
 345  1.30000000000000E+0000  3.33516483516484E-0001
 346  4.17582417582418E-0001  3.73003663003663E-0001
 347  1.30000000000000E+0000  3.43186813186813E-0001
 348  4.51428571428571E-0001  3.69780219780220E-0001
 349  1.30000000000000E+0000  3.48827838827839E-0001
 350  4.58681318681319E-0001  3.75421245421245E-0001
 351  1.30000000000000E+0000  3.43186813186813E-0001
 352  4.57875457875458E-0001  3.43186813186813E-0001
 353  4.40146520146520E-0001  3.72197802197802E-0001
 354  1.30000000000000E+0000  3.43186813186813E-0001
 355  4.52234432234432E-0001  3.50439560439560E-0001
 356  4.99780219780220E-0001  3.81868131868132E-0001
 357 -4.75311355311355E-0001  3.78644688644689E-0001
 358 -3.99560439560440E-0001  3.81062271062271E-0001
 359 -3.24615384615385E-0001  3.81868131868132E-0001
 360 -2.32747252747253E-0001  3.84285714285714E-0001
 361 -1.74725274725275E-0001  3.81868131868132E-0001
 362 -2.08571428571429E-0001  3.81868131868132E-0001
 363 -1.65860805860806E-0001  3.88315018315018E-0001
 364  7.67032967032967E-0002  3.81868131868132E-0001
 365  2.24981684981685E-0001  3.85091575091575E-0001
 366  2.29010989010989E-0001  3.81868131868132E-0001
 367  2.09670329670330E-0001  3.43186813186813E-0001
 368  6.93992673992674E-0001  3.81062271062271E-0001
 369  1.39560439560440E-0001  3.43186813186813E-0001
 370  7.24615384615385E-0001  3.77838827838828E-0001
 371  1.90329670329670E-0001  3.43186813186813E-0001
 372  7.52014652014652E-0001  3.81868131868132E-0001
 373  2.24981684981685E-0001  3.83479853479853E-0001
 374  2.49963369963370E-0001  3.43186813186813E-0001
 375  7.94725274725275E-0001  3.81868131868132E-0001
 376  3.15238095238095E-0001  3.43186813186813E-0001
 377  8.06007326007326E-0001  3.81868131868132E-0001
 378  3.53919413919414E-0001  3.49633699633700E-0001
 379  8.41465201465201E-0001  3.81868131868132E-0001
 380  4.08717948717949E-0001  3.81868131868132E-0001
 381  4.45787545787546E-0001  3.81868131868132E-0001
 382  4.69963369963370E-0001  3.81868131868132E-0001
 383  5.27985347985348E-0001  3.81868131868132E-0001
 384  6.01318681318681E-0001  3.81062271062271E-0001
 385  6.79487179487179E-0001  3.81868131868132E-0001
 386  7.35897435897436E-0001  3.85897435897436E-0001
 387  3.51501831501832E-0001  3.82673992673993E-0001
 388  3.47472527472527E-0001  3.81062271062271E-0001
 389  1.30000000000000E+0000  3.81868131868132E-0001
 390  1.30000000000000E+0000  3.87509157509158E-0001
 391  3.54725274725275E-0001  3.61721611721612E-0001
 392  1.10014652014652E+0000  3.81868131868132E-0001
 393  8.19706959706960E-0001  3.81868131868132E-0001
 394  1.30000000000000E+0000  3.85897435897436E-0001
 395  3.40219780219780E-0001  3.75421245421245E-0001
 396  8.26153846153846E-0001  3.68168498168498E-0001
 397  1.24117216117216E+0000  3.81062271062271E-0001
 398  9.77655677655678E-0001  3.81868131868132E-0001
 399  3.69230769230769E-0001  3.86703296703297E-0001
 400  3.11208791208791E-0001  3.77838827838828E-0001
 401  9.84908424908425E-0001  3.79450549450549E-0001
 402  9.51868131868132E-0001  3.64945054945055E-0001
 403  1.30000000000000E+0000  3.68168498168498E-0001
 404  1.30000000000000E+0000  3.66556776556777E-0001
 405  1.30000000000000E+0000  3.81062271062271E-0001
 406  1.15252747252747E+0000  3.68168498168498E-0001
 407  1.30000000000000E+0000  3.82673992673993E-0001
 408  9.52380952380952E-0002  3.77838827838828E-0001
 409  1.23472527472527E+0000  3.81868131868132E-0001
 410  8.38241758241758E-0001  3.68168498168498E-0001
 411  1.30000000000000E+0000  3.74615384615385E-0001
 412  6.59340659340659E-0003  3.76227106227106E-0001
 413  1.29355311355311E+0000  3.81868131868132E-0001
 414  7.54432234432234E-0001  3.74615384615385E-0001
 415  1.30000000000000E+0000  3.78644688644689E-0001
 416 -1.27472527472527E-0002  3.79450549450549E-0001
 417  1.30000000000000E+0000  3.71391941391941E-0001
 418  1.30000000000000E+0000  3.81062271062271E-0001
 419 -1.68278388278388E-0001  3.90732600732601E-0001
 420  8.68864468864469E-0001  3.87509157509158E-0001
 421  1.30000000000000E+0000  3.68974358974359E-0001
 422  1.30000000000000E+0000  3.87509157509158E-0001
 423 -2.85934065934066E-0001  3.81868131868132E-0001
 424  8.24542124542125E-0001  3.81868131868132E-0001
 425  1.30000000000000E+0000  3.70586080586081E-0001
 426  1.30000000000000E+0000  3.90732600732601E-0001
 427  7.64908424908425E-0001  3.72197802197802E-0001
 428  1.30000000000000E+0000  3.78644688644689E-0001
 429 -3.89084249084249E-0001  3.68168498168498E-0001
 430  1.30000000000000E+0000  3.87509157509158E-0001
 431  7.52014652014652E-0001  3.77032967032967E-0001
 432 -4.46300366300366E-0001  3.80256410256410E-0001
 433  1.30000000000000E+0000  3.85091575091575E-0001
 434  6.22271062271062E-0001  3.71391941391941E-0001
 435  1.30000000000000E+0000  3.77838827838828E-0001
 436 -4.47912087912088E-0001  3.89120879120879E-0001
 437  5.55384615384615E-0001  3.77838827838828E-0001
 438  1.30000000000000E+0000  3.73809523809524E-0001
 439  1.30000000000000E+0000  3.86703296703297E-0001
 440  4.81245421245421E-0001  3.76227106227106E-0001
 441  1.30000000000000E+0000  3.77838827838828E-0001
 442 -4.39853479853480E-0001  3.76227106227106E-0001
 443  1.30000000000000E+0000  3.87509157509158E-0001
 444 -1.75582417582418E+0000 -2.32582417582418E+0000
 445 -2.00000000000000E+0000  3.73003663003663E-0001
 446  1.30000000000000E+0000  3.77032967032967E-0001
 447 -5.23663003663004E-0001  3.87509157509158E-0001
 448  4.10329670329670E-0001  3.74615384615385E-0001
 449  1.30000000000000E+0000  3.77032967032967E-0001
 450 -5.34139194139194E-0001  3.74615384615385E-0001
 451  1.30000000000000E+0000  3.86703296703297E-0001
 452  4.16776556776557E-0001  3.75421245421245E-0001
 453 -6.42124542124542E-0001  3.73003663003663E-0001
 454  1.30000000000000E+0000  3.77838827838828E-0001
 455  1.30000000000000E+0000  3.91538461538462E-0001
 456  3.29743589743590E-0001  3.80256410256410E-0001
 457 -7.34798534798535E-0001  3.72197802197802E-0001
 458  1.30000000000000E+0000  3.92344322344322E-0001
 459  2.59633699633700E-0001  3.77032967032967E-0001
 460  1.30000000000000E+0000  3.92344322344322E-0001
 461  1.86300366300366E-0001  3.74615384615385E-0001
 462 -6.34065934065934E-0001  3.65750915750916E-0001
 463  1.30000000000000E+0000  3.75421245421245E-0001
 464  1.30000000000000E+0000  3.74615384615385E-0001
 465 -6.21172161172161E-0001  3.92344322344322E-0001
 466  1.12967032967033E-0001  3.66556776556777E-0001
 467  1.30000000000000E+0000  3.70586080586081E-0001
 468 -7.13040293040293E-0001  3.85897435897436E-0001
 469  1.30000000000000E+0000  3.62527472527473E-0001
 470  1.30000000000000E+0000  3.77032967032967E-0001
 471  1.30000000000000E+0000  3.87509157509158E-0001
 472  1.46520146520147E-0004  3.70586080586081E-0001
 473 -6.88864468864469E-0001  3.56080586080586E-0001
 474  1.30000000000000E+0000  3.77032967032967E-0001
 475  1.30000000000000E+0000  3.60109890109890E-0001
 476  1.30000000000000E+0000  3.81868131868132E-0001
 477  1.30000000000000E+0000  3.55274725274725E-0001
 478  1.30000000000000E+0000  3.56080586080586E-0001
 479  1.30000000000000E+0000  3.65750915750916E-0001
 480 -7.92820512820513E-0001  3.65750915750916E-0001
 481 -8.05714285714286E-0001  3.93150183150183E-0001
 482 -1.44102564102564E-0001  3.61721611721612E-0001
 483 -8.12967032967033E-0001  3.57692307692308E-0001
 484  1.30000000000000E+0000  3.81062271062271E-0001
 485  1.30000000000000E+0000  3.90732600732601E-0001
 486 -2.33553113553114E-0001  3.67362637362637E-0001
 487 -8.52454212454212E-0001  3.56080586080586E-0001
 488  1.30000000000000E+0000  3.81062271062271E-0001
 489  1.30000000000000E+0000  3.90732600732601E-0001
 490 -2.25494505494505E-0001  3.60109890109890E-0001
 491 -9.79780219780220E-0001  3.53663003663004E-0001
 492  1.30000000000000E+0000  3.80256410256410E-0001
 493  1.30000000000000E+0000  3.85897435897436E-0001
 494 -2.98021978021978E-0001  3.63333333333333E-0001
 495 -9.94285714285714E-0001  3.90732600732601E-0001
 496 -3.21391941391941E-0001  3.57692307692308E-0001
 497 -1.00798534798535E+0000  3.52857142857143E-0001
 498  1.30000000000000E+0000  3.81062271062271E-0001
 499  1.30000000000000E+0000  3.82673992673993E-0001
 500  1.30000000000000E+0000  3.81062271062271E-0001
 501  1.30000000000000E+0000  3.81868131868132E-0001
 502  1.30000000000000E+0000  3.85897435897436E-0001
 503  1.30000000000000E+0000  3.81062271062271E-0001
 504  1.30000000000000E+0000  3.82673992673993E-0001
 505  1.30000000000000E+0000  3.53663003663004E-0001
 506  1.30000000000000E+0000  3.56886446886447E-0001
 507 -1.14820512820513E+0000  3.90732600732601E-0001
 508 -3.78608058608059E-0001  3.85897435897436E-0001
 509  1.30000000000000E+0000  3.49633699633700E-0001
 510  1.30000000000000E+0000  3.61721611721612E-0001
 511 -1.18043956043956E+0000  3.55274725274725E-0001
 512 -1.17641025641026E+0000  3.92344322344322E-0001
 513 -4.31794871794872E-0001  3.93956043956044E-0001
 514 -4.33406593406593E-0001  3.56080586080586E-0001
 515 -1.18930402930403E+0000  3.51245421245421E-0001
 516  1.30000000000000E+0000  3.87509157509158E-0001
 517  1.30000000000000E+0000  3.45604395604396E-0001
 518  1.30000000000000E+0000  3.79450549450549E-0001
 519  1.30000000000000E+0000  3.93150183150183E-0001
 520 -4.06007326007326E-0001  3.43186813186813E-0001
 521 -1.34402930402930E+0000  3.52051282051282E-0001
 522  1.30000000000000E+0000  3.84285714285714E-0001
 523  1.30000000000000E+0000  3.80256410256410E-0001
 524  1.30000000000000E+0000  3.90732600732601E-0001
 525 -4.33406593406593E-0001  3.56080586080586E-0001
 526 -1.31824175824176E+0000  3.49633699633700E-0001
 527 -1.34886446886447E+0000  3.54468864468864E-0001
 528 -1.34805860805861E+0000  3.49633699633700E-0001
 529 -1.37304029304029E+0000  3.89120879120879E-0001
 530 -4.28571428571429E-0001  3.92344322344322E-0001
 531 -4.27765567765568E-0001  3.81868131868132E-0001
 532  1.30000000000000E+0000  3.53663003663004E-0001
 533  1.30000000000000E+0000  3.53663003663004E-0001
 534 -1.36981684981685E+0000  3.85897435897436E-0001
 535  1.30000000000000E+0000  3.84285714285714E-0001
 536  1.30000000000000E+0000  3.99597069597070E-0001
 537 -4.05201465201465E-0001  3.52051282051282E-0001
 538 -1.37062271062271E+0000  3.47216117216117E-0001
 539  1.30000000000000E+0000  3.57692307692308E-0001
 540 -1.37304029304029E+0000  3.49633699633700E-0001
 541  1.30000000000000E+0000  3.85091575091575E-0001
 542  1.30000000000000E+0000  3.92344322344322E-0001
 543 -3.96336996336996E-0001  3.60915750915751E-0001
 544 -1.36820512820513E+0000  3.93956043956044E-0001
 545 -3.86666666666667E-0001  3.63333333333333E-0001
 546 -1.36739926739927E+0000  3.68168498168498E-0001
 547  1.30000000000000E+0000  3.85091575091575E-0001
 548  1.30000000000000E+0000  3.71391941391941E-0001
 549  1.30000000000000E+0000  3.87509157509158E-0001
 550  1.30000000000000E+0000  3.96373626373626E-0001
 551 -3.42344322344322E-0001  3.52051282051282E-0001
 552 -1.36901098901099E+0000  3.48827838827839E-0001
 553  1.30000000000000E+0000  3.52051282051282E-0001
 554  1.30000000000000E+0000  3.56080586080586E-0001
 555 -1.36981684981685E+0000  3.92344322344322E-0001
 556 -3.29450549450549E-0001  3.84285714285714E-0001
 557  1.30000000000000E+0000  3.48021978021978E-0001
 558  1.30000000000000E+0000  3.52857142857143E-0001
 559  1.30000000000000E+0000  3.85091575091575E-0001
 560  1.30000000000000E+0000  4.01208791208791E-0001
 561 -2.77069597069597E-0001  3.93150183150183E-0001
 562  1.30000000000000E+0000  3.85897435897436E-0001
 563  1.30000000000000E+0000  3.49633699633700E-0001
 564  1.30000000000000E+0000  3.89120879120879E-0001
 565  1.30000000000000E+0000  3.81868131868132E-0001
 566  1.30000000000000E+0000  3.74615384615385E-0001
 567 -2.34358974358974E-0001  3.81062271062271E-0001
 568 -2.35970695970696E-0001  3.56080586080586E-0001
 569  1.39560439560440E-0001  3.66556776556777E-0001
 570  1.30000000000000E+0000  3.87509157509158E-0001
 571  9.99413919413919E-0001  3.68168498168498E-0001
 572  1.30000000000000E+0000  3.81868131868132E-0001
 573  6.64175824175824E-0001  3.71391941391941E-0001
 574 -1.73113553113553E-0001  3.56080586080586E-0001
 575  8.29377289377289E-0001  3.72197802197802E-0001
 576 -1.82783882783883E-0001  3.57692307692308E-0001
 577  1.23069597069597E+0000  3.76227106227106E-0001
 578  1.30000000000000E+0000  3.79450549450549E-0001
 579  1.30000000000000E+0000  3.86703296703297E-0001
 580  9.60439560439560E-0002  3.68168498168498E-0001
 581 -1.43296703296703E-0001  3.56080586080586E-0001
 582 -1.31208791208791E-0001  3.57692307692308E-0001
 583  1.30000000000000E+0000  3.57692307692308E-0001
 584  1.30000000000000E+0000  3.79450549450549E-0001
 585  1.30000000000000E+0000  3.81868131868132E-0001
 586  1.30000000000000E+0000  3.81868131868132E-0001
 587 -9.00000000000000E-0001  3.47216117216117E-0001
 588 -8.68864468864469E-0002  3.50439560439560E-0001
 589 -9.01098901098901E-0002  3.65750915750916E-0001
 590  1.30000000000000E+0000  3.68168498168498E-0001
 591  9.81684981684982E-0001  3.93956043956044E-0001
 592  1.30000000000000E+0000  3.89926739926740E-0001
 593  1.30000000000000E+0000  3.86703296703297E-0001
 594 -1.37948717948718E+0000  3.85091575091575E-0001
 595 -1.38432234432234E+0000  3.49633699633700E-0001
 596 -1.59706959706960E-0002  3.48021978021978E-0001
 597 -4.68864468864469E-0003  3.60915750915751E-0001
 598  1.30000000000000E+0000  3.66556776556777E-0001
 599  1.30000000000000E+0000  3.60109890109890E-0001
 600  1.30000000000000E+0000  3.92344322344322E-0001
 601  1.30000000000000E+0000  3.85897435897436E-0001
 602  1.30000000000000E+0000  3.85091575091575E-0001
 603 -1.37626373626374E+0000  3.86703296703297E-0001
 604 -1.37626373626374E+0000  3.45604395604396E-0001
 605  8.79853479853480E-0002  3.42380952380952E-0001
 606  7.26739926739927E-0002  3.71391941391941E-0001
 607  1.30000000000000E+0000  3.71391941391941E-0001
 608  1.30000000000000E+0000  3.93150183150183E-0001
 609  1.30000000000000E+0000  3.95567765567766E-0001
 610  1.30000000000000E+0000  3.83479853479853E-0001
 611 -1.37787545787546E+0000  3.88315018315018E-0001
 612 -1.37384615384615E+0000  3.43186813186813E-0001
 613  2.08058608058608E-0001  3.41575091575092E-0001
 614  2.13699633699634E-0001  3.59304029304029E-0001
 615  1.30000000000000E+0000  3.69780219780220E-0001
 616  1.30000000000000E+0000  3.63333333333333E-0001
 617  1.30000000000000E+0000  3.94761904761905E-0001
 618  1.30000000000000E+0000  3.84285714285714E-0001
 619 -1.37545787545788E+0000  3.93150183150183E-0001
 620  1.30000000000000E+0000  3.84285714285714E-0001
 621 -1.37384615384615E+0000  3.94761904761905E-0001
 622  1.30000000000000E+0000  3.93956043956044E-0001
 623  1.30000000000000E+0000  3.92344322344322E-0001
 624  1.30000000000000E+0000  3.85897435897436E-0001
 625 -1.37304029304029E+0000  3.92344322344322E-0001
 626  1.30000000000000E+0000  3.81868131868132E-0001
 627 -1.37304029304029E+0000  3.84285714285714E-0001
 628 -1.33677655677656E+0000  3.80256410256410E-0001
 629 -1.28520146520147E+0000  3.94761904761905E-0001
 630  1.25487179487179E+0000  3.96373626373626E-0001
 631  1.23553113553114E+0000  3.93150183150183E-0001
 632  1.24520146520147E+0000  3.96373626373626E-0001
 633  1.21619047619048E+0000  3.81868131868132E-0001
 634 -1.16029304029304E+0000  3.84285714285714E-0001
 635 -1.06358974358974E+0000  3.84285714285714E-0001
 636 -1.09179487179487E+0000  3.84285714285714E-0001
 637 -1.10227106227106E+0000  3.97179487179487E-0001
 638  1.12593406593407E+0000  3.73003663003663E-0001
 639  1.30000000000000E+0000  3.39963369963370E-0001
 640  4.78827838827839E-0001  3.79450549450549E-0001
 641 -5.76849816849817E-0001  3.93956043956044E-0001
 642  1.00505494505495E+0000  3.46410256410256E-0001
 643  4.55457875457875E-0001  3.84285714285714E-0001
 644 -3.74578754578755E-0001  3.88315018315018E-0001
 645  8.84175824175824E-0001  3.79450549450549E-0001
 646  1.30000000000000E+0000  3.39963369963370E-0001
 647  5.34432234432234E-0001  3.81062271062271E-0001
 648 -2.93186813186813E-0001  3.45604395604396E-0001
 649  5.52161172161172E-0001  3.80256410256410E-0001
 650  1.30000000000000E+0000  3.44798534798535E-0001
 651  5.81978021978022E-0001  3.78644688644689E-0001
 652  1.30000000000000E+0000  3.81062271062271E-0001
 653  1.30000000000000E+0000  3.90732600732601E-0001
 654  8.25347985347985E-0001  3.89120879120879E-0001
 655  8.19706959706960E-0001  3.91538461538462E-0001
 656  8.13260073260073E-0001  3.73003663003663E-0001
 657  1.30000000000000E+0000  3.81868131868132E-0001
 658  1.30000000000000E+0000  3.75421245421245E-0001
 659  1.30000000000000E+0000  3.76227106227106E-0001
 660  1.30000000000000E+0000  3.45604395604396E-0001
 661  6.95604395604396E-0001  3.43186813186813E-0001
 662  7.26227106227106E-0001  3.85897435897436E-0001
 663  6.00512820512821E-0001  3.52051282051282E-0001
 664  7.69743589743590E-0001  3.81062271062271E-0001
 665  3.70842490842491E-0001  3.89120879120879E-0001
 666  5.60219780219780E-0001  3.79450549450549E-0001
 667  1.30000000000000E+0000  3.44798534798535E-0001
 668  7.76996336996337E-0001  3.81868131868132E-0001
 669  5.12673992673993E-0001  3.87509157509158E-0001
 670  4.70769230769231E-0001  3.46410256410256E-0001
 671  8.33406593406593E-0001  3.88315018315018E-0001
 672  3.93406593406593E-0001  3.81062271062271E-0001
 673  1.30000000000000E+0000  3.77838827838828E-0001
 674  1.30000000000000E+0000  3.81868131868132E-0001
 675  5.65860805860806E-0001  3.73003663003663E-0001
 676  1.30000000000000E+0000  3.86703296703297E-0001
 677  5.10256410256410E-0001  3.94761904761905E-0001
 678  4.65934065934066E-0001  3.79450549450549E-0001
 679  1.30000000000000E+0000  3.82673992673993E-0001
 680  8.48717948717949E-0001  3.78644688644689E-0001
 681  2.55604395604396E-0001  3.63333333333333E-0001
 682  1.05018315018315E+0000  3.75421245421245E-0001
 683  9.90549450549451E-0001  3.81868131868132E-0001
 684  1.87912087912088E-0001  3.85897435897436E-0001
 685  1.30000000000000E+0000  3.63333333333333E-0001
 686  1.10659340659341E+0000  3.81062271062271E-0001
 687  1.08564102564103E+0000  3.80256410256410E-0001
 688  8.23443223443223E-0002  3.86703296703297E-0001
 689  1.27421245421245E+0000  3.64945054945055E-0001
 690  1.16703296703297E+0000  3.83479853479853E-0001
 691  1.27501831501832E+0000  3.84285714285714E-0001
 692  1.26937728937729E+0000  3.85897435897436E-0001
 693  1.23875457875458E+0000  3.82673992673993E-0001
 694  1.23311355311355E+0000  3.83479853479853E-0001
 695  1.19443223443223E+0000  3.64945054945055E-0001
 696  1.24842490842491E+0000  3.68974358974359E-0001
 697  1.25890109890110E+0000  3.81868131868132E-0001
 698  1.30000000000000E+0000  3.81868131868132E-0001
 699  1.30000000000000E+0000  3.81868131868132E-0001
 700 -8.44688644688645E-0002  3.81062271062271E-0001
 701 -1.46520146520147E-0001  3.81868131868132E-0001
 702  1.30000000000000E+0000  3.81868131868132E-0001
 703  1.30000000000000E+0000  3.80256410256410E-0001
 704  1.30000000000000E+0000  3.81062271062271E-0001
 705  1.30000000000000E+0000  3.86703296703297E-0001
 706  1.30000000000000E+0000  3.85091575091575E-0001
 707  8.10036630036630E-0001  3.68974358974359E-0001
 708  1.30000000000000E+0000  3.75421245421245E-0001
 709  1.30000000000000E+0000  3.87509157509158E-0001
 710  7.68937728937729E-0001  3.68974358974359E-0001
 711  1.30000000000000E+0000  3.85897435897436E-0001
 712  1.30000000000000E+0000  3.74615384615385E-0001
 713 -3.71355311355311E-0001 -2.55307692307692E+0000
 714 -1.97098901098901E+0000  3.89120879120879E-0001
 715  6.04542124542125E-0001  3.71391941391941E-0001
 716  1.30000000000000E+0000  3.78644688644689E-0001
 717  1.30000000000000E+0000  3.77838827838828E-0001
 718 -3.50402930402930E-0001  3.72197802197802E-0001
 719  1.30000000000000E+0000  3.74615384615385E-0001
 720  1.30000000000000E+0000  3.70586080586081E-0001
 721  1.30000000000000E+0000  3.76227106227106E-0001
 722  1.30000000000000E+0000  3.85091575091575E-0001
 723  3.21684981684982E-0001  3.81868131868132E-0001
 724  2.41904761904762E-0001  3.74615384615385E-0001
 725 -3.70549450549451E-0001  3.82673992673993E-0001
 726 -3.95531135531136E-0001  3.73003663003663E-0001
 727 -3.94725274725275E-0001  3.62527472527473E-0001
 728  1.30000000000000E+0000  3.64945054945055E-0001
 729  1.30000000000000E+0000  3.61721611721612E-0001
 730  1.30000000000000E+0000  3.59304029304029E-0001
 731  1.30000000000000E+0000  3.56080586080586E-0001
 732  1.30000000000000E+0000  3.56080586080586E-0001
 733  1.30000000000000E+0000  3.60109890109890E-0001
 734  1.30000000000000E+0000  3.52857142857143E-0001
 735  1.30000000000000E+0000  3.85897435897436E-0001
 736 -1.43296703296703E-0001  3.67362637362637E-0001
 737 -4.81758241758242E-0001  3.68168498168498E-0001
 738 -4.72893772893773E-0001  3.64945054945055E-0001
 739 -4.97069597069597E-0001  3.67362637362637E-0001
 740 -4.94652014652015E-0001  3.53663003663004E-0001
 741  1.30000000000000E+0000  3.54468864468864E-0001
 742  1.30000000000000E+0000  3.51245421245421E-0001
 743  1.30000000000000E+0000  3.77838827838828E-0001
 744  1.30000000000000E+0000  3.78644688644689E-0001
 745  1.30000000000000E+0000  3.55274725274725E-0001
 746  1.30000000000000E+0000  3.60109890109890E-0001
 747  1.30000000000000E+0000  3.93150183150183E-0001
 748 -2.25494505494505E-0001  3.52051282051282E-0001
 749  1.30000000000000E+0000  3.89926739926740E-0001
 750 -2.08571428571429E-0001  3.82673992673993E-0001
 751  1.30000000000000E+0000  3.55274725274725E-0001
 752  1.30000000000000E+0000  3.56080586080586E-0001
 753 -9.80586080586081E-0001  3.81062271062271E-0001
 754  1.30000000000000E+0000  3.56080586080586E-0001
 755  1.30000000000000E+0000  3.58498168498168E-0001
 756 -9.68498168498168E-0001  3.91538461538462E-0001
 757 -2.85934065934066E-0001  3.81062271062271E-0001
 758  1.30000000000000E+0000  3.51245421245421E-0001
 759  1.30000000000000E+0000  3.89926739926740E-0001
 760 -2.97216117216117E-0001  3.81868131868132E-0001
 761  1.30000000000000E+0000  3.56080586080586E-0001
 762  1.30000000000000E+0000  3.90732600732601E-0001
 763 -3.22197802197802E-0001  3.81062271062271E-0001
 764  1.30000000000000E+0000  3.52051282051282E-0001
 765  1.30000000000000E+0000  3.61721611721612E-0001
 766 -1.22798534798535E+0000  3.56080586080586E-0001
 767 -1.27391941391941E+0000  3.92344322344322E-0001
 768 -3.31868131868132E-0001  3.93956043956044E-0001
 769 -3.39926739926740E-0001  3.94761904761905E-0001
 770 -3.37509157509158E-0001  3.81868131868132E-0001
 771  1.30000000000000E+0000  3.93956043956044E-0001
 772 -3.43956043956044E-0001  3.91538461538462E-0001
 773 -3.50402930402930E-0001  3.60915750915751E-0001
 774 -1.37062271062271E+0000  3.60109890109890E-0001
 775 -1.36578754578755E+0000  3.56080586080586E-0001
 776  1.30000000000000E+0000  3.55274725274725E-0001
 777  1.30000000000000E+0000  3.90732600732601E-0001
 778  1.30000000000000E+0000  3.93956043956044E-0001
 779 -3.66520146520147E-0001  3.90732600732601E-0001
 780 -3.76996336996337E-0001  3.56080586080586E-0001
 781 -1.36336996336996E+0000  3.60915750915751E-0001
 782  1.30000000000000E+0000  3.52051282051282E-0001
 783  1.30000000000000E+0000  3.85897435897436E-0001
 784  1.30000000000000E+0000  3.90732600732601E-0001
 785 -4.22124542124542E-0001  3.81868131868132E-0001
 786  1.30000000000000E+0000  3.89926739926740E-0001
 787 -4.17289377289377E-0001  3.56080586080586E-0001
 788 -1.36820512820513E+0000  3.55274725274725E-0001
 789 -1.36739926739927E+0000  3.47216117216117E-0001
 790  1.30000000000000E+0000  3.86703296703297E-0001
 791  1.30000000000000E+0000  3.46410256410256E-0001
 792  1.30000000000000E+0000  3.81868131868132E-0001
 793  1.30000000000000E+0000  3.94761904761905E-0001
 794 -3.92307692307692E-0001  3.89926739926740E-0001
 795 -3.95531135531136E-0001  3.52857142857143E-0001
 796 -1.36498168498168E+0000  3.52051282051282E-0001
 797  1.30000000000000E+0000  3.43186813186813E-0001
 798  1.30000000000000E+0000  3.84285714285714E-0001
 799  1.30000000000000E+0000  3.88315018315018E-0001
 800  1.30000000000000E+0000  3.90732600732601E-0001
 801 -4.08424908424908E-0001  3.56080586080586E-0001
 802 -1.36739926739927E+0000  3.93150183150183E-0001
 803 -3.97948717948718E-0001  3.52857142857143E-0001
 804 -1.36659340659341E+0000  3.54468864468864E-0001
 805 -1.36498168498168E+0000  3.59304029304029E-0001
 806  1.30000000000000E+0000  3.54468864468864E-0001
 807  1.30000000000000E+0000  3.61721611721612E-0001
 808 -1.36659340659341E+0000  3.90732600732601E-0001
 809 -3.89890109890110E-0001  3.81868131868132E-0001
 810  1.30000000000000E+0000  3.49633699633700E-0001
 811  1.30000000000000E+0000  3.87509157509158E-0001
 812  1.30000000000000E+0000  3.43186813186813E-0001
 813  1.30000000000000E+0000  3.89120879120879E-0001
 814 -3.64102564102564E-0001  3.81868131868132E-0001
 815  1.30000000000000E+0000  3.59304029304029E-0001
 816 -1.36498168498168E+0000  3.92344322344322E-0001
 817 -3.44761904761905E-0001  3.84285714285714E-0001
 818  1.30000000000000E+0000  3.60915750915751E-0001
 819 -1.36578754578755E+0000  3.94761904761905E-0001
 820 -3.18974358974359E-0001  3.92344322344322E-0001
 821  6.53699633699634E-0001  3.73003663003663E-0001
 822  1.30000000000000E+0000  3.62527472527473E-0001
 823 -1.36498168498168E+0000  3.93956043956044E-0001
 824 -3.12527472527473E-0001  3.87509157509158E-0001
 825 -1.14659340659341E+0000  3.85897435897436E-0001
 826 -1.18608058608059E+0000  3.97179487179487E-0001
 827 -3.06080586080586E-0001  3.94761904761905E-0001
 828 -1.21428571428571E+0000  3.93956043956044E-0001
 829 -2.92380952380952E-0001  3.89120879120879E-0001
 830 -5.25274725274725E-0001  3.89926739926740E-0001
 831  1.30000000000000E+0000  3.68974358974359E-0001
 832 -1.36336996336996E+0000  3.89120879120879E-0001
 833 -2.40000000000000E-0001  3.83479853479853E-0001
 834  1.30000000000000E+0000  3.88315018315018E-0001
 835 -2.29523809523810E-0001  3.88315018315018E-0001
 836 -2.34358974358974E-0001  3.84285714285714E-0001
 837  1.30000000000000E+0000  3.87509157509158E-0001
 838  1.30000000000000E+0000  3.60915750915751E-0001
 839  2.04029304029304E-0001  3.61721611721612E-0001
 840 -3.51208791208791E-0001  3.89120879120879E-0001
 841  1.30000000000000E+0000  3.71391941391941E-0001
 842 -5.32527472527473E-0001  3.93956043956044E-0001
 843  1.30000000000000E+0000  3.85897435897436E-0001
 844 -1.37223443223443E+0000  3.86703296703297E-0001
 845 -1.37142857142857E+0000  3.82673992673993E-0001
 846 -1.72307692307692E-0001  3.75421245421245E-0001
 847 -1.56996336996337E-0001  3.62527472527473E-0001
 848  1.30000000000000E+0000  3.91538461538462E-0001
 849  1.30000000000000E+0000  3.64945054945055E-0001
 850  4.07106227106227E-0001  3.94761904761905E-0001
 851  1.30000000000000E+0000  3.90732600732601E-0001
 852 -1.38593406593407E+0000  3.94761904761905E-0001
 853 -2.05347985347985E-0001  3.85897435897436E-0001
 854 -1.37142857142857E+0000  4.02820512820513E-0001
 855 -2.34358974358974E-0001  3.77838827838828E-0001
 856 -1.11597069597070E+0000  3.74615384615385E-0001
 857 -6.05054945054945E-0001  4.01208791208791E-0001
 858  1.30000000000000E+0000  3.69780219780220E-0001
 859  4.17582417582418E-0003  3.93956043956044E-0001
 860  1.30000000000000E+0000  3.88315018315018E-0001
 861 -1.37384615384615E+0000  3.85091575091575E-0001
 862 -1.37465201465201E+0000  3.50439560439560E-0001
 863 -8.52747252747253E-0002  3.33516483516484E-0001
 864 -4.33699633699634E-0002  3.51245421245421E-0001
 865 -5.38461538461538E-0002  3.88315018315018E-0001
 866 -1.37142857142857E+0000  3.68974358974359E-0001
 867  1.30000000000000E+0000  3.75421245421245E-0001
 868  1.30000000000000E+0000  3.93956043956044E-0001
 869 -1.37304029304029E+0000  3.94761904761905E-0001
 870  1.30000000000000E+0000  3.74615384615385E-0001
 871  1.30000000000000E+0000  3.50439560439560E-0001
 872 -5.38461538461538E-0002  3.81868131868132E-0001
 873 -1.37223443223443E+0000  3.73809523809524E-0001
 874  1.30000000000000E+0000  3.86703296703297E-0001
 875 -1.36981684981685E+0000  3.91538461538462E-0001
 876  1.30000000000000E+0000  3.71391941391941E-0001
 877  1.30000000000000E+0000  3.48827838827839E-0001
 878  5.97802197802198E-0002  3.97179487179487E-0001
 879 -1.36820512820513E+0000  3.43186813186813E-0001
 880  6.94505494505495E-0002  3.85897435897436E-0001
 881 -1.36739926739927E+0000  3.86703296703297E-0001
 882 -1.36417582417582E+0000  3.94761904761905E-0001
 883  1.30000000000000E+0000  3.77032967032967E-0001
 884  1.30000000000000E+0000  3.47216117216117E-0001
 885  1.48424908424908E-0001  3.91538461538462E-0001
 886  1.30000000000000E+0000  3.85897435897436E-0001
 887 -1.36901098901099E+0000  3.42380952380952E-0001
 888  1.75018315018315E-0001  3.81868131868132E-0001
 889 -1.36901098901099E+0000  3.43186813186813E-0001
 890  1.87912087912088E-0001  3.73003663003663E-0001
 891  1.30000000000000E+0000  3.43186813186813E-0001
 892  2.10476190476190E-0001  3.72197802197802E-0001
 893  1.30000000000000E+0000  3.79450549450549E-0001
 894  1.30000000000000E+0000  3.94761904761905E-0001
 895  1.28630036630037E+0000  3.85897435897436E-0001
 896 -1.36820512820513E+0000  3.81868131868132E-0001
 897 -1.36659340659341E+0000  3.49633699633700E-0001
 898  2.96703296703297E-0001  3.74615384615385E-0001
 899  1.30000000000000E+0000  3.75421245421245E-0001
 900  1.30000000000000E+0000  3.94761904761905E-0001
 901  1.29597069597070E+0000  4.01208791208791E-0001
 902  1.27985347985348E+0000  3.80256410256410E-0001
 903 -1.24249084249084E+0000  3.43186813186813E-0001
 904  3.28937728937729E-0001  3.45604395604396E-0001
 905  3.50695970695971E-0001  3.74615384615385E-0001
 906  1.30000000000000E+0000  3.39963369963370E-0001
 907  3.70036630036630E-0001  3.73003663003663E-0001
 908  1.30000000000000E+0000  3.94761904761905E-0001
 909  1.20893772893773E+0000  3.87509157509158E-0001
 910 -1.10549450549451E+0000  3.94761904761905E-0001
 911  1.21377289377289E+0000  3.81868131868132E-0001
 912 -1.10630036630037E+0000  3.43186813186813E-0001
 913  4.28058608058608E-0001  3.39157509157509E-0001
 914  4.98974358974359E-0001  3.68974358974359E-0001
 915  1.30000000000000E+0000  3.93150183150183E-0001
 916  1.20974358974359E+0000  3.94761904761905E-0001
 917  1.20974358974359E+0000  3.81868131868132E-0001
 918 -8.92747252747253E-0001  3.39157509157509E-0001
 919  5.41684981684982E-0001  3.73003663003663E-0001
 920  1.30000000000000E+0000  3.36739926739927E-0001
 921  5.10256410256410E-0001  3.75421245421245E-0001
 922  1.30000000000000E+0000  3.92344322344322E-0001
 923  1.15172161172161E+0000  3.89926739926740E-0001
 924  1.03890109890110E+0000  3.81868131868132E-0001
 925 -5.79267399267399E-0001  3.93956043956044E-0001
 926  1.02923076923077E+0000  3.83479853479853E-0001
 927 -5.65567765567766E-0001  3.39963369963370E-0001
 928  5.56996336996337E-0001  3.41575091575092E-0001
 929  5.49743589743590E-0001  3.74615384615385E-0001
 930  1.30000000000000E+0000  3.77838827838828E-0001
 931  1.30000000000000E+0000  3.43186813186813E-0001
 932  5.77142857142857E-0001  3.74615384615385E-0001
 933  1.30000000000000E+0000  3.43186813186813E-0001
 934  5.56996336996337E-0001  3.79450549450549E-0001
 935  1.30000000000000E+0000  3.78644688644689E-0001
 936  1.30000000000000E+0000  3.90732600732601E-0001
 937  8.41465201465201E-0001  3.91538461538462E-0001
 938 -2.05347985347985E-0001  3.43186813186813E-0001
 939  6.42417582417582E-0001  3.81868131868132E-0001
 940 -1.56996336996337E-0001  3.43186813186813E-0001
 941  6.48058608058608E-0001  3.43186813186813E-0001
 942  6.60952380952381E-0001  3.81868131868132E-0001
 943 -5.86813186813187E-0002  3.43186813186813E-0001
 944  7.14139194139194E-0001  3.77032967032967E-0001
 945  1.30000000000000E+0000  3.77838827838828E-0001
 946  1.30000000000000E+0000  3.89120879120879E-0001
 947  7.84249084249084E-0001  3.85091575091575E-0001
 948  6.59340659340659E-0003  3.80256410256410E-0001
 949  1.38754578754579E-0001  3.43186813186813E-0001
 950  7.18168498168498E-0001  3.77838827838828E-0001
 951  1.30000000000000E+0000  3.77032967032967E-0001
 952  1.30000000000000E+0000  3.90732600732601E-0001
 953  6.02124542124542E-0001  3.88315018315018E-0001
 954  1.99194139194139E-0001  3.81062271062271E-0001
 955  2.39487179487179E-0001  3.91538461538462E-0001
 956  6.02124542124542E-0001  3.48021978021978E-0001
 957  8.01172161172161E-0001  3.81868131868132E-0001
 958  3.58754578754579E-0001 -2.50472527472527E+0000
 959 -1.70586080586081E+0000  3.77838827838828E-0001
 960  1.30000000000000E+0000  3.51245421245421E-0001
 961  8.58388278388278E-0001  3.78644688644689E-0001
 962  4.43369963369963E-0001  3.87509157509158E-0001
 963  5.26373626373626E-0001  3.78644688644689E-0001
 964  1.30000000000000E+0000  3.56080586080586E-0001
 965  9.25274725274725E-0001  3.80256410256410E-0001
 966  6.26300366300366E-0001  3.81868131868132E-0001
 967  1.30000000000000E+0000  3.56080586080586E-0001
 968  8.93040293040293E-0001  3.81868131868132E-0001
 969  8.89010989010989E-0001  3.84285714285714E-0001
 970  2.47545787545788E-0001  3.83479853479853E-0001
 971  2.37069597069597E-0001  3.89120879120879E-0001
 972  9.84102564102564E-0001  3.78644688644689E-0001
 973  1.03245421245421E+0000  3.60109890109890E-0001
 974  1.09128205128205E+0000  3.90732600732601E-0001
 975  1.30000000000000E+0000  3.64945054945055E-0001
 976  1.14205128205128E+0000  3.87509157509158E-0001
 977  1.26776556776557E+0000  3.80256410256410E-0001
 978  9.76556776556777E-0002  3.80256410256410E-0001
 979  9.12087912087912E-0002  3.81868131868132E-0001
 980  9.12087912087912E-0002  3.81868131868132E-0001
 981  1.05260073260073E+0000  3.82673992673993E-0001
 982 -2.80586080586081E-0002  3.75421245421245E-0001
 983 -6.83516483516484E-0002  3.80256410256410E-0001
 984  1.30000000000000E+0000  3.72197802197802E-0001
 985  1.30000000000000E+0000  3.70586080586081E-0001
 986  1.30000000000000E+0000  3.81868131868132E-0001
 987  6.97216117216117E-0001  3.80256410256410E-0001
 988 -3.53113553113553E-0002  3.81062271062271E-0001
 989 -1.59706959706960E-0002  3.81062271062271E-0001
 990  1.30000000000000E+0000  3.75421245421245E-0001
 991  1.30000000000000E+0000  3.83479853479853E-0001
 992  4.75604395604396E-0001  3.81868131868132E-0001
 993  4.10329670329670E-0001  3.81868131868132E-0001
 994 -1.19926739926739E-0001  3.72197802197802E-0001
 995  1.30000000000000E+0000  3.68974358974359E-0001
 996 -1.03809523809523E-0001  3.68974358974359E-0001
 997  1.30000000000000E+0000  3.81062271062271E-0001
 998  1.30000000000000E+0000  3.68974358974359E-0001
 999  1.30000000000000E+0000  3.75421245421245E-0001
 1000  1.30000000000000E+0000  3.79450549450549E-0001
 1001  1.30402930402930E-0002  3.84285714285714E-0001
 1002 -1.43296703296703E-0001  3.75421245421245E-0001
 1003 -3.04761904761905E-0002  3.74615384615385E-0001
 1004 -1.67472527472527E-0001  3.56080586080586E-0001
 1005  1.30000000000000E+0000  3.71391941391941E-0001
 1006  1.30000000000000E+0000  3.76227106227106E-0001
 1007  1.30000000000000E+0000  3.81868131868132E-0001
 1008 -1.78754578754579E-0001  3.69780219780220E-0001
 1009 -2.99633699633700E-0001  3.75421245421245E-0001
 1010 -3.69743589743590E-0001  3.56080586080586E-0001
 1011  1.30000000000000E+0000  3.73003663003663E-0001
 1012  1.30000000000000E+0000  3.77838827838828E-0001
 1013 -3.40732600732601E-0001  3.73809523809524E-0001
 1014  1.30000000000000E+0000  3.81868131868132E-0001
 1015 -3.06080586080586E-0001  3.86703296703297E-0001
 1016 -2.74652014652015E-0001  3.59304029304029E-0001
 1017 -6.13919413919414E-0001  3.55274725274725E-0001
 1018  1.30000000000000E+0000  3.74615384615385E-0001
 1019  1.30000000000000E+0000  3.53663003663004E-0001
 1020  1.30000000000000E+0000  3.81062271062271E-0001
 1021  1.30000000000000E+0000  3.81868131868132E-0001
 1022 -2.80293040293040E-0001  3.62527472527473E-0001
 1023 -8.73406593406593E-0001  3.85897435897436E-0001
 1024 -2.93186813186813E-0001  3.56080586080586E-0001
 1025 -9.21758241758242E-0001  3.53663003663004E-0001
 1026  1.30000000000000E+0000  3.52857142857143E-0001
 1027  1.30000000000000E+0000  3.75421245421245E-0001
 1028  1.30000000000000E+0000  3.87509157509158E-0001
 1029 -3.56849816849817E-0001  3.90732600732601E-0001
 1030 -3.38315018315018E-0001  3.61721611721612E-0001
 1031 -1.13692307692308E+0000  3.60109890109890E-0001
 1032 -1.13128205128205E+0000  3.51245421245421E-0001
 1033  1.30000000000000E+0000  3.82673992673993E-0001
 1034  1.30000000000000E+0000  3.52051282051282E-0001
 1035  1.30000000000000E+0000  3.88315018315018E-0001
 1036  1.30000000000000E+0000  3.56080586080586E-0001
 1037  1.30000000000000E+0000  3.92344322344322E-0001
 1038  1.30000000000000E+0000  3.85091575091575E-0001
 1039  1.30000000000000E+0000  3.92344322344322E-0001
 1040 -3.60879120879121E-0001  3.92344322344322E-0001
 1041 -3.76190476190476E-0001  3.60109890109890E-0001
 1042 -1.31098901098901E+0000  3.56080586080586E-0001
 1043  1.30000000000000E+0000  3.53663003663004E-0001
 1044  1.30000000000000E+0000  3.89120879120879E-0001
 1045  1.30000000000000E+0000  3.85897435897436E-0001
 1046  1.30000000000000E+0000  3.94761904761905E-0001
 1047 -4.27765567765568E-0001  3.84285714285714E-0001
 1048  1.30000000000000E+0000  3.91538461538462E-0001
 1049 -4.32600732600733E-0001  3.91538461538462E-0001
 1050 -4.35824175824176E-0001  3.53663003663004E-0001
 1051 -1.36739926739927E+0000  3.56886446886447E-0001
 1052 -1.36578754578755E+0000  3.53663003663004E-0001
 1053  1.30000000000000E+0000  3.84285714285714E-0001
 1054  1.30000000000000E+0000  3.54468864468864E-0001
 1055  1.30000000000000E+0000  3.89120879120879E-0001
 1056  1.30000000000000E+0000  3.85897435897436E-0001
 1057  1.30000000000000E+0000  3.51245421245421E-0001
 1058  1.30000000000000E+0000  3.52051282051282E-0001
 1059  1.30000000000000E+0000  3.57692307692308E-0001
 1060 -1.36578754578755E+0000  3.58498168498168E-0001
 1061 -1.36659340659341E+0000  3.46410256410256E-0001
 1062  1.30000000000000E+0000  3.50439560439560E-0001
 1063  1.30000000000000E+0000  3.52051282051282E-0001
 1064 -1.36578754578755E+0000  3.60109890109890E-0001
 1065 -1.36578754578755E+0000  3.93956043956044E-0001
 1066 -4.36630036630037E-0001  3.94761904761905E-0001
 1067 -4.28571428571429E-0001  3.59304029304029E-0001
 1068 -1.36417582417582E+0000  3.50439560439560E-0001
 1069  1.30000000000000E+0000  3.56080586080586E-0001
 1070 -1.36336996336996E+0000  3.48827838827839E-0001
 1071  1.30000000000000E+0000  3.85897435897436E-0001
 1072  1.30000000000000E+0000  3.82673992673993E-0001
 1073  1.30000000000000E+0000  3.93956043956044E-0001
 1074 -4.08424908424908E-0001  3.97985347985348E-0001
 1075 -4.00366300366300E-0001  3.59304029304029E-0001
 1076 -1.36417582417582E+0000  3.55274725274725E-0001
 1077  1.30000000000000E+0000  3.87509157509158E-0001
 1078  1.30000000000000E+0000  3.81868131868132E-0001
 1079 -2.10989010989011E-0001  3.90732600732601E-0001
 1080 -3.76190476190476E-0001  3.87509157509158E-0001
 1081 -1.14578754578755E+0000  3.90732600732601E-0001
 1082 -3.67326007326007E-0001  3.64139194139194E-0001
 1083 -1.36175824175824E+0000  3.98791208791209E-0001
 1084  1.30000000000000E+0000  3.68974358974359E-0001
 1085 -1.36014652014652E+0000  4.00402930402930E-0001
 1086  1.30000000000000E+0000  3.85091575091575E-0001
 1087 -1.39479853479853E+0000  3.86703296703297E-0001
 1088 -1.38109890109890E+0000  3.94761904761905E-0001
 1089 -3.36703296703297E-0001  3.74615384615385E-0001
 1090 -1.36256410256410E+0000  3.68168498168498E-0001
 1091 -1.36095238095238E+0000  3.94761904761905E-0001
 1092 -2.96410256410256E-0001  3.88315018315018E-0001
 1093 -1.38271062271062E+0000  3.93150183150183E-0001
 1094  1.30000000000000E+0000  3.68168498168498E-0001
 1095 -1.36256410256410E+0000  3.88315018315018E-0001
 1096 -1.37868131868132E+0000  3.94761904761905E-0001
 1097  1.30000000000000E+0000  3.71391941391941E-0001
 1098 -1.36095238095238E+0000  3.88315018315018E-0001
 1099 -1.37465201465201E+0000  3.93150183150183E-0001
 1100  1.30000000000000E+0000  3.89926739926740E-0001
 1101 -1.37142857142857E+0000  3.89926739926740E-0001
 1102 -1.37223443223443E+0000  3.98791208791209E-0001
 1103 -2.10989010989011E-0001  3.73003663003663E-0001
 1104 -1.36014652014652E+0000  3.74615384615385E-0001
 1105 -1.36336996336996E+0000  3.96373626373626E-0001
 1106  1.30000000000000E+0000  3.88315018315018E-0001
 1107 -1.36739926739927E+0000  3.85897435897436E-0001
 1108 -1.36739926739927E+0000  3.89120879120879E-0001
 1109 -1.36175824175824E+0000  3.81868131868132E-0001
 1110 -1.34432234432234E-0001  3.85897435897436E-0001
 1111 -1.36659340659341E+0000  3.95567765567766E-0001
 1112  1.30000000000000E+0000  3.54468864468864E-0001
 1113 -5.14285714285714E-0002  3.89120879120879E-0001
 1114 -1.36739926739927E+0000  3.72197802197802E-0001
 1115  1.30000000000000E+0000  3.43186813186813E-0001
 1116  4.93040293040293E-0002  3.90732600732601E-0001
 1117  1.30000000000000E+0000  3.73003663003663E-0001
 1118  1.30000000000000E+0000  3.47216117216117E-0001
 1119  1.22637362637362E-0001  3.46410256410256E-0001
 1120  1.33113553113553E-0001  3.64945054945055E-0001
 1121  1.30000000000000E+0000  4.03626373626374E-0001
 1122  1.25084249084249E+0000  4.03626373626374E-0001
 1123  1.25164835164835E+0000  3.90732600732601E-0001
 1124 -1.22717948717949E+0000  3.43992673992674E-0001
 1125  2.35457875457875E-0001  3.43186813186813E-0001
 1126  2.83003663003663E-0001  3.62527472527473E-0001
 1127  1.30000000000000E+0000  3.94761904761905E-0001
 1128  1.21860805860806E+0000  3.93150183150183E-0001
 1129  1.13238095238095E+0000  3.85897435897436E-0001
 1130 -9.23369963369963E-0001  3.43186813186813E-0001
 1131  3.90183150183150E-0001  3.85091575091575E-0001
 1132 -8.24249084249084E-0001  3.44798534798535E-0001
 1133  3.91794871794872E-0001  3.74615384615385E-0001
 1134  1.30000000000000E+0000  3.75421245421245E-0001
 1135  1.30000000000000E+0000  3.89120879120879E-0001
 1136  9.55091575091575E-0001  3.81868131868132E-0001
 1137  9.93772893772894E-0001  3.86703296703297E-0001
 1138 -6.29230769230769E-0001  3.42380952380952E-0001
 1139  6.02930402930403E-0001  3.42380952380952E-0001
 1140  6.20659340659341E-0001  3.73809523809524E-0001
 1141  1.30000000000000E+0000  3.89120879120879E-0001
 1142  1.02520146520147E+0000  3.81868131868132E-0001
 1143  1.03890109890110E+0000  3.87509157509158E-0001
 1144 -3.40732600732601E-0001  3.47216117216117E-0001
 1145  7.73772893772894E-0001  3.76227106227106E-0001
 1146  1.30000000000000E+0000  3.49633699633700E-0001
 1147  8.21318681318681E-0001  3.73809523809524E-0001
 1148  1.30000000000000E+0000  3.89120879120879E-0001
 1149  8.90622710622711E-0001  3.81868131868132E-0001
 1150 -5.62637362637363E-0002  3.89120879120879E-0001
 1151  8.61611721611722E-0001  3.81062271062271E-0001
 1152  7.18681318681319E-0002  3.56080586080586E-0001
 1153  9.77655677655678E-0001  3.81868131868132E-0001
 1154  1.77435897435897E-0001  3.56080586080586E-0001
 1155  1.00344322344322E+0000  3.60109890109890E-0001
 1156  1.03890109890110E+0000  3.70586080586081E-0001
 1157  1.30000000000000E+0000  3.81868131868132E-0001
 1158  5.90842490842491E-0001  3.79450549450549E-0001
 1159  1.30000000000000E+0000  3.84285714285714E-0001
 1160  5.81978021978022E-0001  3.81062271062271E-0001
 1161  5.10256410256410E-0001  3.81868131868132E-0001
 1162  5.57802197802198E-0001  3.80256410256410E-0001
 1163  5.00586080586081E-0001  3.77838827838828E-0001
 1164  4.82857142857143E-0001  3.63333333333333E-0001
 1165  1.26776556776557E+0000  3.67362637362637E-0001
 1166  1.27421245421245E+0000  3.65750915750916E-0001
 1167  1.30000000000000E+0000  3.64945054945055E-0001
 1168  1.30000000000000E+0000  3.68974358974359E-0001
 1169  7.11721611721612E-0001  3.76227106227106E-0001
 1170  6.81098901098901E-0001  3.73003663003663E-0001
 1171  5.59413919413919E-0001  3.75421245421245E-0001
 1172  4.95750915750916E-0001  3.74615384615385E-0001
 1173  4.99780219780220E-0001  3.79450549450549E-0001
 1174  4.87692307692308E-0001  3.67362637362637E-0001
 1175  1.30000000000000E+0000  3.73003663003663E-0001
 1176  1.30000000000000E+0000  3.68974358974359E-0001
 1177  1.02278388278388E+0000  3.70586080586081E-0001
 1178  1.30000000000000E+0000  3.73003663003663E-0001
 1179  1.08000000000000E+0000  3.76227106227106E-0001
 1180  1.30000000000000E+0000  3.78644688644689E-0001
 1181  2.40293040293040E-0001  3.73003663003663E-0001
 1182  2.03223443223443E-0001  3.71391941391941E-0001
 1183  1.63736263736264E-0001  3.70586080586081E-0001
 1184  1.93553113553114E-0001  3.79450549450549E-0001
 1185  1.16190476190476E-0001  3.77838827838828E-0001
 1186  3.64102564102564E-0002  3.74615384615385E-0001
 1187  4.44688644688645E-0002  3.73003663003663E-0001
 1188 -2.80586080586081E-0002  3.72197802197802E-0001
 1189 -5.38461538461538E-0002  3.79450549450549E-0001
 1190 -4.09523809523810E-0002  3.73809523809524E-0001
 1191  1.30000000000000E+0000  3.73003663003663E-0001
 1192 -1.70695970695971E-0001  3.79450549450549E-0001
 1193 -1.46520146520147E-0001  3.52857142857143E-0001
 1194  1.30000000000000E+0000  3.76227106227106E-0001
 1195 -1.59413919413919E-0001  3.51245421245421E-0001
 1196  1.30000000000000E+0000  3.67362637362637E-0001
 1197 -3.84249084249084E-0001  3.81868131868132E-0001
 1198 -3.31062271062271E-0001  3.75421245421245E-0001
 1199  1.30000000000000E+0000  3.60109890109890E-0001
 1200 -5.05128205128205E-0001  3.88315018315018E-0001
 1201 -3.06886446886447E-0001  3.50439560439560E-0001
 1202  1.30000000000000E+0000  3.60109890109890E-0001
 1203 -7.38827838827839E-0001  3.85897435897436E-0001
 1204 -3.08498168498168E-0001  3.56080586080586E-0001
 1205  1.30000000000000E+0000  3.81062271062271E-0001
 1206 -4.48717948717949E-0001  3.51245421245421E-0001
 1207  1.30000000000000E+0000  3.87509157509158E-0001
 1208 -4.35018315018315E-0001  3.78644688644689E-0001
 1209  1.30000000000000E+0000  3.52051282051282E-0001
 1210  1.30000000000000E+0000  3.52051282051282E-0001
 1211 -1.05875457875458E+0000  3.91538461538462E-0001
 1212 -4.10036630036630E-0001  3.85091575091575E-0001
 1213 -4.10842490842491E-0001  3.86703296703297E-0001
 1214 -4.02783882783883E-0001  3.56080586080586E-0001
 1215 -1.26505494505495E+0000  3.52857142857143E-0001
 1216 -1.33435897435897E+0000  3.52051282051282E-0001
 1217 -1.35289377289377E+0000  3.56080586080586E-0001
 1218 -1.36336996336996E+0000  3.53663003663004E-0001
 1219  1.30000000000000E+0000  3.48827838827839E-0001
 1220  1.30000000000000E+0000  3.81868131868132E-0001
 1221  1.30000000000000E+0000  3.81868131868132E-0001
 1222  1.30000000000000E+0000  3.90732600732601E-0001
 1223 -4.23736263736264E-0001  3.51245421245421E-0001
 1224 -1.36498168498168E+0000  3.48827838827839E-0001
 1225  1.30000000000000E+0000  3.49633699633700E-0001
 1226 -1.36578754578755E+0000  3.52857142857143E-0001
 1227  1.30000000000000E+0000  3.81062271062271E-0001
 1228  1.30000000000000E+0000  3.77032967032967E-0001
 1229  1.30000000000000E+0000  3.89926739926740E-0001
 1230 -4.60000000000000E-0001  3.88315018315018E-0001
 1231 -4.60805860805861E-0001  3.90732600732601E-0001
 1232 -4.47912087912088E-0001  3.81868131868132E-0001
 1233  1.30000000000000E+0000  3.51245421245421E-0001
 1234  1.30000000000000E+0000  3.54468864468864E-0001
 1235 -1.36336996336996E+0000  3.90732600732601E-0001
 1236 -4.23736263736264E-0001  3.81868131868132E-0001
 1237  1.30000000000000E+0000  3.51245421245421E-0001
 1238  1.30000000000000E+0000  3.55274725274725E-0001
 1239 -1.36256410256410E+0000  3.81868131868132E-0001
 1240  1.30000000000000E+0000  3.49633699633700E-0001
 1241  1.30000000000000E+0000  3.56080586080586E-0001
 1242 -1.36256410256410E+0000  3.93150183150183E-0001
 1243 -3.91501831501832E-0001  3.81868131868132E-0001
 1244  1.30000000000000E+0000  3.73809523809524E-0001
 1245  1.30000000000000E+0000  3.56080586080586E-0001
 1246 -1.36175824175824E+0000  3.93150183150183E-0001
 1247 -3.81025641025641E-0001  3.90732600732601E-0001
 1248  1.30000000000000E+0000  3.62527472527473E-0001
 1249 -1.36014652014652E+0000  3.89926739926740E-0001
 1250  1.30000000000000E+0000  3.81868131868132E-0001
 1251 -1.37142857142857E+0000  3.81868131868132E-0001
 1252 -1.36739926739927E+0000  3.92344322344322E-0001
 1253 -3.42344322344322E-0001  3.68168498168498E-0001
 1254 -1.35934065934066E+0000  3.67362637362637E-0001
 1255 -1.35853479853480E+0000  3.92344322344322E-0001
 1256  1.30000000000000E+0000  3.90732600732601E-0001
 1257 -1.38996336996337E+0000  3.85897435897436E-0001
 1258 -1.38190476190476E+0000  3.93150183150183E-0001
 1259 -3.06886446886447E-0001  4.00402930402930E-0001
 1260 -2.92380952380952E-0001  3.67362637362637E-0001
 1261 -1.36014652014652E+0000  3.94761904761905E-0001
 1262  1.30000000000000E+0000  3.93956043956044E-0001
 1263  1.30000000000000E+0000  3.87509157509158E-0001
 1264 -1.38029304029304E+0000  3.94761904761905E-0001
 1265 -2.50476190476190E-0001  3.92344322344322E-0001
 1266 -1.37948717948718E+0000  3.91538461538462E-0001
 1267 -2.48864468864469E-0001  3.71391941391941E-0001
 1268 -1.36014652014652E+0000  3.94761904761905E-0001
 1269 -2.42417582417582E-0001  3.68974358974359E-0001
 1270 -1.35853479853480E+0000  3.94761904761905E-0001
 1271  1.30000000000000E+0000  3.99597069597070E-0001
 1272  1.30000000000000E+0000  3.81868131868132E-0001
 1273 -1.36417582417582E+0000  3.87509157509158E-0001
 1274 -1.36417582417582E+0000  4.05238095238095E-0001
 1275 -1.89230769230769E-0001  3.77838827838828E-0001
 1276 -1.35692307692308E+0000  3.94761904761905E-0001
 1277 -1.77142857142857E-0001  3.86703296703297E-0001
 1278 -1.46520146520147E-0001  3.88315018315018E-0001
 1279 -1.36336996336996E+0000  3.81868131868132E-0001
 1280  1.30000000000000E+0000  3.43186813186813E-0001
 1281 -1.91941391941392E-0002  3.98791208791209E-0001
 1282  1.30000000000000E+0000  3.52051282051282E-0001
 1283  2.10989010989011E-0002  3.89926739926740E-0001
 1284 -1.36578754578755E+0000  3.92344322344322E-0001
 1285  1.27421245421245E+0000  3.54468864468864E-0001
 1286  3.47985347985348E-0002  3.89120879120879E-0001
 1287 -1.17479853479853E+0000  3.74615384615385E-0001
 1288  1.30000000000000E+0000  3.77838827838828E-0001
 1289  1.30000000000000E+0000  3.99597069597070E-0001
 1290  1.12512820512821E+0000  3.86703296703297E-0001
 1291 -9.57216117216117E-0001  3.43186813186813E-0001
 1292  2.09670329670330E-0001  3.88315018315018E-0001
 1293 -7.49304029304029E-0001  3.53663003663004E-0001
 1294  2.34652014652015E-0001  3.79450549450549E-0001
 1295  1.30000000000000E+0000  3.42380952380952E-0001
 1296  2.62051282051282E-0001  3.77838827838828E-0001
 1297  1.30000000000000E+0000  3.92344322344322E-0001
 1298  9.10769230769231E-0001  3.77838827838828E-0001
 1299  1.30000000000000E+0000  3.93956043956044E-0001
 1300  8.74505494505495E-0001  3.86703296703297E-0001
 1301 -3.19780219780220E-0001  3.81868131868132E-0001
 1302 -2.95604395604396E-0001  3.43186813186813E-0001
 1303  4.15164835164835E-0001  3.42380952380952E-0001
 1304  4.75604395604396E-0001  3.81062271062271E-0001
 1305  1.30000000000000E+0000  3.94761904761905E-0001
 1306  7.72161172161172E-0001  3.81868131868132E-0001
 1307  1.94871794871795E-0002  3.90732600732601E-0001
 1308  7.17362637362637E-0001  3.84285714285714E-0001
 1309  4.52747252747253E-0002  3.43186813186813E-0001
 1310  5.94871794871795E-0001  3.43186813186813E-0001
 1311  6.11794871794872E-0001  3.84285714285714E-0001
 1312  2.93479853479853E-0001  3.81868131868132E-0001
 1313  1.30000000000000E+0000  3.43186813186813E-0001
 1314  7.56043956043956E-0001  3.81868131868132E-0001
 1315  4.36117216117216E-0001  3.89120879120879E-0001
 1316  4.40146520146520E-0001  3.81868131868132E-0001
 1317  1.30000000000000E+0000  3.79450549450549E-0001
 1318  1.30000000000000E+0000  3.88315018315018E-0001
 1319  3.85347985347985E-0001  3.74615384615385E-0001
 1320  1.30000000000000E+0000  3.85091575091575E-0001
 1321  4.16776556776557E-0001  3.81868131868132E-0001
 1322  1.30000000000000E+0000  3.85897435897436E-0001
 1323  4.26446886446886E-0001  3.81868131868132E-0001
 1324  7.26227106227106E-0001  3.87509157509158E-0001
 1325  3.71648351648352E-0001  3.88315018315018E-0001
 1326  7.84249084249084E-0001  3.81868131868132E-0001
 1327  8.21318681318681E-0001  3.63333333333333E-0001
 1328  1.08644688644689E+0000  3.65750915750916E-0001
 1329  1.15413919413919E+0000  3.81062271062271E-0001
 1330  1.18879120879121E+0000  3.80256410256410E-0001
 1331  2.88644688644689E-0001  3.78644688644689E-0001
 1332  1.14446886446886E+0000  3.81868131868132E-0001
 1333  2.52380952380952E-0001  3.77032967032967E-0001
 1334  1.00505494505495E+0000  3.81868131868132E-0001
 1335  2.43516483516484E-0001  3.77838827838828E-0001
 1336  1.02197802197802E+0000  3.74615384615385E-0001
 1337  1.06307692307692E+0000  3.65750915750916E-0001
 1338  1.30000000000000E+0000  3.79450549450549E-0001
 1339  8.10036630036630E-0001  3.80256410256410E-0001
 1340  8.06007326007326E-0001  3.80256410256410E-0001
 1341  9.76556776556777E-0002  3.75421245421245E-0001
 1342  1.06520146520146E-0001  3.73809523809524E-0001
 1343  1.29435897435897E+0000  3.72197802197802E-0001
 1344  1.30000000000000E+0000  3.69780219780220E-0001
 1345  1.30000000000000E+0000  3.87509157509158E-0001
 1346  6.16630036630037E-0001  3.81868131868132E-0001
 1347  5.69084249084249E-0001  3.76227106227106E-0001
 1348 -4.65934065934066E-0002  3.73003663003663E-0001
 1349  1.30000000000000E+0000  3.76227106227106E-0001
 1350  1.30000000000000E+0000  3.81868131868132E-0001
 1351 -7.80219780219780E-0002  3.71391941391941E-0001
 1352  1.30000000000000E+0000  3.70586080586081E-0001
 1353  1.30000000000000E+0000  3.72197802197802E-0001
 1354  1.30000000000000E+0000  3.80256410256410E-0001
 1355  1.33113553113553E-0001  3.74615384615385E-0001
 1356  1.30000000000000E+0000  3.78644688644689E-0001
 1357  2.12087912087912E-0001  3.96373626373626E-0001
 1358  1.78241758241758E-0001  3.81868131868132E-0001
 1359  1.30000000000000E+0000  3.62527472527473E-0001
 1360  1.30000000000000E+0000  3.68168498168498E-0001
 1361 -2.12600732600733E-0001  3.81868131868132E-0001
 1362 -4.09523809523810E-0002  3.78644688644689E-0001
 1363  1.30000000000000E+0000  3.79450549450549E-0001
 1364 -2.18241758241758E-0001  3.68974358974359E-0001
 1365 -2.43223443223443E-0001  3.55274725274725E-0001
 1366  1.30000000000000E+0000  3.72197802197802E-0001
 1367 -2.83516483516484E-0001  3.55274725274725E-0001
 1368  1.30000000000000E+0000  3.52051282051282E-0001
 1369  1.30000000000000E+0000  3.73809523809524E-0001
 1370  1.30000000000000E+0000  3.78644688644689E-0001
 1371  1.30000000000000E+0000  3.81868131868132E-0001
 1372 -2.77069597069597E-0001  3.81868131868132E-0001
 1373 -2.73040293040293E-0001  3.67362637362637E-0001
 1374 -4.46300366300366E-0001  3.47216117216117E-0001
 1375  1.30000000000000E+0000  3.65750915750916E-0001
 1376 -4.53553113553114E-0001  3.50439560439560E-0001
 1377  1.30000000000000E+0000  3.49633699633700E-0001
 1378  1.30000000000000E+0000  3.51245421245421E-0001
 1379  1.30000000000000E+0000  3.51245421245421E-0001
 1380  1.30000000000000E+0000  3.76227106227106E-0001
 1381  1.30000000000000E+0000  3.77032967032967E-0001
 1382  1.30000000000000E+0000  3.85091575091575E-0001
 1383 -3.14139194139194E-0001  3.65750915750916E-0001
 1384 -7.71868131868132E-0001  3.61721611721612E-0001
 1385 -8.28278388278388E-0001  3.52051282051282E-0001
 1386  1.30000000000000E+0000  3.76227106227106E-0001
 1387  1.30000000000000E+0000  3.81868131868132E-0001
 1388  1.30000000000000E+0000  3.78644688644689E-0001
 1389  1.30000000000000E+0000  3.81868131868132E-0001
 1390  1.30000000000000E+0000  3.77838827838828E-0001
 1391  1.30000000000000E+0000  3.89120879120879E-0001
 1392 -3.39120879120879E-0001  3.85897435897436E-0001
 1393 -3.02051282051282E-0001  3.58498168498168E-0001
 1394 -1.16029304029304E+0000  3.88315018315018E-0001
 1395 -3.02857142857143E-0001  3.89926739926740E-0001
 1396 -3.26227106227106E-0001  3.92344322344322E-0001
 1397 -3.57655677655678E-0001  3.88315018315018E-0001
 1398 -3.79413919413919E-0001  3.86703296703297E-0001
 1399 -3.88278388278388E-0001  3.81868131868132E-0001
 1400  1.30000000000000E+0000  3.82673992673993E-0001
 1401  1.30000000000000E+0000  3.85091575091575E-0001
 1402  1.30000000000000E+0000  3.80256410256410E-0001
 1403  1.30000000000000E+0000  3.83479853479853E-0001
 1404  1.30000000000000E+0000  3.90732600732601E-0001
 1405 -4.08424908424908E-0001  3.56080586080586E-0001
 1406 -1.32065934065934E+0000  3.53663003663004E-0001
 1407 -1.34322344322344E+0000  3.49633699633700E-0001
 1408  1.30000000000000E+0000  3.47216117216117E-0001
 1409  1.30000000000000E+0000  3.81062271062271E-0001
 1410  1.30000000000000E+0000  3.85091575091575E-0001
 1411  1.30000000000000E+0000  3.87509157509158E-0001
 1412 -4.35018315018315E-0001  3.81868131868132E-0001
 1413 -4.34212454212454E-0001  3.90732600732601E-0001
 1414 -4.38241758241758E-0001  3.53663003663004E-0001
 1415 -1.36417582417582E+0000  3.90732600732601E-0001
 1416 -4.10036630036630E-0001  3.79450549450549E-0001
 1417  1.30000000000000E+0000  3.48827838827839E-0001
 1418  1.30000000000000E+0000  3.54468864468864E-0001
 1419 -1.36417582417582E+0000  3.54468864468864E-0001
 1420 -1.36498168498168E+0000  3.93150183150183E-0001
 1421 -4.08424908424908E-0001  3.81868131868132E-0001
 1422  1.30000000000000E+0000  3.85091575091575E-0001
 1423  1.30000000000000E+0000  3.43186813186813E-0001
 1424  1.30000000000000E+0000  3.52051282051282E-0001
 1425 -1.36336996336996E+0000  3.91538461538462E-0001
 1426 -3.70549450549451E-0001  3.82673992673993E-0001
 1427  1.30000000000000E+0000  3.50439560439560E-0001
 1428  1.30000000000000E+0000  3.50439560439560E-0001
 1429  1.30000000000000E+0000  3.86703296703297E-0001
 1430  1.30000000000000E+0000  3.85091575091575E-0001
 1431  1.30000000000000E+0000  3.87509157509158E-0001
 1432 -3.12527472527473E-0001  3.81868131868132E-0001
 1433 -2.88351648351648E-0001  3.68974358974359E-0001
 1434 -2.69816849816850E-0001  3.84285714285714E-0001
 1435  1.30000000000000E+0000  3.83479853479853E-0001
 1436  1.30000000000000E+0000  3.73809523809524E-0001
 1437 -2.60146520146520E-0001  3.71391941391941E-0001
 1438 -2.47252747252747E-0001  3.53663003663004E-0001
 1439  7.50915750915751E-0002  3.60915750915751E-0001
 1440  4.61904761904762E-0001  3.78644688644689E-0001
 1441  1.30000000000000E+0000  3.60915750915751E-0001
 1442  1.07919413919414E+0000  3.78644688644689E-0001
 1443  1.30000000000000E+0000  3.81062271062271E-0001
 1444 -1.37223443223443E+0000  3.87509157509158E-0001
 1445  1.30000000000000E+0000  3.75421245421245E-0001
 1446 -1.37626373626374E+0000  3.72197802197802E-0001
 1447 -1.69890109890110E-0001  3.65750915750916E-0001
 1448 -1.46520146520147E-0001  3.50439560439560E-0001
 1449 -1.14285714285714E-0001  3.64139194139194E-0001
 1450  1.30000000000000E+0000  3.67362637362637E-0001
 1451  1.30000000000000E+0000  3.90732600732601E-0001
 1452  1.30000000000000E+0000  3.87509157509158E-0001
 1453 -1.37465201465201E+0000  3.86703296703297E-0001
 1454 -1.37142857142857E+0000  3.46410256410256E-0001
 1455 -2.40293040293040E-0002  3.45604395604396E-0001
 1456 -9.52380952380952E-0003  3.65750915750916E-0001
 1457  1.30000000000000E+0000  3.90732600732601E-0001
 1458  1.30000000000000E+0000  3.88315018315018E-0001
 1459  1.30000000000000E+0000  3.74615384615385E-0001
 1460  1.30000000000000E+0000  3.41575091575092E-0001
 1461  5.09157509157509E-0002  3.89120879120879E-0001
 1462  1.30000000000000E+0000  3.71391941391941E-0001
 1463  1.30000000000000E+0000  3.53663003663004E-0001
 1464  1.04102564102564E-0001  3.69780219780220E-0001
 1465  1.30000000000000E+0000  3.91538461538462E-0001
 1466  1.30000000000000E+0000  3.71391941391941E-0001
 1467  1.30000000000000E+0000  3.89926739926740E-0001
 1468  1.30000000000000E+0000  3.89120879120879E-0001
 1469 -1.36336996336996E+0000  3.43992673992674E-0001
 1470  1.62930402930403E-0001  3.52051282051282E-0001
 1471  1.72600732600733E-0001  3.75421245421245E-0001
 1472  1.30000000000000E+0000  4.02820512820513E-0001
 1473  1.19926739926740E+0000  3.93956043956044E-0001
 1474  1.18476190476190E+0000  3.84285714285714E-0001
 1475 -1.10549450549451E+0000  3.44798534798535E-0001
 1476  2.80586080586081E-0001  3.40769230769231E-0001
 1477  3.07179487179487E-0001  3.73003663003663E-0001
 1478  1.30000000000000E+0000  3.92344322344322E-0001
 1479  1.11062271062271E+0000  3.73003663003663E-0001
 1480  1.30000000000000E+0000  3.90732600732601E-0001
 1481  1.11948717948718E+0000  3.88315018315018E-0001
 1482  1.06146520146520E+0000  3.85091575091575E-0001
 1483 -6.20366300366300E-0001  3.39963369963370E-0001
 1484  3.89377289377289E-0001  3.81868131868132E-0001
 1485 -5.69597069597070E-0001  3.41575091575092E-0001
 1486  4.38534798534799E-0001  3.73003663003663E-0001
 1487  1.30000000000000E+0000  3.39157509157509E-0001
 1488  4.49010989010989E-0001  3.71391941391941E-0001
 1489  1.30000000000000E+0000  3.85897435897436E-0001
 1490  8.87399267399267E-0001  3.76227106227106E-0001
 1491  1.30000000000000E+0000  3.90732600732601E-0001
 1492  9.25274725274725E-0001  3.81868131868132E-0001
 1493 -1.75531135531136E-0001  3.81868131868132E-0001
 1494 -2.32234432234432E-0002  3.41575091575092E-0001
 1495  5.42490842490842E-0001  3.41575091575092E-0001
 1496  5.82783882783883E-0001  3.75421245421245E-0001
 1497  1.30000000000000E+0000  3.85897435897436E-0001
 1498  6.93992673992674E-0001  3.81062271062271E-0001
 1499  1.30000000000000E+0000  3.85897435897436E-0001
 1500  7.23809523809524E-0001  3.81868131868132E-0001
 1501  7.37509157509158E-0001  3.68168498168498E-0001
 1502  1.50036630036630E-0001  3.81868131868132E-0001
 1503  2.16117216117216E-0001  3.41575091575092E-0001
 1504  7.72967032967033E-0001  3.71391941391941E-0001
 1505  1.30000000000000E+0000  3.74615384615385E-0001
 1506  1.30000000000000E+0000  3.81868131868132E-0001
 1507  5.87619047619048E-0001  3.81868131868132E-0001
 1508  4.60293040293040E-0001  3.78644688644689E-0001
 1509  5.32014652014652E-0001  3.77032967032967E-0001
 1510  5.24761904761905E-0001  3.72197802197802E-0001
 1511  1.30000000000000E+0000  3.53663003663004E-0001
 1512  1.01150183150183E+0000  3.79450549450549E-0001
 1513  4.61904761904762E-0001  3.56080586080586E-0001
 1514  1.06791208791209E+0000  3.89120879120879E-0001
 1515  8.65641025641026E-0001  3.77838827838828E-0001
 1516  1.30000000000000E+0000  3.60915750915751E-0001
 1517  1.13157509157509E+0000  3.77032967032967E-0001
 1518  1.05018315018315E+0000  3.77032967032967E-0001
 1519  5.73626373626374E-0002  3.61721611721612E-0001
 1520  1.22263736263736E+0000  3.77032967032967E-0001
 1521  1.28307692307692E+0000  3.81868131868132E-0001
 1522 -1.19120879120879E-0001  3.83479853479853E-0001
 1523  1.07919413919414E+0000  3.72197802197802E-0001
 1524 -8.84981684981685E-0002  3.81868131868132E-0001
 1525  9.67179487179487E-0001  3.73003663003663E-0001
 1526  1.30000000000000E+0000  3.75421245421245E-0001
 1527  1.30000000000000E+0000  3.67362637362637E-0001
 1528  1.30000000000000E+0000  3.81868131868132E-0001
 1529  6.86739926739927E-0001  3.67362637362637E-0001
 1530  1.30000000000000E+0000  3.90732600732601E-0001
 1531  6.23076923076923E-0001  3.68974358974359E-0001
 1532 -3.69743589743590E-0001  3.73003663003663E-0001
 1533 -3.84249084249084E-0001  3.75421245421245E-0001
 1534  1.30000000000000E+0000  3.78644688644689E-0001
 1535  1.30000000000000E+0000  3.72197802197802E-0001
 1536  1.30000000000000E+0000  3.73003663003663E-0001
 1537  1.30000000000000E+0000  3.68974358974359E-0001
 1538 -5.31721611721612E-0001  3.71391941391941E-0001
 1539 -5.88131868131868E-0001  3.84285714285714E-0001
 1540  2.55604395604396E-0001  3.85897435897436E-0001
 1541  2.03223443223443E-0001  3.84285714285714E-0001
 1542  1.52454212454212E-0001  3.89926739926740E-0001
 1543  1.26666666666667E-0001  3.75421245421245E-0001
 1544  1.06520146520146E-0001  3.84285714285714E-0001
 1545  4.93040293040293E-0002  3.76227106227106E-0001
 1546  1.30000000000000E+0000  3.64139194139194E-0001
 1547 -7.08205128205128E-0001  3.89120879120879E-0001
 1548 -1.25567765567766E-0001  3.74615384615385E-0001
 1549  1.30000000000000E+0000  3.49633699633700E-0001
 1550  1.30000000000000E+0000  3.73003663003663E-0001
 1551  1.30000000000000E+0000  3.57692307692308E-0001
 1552  1.30000000000000E+0000  3.77032967032967E-0001
 1553  1.30000000000000E+0000  3.77032967032967E-0001
 1554  1.30000000000000E+0000  3.90732600732601E-0001
 1555 -2.63369963369963E-0001  3.90732600732601E-0001
 1556 -2.93992673992674E-0001  3.89926739926740E-0001
 1557 -3.30256410256410E-0001  3.56080586080586E-0001
 1558 -8.67765567765568E-0001  3.85897435897436E-0001
 1559 -3.71355311355311E-0001  3.57692307692308E-0001
 1560 -8.54065934065934E-0001  3.78644688644689E-0001
 1561 -3.85860805860806E-0001  3.54468864468864E-0001
 1562 -8.97582417582418E-0001  3.56080586080586E-0001
 1563 -9.44322344322344E-0001  3.55274725274725E-0001
 1564 -9.77362637362637E-0001  3.52051282051282E-0001
 1565 -1.02249084249084E+0000  3.81062271062271E-0001
 1566 -4.27765567765568E-0001  3.74615384615385E-0001
 1567  1.30000000000000E+0000  3.48021978021978E-0001
 1568  1.30000000000000E+0000  3.52857142857143E-0001
 1569 -1.09098901098901E+0000  3.81868131868132E-0001
 1570 -4.27765567765568E-0001  3.43186813186813E-0001
 1571  1.30000000000000E+0000  3.52051282051282E-0001
 1572 -1.28761904761905E+0000  3.48021978021978E-0001
 1573  1.30000000000000E+0000  3.81868131868132E-0001
 1574  1.30000000000000E+0000  3.43186813186813E-0001
 1575  1.30000000000000E+0000  3.81868131868132E-0001
 1576  1.30000000000000E+0000  3.90732600732601E-0001
 1577 -4.36630036630037E-0001  3.81868131868132E-0001
 1578  1.30000000000000E+0000  3.43186813186813E-0001
 1579  1.30000000000000E+0000  3.48827838827839E-0001
 1580  1.30000000000000E+0000  3.48021978021978E-0001
 1581 -1.36256410256410E+0000  3.53663003663004E-0001
 1582 -1.36336996336996E+0000  3.92344322344322E-0001
 1583 -3.97948717948718E-0001  3.78644688644689E-0001
 1584  1.30000000000000E+0000  3.89120879120879E-0001
 1585  1.30000000000000E+0000  3.48827838827839E-0001
 1586  1.30000000000000E+0000  3.49633699633700E-0001
 1587  1.30000000000000E+0000  3.85091575091575E-0001
 1588  1.30000000000000E+0000  3.90732600732601E-0001
 1589 -3.69743589743590E-0001  3.81868131868132E-0001
 1590  1.30000000000000E+0000  3.89926739926740E-0001
 1591 -3.67326007326007E-0001  3.54468864468864E-0001
 1592 -1.36095238095238E+0000  3.48827838827839E-0001
 1593 -1.36256410256410E+0000  3.55274725274725E-0001
 1594 -1.36175824175824E+0000  3.43186813186813E-0001
 1595  1.30000000000000E+0000  3.81868131868132E-0001
 1596  1.30000000000000E+0000  3.81062271062271E-0001
 1597  1.30000000000000E+0000  3.90732600732601E-0001
 1598 -3.17362637362637E-0001  3.85897435897436E-0001
 1599 -3.07692307692308E-0001  3.81868131868132E-0001
 1600  1.30000000000000E+0000  3.87509157509158E-0001
 1601 -2.85934065934066E-0001  3.81868131868132E-0001
 1602  1.30000000000000E+0000  3.87509157509158E-0001
 1603 -2.87545787545788E-0001  3.82673992673993E-0001
 1604 -2.63369963369963E-0001  3.81868131868132E-0001
 1605  1.30000000000000E+0000  3.48021978021978E-0001
 1606  1.30000000000000E+0000  3.58498168498168E-0001
 1607  1.30000000000000E+0000  3.51245421245421E-0001
 1608  1.08483516483516E+0000  3.68974358974359E-0001
 1609 -1.95677655677656E-0001  3.65750915750916E-0001
 1610 -1.90842490842491E-0001  3.81868131868132E-0001
 1611 -5.89743589743590E-0001  3.84285714285714E-0001
 1612  1.30000000000000E+0000  3.49633699633700E-0001
 1613 -1.56996336996337E-0001  3.81868131868132E-0001
 1614 -1.36820512820513E+0000  3.56080586080586E-0001
 1615  1.30000000000000E+0000  3.49633699633700E-0001
 1616 -9.49450549450549E-0002  3.85091575091575E-0001
 1617 -1.37304029304029E+0000  3.77838827838828E-0001
 1618 -1.39479853479853E+0000  3.79450549450549E-0001
 1619 -1.37465201465201E+0000  3.81868131868132E-0001
 1620 -1.37062271062271E+0000  3.40769230769231E-0001
 1621 -1.75824175824176E-0002  3.43186813186813E-0001
 1622 -2.80586080586081E-0002  3.64945054945055E-0001
 1623  1.30000000000000E+0000  3.66556776556777E-0001
 1624  1.30000000000000E+0000  3.92344322344322E-0001
 1625  1.30000000000000E+0000  3.81868131868132E-0001
 1626 -1.36739926739927E+0000  3.81868131868132E-0001
 1627 -1.36659340659341E+0000  3.43186813186813E-0001
 1628  4.93040293040293E-0002  3.71391941391941E-0001
 1629  1.30000000000000E+0000  3.68974358974359E-0001
 1630  1.30000000000000E+0000  3.89120879120879E-0001
 1631  1.30000000000000E+0000  3.85091575091575E-0001
 1632 -1.36417582417582E+0000  3.93150183150183E-0001
 1633  1.30000000000000E+0000  3.81868131868132E-0001
 1634 -1.36336996336996E+0000  3.81062271062271E-0001
 1635 -1.36336996336996E+0000  3.81868131868132E-0001
 1636 -1.36256410256410E+0000  3.94761904761905E-0001
 1637  1.20893772893773E+0000  3.94761904761905E-0001
 1638  1.22021978021978E+0000  3.94761904761905E-0001
 1639  1.25487179487179E+0000  4.00402930402930E-0001
