 0  3.58754578754579E-0001  2.90805860805861E-0001
 1  3.57142857142857E-0001  2.90000000000000E-0001
 2  3.55531135531136E-0001  2.88388278388278E-0001
 3  3.55531135531136E-0001  2.90000000000000E-0001
 4  3.54725274725275E-0001  2.86776556776557E-0001
 5  3.55531135531136E-0001  2.89194139194139E-0001
 6  3.53113553113553E-0001  2.85970695970696E-0001
 7  3.53113553113553E-0001  2.87582417582418E-0001
 8  3.49890109890110E-0001  2.85164835164835E-0001
 9  3.54725274725275E-0001  2.87582417582418E-0001
 10  3.52307692307692E-0001  2.90000000000000E-0001
 11  3.51501831501832E-0001  2.83553113553114E-0001
 12  3.49890109890110E-0001  2.85164835164835E-0001
 13  3.52307692307692E-0001  2.81135531135531E-0001
 14  3.50695970695971E-0001  2.87582417582418E-0001
 15  3.51501831501832E-0001  2.85970695970696E-0001
 16  3.51501831501832E-0001  2.84358974358974E-0001
 17  3.50695970695971E-0001  2.85164835164835E-0001
 18  3.49890109890110E-0001  2.85970695970696E-0001
 19  3.48278388278388E-0001  2.83553113553114E-0001
 20  3.45860805860806E-0001  2.84358974358974E-0001
 21  3.52307692307692E-0001  2.88388278388278E-0001
 22  3.51501831501832E-0001  2.86776556776557E-0001
 23  3.47472527472527E-0001  2.86776556776557E-0001
 24  3.52307692307692E-0001  2.91611721611722E-0001
 25  3.53113553113553E-0001  2.90805860805861E-0001
 26  3.53113553113553E-0001  2.90000000000000E-0001
 27  3.47472527472527E-0001  2.85164835164835E-0001
 28  3.45860805860806E-0001  2.85164835164835E-0001
 29  3.45860805860806E-0001  2.85164835164835E-0001
 30  3.45860805860806E-0001  2.81941391941392E-0001
 31  3.46666666666667E-0001  2.85164835164835E-0001
 32  3.45860805860806E-0001  2.83553113553114E-0001
 33  3.47472527472527E-0001  2.86776556776557E-0001
 34  3.45860805860806E-0001  2.86776556776557E-0001
 35  3.47472527472527E-0001  2.86776556776557E-0001
 36  3.45860805860806E-0001  2.85164835164835E-0001
 37  3.45860805860806E-0001  2.86776556776557E-0001
 38  3.45860805860806E-0001  2.85970695970696E-0001
 39  3.49890109890110E-0001  2.90805860805861E-0001
 40  3.44249084249084E-0001  2.83553113553114E-0001
 41  3.47472527472527E-0001  2.86776556776557E-0001
 42  3.45860805860806E-0001  2.85970695970696E-0001
 43  3.43443223443223E-0001  2.82747252747253E-0001
 44  3.42637362637363E-0001  2.81941391941392E-0001
 45  3.43443223443223E-0001  2.78717948717949E-0001
 46  3.41831501831502E-0001  2.83553113553114E-0001
 47  3.32967032967033E-0001  2.75494505494505E-0001
 48  3.39413919413919E-0001  2.81941391941392E-0001
 49  3.38608058608059E-0001  2.80329670329670E-0001
 50  3.42637362637363E-0001  2.84358974358974E-0001
 51  3.37802197802198E-0001  2.78717948717949E-0001
 52  3.35384615384615E-0001  2.78717948717949E-0001
 53  3.36190476190476E-0001  2.78717948717949E-0001
 54  3.36996336996337E-0001  2.78717948717949E-0001
 55  3.40219780219780E-0001  2.85164835164835E-0001
 56  3.32967032967033E-0001  2.74688644688645E-0001
 57  3.32967032967033E-0001  2.78717948717949E-0001
 58  3.35384615384615E-0001  2.78717948717949E-0001
 59  3.32161172161172E-0001  2.76300366300366E-0001
 60  3.32161172161172E-0001  2.75494505494505E-0001
 61  3.32967032967033E-0001  2.77912087912088E-0001
 62  3.37802197802198E-0001  2.82747252747253E-0001
 63  3.32967032967033E-0001  2.78717948717949E-0001
 64  3.35384615384615E-0001  2.78717948717949E-0001
 65  3.28131868131868E-0001  2.69853479853480E-0001
 66  3.34578754578755E-0001  2.80329670329670E-0001
 67  3.32967032967033E-0001  2.77106227106227E-0001
 68  3.35384615384615E-0001  2.78717948717949E-0001
 69  3.31355311355311E-0001  2.76300366300366E-0001
 70  3.32161172161172E-0001  2.74688644688645E-0001
 71  3.41025641025641E-0001  2.81941391941392E-0001
 72  3.38608058608059E-0001  2.85164835164835E-0001
 73  3.28131868131868E-0001  2.73882783882784E-0001
 74  3.28937728937729E-0001  2.75494505494505E-0001
 75  3.27326007326007E-0001  2.73882783882784E-0001
 76  3.26520146520147E-0001  2.75494505494505E-0001
 77  3.27326007326007E-0001  2.72271062271062E-0001
 78  3.28131868131868E-0001  2.73882783882784E-0001
 79  3.25714285714286E-0001  2.73882783882784E-0001
 80  3.24102564102564E-0001  2.71465201465201E-0001
 81  3.24908424908425E-0001  2.71465201465201E-0001
 82  3.22490842490842E-0001  2.69047619047619E-0001
 83  3.20073260073260E-0001  2.69047619047619E-0001
 84  3.24102564102564E-0001  2.72271062271062E-0001
 85  3.23296703296703E-0001  2.74688644688645E-0001
 86  3.23296703296703E-0001  2.72271062271062E-0001
 87  3.22490842490842E-0001  2.69853479853480E-0001
 88  3.22490842490842E-0001  2.73076923076923E-0001
 89  3.23296703296703E-0001  2.74688644688645E-0001
 90  3.22490842490842E-0001  2.73076923076923E-0001
 91  3.24102564102564E-0001  2.73882783882784E-0001
 92  3.23296703296703E-0001  2.73882783882784E-0001
 93  3.20073260073260E-0001  2.68241758241758E-0001
 94  3.20073260073260E-0001  2.71465201465201E-0001
 95  3.23296703296703E-0001  2.74688644688645E-0001
 96  3.28937728937729E-0001  2.76300366300366E-0001
 97  3.25714285714286E-0001  2.65018315018315E-0001
 98  3.23296703296703E-0001  2.77106227106227E-0001
 99  3.24908424908425E-0001  2.72271062271062E-0001
 100  3.21684981684982E-0001  2.75494505494505E-0001
 101  3.24102564102564E-0001  2.70659340659341E-0001
 102  3.22490842490842E-0001  2.73882783882784E-0001
 103  3.24908424908425E-0001  2.74688644688645E-0001
 104  3.20073260073260E-0001  2.71465201465201E-0001
 105  3.20879120879121E-0001  2.74688644688645E-0001
 106  3.16849816849817E-0001  2.68241758241758E-0001
 107  3.15238095238095E-0001  2.65824175824176E-0001
 108  3.14432234432234E-0001  2.65824175824176E-0001
 109  3.16043956043956E-0001  2.68241758241758E-0001
 110  3.22490842490842E-0001  2.70659340659341E-0001
 111  3.16849816849817E-0001  2.69047619047619E-0001
 112  3.12820512820513E-0001  2.68241758241758E-0001
 113  3.12820512820513E-0001  2.65018315018315E-0001
 114  3.12820512820513E-0001  2.69853479853480E-0001
 115  3.10402930402930E-0001  2.68241758241758E-0001
 116  3.12820512820513E-0001  2.68241758241758E-0001
 117  3.10402930402930E-0001  2.65824175824176E-0001
 118  3.12014652014652E-0001  2.69047619047619E-0001
 119  3.12014652014652E-0001  2.67435897435897E-0001
 120  3.12820512820513E-0001  2.69047619047619E-0001
 121  3.13626373626374E-0001  2.71465201465201E-0001
 122  3.14432234432234E-0001  2.69047619047619E-0001
 123  3.14432234432234E-0001  2.70659340659341E-0001
 124  3.13626373626374E-0001  2.69853479853480E-0001
 125  3.10402930402930E-0001  2.65824175824176E-0001
 126  3.12820512820513E-0001  2.69047619047619E-0001
 127  3.14432234432234E-0001  2.65824175824176E-0001
 128  3.09597069597070E-0001  2.69047619047619E-0001
 129  3.11208791208791E-0001  2.66630036630037E-0001
 130  3.07179487179487E-0001  2.65824175824176E-0001
 131  3.10402930402930E-0001  2.69853479853480E-0001
 132  3.08791208791209E-0001  2.66630036630037E-0001
 133  3.08791208791209E-0001  2.69853479853480E-0001
 134  3.06373626373626E-0001  2.67435897435897E-0001
 135  3.00732600732601E-0001  2.59377289377289E-0001
 136  3.06373626373626E-0001  2.68241758241758E-0001
 137  3.00732600732601E-0001  2.59377289377289E-0001
 138  3.03150183150183E-0001  2.65824175824176E-0001
 139  3.05567765567766E-0001  2.67435897435897E-0001
 140  3.04761904761905E-0001  2.63406593406593E-0001
 141  3.05567765567766E-0001  2.65824175824176E-0001
 142  3.03150183150183E-0001  2.63406593406593E-0001
 143  3.07179487179487E-0001  2.68241758241758E-0001
 144  3.13626373626374E-0001  2.75494505494505E-0001
 145  3.03956043956044E-0001  2.65824175824176E-0001
 146  3.03150183150183E-0001  2.65824175824176E-0001
 147  3.02344322344322E-0001  2.64212454212454E-0001
 148  3.01538461538462E-0001  2.64212454212454E-0001
 149  3.01538461538462E-0001  2.63406593406593E-0001
 150  3.03150183150183E-0001  2.72271062271062E-0001
 151  3.01538461538462E-0001  2.67435897435897E-0001
 152  3.02344322344322E-0001  2.65018315018315E-0001
 153  2.98315018315018E-0001  2.65018315018315E-0001
 154  2.96703296703297E-0001  2.62600732600733E-0001
 155  2.99926739926740E-0001  2.61794871794872E-0001
 156  2.99120879120879E-0001  2.65018315018315E-0001
 157  2.96703296703297E-0001  2.65824175824176E-0001
 158  2.94285714285714E-0001  2.59377289377289E-0001
 159  2.99120879120879E-0001  2.63406593406593E-0001
 160  3.02344322344322E-0001  2.64212454212454E-0001
 161  2.99120879120879E-0001  2.64212454212454E-0001
 162  2.99120879120879E-0001  2.64212454212454E-0001
 163  2.96703296703297E-0001  2.62600732600733E-0001
 164  3.06373626373626E-0001  2.69853479853480E-0001
 165  2.99926739926740E-0001  2.63406593406593E-0001
 166  2.96703296703297E-0001  2.62600732600733E-0001
 167  2.94285714285714E-0001  2.60989010989011E-0001
 168  2.93479853479853E-0001  2.63406593406593E-0001
 169  2.95091575091575E-0001  2.60183150183150E-0001
 170  2.95091575091575E-0001  2.61794871794872E-0001
 171  2.94285714285714E-0001  2.65018315018315E-0001
 172  2.94285714285714E-0001  2.64212454212454E-0001
 173  2.98315018315018E-0001  2.59377289377289E-0001
 174  2.94285714285714E-0001  2.64212454212454E-0001
 175  2.94285714285714E-0001  2.61794871794872E-0001
 176  2.95091575091575E-0001  2.59377289377289E-0001
 177  2.96703296703297E-0001  2.63406593406593E-0001
 178  2.94285714285714E-0001  2.65018315018315E-0001
 179  2.92673992673993E-0001  2.63406593406593E-0001
 180  2.94285714285714E-0001  2.62600732600733E-0001
 181  2.92673992673993E-0001  2.62600732600733E-0001
 182  2.94285714285714E-0001  2.62600732600733E-0001
 183  2.93479853479853E-0001  2.64212454212454E-0001
 184  2.91868131868132E-0001  2.61794871794872E-0001
 185  2.92673992673993E-0001  2.65824175824176E-0001
 186  2.94285714285714E-0001  2.61794871794872E-0001
 187  2.89450549450549E-0001  2.62600732600733E-0001
 188  2.90256410256410E-0001  2.60989010989011E-0001
 189  2.85421245421245E-0001  2.61794871794872E-0001
 190  2.88644688644689E-0001  2.65824175824176E-0001
 191  2.84615384615385E-0001  2.60183150183150E-0001
 192  2.87838827838828E-0001  2.64212454212454E-0001
 193  2.87838827838828E-0001  2.60989010989011E-0001
 194  2.87032967032967E-0001  2.58571428571429E-0001
 195  2.86227106227106E-0001  2.60183150183150E-0001
 196  2.90256410256410E-0001  2.61794871794872E-0001
 197  2.87032967032967E-0001  2.61794871794872E-0001
 198  2.86227106227106E-0001  2.60183150183150E-0001
 199  2.81391941391941E-0001  2.56959706959707E-0001
 200  2.85421245421245E-0001  2.59377289377289E-0001
 201  2.87032967032967E-0001  2.64212454212454E-0001
 202  2.86227106227106E-0001  2.59377289377289E-0001
 203  2.79780219780220E-0001  2.58571428571429E-0001
 204  2.83809523809524E-0001  2.60183150183150E-0001
 205  2.86227106227106E-0001  2.59377289377289E-0001
 206  2.85421245421245E-0001  2.60989010989011E-0001
 207  2.81391941391941E-0001  2.60183150183150E-0001
 208  2.81391941391941E-0001  2.60183150183150E-0001
 209  2.85421245421245E-0001  2.65018315018315E-0001
 210  2.88644688644689E-0001  2.62600732600733E-0001
 211  2.87032967032967E-0001  2.63406593406593E-0001
 212  2.87838827838828E-0001  2.60183150183150E-0001
 213  2.85421245421245E-0001  2.60183150183150E-0001
 214  2.81391941391941E-0001  2.56153846153846E-0001
 215  2.85421245421245E-0001  2.60989010989011E-0001
 216  2.83809523809524E-0001  2.63406593406593E-0001
 217  2.83809523809524E-0001  2.67435897435897E-0001
 218  2.83003663003663E-0001  2.59377289377289E-0001
 219  2.79780219780220E-0001  2.59377289377289E-0001
 220  2.90256410256410E-0001  2.67435897435897E-0001
 221  2.80586080586081E-0001  2.59377289377289E-0001
 222  2.79780219780220E-0001  2.58571428571429E-0001
 223  2.81391941391941E-0001  2.61794871794872E-0001
 224  2.81391941391941E-0001  2.60989010989011E-0001
 225  2.78974358974359E-0001  2.61794871794872E-0001
 226  2.80586080586081E-0001  2.52930402930403E-0001
 227  2.79780219780220E-0001  2.52930402930403E-0001
 228  2.79780219780220E-0001  2.58571428571429E-0001
 229  2.79780219780220E-0001  2.60989010989011E-0001
 230  2.75750915750916E-0001  2.52930402930403E-0001
 231  2.79780219780220E-0001  2.52930402930403E-0001
 232  2.81391941391941E-0001  2.62600732600733E-0001
 233  2.81391941391941E-0001  2.62600732600733E-0001
 234  2.81391941391941E-0001  2.62600732600733E-0001
 235  2.79780219780220E-0001  2.52930402930403E-0001
 236  2.82197802197802E-0001  2.59377289377289E-0001
 237  2.79780219780220E-0001  2.60989010989011E-0001
 238  2.81391941391941E-0001  2.60989010989011E-0001
 239  2.80586080586081E-0001  2.61794871794872E-0001
 240  2.80586080586081E-0001  2.60183150183150E-0001
 241  2.78168498168498E-0001  2.61794871794872E-0001
 242  2.78974358974359E-0001  2.65018315018315E-0001
 243  2.83003663003663E-0001  2.62600732600733E-0001
 244  2.76556776556777E-0001  2.59377289377289E-0001
 245  2.78974358974359E-0001  2.60183150183150E-0001
 246  2.78168498168498E-0001  2.61794871794872E-0001
 247  2.74945054945055E-0001  2.52930402930403E-0001
 248  2.78974358974359E-0001  2.59377289377289E-0001
 249  2.75750915750916E-0001  2.59377289377289E-0001
 250  2.80586080586081E-0001  2.65018315018315E-0001
 251  2.72527472527473E-0001  2.57765567765568E-0001
 252  2.75750915750916E-0001  2.58571428571429E-0001
 253  2.73333333333333E-0001  2.52930402930403E-0001
 254  2.74945054945055E-0001  2.56153846153846E-0001
 255  2.74139194139194E-0001  2.59377289377289E-0001
 256  2.74945054945055E-0001  2.56959706959707E-0001
 257  2.81391941391941E-0001  2.58571428571429E-0001
 258  2.74139194139194E-0001  2.57765567765568E-0001
 259  2.76556776556777E-0001  2.60183150183150E-0001
 260  2.72527472527473E-0001  2.63406593406593E-0001
 261  2.74139194139194E-0001  2.63406593406593E-0001
 262  2.78168498168498E-0001  2.65824175824176E-0001
 263  2.71721611721612E-0001  2.56959706959707E-0001
 264  2.68498168498168E-0001  2.52930402930403E-0001
 265  2.72527472527473E-0001  2.60183150183150E-0001
 266  2.70109890109890E-0001  2.53736263736264E-0001
 267  2.68498168498168E-0001  2.56959706959707E-0001
 268  2.68498168498168E-0001  2.56959706959707E-0001
 269  2.67692307692308E-0001  2.52930402930403E-0001
 270  2.68498168498168E-0001  2.56959706959707E-0001
 271  2.66080586080586E-0001  2.52930402930403E-0001
 272  2.63663003663004E-0001  2.56153846153846E-0001
 273  2.69304029304029E-0001  2.52124542124542E-0001
 274  2.67692307692308E-0001  2.56153846153846E-0001
 275  2.66080586080586E-0001  2.56959706959707E-0001
 276  2.68498168498168E-0001  2.56153846153846E-0001
 277  2.66886446886447E-0001  2.52930402930403E-0001
 278  2.67692307692308E-0001  2.57765567765568E-0001
 279  2.66080586080586E-0001  2.52930402930403E-0001
 280  2.68498168498168E-0001  2.55347985347985E-0001
 281  2.66886446886447E-0001  2.52930402930403E-0001
 282  2.64468864468864E-0001  2.52930402930403E-0001
 283  2.64468864468864E-0001  2.52930402930403E-0001
 284  2.62051282051282E-0001  2.56153846153846E-0001
 285  2.62857142857143E-0001  2.56959706959707E-0001
 286  2.68498168498168E-0001  2.52930402930403E-0001
 287  2.66080586080586E-0001  2.51318681318681E-0001
 288  2.66886446886447E-0001  2.58571428571429E-0001
 289  2.68498168498168E-0001  2.52930402930403E-0001
 290  2.65274725274725E-0001  2.55347985347985E-0001
 291  2.66080586080586E-0001  2.52930402930403E-0001
 292  2.64468864468864E-0001  2.56959706959707E-0001
 293  2.63663003663004E-0001  2.55347985347985E-0001
 294  2.62857142857143E-0001  2.56153846153846E-0001
 295  2.65274725274725E-0001  2.57765567765568E-0001
 296  2.63663003663004E-0001  2.52930402930403E-0001
 297  2.66080586080586E-0001  2.59377289377289E-0001
 298  2.66080586080586E-0001  2.55347985347985E-0001
 299  2.67692307692308E-0001  2.58571428571429E-0001
 300  2.68498168498168E-0001  2.59377289377289E-0001
 301  2.66080586080586E-0001  2.52930402930403E-0001
 302  2.62051282051282E-0001  2.52930402930403E-0001
 303  2.64468864468864E-0001  2.55347985347985E-0001
 304  2.62857142857143E-0001  2.58571428571429E-0001
 305  2.62051282051282E-0001  2.52930402930403E-0001
 306  2.62857142857143E-0001  2.52930402930403E-0001
 307  2.62857142857143E-0001  2.54542124542125E-0001
 308  2.62857142857143E-0001  2.52930402930403E-0001
 309  2.64468864468864E-0001  2.57765567765568E-0001
 310  2.66080586080586E-0001  2.55347985347985E-0001
 311  2.62857142857143E-0001  2.52930402930403E-0001
 312  2.58827838827839E-0001  2.56959706959707E-0001
 313  2.66080586080586E-0001  2.58571428571429E-0001
 314  2.63663003663004E-0001  2.56959706959707E-0001
 315  2.61245421245421E-0001  2.52930402930403E-0001
 316  2.55604395604396E-0001  2.52930402930403E-0001
 317  2.60439560439560E-0001  2.52930402930403E-0001
 318  2.58021978021978E-0001  2.49706959706960E-0001
 319  2.60439560439560E-0001  2.52930402930403E-0001
 320  2.59633699633700E-0001  2.52930402930403E-0001
 321  2.58827838827839E-0001  2.48901098901099E-0001
 322  2.55604395604396E-0001  2.52124542124542E-0001
 323  2.51575091575092E-0001  2.52930402930403E-0001
 324  2.57216117216117E-0001  2.51318681318681E-0001
 325  2.61245421245421E-0001  2.52930402930403E-0001
 326  2.57216117216117E-0001  2.52124542124542E-0001
 327  2.54798534798535E-0001  2.48095238095238E-0001
 328  2.49963369963370E-0001  2.48901098901099E-0001
 329  2.55604395604396E-0001  2.45677655677656E-0001
 330  2.58021978021978E-0001  2.52124542124542E-0001
 331  2.55604395604396E-0001  2.54542124542125E-0001
 332  2.59633699633700E-0001  2.52124542124542E-0001
 333  2.55604395604396E-0001  2.52930402930403E-0001
 334  2.55604395604396E-0001  2.48095238095238E-0001
 335  2.55604395604396E-0001  2.64212454212454E-0001
 336  2.58827838827839E-0001  2.56153846153846E-0001
 337  2.55604395604396E-0001  2.52124542124542E-0001
 338  2.57216117216117E-0001  2.52124542124542E-0001
 339  2.54798534798535E-0001  2.52930402930403E-0001
 340  2.58827838827839E-0001  2.56153846153846E-0001
 341  2.62857142857143E-0001  2.52930402930403E-0001
 342  2.57216117216117E-0001  2.55347985347985E-0001
 343  2.55604395604396E-0001  2.59377289377289E-0001
 344  2.57216117216117E-0001  2.51318681318681E-0001
 345  2.54798534798535E-0001  2.52930402930403E-0001
 346  2.56410256410256E-0001  2.51318681318681E-0001
 347  2.55604395604396E-0001  2.45677655677656E-0001
 348  2.53992673992674E-0001  2.52124542124542E-0001
 349  2.55604395604396E-0001  2.50512820512821E-0001
 350  2.51575091575092E-0001  2.49706959706960E-0001
 351  2.52380952380952E-0001  2.52124542124542E-0001
 352  2.51575091575092E-0001  2.50512820512821E-0001
 353  2.54798534798535E-0001  2.50512820512821E-0001
 354  2.52380952380952E-0001  2.49706959706960E-0001
 355  2.55604395604396E-0001  2.51318681318681E-0001
 356  2.53186813186813E-0001  2.51318681318681E-0001
 357  2.53186813186813E-0001  2.52124542124542E-0001
 358  2.53186813186813E-0001  2.51318681318681E-0001
 359  2.55604395604396E-0001  2.52124542124542E-0001
 360  2.58021978021978E-0001  2.55347985347985E-0001
 361  2.55604395604396E-0001  2.52930402930403E-0001
 362  2.60439560439560E-0001  2.57765567765568E-0001
 363  2.54798534798535E-0001  2.52930402930403E-0001
 364  2.57216117216117E-0001  2.56959706959707E-0001
 365  2.54798534798535E-0001  2.48901098901099E-0001
 366  2.53992673992674E-0001  2.52124542124542E-0001
 367  2.54798534798535E-0001  2.44871794871795E-0001
 368  2.50769230769231E-0001  2.49706959706960E-0001
 369  2.49157509157509E-0001  2.48901098901099E-0001
 370  2.45128205128205E-0001  2.47289377289377E-0001
 371  2.46739926739927E-0001  2.48095238095238E-0001
 372  2.51575091575092E-0001  2.50512820512821E-0001
 373  2.49157509157509E-0001  2.48901098901099E-0001
 374  2.48351648351648E-0001  2.49706959706960E-0001
 375  2.42710622710623E-0001  2.40036630036630E-0001
 376  2.48351648351648E-0001  2.47289377289377E-0001
 377  2.51575091575092E-0001  2.52930402930403E-0001
 378  2.48351648351648E-0001  2.47289377289377E-0001
 379  2.51575091575092E-0001  2.52930402930403E-0001
 380  2.51575091575092E-0001  2.52124542124542E-0001
 381  2.49963369963370E-0001  2.49706959706960E-0001
 382  2.46739926739927E-0001  2.48901098901099E-0001
 383  2.47545787545788E-0001  2.47289377289377E-0001
 384  2.46739926739927E-0001  2.45677655677656E-0001
 385  2.42710622710623E-0001  2.46483516483516E-0001
 386  2.46739926739927E-0001  2.44065934065934E-0001
 387  2.42710622710623E-0001  2.47289377289377E-0001
 388  2.44322344322344E-0001  2.45677655677656E-0001
 389  2.42710622710623E-0001  2.47289377289377E-0001
 390  2.44322344322344E-0001  2.52930402930403E-0001
 391  2.46739926739927E-0001  2.46483516483516E-0001
 392  2.49157509157509E-0001  2.50512820512821E-0001
 393  2.42710622710623E-0001  2.47289377289377E-0001
 394  2.48351648351648E-0001  2.47289377289377E-0001
 395  2.48351648351648E-0001  2.49706959706960E-0001
 396  2.45934065934066E-0001  2.45677655677656E-0001
 397  2.47545787545788E-0001  2.46483516483516E-0001
 398  2.46739926739927E-0001  2.51318681318681E-0001
 399  2.42710622710623E-0001  2.51318681318681E-0001
 400  2.47545787545788E-0001  2.49706959706960E-0001
 401  2.47545787545788E-0001  2.52124542124542E-0001
 402  2.49963369963370E-0001  2.52930402930403E-0001
 403  2.53992673992674E-0001  2.56153846153846E-0001
 404  2.52380952380952E-0001  2.53736263736264E-0001
 405  2.54798534798535E-0001  2.58571428571429E-0001
 406  2.50769230769231E-0001  2.54542124542125E-0001
 407  2.53992673992674E-0001  2.52930402930403E-0001
 408  2.57216117216117E-0001  2.56153846153846E-0001
 409  2.54798534798535E-0001  2.52930402930403E-0001
 410  2.50769230769231E-0001  2.50512820512821E-0001
 411  2.55604395604396E-0001  2.48901098901099E-0001
 412  2.53992673992674E-0001  2.52930402930403E-0001
 413  2.51575091575092E-0001  2.50512820512821E-0001
 414  2.53992673992674E-0001  2.56959706959707E-0001
 415  2.55604395604396E-0001  2.48901098901099E-0001
 416  2.56410256410256E-0001  2.56153846153846E-0001
 417  2.62051282051282E-0001  2.52930402930403E-0001
 418  2.54798534798535E-0001  2.55347985347985E-0001
 419  2.53186813186813E-0001  2.52930402930403E-0001
 420  2.54798534798535E-0001  2.52124542124542E-0001
 421  2.46739926739927E-0001  2.48095238095238E-0001
 422  2.49963369963370E-0001  2.52124542124542E-0001
 423  2.51575091575092E-0001  2.50512820512821E-0001
 424  2.52380952380952E-0001  2.47289377289377E-0001
 425  2.49157509157509E-0001  2.50512820512821E-0001
 426  2.49963369963370E-0001  2.51318681318681E-0001
 427  2.53186813186813E-0001  2.52124542124542E-0001
 428  2.49157509157509E-0001  2.52930402930403E-0001
 429  2.52380952380952E-0001  2.52930402930403E-0001
 430  2.55604395604396E-0001  2.52930402930403E-0001
 431  2.51575091575092E-0001  2.52930402930403E-0001
 432  2.52380952380952E-0001  2.55347985347985E-0001
 433  2.51575091575092E-0001  2.54542124542125E-0001
 434  2.49963369963370E-0001  2.52124542124542E-0001
 435  2.51575091575092E-0001  2.52930402930403E-0001
 436  2.53186813186813E-0001  2.48095238095238E-0001
 437  2.49157509157509E-0001  2.52124542124542E-0001
 438  2.46739926739927E-0001  2.50512820512821E-0001
 439  2.42710622710623E-0001  2.52124542124542E-0001
 440  2.42710622710623E-0001  2.48901098901099E-0001
 441  2.42710622710623E-0001  2.45677655677656E-0001
 442  2.44322344322344E-0001  2.52124542124542E-0001
 443  2.48351648351648E-0001  2.51318681318681E-0001
 444  2.46739926739927E-0001  2.51318681318681E-0001
 445  2.45934065934066E-0001  2.46483516483516E-0001
 446  2.48351648351648E-0001  2.49706959706960E-0001
 447  2.49157509157509E-0001  2.49706959706960E-0001
 448  2.49963369963370E-0001  2.52930402930403E-0001
 449  2.49963369963370E-0001  2.51318681318681E-0001
 450  2.49157509157509E-0001  2.52124542124542E-0001
 451  2.48351648351648E-0001  2.50512820512821E-0001
 452  2.48351648351648E-0001  2.52930402930403E-0001
 453  2.49963369963370E-0001  2.51318681318681E-0001
 454  2.51575091575092E-0001  2.53736263736264E-0001
 455  2.49157509157509E-0001  2.51318681318681E-0001
 456  2.42710622710623E-0001  2.43260073260073E-0001
 457  2.41904761904762E-0001  2.47289377289377E-0001
 458  2.41904761904762E-0001  2.47289377289377E-0001
 459  2.41904761904762E-0001  2.48901098901099E-0001
 460  2.46739926739927E-0001  2.49706959706960E-0001
 461  2.42710622710623E-0001  2.47289377289377E-0001
 462  2.41098901098901E-0001  2.46483516483516E-0001
 463  2.44322344322344E-0001  2.48901098901099E-0001
 464  2.42710622710623E-0001  2.48901098901099E-0001
 465  2.42710622710623E-0001  2.48901098901099E-0001
 466  2.41904761904762E-0001  2.46483516483516E-0001
 467  2.42710622710623E-0001  2.40036630036630E-0001
 468  2.36263736263736E-0001  2.44871794871795E-0001
 469  2.40293040293040E-0001  2.46483516483516E-0001
 470  2.39487179487179E-0001  2.45677655677656E-0001
 471  2.40293040293040E-0001  2.46483516483516E-0001
 472  2.40293040293040E-0001  2.44065934065934E-0001
 473  2.42710622710623E-0001  2.50512820512821E-0001
 474  2.41098901098901E-0001  2.44871794871795E-0001
 475  2.42710622710623E-0001  2.46483516483516E-0001
 476  2.38681318681319E-0001  2.40036630036630E-0001
 477  2.37875457875458E-0001  2.48901098901099E-0001
 478  2.41904761904762E-0001  2.41648351648352E-0001
 479  2.42710622710623E-0001  2.44871794871795E-0001
 480  2.36263736263736E-0001  2.42454212454212E-0001
 481  2.42710622710623E-0001  2.46483516483516E-0001
 482  2.38681318681319E-0001  2.44871794871795E-0001
 483  2.36263736263736E-0001  2.52124542124542E-0001
 484  2.45934065934066E-0001  2.46483516483516E-0001
 485  2.42710622710623E-0001  2.48901098901099E-0001
 486  2.45934065934066E-0001  2.52930402930403E-0001
 487  2.46739926739927E-0001  2.50512820512821E-0001
 488  2.42710622710623E-0001  2.52930402930403E-0001
 489  2.49157509157509E-0001  2.51318681318681E-0001
 490  2.47545787545788E-0001  2.48095238095238E-0001
 491  2.47545787545788E-0001  2.46483516483516E-0001
 492  2.48351648351648E-0001  2.51318681318681E-0001
 493  2.43516483516484E-0001  2.52930402930403E-0001
 494  2.46739926739927E-0001  2.47289377289377E-0001
 495  2.45934065934066E-0001  2.48095238095238E-0001
 496  2.42710622710623E-0001  2.48901098901099E-0001
 497  2.42710622710623E-0001  2.48901098901099E-0001
 498  2.39487179487179E-0001  2.43260073260073E-0001
 499  2.42710622710623E-0001  2.51318681318681E-0001
 500  2.42710622710623E-0001  2.49706959706960E-0001
 501  2.41904761904762E-0001  2.45677655677656E-0001
 502  2.40293040293040E-0001  2.46483516483516E-0001
 503  2.40293040293040E-0001  2.45677655677656E-0001
 504  2.40293040293040E-0001  2.47289377289377E-0001
 505  2.41904761904762E-0001  2.45677655677656E-0001
 506  2.29816849816850E-0001  2.50512820512821E-0001
 507  2.47545787545788E-0001  2.52930402930403E-0001
 508  2.41098901098901E-0001  2.50512820512821E-0001
 509  2.42710622710623E-0001  2.49706959706960E-0001
 510  2.42710622710623E-0001  2.50512820512821E-0001
 511  2.45128205128205E-0001  2.48901098901099E-0001
 512  2.39487179487179E-0001  2.40036630036630E-0001
 513  2.47545787545788E-0001  2.48901098901099E-0001
 514  2.42710622710623E-0001  2.48095238095238E-0001
 515  2.40293040293040E-0001  2.45677655677656E-0001
 516  2.41098901098901E-0001  2.48901098901099E-0001
 517  2.42710622710623E-0001  2.48901098901099E-0001
 518  2.40293040293040E-0001  2.45677655677656E-0001
 519  2.38681318681319E-0001  2.44871794871795E-0001
 520  2.41098901098901E-0001  2.48095238095238E-0001
 521  2.42710622710623E-0001  2.49706959706960E-0001
 522  2.41904761904762E-0001  2.44871794871795E-0001
 523  2.40293040293040E-0001  2.51318681318681E-0001
 524  2.39487179487179E-0001  2.47289377289377E-0001
 525  2.38681318681319E-0001  2.45677655677656E-0001
 526  2.37875457875458E-0001  2.45677655677656E-0001
 527  2.40293040293040E-0001  2.47289377289377E-0001
 528  2.41098901098901E-0001  2.49706959706960E-0001
 529  2.48351648351648E-0001  2.55347985347985E-0001
 530  2.45934065934066E-0001  2.52930402930403E-0001
 531  2.46739926739927E-0001  2.49706959706960E-0001
 532  2.47545787545788E-0001  2.50512820512821E-0001
 533  2.42710622710623E-0001  2.52930402930403E-0001
 534  2.46739926739927E-0001  2.46483516483516E-0001
 535  2.49963369963370E-0001  2.50512820512821E-0001
 536  2.46739926739927E-0001  2.49706959706960E-0001
 537  2.49963369963370E-0001  2.52930402930403E-0001
 538  2.49157509157509E-0001  2.53736263736264E-0001
 539  2.50769230769231E-0001  2.52930402930403E-0001
 540  2.46739926739927E-0001  2.52930402930403E-0001
 541  2.49963369963370E-0001  2.54542124542125E-0001
 542  2.51575091575092E-0001  2.52124542124542E-0001
 543  2.48351648351648E-0001  2.53736263736264E-0001
 544  2.49157509157509E-0001  2.52930402930403E-0001
 545  2.51575091575092E-0001  2.57765567765568E-0001
 546  2.49963369963370E-0001  2.56959706959707E-0001
 547  2.49963369963370E-0001  2.56153846153846E-0001
 548  2.51575091575092E-0001  2.54542124542125E-0001
 549  2.48351648351648E-0001  2.52930402930403E-0001
 550  2.49963369963370E-0001  2.52930402930403E-0001
 551  2.49157509157509E-0001  2.52930402930403E-0001
 552  2.42710622710623E-0001  2.48901098901099E-0001
 553  2.46739926739927E-0001  2.52930402930403E-0001
 554  2.49157509157509E-0001  2.52930402930403E-0001
 555  2.46739926739927E-0001  2.52930402930403E-0001
 556  2.47545787545788E-0001  2.52930402930403E-0001
 557  2.49157509157509E-0001  2.50512820512821E-0001
 558  2.50769230769231E-0001  2.52124542124542E-0001
 559  2.47545787545788E-0001  2.52930402930403E-0001
 560  2.46739926739927E-0001  2.52124542124542E-0001
 561  2.46739926739927E-0001  2.47289377289377E-0001
 562  2.42710622710623E-0001  2.49706959706960E-0001
 563  2.42710622710623E-0001  2.52930402930403E-0001
 564  2.42710622710623E-0001  2.52124542124542E-0001
 565  2.47545787545788E-0001  2.52930402930403E-0001
 566  2.50769230769231E-0001  2.56959706959707E-0001
 567  2.49157509157509E-0001  2.48901098901099E-0001
 568  2.45128205128205E-0001  2.48901098901099E-0001
 569  2.46739926739927E-0001  2.52930402930403E-0001
 570  2.46739926739927E-0001  2.49706959706960E-0001
 571  2.46739926739927E-0001  2.48901098901099E-0001
 572  2.42710622710623E-0001  2.52930402930403E-0001
 573  2.42710622710623E-0001  2.52930402930403E-0001
 574  2.48351648351648E-0001  2.51318681318681E-0001
 575  2.47545787545788E-0001  2.48901098901099E-0001
 576  2.48351648351648E-0001  2.52930402930403E-0001
 577  2.42710622710623E-0001  2.47289377289377E-0001
 578  2.44322344322344E-0001  2.47289377289377E-0001
 579  2.42710622710623E-0001  2.52124542124542E-0001
 580  2.46739926739927E-0001  2.52124542124542E-0001
 581  2.45934065934066E-0001  2.60989010989011E-0001
 582  2.48351648351648E-0001  2.51318681318681E-0001
 583  2.45934065934066E-0001  2.49706959706960E-0001
 584  2.49963369963370E-0001  2.52930402930403E-0001
 585  2.49963369963370E-0001  2.49706959706960E-0001
 586  2.48351648351648E-0001  2.52930402930403E-0001
 587  2.46739926739927E-0001  2.52930402930403E-0001
 588  2.46739926739927E-0001  2.48901098901099E-0001
 589  2.45934065934066E-0001  2.49706959706960E-0001
 590  2.44322344322344E-0001  2.52930402930403E-0001
 591  2.45128205128205E-0001  2.48901098901099E-0001
 592  2.42710622710623E-0001  2.48901098901099E-0001
 593  2.48351648351648E-0001  2.50512820512821E-0001
 594  2.49963369963370E-0001  2.51318681318681E-0001
 595  2.42710622710623E-0001  2.48901098901099E-0001
 596  2.42710622710623E-0001  2.49706959706960E-0001
 597  2.42710622710623E-0001  2.46483516483516E-0001
 598  2.49963369963370E-0001  2.55347985347985E-0001
 599  2.39487179487179E-0001  2.48095238095238E-0001
 600  2.42710622710623E-0001  2.45677655677656E-0001
 601  2.41098901098901E-0001  2.45677655677656E-0001
 602  2.38681318681319E-0001  2.43260073260073E-0001
 603  2.40293040293040E-0001  2.40036630036630E-0001
 604  2.40293040293040E-0001  2.42454212454212E-0001
 605  2.40293040293040E-0001  2.47289377289377E-0001
 606  2.41098901098901E-0001  2.46483516483516E-0001
 607  2.42710622710623E-0001  2.49706959706960E-0001
 608  2.42710622710623E-0001  2.45677655677656E-0001
 609  2.42710622710623E-0001  2.44871794871795E-0001
 610  2.40293040293040E-0001  2.44871794871795E-0001
 611  2.42710622710623E-0001  2.46483516483516E-0001
 612  2.42710622710623E-0001  2.49706959706960E-0001
 613  2.51575091575092E-0001  2.43260073260073E-0001
 614  2.42710622710623E-0001  2.49706959706960E-0001
 615  2.40293040293040E-0001  2.50512820512821E-0001
 616  2.41098901098901E-0001  2.47289377289377E-0001
 617  2.42710622710623E-0001  2.40036630036630E-0001
 618  2.39487179487179E-0001  2.45677655677656E-0001
 619  2.42710622710623E-0001  2.50512820512821E-0001
 620  2.46739926739927E-0001  2.45677655677656E-0001
 621  2.38681318681319E-0001  2.45677655677656E-0001
 622  2.42710622710623E-0001  2.47289377289377E-0001
 623  2.36263736263736E-0001  2.48901098901099E-0001
 624  2.42710622710623E-0001  2.49706959706960E-0001
 625  2.42710622710623E-0001  2.48901098901099E-0001
 626  2.45128205128205E-0001  2.50512820512821E-0001
 627  2.42710622710623E-0001  2.52124542124542E-0001
 628  2.45128205128205E-0001  2.48901098901099E-0001
 629  2.41904761904762E-0001  2.45677655677656E-0001
 630  2.36263736263736E-0001  2.45677655677656E-0001
 631  2.41904761904762E-0001  2.46483516483516E-0001
 632  2.41904761904762E-0001  2.47289377289377E-0001
 633  2.42710622710623E-0001  2.52124542124542E-0001
 634  2.45128205128205E-0001  2.50512820512821E-0001
 635  2.45934065934066E-0001  2.49706959706960E-0001
 636  2.40293040293040E-0001  2.52124542124542E-0001
 637  2.48351648351648E-0001  2.48901098901099E-0001
 638  2.55604395604396E-0001  2.61794871794872E-0001
 639  2.45128205128205E-0001  2.52930402930403E-0001
 640  2.48351648351648E-0001  2.52930402930403E-0001
 641  2.52380952380952E-0001  2.52930402930403E-0001
 642  2.49963369963370E-0001  2.54542124542125E-0001
 643  2.45128205128205E-0001  2.61794871794872E-0001
 644  2.55604395604396E-0001  2.52930402930403E-0001
 645  2.46739926739927E-0001  2.48901098901099E-0001
 646  2.46739926739927E-0001  2.60183150183150E-0001
 647  2.47545787545788E-0001  2.56959706959707E-0001
 648  2.42710622710623E-0001  2.52930402930403E-0001
 649  2.52380952380952E-0001  2.56959706959707E-0001
 650  2.49157509157509E-0001  2.52124542124542E-0001
 651  2.49157509157509E-0001  2.52930402930403E-0001
 652  2.45934065934066E-0001  2.47289377289377E-0001
 653  2.45934065934066E-0001  2.52930402930403E-0001
 654  2.49157509157509E-0001  2.52124542124542E-0001
 655  2.50769230769231E-0001  2.52930402930403E-0001
 656  2.49157509157509E-0001  2.52124542124542E-0001
 657  2.49963369963370E-0001  2.52930402930403E-0001
 658  2.54798534798535E-0001  2.49706959706960E-0001
 659  2.51575091575092E-0001  2.52930402930403E-0001
 660  2.51575091575092E-0001  2.52124542124542E-0001
 661  2.47545787545788E-0001  2.51318681318681E-0001
 662  2.50769230769231E-0001  2.52124542124542E-0001
 663  2.52380952380952E-0001  2.49706959706960E-0001
 664  2.51575091575092E-0001  2.52930402930403E-0001
 665  2.47545787545788E-0001  2.52930402930403E-0001
 666  2.48351648351648E-0001  2.44065934065934E-0001
 667  2.46739926739927E-0001  2.49706959706960E-0001
 668  2.48351648351648E-0001  2.52124542124542E-0001
 669  2.48351648351648E-0001  2.52930402930403E-0001
 670  2.46739926739927E-0001  2.55347985347985E-0001
 671  2.47545787545788E-0001  2.50512820512821E-0001
 672  2.47545787545788E-0001  2.52124542124542E-0001
 673  2.53186813186813E-0001  2.52930402930403E-0001
 674  2.51575091575092E-0001  2.56959706959707E-0001
 675  2.51575091575092E-0001  2.59377289377289E-0001
 676  2.52380952380952E-0001  2.49706959706960E-0001
 677  2.48351648351648E-0001  2.49706959706960E-0001
 678  2.45128205128205E-0001  2.52930402930403E-0001
 679  2.47545787545788E-0001  2.48095238095238E-0001
 680  2.47545787545788E-0001  2.52930402930403E-0001
 681  2.46739926739927E-0001  2.48901098901099E-0001
 682  2.53186813186813E-0001  2.50512820512821E-0001
 683  2.46739926739927E-0001  2.52124542124542E-0001
 684  2.48351648351648E-0001  2.47289377289377E-0001
 685  2.49963369963370E-0001  2.46483516483516E-0001
 686  2.48351648351648E-0001  2.49706959706960E-0001
 687  2.49157509157509E-0001  2.52124542124542E-0001
 688  2.51575091575092E-0001  2.57765567765568E-0001
 689  2.49157509157509E-0001  2.49706959706960E-0001
 690  2.42710622710623E-0001  2.48901098901099E-0001
 691  2.42710622710623E-0001  2.55347985347985E-0001
 692  2.46739926739927E-0001  2.52124542124542E-0001
 693  2.42710622710623E-0001  2.48095238095238E-0001
 694  2.45128205128205E-0001  2.48901098901099E-0001
 695  2.42710622710623E-0001  2.50512820512821E-0001
 696  2.44322344322344E-0001  2.46483516483516E-0001
 697  2.49157509157509E-0001  2.46483516483516E-0001
 698  2.47545787545788E-0001  2.51318681318681E-0001
 699  2.49157509157509E-0001  2.49706959706960E-0001
 700  2.42710622710623E-0001  2.48095238095238E-0001
 701  2.47545787545788E-0001  2.48901098901099E-0001
 702  2.44322344322344E-0001  2.46483516483516E-0001
 703  2.42710622710623E-0001  2.46483516483516E-0001
 704  2.41098901098901E-0001  2.50512820512821E-0001
 705  2.40293040293040E-0001  2.47289377289377E-0001
 706  2.39487179487179E-0001  2.44871794871795E-0001
 707  2.49157509157509E-0001  2.52124542124542E-0001
 708  2.42710622710623E-0001  2.52124542124542E-0001
 709  2.41904761904762E-0001  2.45677655677656E-0001
 710  2.42710622710623E-0001  2.48095238095238E-0001
 711  2.41904761904762E-0001  2.45677655677656E-0001
 712  2.37069597069597E-0001  2.40036630036630E-0001
 713  2.44322344322344E-0001  2.40036630036630E-0001
 714  2.40293040293040E-0001  2.40036630036630E-0001
 715  2.41904761904762E-0001  2.45677655677656E-0001
 716  2.40293040293040E-0001  2.44871794871795E-0001
 717  2.37875457875458E-0001  2.48901098901099E-0001
 718  2.43516483516484E-0001  2.48095238095238E-0001
 719  2.39487179487179E-0001  2.44871794871795E-0001
 720  2.37069597069597E-0001  2.46483516483516E-0001
 721  2.35457875457875E-0001  2.41648351648352E-0001
 722  2.37875457875458E-0001  2.43260073260073E-0001
 723  2.41904761904762E-0001  2.40036630036630E-0001
 724  2.41098901098901E-0001  2.45677655677656E-0001
 725  2.45128205128205E-0001  2.50512820512821E-0001
 726  2.41904761904762E-0001  2.44065934065934E-0001
 727  2.41098901098901E-0001  2.43260073260073E-0001
 728  2.39487179487179E-0001  2.44871794871795E-0001
 729  2.41098901098901E-0001  2.48901098901099E-0001
 730  2.39487179487179E-0001  2.45677655677656E-0001
 731  2.42710622710623E-0001  2.44065934065934E-0001
 732  2.39487179487179E-0001  2.46483516483516E-0001
 733  2.37875457875458E-0001  2.42454212454212E-0001
 734  2.38681318681319E-0001  2.45677655677656E-0001
 735  2.35457875457875E-0001  2.40036630036630E-0001
 736  2.29816849816850E-0001  2.48901098901099E-0001
 737  2.37069597069597E-0001  2.46483516483516E-0001
 738  2.43516483516484E-0001  2.48901098901099E-0001
 739  2.33846153846154E-0001  2.39230769230769E-0001
 740  2.36263736263736E-0001  2.44065934065934E-0001
 741  2.36263736263736E-0001  2.40036630036630E-0001
 742  2.37069597069597E-0001  2.44065934065934E-0001
 743  2.40293040293040E-0001  2.40036630036630E-0001
 744  2.33040293040293E-0001  2.41648351648352E-0001
 745  2.40293040293040E-0001  2.52124542124542E-0001
 746  2.42710622710623E-0001  2.46483516483516E-0001
 747  2.46739926739927E-0001  2.52124542124542E-0001
 748  2.45128205128205E-0001  2.52930402930403E-0001
 749  2.42710622710623E-0001  2.51318681318681E-0001
 750  2.41098901098901E-0001  2.46483516483516E-0001
 751  2.46739926739927E-0001  2.49706959706960E-0001
 752  2.49157509157509E-0001  2.45677655677656E-0001
 753  2.47545787545788E-0001  2.49706959706960E-0001
 754  2.48351648351648E-0001  2.48901098901099E-0001
 755  2.46739926739927E-0001  2.48901098901099E-0001
 756  2.37875457875458E-0001  2.51318681318681E-0001
 757  2.45128205128205E-0001  2.50512820512821E-0001
 758  2.46739926739927E-0001  2.50512820512821E-0001
 759  2.42710622710623E-0001  2.49706959706960E-0001
 760  2.49157509157509E-0001  2.52930402930403E-0001
 761  2.53186813186813E-0001  2.51318681318681E-0001
 762  2.54798534798535E-0001  2.50512820512821E-0001
 763  2.49963369963370E-0001  2.50512820512821E-0001
 764  2.48351648351648E-0001  2.52930402930403E-0001
 765  2.53186813186813E-0001  2.52930402930403E-0001
 766  2.49963369963370E-0001  2.50512820512821E-0001
 767  2.49963369963370E-0001  2.57765567765568E-0001
 768  2.46739926739927E-0001  2.59377289377289E-0001
 769  2.47545787545788E-0001  2.50512820512821E-0001
 770  2.49963369963370E-0001  2.46483516483516E-0001
 771  2.48351648351648E-0001  2.49706959706960E-0001
 772  2.42710622710623E-0001  2.50512820512821E-0001
 773  2.42710622710623E-0001  2.52124542124542E-0001
 774  2.41904761904762E-0001  2.48095238095238E-0001
 775  2.42710622710623E-0001  2.40036630036630E-0001
 776  2.42710622710623E-0001  2.51318681318681E-0001
 777  2.46739926739927E-0001  2.50512820512821E-0001
 778  2.45128205128205E-0001  2.52930402930403E-0001
 779  2.45128205128205E-0001  2.52930402930403E-0001
 780  2.45128205128205E-0001  2.50512820512821E-0001
 781  2.49157509157509E-0001  2.50512820512821E-0001
 782  2.55604395604396E-0001  2.50512820512821E-0001
 783  2.45934065934066E-0001  2.48901098901099E-0001
 784  2.49963369963370E-0001  2.52124542124542E-0001
 785  2.50769230769231E-0001  2.51318681318681E-0001
 786  2.53186813186813E-0001  2.50512820512821E-0001
 787  2.50769230769231E-0001  2.52930402930403E-0001
 788  2.53992673992674E-0001  2.49706959706960E-0001
 789  2.49963369963370E-0001  2.51318681318681E-0001
 790  2.48351648351648E-0001  2.52124542124542E-0001
 791  2.46739926739927E-0001  2.52124542124542E-0001
 792  2.42710622710623E-0001  2.43260073260073E-0001
 793  2.46739926739927E-0001  2.50512820512821E-0001
 794  2.48351648351648E-0001  2.52930402930403E-0001
 795  2.49157509157509E-0001  2.52124542124542E-0001
 796  2.44322344322344E-0001  2.52124542124542E-0001
 797  2.45934065934066E-0001  2.52930402930403E-0001
 798  2.44322344322344E-0001  2.50512820512821E-0001
 799  2.46739926739927E-0001  2.48901098901099E-0001
 800  2.42710622710623E-0001  2.44871794871795E-0001
 801  2.42710622710623E-0001  2.52124542124542E-0001
 802  2.42710622710623E-0001  2.46483516483516E-0001
 803  2.42710622710623E-0001  2.47289377289377E-0001
 804  2.45128205128205E-0001  2.48901098901099E-0001
 805  2.42710622710623E-0001  2.48095238095238E-0001
 806  2.42710622710623E-0001  2.48901098901099E-0001
 807  2.45128205128205E-0001  2.51318681318681E-0001
 808  2.45934065934066E-0001  2.50512820512821E-0001
 809  2.46739926739927E-0001  2.48095238095238E-0001
 810  2.42710622710623E-0001  2.52124542124542E-0001
 811  2.47545787545788E-0001  2.52124542124542E-0001
 812  2.45934065934066E-0001  2.54542124542125E-0001
 813  2.47545787545788E-0001  2.52930402930403E-0001
 814  2.47545787545788E-0001  2.47289377289377E-0001
 815  2.46739926739927E-0001  2.53736263736264E-0001
 816  2.46739926739927E-0001  2.48901098901099E-0001
 817  2.40293040293040E-0001  2.53736263736264E-0001
 818  2.44322344322344E-0001  2.48095238095238E-0001
 819  2.46739926739927E-0001  2.50512820512821E-0001
 820  2.53992673992674E-0001  2.48095238095238E-0001
 821  2.40293040293040E-0001  2.40036630036630E-0001
 822  2.41904761904762E-0001  2.48095238095238E-0001
 823  2.42710622710623E-0001  2.49706959706960E-0001
 824  2.40293040293040E-0001  2.44871794871795E-0001
 825  2.47545787545788E-0001  2.47289377289377E-0001
 826  2.43516483516484E-0001  2.46483516483516E-0001
 827  2.46739926739927E-0001  2.48095238095238E-0001
 828  2.42710622710623E-0001  2.44871794871795E-0001
 829  2.42710622710623E-0001  2.47289377289377E-0001
 830  2.42710622710623E-0001  2.50512820512821E-0001
 831  2.48351648351648E-0001  2.52124542124542E-0001
 832  2.41904761904762E-0001  2.46483516483516E-0001
 833  2.43516483516484E-0001  2.50512820512821E-0001
 834  2.42710622710623E-0001  2.49706959706960E-0001
 835  2.48351648351648E-0001  2.52930402930403E-0001
 836  2.47545787545788E-0001  2.52930402930403E-0001
 837  2.49157509157509E-0001  2.52124542124542E-0001
 838  2.45128205128205E-0001  2.50512820512821E-0001
 839  2.45934065934066E-0001  2.52930402930403E-0001
 840  2.41904761904762E-0001  2.46483516483516E-0001
 841  2.49157509157509E-0001  2.50512820512821E-0001
 842  2.42710622710623E-0001  2.47289377289377E-0001
 843  2.42710622710623E-0001  2.48901098901099E-0001
 844  2.41098901098901E-0001  2.46483516483516E-0001
 845  2.45128205128205E-0001  2.51318681318681E-0001
 846  2.40293040293040E-0001  2.44871794871795E-0001
 847  2.40293040293040E-0001  2.46483516483516E-0001
 848  2.42710622710623E-0001  2.52930402930403E-0001
 849  2.40293040293040E-0001  2.52124542124542E-0001
 850  2.42710622710623E-0001  2.52930402930403E-0001
 851  2.42710622710623E-0001  2.47289377289377E-0001
 852  2.42710622710623E-0001  2.44871794871795E-0001
 853  2.42710622710623E-0001  2.50512820512821E-0001
 854  2.42710622710623E-0001  2.52124542124542E-0001
 855  2.46739926739927E-0001  2.47289377289377E-0001
 856  2.42710622710623E-0001  2.45677655677656E-0001
 857  2.42710622710623E-0001  2.46483516483516E-0001
 858  2.42710622710623E-0001  2.43260073260073E-0001
 859  2.42710622710623E-0001  2.46483516483516E-0001
 860  2.42710622710623E-0001  2.55347985347985E-0001
 861  2.50769230769231E-0001  2.56153846153846E-0001
 862  2.53186813186813E-0001  2.49706959706960E-0001
 863  2.42710622710623E-0001  2.47289377289377E-0001
 864  2.44322344322344E-0001  2.48901098901099E-0001
 865  2.48351648351648E-0001  2.52124542124542E-0001
 866  2.44322344322344E-0001  2.50512820512821E-0001
 867  2.42710622710623E-0001  2.48901098901099E-0001
 868  2.45934065934066E-0001  2.50512820512821E-0001
 869  2.49157509157509E-0001  2.50512820512821E-0001
 870  2.42710622710623E-0001  2.48901098901099E-0001
 871  2.39487179487179E-0001  2.46483516483516E-0001
 872  2.42710622710623E-0001  2.48095238095238E-0001
 873  2.42710622710623E-0001  2.48901098901099E-0001
 874  2.42710622710623E-0001  2.48095238095238E-0001
 875  2.44322344322344E-0001  2.48095238095238E-0001
 876  2.42710622710623E-0001  2.44065934065934E-0001
 877  2.41904761904762E-0001  2.46483516483516E-0001
 878  2.41904761904762E-0001  2.46483516483516E-0001
 879  2.34652014652015E-0001  2.49706959706960E-0001
 880  2.44322344322344E-0001  2.48095238095238E-0001
 881  2.42710622710623E-0001  2.48901098901099E-0001
 882  2.42710622710623E-0001  2.50512820512821E-0001
 883  2.43516483516484E-0001  2.46483516483516E-0001
 884  2.41098901098901E-0001  2.40036630036630E-0001
 885  2.39487179487179E-0001  2.44871794871795E-0001
 886  2.37875457875458E-0001  2.48901098901099E-0001
 887  2.42710622710623E-0001  2.50512820512821E-0001
 888  2.42710622710623E-0001  2.48901098901099E-0001
 889  2.46739926739927E-0001  2.51318681318681E-0001
 890  2.37069597069597E-0001  2.40036630036630E-0001
 891  2.42710622710623E-0001  2.50512820512821E-0001
 892  2.40293040293040E-0001  2.46483516483516E-0001
 893  2.42710622710623E-0001  2.48095238095238E-0001
 894  2.41098901098901E-0001  2.49706959706960E-0001
 895  2.45128205128205E-0001  2.50512820512821E-0001
 896  2.45934065934066E-0001  2.52124542124542E-0001
 897  2.46739926739927E-0001  2.48095238095238E-0001
 898  2.42710622710623E-0001  2.48901098901099E-0001
 899  2.44322344322344E-0001  2.49706959706960E-0001
 900  2.49157509157509E-0001  2.51318681318681E-0001
 901  2.47545787545788E-0001  2.51318681318681E-0001
 902  2.46739926739927E-0001  2.48095238095238E-0001
 903  2.47545787545788E-0001  2.48901098901099E-0001
 904  2.45934065934066E-0001  2.49706959706960E-0001
 905  2.42710622710623E-0001  2.49706959706960E-0001
 906  2.42710622710623E-0001  2.46483516483516E-0001
 907  2.42710622710623E-0001  2.46483516483516E-0001
 908  2.41904761904762E-0001  2.48901098901099E-0001
 909  2.41098901098901E-0001  2.46483516483516E-0001
 910  2.39487179487179E-0001  2.49706959706960E-0001
 911  2.36263736263736E-0001  2.40036630036630E-0001
 912  2.29816849816850E-0001  2.49706959706960E-0001
 913  2.34652014652015E-0001  2.40036630036630E-0001
 914  2.27399267399267E-0001  2.38424908424908E-0001
 915  2.29816849816850E-0001  2.40036630036630E-0001
 916  2.29816849816850E-0001  2.43260073260073E-0001
 917  2.25787545787546E-0001  2.44065934065934E-0001
 918  2.24981684981685E-0001  2.38424908424908E-0001
 919  2.22564102564103E-0001  2.40036630036630E-0001
 920  2.24175824175824E-0001  2.37619047619048E-0001
 921  2.25787545787546E-0001  2.40036630036630E-0001
 922  2.23369963369963E-0001  2.37619047619048E-0001
 923  2.24981684981685E-0001  2.38424908424908E-0001
 924  2.19340659340659E-0001  2.36007326007326E-0001
 925  2.20146520146520E-0001  2.39230769230769E-0001
 926  2.20146520146520E-0001  2.37619047619048E-0001
 927  2.27399267399267E-0001  2.46483516483516E-0001
 928  2.29816849816850E-0001  2.45677655677656E-0001
 929  2.39487179487179E-0001  2.41648351648352E-0001
 930  2.36263736263736E-0001  2.44871794871795E-0001
 931  2.34652014652015E-0001  2.51318681318681E-0001
 932  2.37875457875458E-0001  2.44871794871795E-0001
 933  2.40293040293040E-0001  2.46483516483516E-0001
 934  2.42710622710623E-0001  2.47289377289377E-0001
 935  2.48351648351648E-0001  2.51318681318681E-0001
 936  2.45128205128205E-0001  2.52930402930403E-0001
 937  2.61245421245421E-0001  2.53736263736264E-0001
 938  2.54798534798535E-0001  2.52930402930403E-0001
 939  2.53186813186813E-0001  2.52124542124542E-0001
 940  2.55604395604396E-0001  2.52930402930403E-0001
 941  2.60439560439560E-0001  2.58571428571429E-0001
 942  2.61245421245421E-0001  2.64212454212454E-0001
 943  2.61245421245421E-0001  2.52930402930403E-0001
 944  2.63663003663004E-0001  2.54542124542125E-0001
 945  2.62857142857143E-0001  2.56959706959707E-0001
 946  2.62857142857143E-0001  2.52930402930403E-0001
 947  2.70915750915751E-0001  2.61794871794872E-0001
 948  2.62051282051282E-0001  2.57765567765568E-0001
 949  2.66886446886447E-0001  2.65018315018315E-0001
 950  2.66080586080586E-0001  2.59377289377289E-0001
 951  2.68498168498168E-0001  2.52930402930403E-0001
 952  2.66886446886447E-0001  2.52930402930403E-0001
 953  2.64468864468864E-0001  2.59377289377289E-0001
 954  2.63663003663004E-0001  2.52930402930403E-0001
 955  2.63663003663004E-0001  2.60183150183150E-0001
 956  2.65274725274725E-0001  2.60183150183150E-0001
 957  2.62857142857143E-0001  2.60989010989011E-0001
 958  2.66886446886447E-0001  2.59377289377289E-0001
 959  2.62051282051282E-0001  2.59377289377289E-0001
 960  2.66886446886447E-0001  2.59377289377289E-0001
 961  2.67692307692308E-0001  2.57765567765568E-0001
 962  2.63663003663004E-0001  2.58571428571429E-0001
 963  2.58021978021978E-0001  2.52930402930403E-0001
 964  2.58021978021978E-0001  2.52124542124542E-0001
 965  2.55604395604396E-0001  2.57765567765568E-0001
 966  2.53186813186813E-0001  2.52930402930403E-0001
 967  2.53992673992674E-0001  2.52930402930403E-0001
 968  2.55604395604396E-0001  2.55347985347985E-0001
 969  2.55604395604396E-0001  2.52930402930403E-0001
 970  2.54798534798535E-0001  2.52930402930403E-0001
 971  2.54798534798535E-0001  2.52930402930403E-0001
 972  2.55604395604396E-0001  2.49706959706960E-0001
 973  2.55604395604396E-0001  2.52930402930403E-0001
 974  2.59633699633700E-0001  2.58571428571429E-0001
 975  2.55604395604396E-0001  2.52930402930403E-0001
 976  2.62857142857143E-0001  2.56959706959707E-0001
 977  2.55604395604396E-0001  2.56153846153846E-0001
 978  2.55604395604396E-0001  2.52930402930403E-0001
 979  2.55604395604396E-0001  2.52930402930403E-0001
 980  2.54798534798535E-0001  2.56959706959707E-0001
 981  2.54798534798535E-0001  2.52930402930403E-0001
 982  2.53186813186813E-0001  2.52930402930403E-0001
 983  2.58827838827839E-0001  2.50512820512821E-0001
 984  2.55604395604396E-0001  2.52930402930403E-0001
 985  2.58021978021978E-0001  2.51318681318681E-0001
 986  2.55604395604396E-0001  2.57765567765568E-0001
 987  2.49963369963370E-0001  2.50512820512821E-0001
 988  2.49963369963370E-0001  2.49706959706960E-0001
 989  2.49157509157509E-0001  2.48901098901099E-0001
 990  2.45934065934066E-0001  2.51318681318681E-0001
 991  2.47545787545788E-0001  2.55347985347985E-0001
 992  2.49963369963370E-0001  2.48095238095238E-0001
 993  2.49157509157509E-0001  2.52930402930403E-0001
 994  2.46739926739927E-0001  2.48901098901099E-0001
 995  2.48351648351648E-0001  2.52124542124542E-0001
 996  2.42710622710623E-0001  2.46483516483516E-0001
 997  2.45128205128205E-0001  2.46483516483516E-0001
 998  2.48351648351648E-0001  2.48095238095238E-0001
 999  2.41904761904762E-0001  2.50512820512821E-0001
 1000  2.38681318681319E-0001  2.48901098901099E-0001
 1001  2.37069597069597E-0001  2.45677655677656E-0001
 1002  2.41904761904762E-0001  2.49706959706960E-0001
 1003  2.39487179487179E-0001  2.48901098901099E-0001
 1004  2.41098901098901E-0001  2.48901098901099E-0001
 1005  2.39487179487179E-0001  2.47289377289377E-0001
 1006  2.39487179487179E-0001  2.49706959706960E-0001
 1007  2.41904761904762E-0001  2.46483516483516E-0001
 1008  2.36263736263736E-0001  2.40036630036630E-0001
 1009  2.35457875457875E-0001  2.49706959706960E-0001
 1010  2.40293040293040E-0001  2.40036630036630E-0001
 1011  2.33040293040293E-0001  2.40036630036630E-0001
 1012  2.36263736263736E-0001  2.40036630036630E-0001
 1013  2.33040293040293E-0001  2.40036630036630E-0001
 1014  2.32234432234432E-0001  2.39230769230769E-0001
 1015  2.28205128205128E-0001  2.37619047619048E-0001
 1016  2.27399267399267E-0001  2.38424908424908E-0001
 1017  2.28205128205128E-0001  2.39230769230769E-0001
 1018  2.29010989010989E-0001  2.42454212454212E-0001
 1019  2.33846153846154E-0001  2.43260073260073E-0001
 1020  2.35457875457875E-0001  2.45677655677656E-0001
 1021  2.33040293040293E-0001  2.44871794871795E-0001
 1022  2.34652014652015E-0001  2.40036630036630E-0001
 1023  2.29010989010989E-0001  2.40036630036630E-0001
 1024  2.32234432234432E-0001  2.44871794871795E-0001
 1025  2.29816849816850E-0001  2.48095238095238E-0001
 1026  2.29816849816850E-0001  2.40036630036630E-0001
 1027  2.29816849816850E-0001  2.40036630036630E-0001
 1028  2.26593406593407E-0001  2.45677655677656E-0001
 1029  2.33040293040293E-0001  2.46483516483516E-0001
 1030  2.37069597069597E-0001  2.46483516483516E-0001
 1031  2.36263736263736E-0001  2.48901098901099E-0001
 1032  2.36263736263736E-0001  2.44871794871795E-0001
 1033  2.37875457875458E-0001  2.48901098901099E-0001
 1034  2.42710622710623E-0001  2.60183150183150E-0001
 1035  2.48351648351648E-0001  2.56959706959707E-0001
 1036  2.41904761904762E-0001  2.50512820512821E-0001
 1037  2.41904761904762E-0001  2.49706959706960E-0001
 1038  2.43516483516484E-0001  2.44065934065934E-0001
 1039  2.36263736263736E-0001  2.43260073260073E-0001
 1040  2.37875457875458E-0001  2.45677655677656E-0001
 1041  2.37875457875458E-0001  2.45677655677656E-0001
 1042  2.40293040293040E-0001  2.48095238095238E-0001
 1043  2.41904761904762E-0001  2.46483516483516E-0001
 1044  2.42710622710623E-0001  2.47289377289377E-0001
 1045  2.32234432234432E-0001  2.39230769230769E-0001
 1046  2.33040293040293E-0001  2.40036630036630E-0001
 1047  2.37875457875458E-0001  2.40036630036630E-0001
 1048  2.33846153846154E-0001  2.46483516483516E-0001
 1049  2.38681318681319E-0001  2.52124542124542E-0001
 1050  2.38681318681319E-0001  2.40036630036630E-0001
 1051  2.37069597069597E-0001  2.44871794871795E-0001
 1052  2.35457875457875E-0001  2.47289377289377E-0001
 1053  2.35457875457875E-0001  2.44065934065934E-0001
 1054  2.40293040293040E-0001  2.44871794871795E-0001
 1055  2.37069597069597E-0001  2.45677655677656E-0001
 1056  2.38681318681319E-0001  2.44871794871795E-0001
 1057  2.41904761904762E-0001  2.33589743589744E-0001
 1058  2.33846153846154E-0001  2.47289377289377E-0001
 1059  2.37069597069597E-0001  2.40036630036630E-0001
 1060  2.37069597069597E-0001  2.40036630036630E-0001
 1061  2.37069597069597E-0001  2.40036630036630E-0001
 1062  2.29816849816850E-0001  2.42454212454212E-0001
 1063  2.38681318681319E-0001  2.47289377289377E-0001
 1064  2.35457875457875E-0001  2.44065934065934E-0001
 1065  2.40293040293040E-0001  2.48901098901099E-0001
 1066  2.37069597069597E-0001  2.48095238095238E-0001
 1067  2.37875457875458E-0001  2.45677655677656E-0001
 1068  2.37875457875458E-0001  2.40036630036630E-0001
 1069  2.40293040293040E-0001  2.46483516483516E-0001
 1070  2.40293040293040E-0001  2.49706959706960E-0001
 1071  2.39487179487179E-0001  2.43260073260073E-0001
 1072  2.36263736263736E-0001  2.52930402930403E-0001
 1073  2.41904761904762E-0001  2.48901098901099E-0001
 1074  2.40293040293040E-0001  2.49706959706960E-0001
 1075  2.41098901098901E-0001  2.47289377289377E-0001
 1076  2.40293040293040E-0001  2.46483516483516E-0001
 1077  2.41904761904762E-0001  2.44065934065934E-0001
 1078  2.38681318681319E-0001  2.46483516483516E-0001
 1079  2.41904761904762E-0001  2.48095238095238E-0001
 1080  2.44322344322344E-0001  2.53736263736264E-0001
 1081  2.48351648351648E-0001  2.52124542124542E-0001
 1082  2.45128205128205E-0001  2.47289377289377E-0001
 1083  2.42710622710623E-0001  2.50512820512821E-0001
 1084  2.43516483516484E-0001  2.40036630036630E-0001
 1085  2.38681318681319E-0001  2.46483516483516E-0001
 1086  2.41098901098901E-0001  2.60989010989011E-0001
 1087  2.40293040293040E-0001  2.47289377289377E-0001
 1088  2.39487179487179E-0001  2.45677655677656E-0001
 1089  2.38681318681319E-0001  2.48095238095238E-0001
 1090  2.41098901098901E-0001  2.45677655677656E-0001
 1091  2.39487179487179E-0001  2.44065934065934E-0001
 1092  2.41904761904762E-0001  2.42454212454212E-0001
 1093  2.40293040293040E-0001  2.46483516483516E-0001
 1094  2.42710622710623E-0001  2.47289377289377E-0001
 1095  2.41904761904762E-0001  2.45677655677656E-0001
 1096  2.38681318681319E-0001  2.48901098901099E-0001
 1097  2.45934065934066E-0001  2.49706959706960E-0001
 1098  2.43516483516484E-0001  2.49706959706960E-0001
 1099  2.48351648351648E-0001  2.52124542124542E-0001
 1100  2.44322344322344E-0001  2.49706959706960E-0001
 1101  2.48351648351648E-0001  2.51318681318681E-0001
 1102  2.48351648351648E-0001  2.52124542124542E-0001
 1103  2.45128205128205E-0001  2.50512820512821E-0001
 1104  2.44322344322344E-0001  2.51318681318681E-0001
 1105  2.42710622710623E-0001  2.51318681318681E-0001
 1106  2.40293040293040E-0001  2.48901098901099E-0001
 1107  2.39487179487179E-0001  2.46483516483516E-0001
 1108  2.41098901098901E-0001  2.49706959706960E-0001
 1109  2.41904761904762E-0001  2.52930402930403E-0001
 1110  2.42710622710623E-0001  2.48901098901099E-0001
 1111  2.42710622710623E-0001  2.48901098901099E-0001
 1112  2.41904761904762E-0001  2.44871794871795E-0001
 1113  2.42710622710623E-0001  2.50512820512821E-0001
 1114  2.41098901098901E-0001  2.48901098901099E-0001
 1115  2.38681318681319E-0001  2.48095238095238E-0001
 1116  2.39487179487179E-0001  2.40036630036630E-0001
 1117  2.37875457875458E-0001  2.47289377289377E-0001
 1118  2.37875457875458E-0001  2.44871794871795E-0001
 1119  2.40293040293040E-0001  2.44065934065934E-0001
 1120  2.41904761904762E-0001  2.49706959706960E-0001
 1121  2.46739926739927E-0001  2.51318681318681E-0001
 1122  2.36263736263736E-0001  2.43260073260073E-0001
 1123  2.42710622710623E-0001  2.47289377289377E-0001
 1124  2.48351648351648E-0001  2.46483516483516E-0001
 1125  2.41098901098901E-0001  2.46483516483516E-0001
 1126  2.42710622710623E-0001  2.45677655677656E-0001
 1127  2.42710622710623E-0001  2.47289377289377E-0001
 1128  2.41904761904762E-0001  2.45677655677656E-0001
 1129  2.42710622710623E-0001  2.48901098901099E-0001
 1130  2.42710622710623E-0001  2.47289377289377E-0001
 1131  2.38681318681319E-0001  2.46483516483516E-0001
 1132  2.41904761904762E-0001  2.44871794871795E-0001
 1133  2.42710622710623E-0001  2.47289377289377E-0001
 1134  2.42710622710623E-0001  2.42454212454212E-0001
 1135  2.42710622710623E-0001  2.45677655677656E-0001
 1136  2.46739926739927E-0001  2.50512820512821E-0001
 1137  2.42710622710623E-0001  2.48901098901099E-0001
 1138  2.45934065934066E-0001  2.48901098901099E-0001
 1139  2.46739926739927E-0001  2.49706959706960E-0001
 1140  2.42710622710623E-0001  2.49706959706960E-0001
 1141  2.49157509157509E-0001  2.51318681318681E-0001
 1142  2.42710622710623E-0001  2.50512820512821E-0001
 1143  2.44322344322344E-0001  2.46483516483516E-0001
 1144  2.43516483516484E-0001  2.49706959706960E-0001
 1145  2.42710622710623E-0001  2.40036630036630E-0001
 1146  2.38681318681319E-0001  2.48901098901099E-0001
 1147  2.37069597069597E-0001  2.44065934065934E-0001
 1148  2.38681318681319E-0001  2.46483516483516E-0001
 1149  2.38681318681319E-0001  2.48901098901099E-0001
 1150  2.47545787545788E-0001  2.46483516483516E-0001
 1151  2.41098901098901E-0001  2.46483516483516E-0001
 1152  2.40293040293040E-0001  2.50512820512821E-0001
 1153  2.41904761904762E-0001  2.50512820512821E-0001
 1154  2.40293040293040E-0001  2.48095238095238E-0001
 1155  2.49157509157509E-0001  2.52930402930403E-0001
 1156  2.41904761904762E-0001  2.52930402930403E-0001
 1157  2.41904761904762E-0001  2.48901098901099E-0001
 1158  2.40293040293040E-0001  2.40036630036630E-0001
 1159  2.39487179487179E-0001  2.54542124542125E-0001
 1160  2.41904761904762E-0001  2.43260073260073E-0001
 1161  2.42710622710623E-0001  2.45677655677656E-0001
 1162  2.42710622710623E-0001  2.47289377289377E-0001
 1163  2.48351648351648E-0001  2.56153846153846E-0001
 1164  2.45934065934066E-0001  2.47289377289377E-0001
 1165  2.41904761904762E-0001  2.46483516483516E-0001
 1166  2.42710622710623E-0001  2.49706959706960E-0001
 1167  2.41098901098901E-0001  2.45677655677656E-0001
 1168  2.42710622710623E-0001  2.48095238095238E-0001
 1169  2.46739926739927E-0001  2.51318681318681E-0001
 1170  2.45128205128205E-0001  2.52930402930403E-0001
 1171  2.41098901098901E-0001  2.48901098901099E-0001
 1172  2.46739926739927E-0001  2.56153846153846E-0001
 1173  2.45128205128205E-0001  2.45677655677656E-0001
 1174  2.46739926739927E-0001  2.47289377289377E-0001
 1175  2.42710622710623E-0001  2.46483516483516E-0001
 1176  2.42710622710623E-0001  2.48901098901099E-0001
 1177  2.41098901098901E-0001  2.48901098901099E-0001
 1178  2.42710622710623E-0001  2.44871794871795E-0001
 1179  2.42710622710623E-0001  2.46483516483516E-0001
 1180  2.42710622710623E-0001  2.47289377289377E-0001
 1181  2.43516483516484E-0001  2.43260073260073E-0001
 1182  2.42710622710623E-0001  2.48095238095238E-0001
 1183  2.49157509157509E-0001  2.52930402930403E-0001
 1184  2.41904761904762E-0001  2.46483516483516E-0001
 1185  2.39487179487179E-0001  2.45677655677656E-0001
 1186  2.41904761904762E-0001  2.45677655677656E-0001
 1187  2.41904761904762E-0001  2.50512820512821E-0001
 1188  2.42710622710623E-0001  2.48901098901099E-0001
 1189  2.39487179487179E-0001  2.46483516483516E-0001
 1190  2.42710622710623E-0001  2.48095238095238E-0001
 1191  2.39487179487179E-0001  2.49706959706960E-0001
 1192  2.48351648351648E-0001  2.47289377289377E-0001
 1193  2.42710622710623E-0001  2.52930402930403E-0001
 1194  2.41904761904762E-0001  2.49706959706960E-0001
 1195  2.42710622710623E-0001  2.49706959706960E-0001
 1196  2.42710622710623E-0001  2.44871794871795E-0001
 1197  2.42710622710623E-0001  2.47289377289377E-0001
 1198  2.45934065934066E-0001  2.48095238095238E-0001
 1199  2.46739926739927E-0001  2.50512820512821E-0001
 1200  2.42710622710623E-0001  2.52930402930403E-0001
 1201  2.42710622710623E-0001  2.52930402930403E-0001
 1202  2.42710622710623E-0001  2.48901098901099E-0001
 1203  2.42710622710623E-0001  2.52930402930403E-0001
 1204  2.46739926739927E-0001  2.60183150183150E-0001
 1205  2.49963369963370E-0001  2.50512820512821E-0001
 1206  2.46739926739927E-0001  2.52124542124542E-0001
 1207  2.46739926739927E-0001  2.49706959706960E-0001
 1208  2.49963369963370E-0001  2.52930402930403E-0001
 1209  2.47545787545788E-0001  2.52930402930403E-0001
 1210  2.46739926739927E-0001  2.49706959706960E-0001
 1211  2.53186813186813E-0001  2.53736263736264E-0001
 1212  2.51575091575092E-0001  2.56959706959707E-0001
 1213  2.50769230769231E-0001  2.49706959706960E-0001
 1214  2.42710622710623E-0001  2.51318681318681E-0001
 1215  2.42710622710623E-0001  2.46483516483516E-0001
 1216  2.42710622710623E-0001  2.46483516483516E-0001
 1217  2.41098901098901E-0001  2.48901098901099E-0001
 1218  2.40293040293040E-0001  2.46483516483516E-0001
 1219  2.41904761904762E-0001  2.43260073260073E-0001
 1220  2.40293040293040E-0001  2.48901098901099E-0001
 1221  2.42710622710623E-0001  2.48901098901099E-0001
 1222  2.41098901098901E-0001  2.48095238095238E-0001
 1223  2.41098901098901E-0001  2.46483516483516E-0001
 1224  2.44322344322344E-0001  2.48901098901099E-0001
 1225  2.39487179487179E-0001  2.48095238095238E-0001
 1226  2.37875457875458E-0001  2.47289377289377E-0001
 1227  2.38681318681319E-0001  2.52124542124542E-0001
 1228  2.49157509157509E-0001  2.42454212454212E-0001
 1229  2.38681318681319E-0001  2.40036630036630E-0001
 1230  2.37069597069597E-0001  2.48095238095238E-0001
 1231  2.39487179487179E-0001  2.50512820512821E-0001
 1232  2.41098901098901E-0001  2.49706959706960E-0001
 1233  2.42710622710623E-0001  2.37619047619048E-0001
 1234  2.37069597069597E-0001  2.44065934065934E-0001
 1235  2.42710622710623E-0001  2.44871794871795E-0001
 1236  2.33040293040293E-0001  2.37619047619048E-0001
 1237  2.38681318681319E-0001  2.47289377289377E-0001
 1238  2.33040293040293E-0001  2.44065934065934E-0001
 1239  2.34652014652015E-0001  2.44871794871795E-0001
 1240  2.33846153846154E-0001  2.33589743589744E-0001
 1241  2.37069597069597E-0001  2.49706959706960E-0001
 1242  2.41904761904762E-0001  2.48901098901099E-0001
 1243  2.42710622710623E-0001  2.44065934065934E-0001
 1244  2.42710622710623E-0001  2.48901098901099E-0001
 1245  2.42710622710623E-0001  2.47289377289377E-0001
 1246  2.41098901098901E-0001  2.47289377289377E-0001
 1247  2.41098901098901E-0001  2.48095238095238E-0001
 1248  2.37875457875458E-0001  2.50512820512821E-0001
 1249  2.42710622710623E-0001  2.50512820512821E-0001
 1250  2.42710622710623E-0001  2.48095238095238E-0001
 1251  2.41904761904762E-0001  2.46483516483516E-0001
 1252  2.42710622710623E-0001  2.48095238095238E-0001
 1253  2.41904761904762E-0001  2.44871794871795E-0001
 1254  2.46739926739927E-0001  2.46483516483516E-0001
 1255  2.42710622710623E-0001  2.46483516483516E-0001
 1256  2.41904761904762E-0001  2.47289377289377E-0001
 1257  2.36263736263736E-0001  2.46483516483516E-0001
 1258  2.41904761904762E-0001  2.46483516483516E-0001
 1259  2.42710622710623E-0001  2.46483516483516E-0001
 1260  2.39487179487179E-0001  2.40036630036630E-0001
 1261  2.36263736263736E-0001  2.50512820512821E-0001
 1262  2.41904761904762E-0001  2.46483516483516E-0001
 1263  2.36263736263736E-0001  2.40036630036630E-0001
 1264  2.37069597069597E-0001  2.46483516483516E-0001
 1265  2.38681318681319E-0001  2.46483516483516E-0001
 1266  2.38681318681319E-0001  2.51318681318681E-0001
 1267  2.41904761904762E-0001  2.48901098901099E-0001
 1268  2.41098901098901E-0001  2.45677655677656E-0001
 1269  2.46739926739927E-0001  2.52930402930403E-0001
 1270  2.42710622710623E-0001  2.49706959706960E-0001
 1271  2.36263736263736E-0001  2.40036630036630E-0001
 1272  2.41098901098901E-0001  2.48901098901099E-0001
 1273  2.42710622710623E-0001  2.51318681318681E-0001
 1274  2.43516483516484E-0001  2.49706959706960E-0001
 1275  2.39487179487179E-0001  2.46483516483516E-0001
 1276  2.41904761904762E-0001  2.48095238095238E-0001
 1277  2.41098901098901E-0001  2.47289377289377E-0001
 1278  2.39487179487179E-0001  2.48901098901099E-0001
 1279  2.42710622710623E-0001  2.49706959706960E-0001
 1280  2.42710622710623E-0001  2.52124542124542E-0001
 1281  2.44322344322344E-0001  2.52124542124542E-0001
 1282  2.45128205128205E-0001  2.48901098901099E-0001
 1283  2.40293040293040E-0001  2.47289377289377E-0001
 1284  2.46739926739927E-0001  2.50512820512821E-0001
 1285  2.48351648351648E-0001  2.53736263736264E-0001
 1286  2.46739926739927E-0001  2.51318681318681E-0001
 1287  2.45934065934066E-0001  2.49706959706960E-0001
 1288  2.46739926739927E-0001  2.52124542124542E-0001
 1289  2.41904761904762E-0001  2.50512820512821E-0001
 1290  2.40293040293040E-0001  2.40036630036630E-0001
 1291  2.42710622710623E-0001  2.50512820512821E-0001
 1292  2.40293040293040E-0001  2.46483516483516E-0001
 1293  2.40293040293040E-0001  2.46483516483516E-0001
 1294  2.42710622710623E-0001  2.52930402930403E-0001
 1295  2.42710622710623E-0001  2.50512820512821E-0001
 1296  2.42710622710623E-0001  2.52124542124542E-0001
 1297  2.46739926739927E-0001  2.56959706959707E-0001
 1298  2.46739926739927E-0001  2.48901098901099E-0001
 1299  2.42710622710623E-0001  2.48901098901099E-0001
 1300  2.43516483516484E-0001  2.55347985347985E-0001
 1301  2.45128205128205E-0001  2.52124542124542E-0001
 1302  2.42710622710623E-0001  2.51318681318681E-0001
 1303  2.42710622710623E-0001  2.51318681318681E-0001
 1304  2.41904761904762E-0001  2.50512820512821E-0001
 1305  2.38681318681319E-0001  2.45677655677656E-0001
 1306  2.41098901098901E-0001  2.50512820512821E-0001
 1307  2.42710622710623E-0001  2.52124542124542E-0001
 1308  2.38681318681319E-0001  2.48095238095238E-0001
 1309  2.40293040293040E-0001  2.45677655677656E-0001
 1310  2.39487179487179E-0001  2.48095238095238E-0001
 1311  2.42710622710623E-0001  2.49706959706960E-0001
 1312  2.41904761904762E-0001  2.44065934065934E-0001
 1313  2.41904761904762E-0001  2.44871794871795E-0001
 1314  2.38681318681319E-0001  2.45677655677656E-0001
 1315  2.38681318681319E-0001  2.42454212454212E-0001
 1316  2.40293040293040E-0001  2.40036630036630E-0001
 1317  2.39487179487179E-0001  2.48095238095238E-0001
 1318  2.41904761904762E-0001  2.48901098901099E-0001
 1319  2.40293040293040E-0001  2.47289377289377E-0001
 1320  2.43516483516484E-0001  2.48901098901099E-0001
 1321  2.36263736263736E-0001  2.40036630036630E-0001
 1322  2.38681318681319E-0001  2.42454212454212E-0001
 1323  2.38681318681319E-0001  2.47289377289377E-0001
 1324  2.36263736263736E-0001  2.44871794871795E-0001
 1325  2.38681318681319E-0001  2.46483516483516E-0001
 1326  2.40293040293040E-0001  2.45677655677656E-0001
 1327  2.36263736263736E-0001  2.44871794871795E-0001
 1328  2.36263736263736E-0001  2.48095238095238E-0001
 1329  2.38681318681319E-0001  2.44871794871795E-0001
 1330  2.40293040293040E-0001  2.40036630036630E-0001
 1331  2.37875457875458E-0001  2.44065934065934E-0001
 1332  2.40293040293040E-0001  2.44871794871795E-0001
 1333  2.34652014652015E-0001  2.44065934065934E-0001
 1334  2.37875457875458E-0001  2.42454212454212E-0001
 1335  2.31428571428571E-0001  2.40036630036630E-0001
 1336  2.36263736263736E-0001  2.48095238095238E-0001
 1337  2.29816849816850E-0001  2.45677655677656E-0001
 1338  2.35457875457875E-0001  2.40036630036630E-0001
 1339  2.23369963369963E-0001  2.40036630036630E-0001
 1340  2.29816849816850E-0001  2.39230769230769E-0001
 1341  2.29816849816850E-0001  2.44065934065934E-0001
 1342  2.38681318681319E-0001  2.46483516483516E-0001
 1343  2.42710622710623E-0001  2.50512820512821E-0001
 1344  2.39487179487179E-0001  2.43260073260073E-0001
 1345  2.41098901098901E-0001  2.46483516483516E-0001
 1346  2.38681318681319E-0001  2.46483516483516E-0001
 1347  2.42710622710623E-0001  2.50512820512821E-0001
 1348  2.42710622710623E-0001  2.48095238095238E-0001
 1349  2.42710622710623E-0001  2.47289377289377E-0001
 1350  2.42710622710623E-0001  2.47289377289377E-0001
 1351  2.42710622710623E-0001  2.46483516483516E-0001
 1352  2.42710622710623E-0001  2.51318681318681E-0001
 1353  2.44322344322344E-0001  2.48901098901099E-0001
 1354  2.45934065934066E-0001  2.48901098901099E-0001
 1355  2.42710622710623E-0001  2.47289377289377E-0001
 1356  2.47545787545788E-0001  2.51318681318681E-0001
 1357  2.45934065934066E-0001  2.48095238095238E-0001
 1358  2.41098901098901E-0001  2.45677655677656E-0001
 1359  2.41098901098901E-0001  2.52930402930403E-0001
 1360  2.42710622710623E-0001  2.46483516483516E-0001
 1361  2.46739926739927E-0001  2.51318681318681E-0001
 1362  2.41904761904762E-0001  2.46483516483516E-0001
 1363  2.43516483516484E-0001  2.47289377289377E-0001
 1364  2.48351648351648E-0001  2.45677655677656E-0001
 1365  2.42710622710623E-0001  2.50512820512821E-0001
 1366  2.43516483516484E-0001  2.44065934065934E-0001
 1367  2.45934065934066E-0001  2.44871794871795E-0001
 1368  2.42710622710623E-0001  2.48901098901099E-0001
 1369  2.43516483516484E-0001  2.49706959706960E-0001
 1370  2.42710622710623E-0001  2.49706959706960E-0001
 1371  2.41904761904762E-0001  2.45677655677656E-0001
 1372  2.41904761904762E-0001  2.43260073260073E-0001
 1373  2.41904761904762E-0001  2.48901098901099E-0001
 1374  2.41904761904762E-0001  2.47289377289377E-0001
 1375  2.41904761904762E-0001  2.46483516483516E-0001
 1376  2.41098901098901E-0001  2.45677655677656E-0001
 1377  2.40293040293040E-0001  2.40036630036630E-0001
 1378  2.40293040293040E-0001  2.39230769230769E-0001
 1379  2.37069597069597E-0001  2.40036630036630E-0001
 1380  2.41098901098901E-0001  2.40036630036630E-0001
 1381  2.34652014652015E-0001  2.44871794871795E-0001
 1382  2.36263736263736E-0001  2.40036630036630E-0001
 1383  2.29816849816850E-0001  2.40036630036630E-0001
 1384  2.37875457875458E-0001  2.46483516483516E-0001
 1385  2.38681318681319E-0001  2.40036630036630E-0001
 1386  2.37875457875458E-0001  2.44065934065934E-0001
 1387  2.40293040293040E-0001  2.50512820512821E-0001
 1388  2.42710622710623E-0001  2.48901098901099E-0001
 1389  2.42710622710623E-0001  2.44065934065934E-0001
 1390  2.40293040293040E-0001  2.50512820512821E-0001
 1391  2.41098901098901E-0001  2.44065934065934E-0001
 1392  2.38681318681319E-0001  2.45677655677656E-0001
 1393  2.37069597069597E-0001  2.44065934065934E-0001
 1394  2.34652014652015E-0001  2.46483516483516E-0001
 1395  2.40293040293040E-0001  2.48095238095238E-0001
 1396  2.37875457875458E-0001  2.40036630036630E-0001
 1397  2.36263736263736E-0001  2.47289377289377E-0001
 1398  2.42710622710623E-0001  2.40036630036630E-0001
 1399  2.42710622710623E-0001  2.51318681318681E-0001
 1400  2.39487179487179E-0001  2.45677655677656E-0001
 1401  2.38681318681319E-0001  2.45677655677656E-0001
 1402  2.41098901098901E-0001  2.48095238095238E-0001
 1403  2.44322344322344E-0001  2.46483516483516E-0001
 1404  2.40293040293040E-0001  2.44871794871795E-0001
 1405  2.42710622710623E-0001  2.43260073260073E-0001
 1406  2.37069597069597E-0001  2.44065934065934E-0001
 1407  2.38681318681319E-0001  2.44065934065934E-0001
 1408  2.38681318681319E-0001  2.40842490842491E-0001
 1409  2.33040293040293E-0001  2.33589743589744E-0001
 1410  2.36263736263736E-0001  2.40036630036630E-0001
 1411  2.37875457875458E-0001  2.42454212454212E-0001
 1412  2.36263736263736E-0001  2.40842490842491E-0001
 1413  2.34652014652015E-0001  2.40036630036630E-0001
 1414  2.28205128205128E-0001  2.40842490842491E-0001
 1415  2.29816849816850E-0001  2.40036630036630E-0001
 1416  2.33040293040293E-0001  2.42454212454212E-0001
 1417  2.34652014652015E-0001  2.39230769230769E-0001
 1418  2.29816849816850E-0001  2.39230769230769E-0001
 1419  2.32234432234432E-0001  2.40036630036630E-0001
 1420  2.36263736263736E-0001  2.50512820512821E-0001
 1421  2.29816849816850E-0001  2.44871794871795E-0001
 1422  2.36263736263736E-0001  2.46483516483516E-0001
 1423  2.41098901098901E-0001  2.47289377289377E-0001
 1424  2.40293040293040E-0001  2.44871794871795E-0001
 1425  2.42710622710623E-0001  2.48095238095238E-0001
 1426  2.37875457875458E-0001  2.40036630036630E-0001
 1427  2.33846153846154E-0001  2.39230769230769E-0001
 1428  2.36263736263736E-0001  2.47289377289377E-0001
 1429  2.42710622710623E-0001  2.48095238095238E-0001
 1430  2.34652014652015E-0001  2.42454212454212E-0001
 1431  2.39487179487179E-0001  2.44065934065934E-0001
 1432  2.37875457875458E-0001  2.44065934065934E-0001
 1433  2.37069597069597E-0001  2.40842490842491E-0001
 1434  2.41904761904762E-0001  2.47289377289377E-0001
 1435  2.37069597069597E-0001  2.40036630036630E-0001
 1436  2.41904761904762E-0001  2.48901098901099E-0001
 1437  2.37875457875458E-0001  2.43260073260073E-0001
 1438  2.40293040293040E-0001  2.49706959706960E-0001
 1439  2.39487179487179E-0001  2.44065934065934E-0001
 1440  2.41904761904762E-0001  2.48901098901099E-0001
 1441  2.42710622710623E-0001  2.50512820512821E-0001
 1442  2.41098901098901E-0001  2.44065934065934E-0001
 1443  2.39487179487179E-0001  2.44871794871795E-0001
 1444  2.40293040293040E-0001  2.45677655677656E-0001
 1445  2.40293040293040E-0001  2.40036630036630E-0001
 1446  2.36263736263736E-0001  2.46483516483516E-0001
 1447  2.38681318681319E-0001  2.36007326007326E-0001
 1448  2.30622710622711E-0001  2.46483516483516E-0001
 1449  2.42710622710623E-0001  2.44065934065934E-0001
 1450  2.39487179487179E-0001  2.46483516483516E-0001
 1451  2.39487179487179E-0001  2.44871794871795E-0001
 1452  2.41904761904762E-0001  2.48901098901099E-0001
 1453  2.40293040293040E-0001  2.48901098901099E-0001
 1454  2.42710622710623E-0001  2.45677655677656E-0001
 1455  2.42710622710623E-0001  2.43260073260073E-0001
 1456  2.41904761904762E-0001  2.47289377289377E-0001
 1457  2.42710622710623E-0001  2.46483516483516E-0001
 1458  2.42710622710623E-0001  2.44871794871795E-0001
 1459  2.41904761904762E-0001  2.47289377289377E-0001
 1460  2.38681318681319E-0001  2.44871794871795E-0001
 1461  2.38681318681319E-0001  2.46483516483516E-0001
 1462  2.42710622710623E-0001  2.48901098901099E-0001
 1463  2.42710622710623E-0001  2.44871794871795E-0001
 1464  2.44322344322344E-0001  2.48095238095238E-0001
 1465  2.43516483516484E-0001  2.46483516483516E-0001
 1466  2.49157509157509E-0001  2.51318681318681E-0001
 1467  2.42710622710623E-0001  2.47289377289377E-0001
 1468  2.42710622710623E-0001  2.46483516483516E-0001
 1469  2.46739926739927E-0001  2.44065934065934E-0001
 1470  2.41904761904762E-0001  2.44065934065934E-0001
 1471  2.36263736263736E-0001  2.47289377289377E-0001
 1472  2.38681318681319E-0001  2.44871794871795E-0001
 1473  2.36263736263736E-0001  2.44871794871795E-0001
 1474  2.38681318681319E-0001  2.46483516483516E-0001
 1475  2.39487179487179E-0001  2.40036630036630E-0001
 1476  2.36263736263736E-0001  2.50512820512821E-0001
 1477  2.34652014652015E-0001  2.44065934065934E-0001
 1478  2.35457875457875E-0001  2.44065934065934E-0001
 1479  2.37069597069597E-0001  2.42454212454212E-0001
 1480  2.34652014652015E-0001  2.40842490842491E-0001
 1481  2.35457875457875E-0001  2.36813186813187E-0001
 1482  2.33846153846154E-0001  2.46483516483516E-0001
 1483  2.36263736263736E-0001  2.40036630036630E-0001
 1484  2.37069597069597E-0001  2.40036630036630E-0001
 1485  2.33846153846154E-0001  2.37619047619048E-0001
 1486  2.37875457875458E-0001  2.39230769230769E-0001
 1487  2.36263736263736E-0001  2.44871794871795E-0001
 1488  2.44322344322344E-0001  2.48901098901099E-0001
 1489  2.37875457875458E-0001  2.44871794871795E-0001
 1490  2.42710622710623E-0001  2.46483516483516E-0001
 1491  2.41098901098901E-0001  2.41648351648352E-0001
 1492  2.41098901098901E-0001  2.44871794871795E-0001
 1493  2.39487179487179E-0001  2.47289377289377E-0001
 1494  2.37069597069597E-0001  2.49706959706960E-0001
 1495  2.41098901098901E-0001  2.40036630036630E-0001
 1496  2.40293040293040E-0001  2.39230769230769E-0001
 1497  2.38681318681319E-0001  2.43260073260073E-0001
 1498  2.38681318681319E-0001  2.40036630036630E-0001
 1499  2.41904761904762E-0001  2.48901098901099E-0001
 1500  2.38681318681319E-0001  2.45677655677656E-0001
 1501  2.42710622710623E-0001  2.51318681318681E-0001
 1502  2.41904761904762E-0001  2.47289377289377E-0001
 1503  2.46739926739927E-0001  2.40036630036630E-0001
 1504  2.38681318681319E-0001  2.40036630036630E-0001
 1505  2.42710622710623E-0001  2.48901098901099E-0001
 1506  2.45128205128205E-0001  2.48095238095238E-0001
 1507  2.42710622710623E-0001  2.45677655677656E-0001
 1508  2.39487179487179E-0001  2.43260073260073E-0001
 1509  2.40293040293040E-0001  2.40036630036630E-0001
 1510  2.40293040293040E-0001  2.46483516483516E-0001
 1511  2.44322344322344E-0001  2.50512820512821E-0001
 1512  2.40293040293040E-0001  2.44871794871795E-0001
 1513  2.40293040293040E-0001  2.45677655677656E-0001
 1514  2.41098901098901E-0001  2.40036630036630E-0001
 1515  2.41904761904762E-0001  2.49706959706960E-0001
 1516  2.41904761904762E-0001  2.48901098901099E-0001
 1517  2.42710622710623E-0001  2.46483516483516E-0001
 1518  2.38681318681319E-0001  2.40036630036630E-0001
 1519  2.37069597069597E-0001  2.44871794871795E-0001
 1520  2.40293040293040E-0001  2.44065934065934E-0001
 1521  2.41098901098901E-0001  2.43260073260073E-0001
 1522  2.41904761904762E-0001  2.46483516483516E-0001
 1523  2.44322344322344E-0001  2.49706959706960E-0001
 1524  2.33040293040293E-0001  2.40036630036630E-0001
 1525  2.36263736263736E-0001  2.40036630036630E-0001
 1526  2.42710622710623E-0001  2.50512820512821E-0001
 1527  2.42710622710623E-0001  2.46483516483516E-0001
 1528  2.42710622710623E-0001  2.48095238095238E-0001
 1529  2.42710622710623E-0001  2.46483516483516E-0001
 1530  2.46739926739927E-0001  2.52930402930403E-0001
 1531  2.47545787545788E-0001  2.49706959706960E-0001
 1532  2.38681318681319E-0001  2.52124542124542E-0001
 1533  2.45934065934066E-0001  2.52930402930403E-0001
 1534  2.41098901098901E-0001  2.50512820512821E-0001
 1535  2.41904761904762E-0001  2.44871794871795E-0001
 1536  2.37875457875458E-0001  2.36813186813187E-0001
 1537  2.37069597069597E-0001  2.48901098901099E-0001
 1538  2.35457875457875E-0001  2.43260073260073E-0001
 1539  2.36263736263736E-0001  2.47289377289377E-0001
 1540  2.42710622710623E-0001  2.50512820512821E-0001
 1541  2.39487179487179E-0001  2.46483516483516E-0001
 1542  2.41904761904762E-0001  2.46483516483516E-0001
 1543  2.40293040293040E-0001  2.39230769230769E-0001
 1544  2.37875457875458E-0001  2.46483516483516E-0001
 1545  2.41098901098901E-0001  2.44871794871795E-0001
 1546  2.33040293040293E-0001  2.40036630036630E-0001
 1547  2.29816849816850E-0001  2.40036630036630E-0001
 1548  2.29816849816850E-0001  2.40036630036630E-0001
 1549  2.37875457875458E-0001  2.40036630036630E-0001
 1550  2.39487179487179E-0001  2.44871794871795E-0001
 1551  2.40293040293040E-0001  2.46483516483516E-0001
 1552  2.40293040293040E-0001  2.44871794871795E-0001
 1553  2.36263736263736E-0001  2.40036630036630E-0001
 1554  2.39487179487179E-0001  2.45677655677656E-0001
 1555  2.37875457875458E-0001  2.44065934065934E-0001
 1556  2.37069597069597E-0001  2.40036630036630E-0001
 1557  2.39487179487179E-0001  2.40036630036630E-0001
 1558  2.37069597069597E-0001  2.40036630036630E-0001
 1559  2.34652014652015E-0001  2.42454212454212E-0001
 1560  2.36263736263736E-0001  2.39230769230769E-0001
 1561  2.34652014652015E-0001  2.44065934065934E-0001
 1562  2.41904761904762E-0001  2.44065934065934E-0001
 1563  2.40293040293040E-0001  2.50512820512821E-0001
 1564  2.35457875457875E-0001  2.48095238095238E-0001
 1565  2.37069597069597E-0001  2.40036630036630E-0001
 1566  2.40293040293040E-0001  2.47289377289377E-0001
 1567  2.38681318681319E-0001  2.45677655677656E-0001
 1568  2.37069597069597E-0001  2.40036630036630E-0001
 1569  2.37875457875458E-0001  2.44065934065934E-0001
 1570  2.39487179487179E-0001  2.40036630036630E-0001
 1571  2.33040293040293E-0001  2.39230769230769E-0001
 1572  2.32234432234432E-0001  2.40036630036630E-0001
 1573  2.35457875457875E-0001  2.40036630036630E-0001
 1574  2.37875457875458E-0001  2.40036630036630E-0001
 1575  2.33846153846154E-0001  2.44871794871795E-0001
 1576  2.35457875457875E-0001  2.43260073260073E-0001
 1577  2.36263736263736E-0001  2.40036630036630E-0001
 1578  2.37069597069597E-0001  2.42454212454212E-0001
 1579  2.42710622710623E-0001  2.45677655677656E-0001
 1580  2.33040293040293E-0001  2.40036630036630E-0001
 1581  2.35457875457875E-0001  2.40036630036630E-0001
 1582  2.29816849816850E-0001  2.36007326007326E-0001
 1583  2.33846153846154E-0001  2.36007326007326E-0001
 1584  2.36263736263736E-0001  2.40036630036630E-0001
 1585  2.35457875457875E-0001  2.39230769230769E-0001
 1586  2.34652014652015E-0001  2.40036630036630E-0001
 1587  2.38681318681319E-0001  2.44065934065934E-0001
 1588  2.36263736263736E-0001  2.38424908424908E-0001
 1589  2.29816849816850E-0001  2.39230769230769E-0001
 1590  2.33040293040293E-0001  2.44871794871795E-0001
 1591  2.34652014652015E-0001  2.51318681318681E-0001
 1592  2.34652014652015E-0001  2.40036630036630E-0001
 1593  2.35457875457875E-0001  2.40036630036630E-0001
 1594  2.36263736263736E-0001  2.41648351648352E-0001
 1595  2.29010989010989E-0001  2.40036630036630E-0001
 1596  2.29816849816850E-0001  2.36007326007326E-0001
 1597  2.35457875457875E-0001  2.45677655677656E-0001
 1598  2.34652014652015E-0001  2.39230769230769E-0001
