 0  4.03076923076923E-0001  4.20549450549451E-0001
 1  4.04688644688645E-0001  4.18937728937729E-0001
 2  4.06300366300366E-0001  4.20549450549451E-0001
 3  3.97435897435897E-0001  4.14102564102564E-0001
 4  4.02271062271062E-0001  4.18937728937729E-0001
 5  4.09523809523810E-0001  4.22967032967033E-0001
 6  4.07912087912088E-0001  4.20549450549451E-0001
 7  3.97435897435897E-0001  4.13296703296703E-0001
 8  4.07106227106227E-0001  4.20549450549451E-0001
 9  4.10329670329670E-0001  4.26190476190476E-0001
 10  4.03882783882784E-0001  4.17326007326007E-0001
 11  3.97435897435897E-0001  4.13296703296703E-0001
 12  4.01465201465201E-0001  4.16520146520147E-0001
 13  4.07106227106227E-0001  4.25384615384615E-0001
 14  4.03076923076923E-0001  4.19743589743590E-0001
 15  3.96630036630037E-0001  4.14102564102564E-0001
 16  4.02271062271062E-0001  4.18131868131868E-0001
 17  4.06300366300366E-0001  4.21355311355311E-0001
 18  4.02271062271062E-0001  4.18131868131868E-0001
 19  3.97435897435897E-0001  4.12490842490842E-0001
 20  4.03076923076923E-0001  4.20549450549451E-0001
 21  4.09523809523810E-0001  4.24578754578755E-0001
 22  4.07106227106227E-0001  4.20549450549451E-0001
 23  3.97435897435897E-0001  4.13296703296703E-0001
 24  4.06300366300366E-0001  4.19743589743590E-0001
 25  4.10329670329670E-0001  4.25384615384615E-0001
 26  4.01465201465201E-0001  4.16520146520147E-0001
 27  3.97435897435897E-0001  4.14102564102564E-0001
 28  4.02271062271062E-0001  4.15714285714286E-0001
 29  4.09523809523810E-0001  4.25384615384615E-0001
 30  4.07912087912088E-0001  4.20549450549451E-0001
 31  3.97435897435897E-0001  4.14102564102564E-0001
 32  4.03076923076923E-0001  4.19743589743590E-0001
 33  4.09523809523810E-0001  4.25384615384615E-0001
 34  4.02271062271062E-0001  4.19743589743590E-0001
 35  3.97435897435897E-0001  4.11684981684982E-0001
 36  4.02271062271062E-0001  4.18937728937729E-0001
 37  4.10329670329670E-0001  4.25384615384615E-0001
 38  4.03076923076923E-0001  4.20549450549451E-0001
 39  3.91794871794872E-0001  4.08461538461538E-0001
 40  3.99047619047619E-0001  4.17326007326007E-0001
 41  4.07106227106227E-0001  4.25384615384615E-0001
 42  4.01465201465201E-0001  4.20549450549451E-0001
 43  4.03076923076923E-0001  4.19743589743590E-0001
 44  4.03882783882784E-0001  4.20549450549451E-0001
 45  3.99853479853480E-0001  4.16520146520147E-0001
 46  4.01465201465201E-0001  4.15714285714286E-0001
 47  3.97435897435897E-0001  4.13296703296703E-0001
 48  4.03882783882784E-0001  4.18937728937729E-0001
 49  4.08717948717949E-0001  4.22161172161172E-0001
 50  4.06300366300366E-0001  4.18937728937729E-0001
 51  4.02271062271062E-0001  4.13296703296703E-0001
 52  4.09523809523810E-0001  4.26996336996337E-0001
 53  4.01465201465201E-0001  4.15714285714286E-0001
 54  4.03882783882784E-0001  4.19743589743590E-0001
 55  3.97435897435897E-0001  4.14908424908425E-0001
 56  4.03076923076923E-0001  4.18937728937729E-0001
 57  4.09523809523810E-0001  4.28608058608059E-0001
 58  4.03882783882784E-0001  4.16520146520147E-0001
 59  3.97435897435897E-0001  4.14102564102564E-0001
 60  4.00659340659341E-0001  4.18131868131868E-0001
 61  4.11941391941392E-0001  4.27802197802198E-0001
 62  4.01465201465201E-0001  4.20549450549451E-0001
 63  3.97435897435897E-0001  4.10073260073260E-0001
 64  4.05494505494505E-0001  4.20549450549451E-0001
 65  4.09523809523810E-0001  4.22967032967033E-0001
 66  4.02271062271062E-0001  4.15714285714286E-0001
 67  4.01465201465201E-0001  4.10879120879121E-0001
 68  4.03882783882784E-0001  4.18937728937729E-0001
 69  4.05494505494505E-0001  4.17326007326007E-0001
 70  4.09523809523810E-0001  4.20549450549451E-0001
 71  3.97435897435897E-0001  4.14102564102564E-0001
 72  4.00659340659341E-0001  4.07655677655678E-0001
 73  4.09523809523810E-0001  4.26996336996337E-0001
 74  4.02271062271062E-0001  4.16520146520147E-0001
 75  3.97435897435897E-0001  4.14908424908425E-0001
 76  3.96630036630037E-0001  4.12490842490842E-0001
 77  4.06300366300366E-0001  4.22967032967033E-0001
 78  4.02271062271062E-0001  4.17326007326007E-0001
 79  4.03076923076923E-0001  4.18937728937729E-0001
 80  4.01465201465201E-0001  4.16520146520147E-0001
 81  4.11941391941392E-0001  4.26996336996337E-0001
 82  4.02271062271062E-0001  4.15714285714286E-0001
 83  3.97435897435897E-0001  4.14102564102564E-0001
 84  4.01465201465201E-0001  4.15714285714286E-0001
 85  4.10329670329670E-0001  4.26190476190476E-0001
 86  4.06300366300366E-0001  4.18131868131868E-0001
 87  4.02271062271062E-0001  4.14102564102564E-0001
 88  4.07912087912088E-0001  4.20549450549451E-0001
 89  4.10329670329670E-0001  4.22161172161172E-0001
 90  4.07106227106227E-0001  4.19743589743590E-0001
 91  3.97435897435897E-0001  4.10879120879121E-0001
 92  4.02271062271062E-0001  4.18131868131868E-0001
 93  4.12747252747253E-0001  4.22967032967033E-0001
 94  4.00659340659341E-0001  4.07655677655678E-0001
 95  3.97435897435897E-0001  4.14102564102564E-0001
 96  4.02271062271062E-0001  4.16520146520147E-0001
 97  4.15164835164835E-0001  4.26996336996337E-0001
 98  4.03076923076923E-0001  4.19743589743590E-0001
 99  3.97435897435897E-0001  4.11684981684982E-0001
 100  3.99853479853480E-0001  4.15714285714286E-0001
 101  4.09523809523810E-0001  4.26190476190476E-0001
 102  4.03882783882784E-0001  4.18131868131868E-0001
 103  3.97435897435897E-0001  4.13296703296703E-0001
 104  4.07912087912088E-0001  4.20549450549451E-0001
 105  4.08717948717949E-0001  4.26190476190476E-0001
 106  4.05494505494505E-0001  4.19743589743590E-0001
 107  3.96630036630037E-0001  4.13296703296703E-0001
 108  4.03882783882784E-0001  4.15714285714286E-0001
 109  4.09523809523810E-0001  4.23772893772894E-0001
 110  4.00659340659341E-0001  4.18937728937729E-0001
 111  3.97435897435897E-0001  4.10879120879121E-0001
 112  4.04688644688645E-0001  4.19743589743590E-0001
 113  4.10329670329670E-0001  4.23772893772894E-0001
 114  3.97435897435897E-0001  4.14102564102564E-0001
 115  4.01465201465201E-0001  4.16520146520147E-0001
 116  4.02271062271062E-0001  4.18131868131868E-0001
 117  4.07106227106227E-0001  4.26996336996337E-0001
 118  3.96630036630037E-0001  4.14102564102564E-0001
 119  3.94212454212454E-0001  4.12490842490842E-0001
 120  3.99853479853480E-0001  4.16520146520147E-0001
 121  4.06300366300366E-0001  4.23772893772894E-0001
 122  3.98241758241758E-0001  3.95567765567766E-0001
 123  3.95018315018315E-0001  3.93956043956044E-0001
 124  4.01465201465201E-0001  4.00402930402930E-0001
 125  4.07912087912088E-0001  4.10073260073260E-0001
 126  3.96630036630037E-0001  3.98791208791209E-0001
 127  3.94212454212454E-0001  3.94761904761905E-0001
 128  3.98241758241758E-0001  4.01208791208791E-0001
 129  4.03882783882784E-0001  4.18131868131868E-0001
 130  3.92600732600733E-0001  4.14102564102564E-0001
 131  3.95824175824176E-0001  4.20549450549451E-0001
 132  4.13553113553114E-0001  4.16520146520147E-0001
 133  3.97435897435897E-0001  4.14908424908425E-0001
 134  4.03076923076923E-0001  4.30219780219780E-0001
 135  4.00659340659341E-0001  4.15714285714286E-0001
 136  3.97435897435897E-0001  4.14102564102564E-0001
 137  4.01465201465201E-0001  4.18131868131868E-0001
 138  4.09523809523810E-0001  4.27802197802198E-0001
 139  4.06300366300366E-0001  4.20549450549451E-0001
 140  3.97435897435897E-0001  4.14908424908425E-0001
 141  4.08717948717949E-0001  4.28608058608059E-0001
 142  3.99047619047619E-0001  4.15714285714286E-0001
 143  3.97435897435897E-0001  4.10879120879121E-0001
 144  4.10329670329670E-0001  4.23772893772894E-0001
 145  4.12747252747253E-0001  4.26190476190476E-0001
 146  4.02271062271062E-0001  4.18131868131868E-0001
 147  3.97435897435897E-0001  4.15714285714286E-0001
 148  4.03076923076923E-0001  4.20549450549451E-0001
 149  4.10329670329670E-0001  4.26996336996337E-0001
 150  3.99853479853480E-0001  4.12490842490842E-0001
 151  4.01465201465201E-0001  4.20549450549451E-0001
 152  4.07912087912088E-0001  4.26190476190476E-0001
 153  4.00659340659341E-0001  4.17326007326007E-0001
 154  3.92600732600733E-0001  4.09267399267399E-0001
 155  4.03882783882784E-0001  4.20549450549451E-0001
 156  4.07106227106227E-0001  4.25384615384615E-0001
 157  3.97435897435897E-0001  4.14102564102564E-0001
 158  3.95824175824176E-0001  4.14102564102564E-0001
 159  3.99047619047619E-0001  4.22967032967033E-0001
 160  4.00659340659341E-0001  4.18937728937729E-0001
 161  3.97435897435897E-0001  4.17326007326007E-0001
 162  4.13553113553114E-0001  4.29413919413919E-0001
 163  3.99853479853480E-0001  4.12490842490842E-0001
 164  3.99853479853480E-0001  4.14908424908425E-0001
 165  4.09523809523810E-0001  4.20549450549451E-0001
 166  3.97435897435897E-0001  4.10879120879121E-0001
 167  4.03882783882784E-0001  4.26996336996337E-0001
 168  4.03076923076923E-0001  4.17326007326007E-0001
 169  3.97435897435897E-0001  4.15714285714286E-0001
 170  4.07106227106227E-0001  4.22967032967033E-0001
 171  3.99047619047619E-0001  4.14908424908425E-0001
 172  3.99853479853480E-0001  4.18937728937729E-0001
 173  4.08717948717949E-0001  4.12490842490842E-0001
 174  3.97435897435897E-0001  4.19743589743590E-0001
 175  3.97435897435897E-0001  4.19743589743590E-0001
 176  3.97435897435897E-0001  4.14908424908425E-0001
 177  4.03076923076923E-0001  4.23772893772894E-0001
 178  4.01465201465201E-0001  4.14908424908425E-0001
 179  3.97435897435897E-0001  4.17326007326007E-0001
 180  4.09523809523810E-0001  4.27802197802198E-0001
 181  4.01465201465201E-0001  4.11684981684982E-0001
 182  3.99853479853480E-0001  4.16520146520147E-0001
 183  4.11941391941392E-0001  4.18937728937729E-0001
 184  3.97435897435897E-0001  4.17326007326007E-0001
 185  4.00659340659341E-0001  4.17326007326007E-0001
 186  4.07106227106227E-0001  4.09267399267399E-0001
 187  3.96630036630037E-0001  3.93150183150183E-0001
 188  3.97435897435897E-0001  4.01208791208791E-0001
 189  4.05494505494505E-0001  4.16520146520147E-0001
 190  4.00659340659341E-0001  4.17326007326007E-0001
 191  4.07912087912088E-0001  4.25384615384615E-0001
 192  3.99047619047619E-0001  4.11684981684982E-0001
 193  4.07912087912088E-0001  4.20549450549451E-0001
 194  4.09523809523810E-0001  4.23772893772894E-0001
 195  4.04688644688645E-0001  4.18131868131868E-0001
 196  3.97435897435897E-0001  4.18937728937729E-0001
 197  4.10329670329670E-0001  4.14102564102564E-0001
 198  4.00659340659341E-0001  4.17326007326007E-0001
 199  4.02271062271062E-0001  4.22967032967033E-0001
 200  3.96630036630037E-0001  4.07655677655678E-0001
 201  4.03076923076923E-0001  4.14908424908425E-0001
 202  4.07106227106227E-0001  4.01208791208791E-0001
 203  3.97435897435897E-0001  4.20549450549451E-0001
 204  3.97435897435897E-0001  4.13296703296703E-0001
 205  3.88571428571429E-0001  4.17326007326007E-0001
 206  3.97435897435897E-0001  4.07655677655678E-0001
 207  3.91794871794872E-0001  4.14908424908425E-0001
 208  3.95824175824176E-0001  4.25384615384615E-0001
 209  3.93406593406593E-0001  4.11684981684982E-0001
 210  3.95824175824176E-0001  4.18937728937729E-0001
 211  4.03882783882784E-0001  4.22967032967033E-0001
 212  3.92600732600733E-0001  4.15714285714286E-0001
 213  3.95018315018315E-0001  4.14102564102564E-0001
 214  3.99853479853480E-0001  4.19743589743590E-0001
 215  4.06300366300366E-0001  4.00402930402930E-0001
 216  3.97435897435897E-0001  4.05238095238095E-0001
 217  4.02271062271062E-0001  3.98791208791209E-0001
 218  3.89377289377289E-0001  3.98791208791209E-0001
 219  3.97435897435897E-0001  4.12490842490842E-0001
 220  3.90183150183150E-0001  4.18131868131868E-0001
 221  3.92600732600733E-0001  4.18131868131868E-0001
 222  3.96630036630037E-0001  4.24578754578755E-0001
 223  3.94212454212454E-0001  4.14908424908425E-0001
 224  3.96630036630037E-0001  4.26190476190476E-0001
 225  3.93406593406593E-0001  4.20549450549451E-0001
 226  3.97435897435897E-0001  4.26190476190476E-0001
 227  3.95824175824176E-0001  4.10879120879121E-0001
 228  3.99853479853480E-0001  4.18131868131868E-0001
 229  3.95824175824176E-0001  4.20549450549451E-0001
 230  4.02271062271062E-0001  4.22161172161172E-0001
 231  4.02271062271062E-0001  4.11684981684982E-0001
 232  4.08717948717949E-0001  4.18937728937729E-0001
 233  3.97435897435897E-0001  4.32637362637363E-0001
 234  4.03076923076923E-0001  4.07655677655678E-0001
 235  4.04688644688645E-0001  4.26190476190476E-0001
 236  4.02271062271062E-0001  4.01208791208791E-0001
 237  4.14358974358974E-0001  4.14908424908425E-0001
 238  4.06300366300366E-0001  4.18131868131868E-0001
 239  4.10329670329670E-0001  4.15714285714286E-0001
 240  4.03882783882784E-0001  4.16520146520147E-0001
 241  3.97435897435897E-0001  4.22967032967033E-0001
 242  3.99853479853480E-0001  4.00402930402930E-0001
 243  4.02271062271062E-0001  4.06043956043956E-0001
 244  4.08717948717949E-0001  4.17326007326007E-0001
 245  4.03882783882784E-0001  4.17326007326007E-0001
 246  4.05494505494505E-0001  4.26996336996337E-0001
 247  3.96630036630037E-0001  4.14102564102564E-0001
 248  3.97435897435897E-0001  4.18937728937729E-0001
 249  4.07106227106227E-0001  4.23772893772894E-0001
 250  3.96630036630037E-0001  4.01208791208791E-0001
 251  3.97435897435897E-0001  4.07655677655678E-0001
 252  4.03076923076923E-0001  4.15714285714286E-0001
 253  3.97435897435897E-0001  4.16520146520147E-0001
 254  4.09523809523810E-0001  4.18937728937729E-0001
 255  3.97435897435897E-0001  4.19743589743590E-0001
 256  3.97435897435897E-0001  4.16520146520147E-0001
 257  3.96630036630037E-0001  4.20549450549451E-0001
 258  4.03882783882784E-0001  4.16520146520147E-0001
 259  3.97435897435897E-0001  4.22967032967033E-0001
 260  4.08717948717949E-0001  4.19743589743590E-0001
 261  4.06300366300366E-0001  4.24578754578755E-0001
 262  4.00659340659341E-0001  4.13296703296703E-0001
 263  4.03076923076923E-0001  4.07655677655678E-0001
 264  4.03076923076923E-0001  4.07655677655678E-0001
 265  4.10329670329670E-0001  4.20549450549451E-0001
 266  4.10329670329670E-0001  4.16520146520147E-0001
 267  4.07106227106227E-0001  4.13296703296703E-0001
 268  3.97435897435897E-0001  4.16520146520147E-0001
 269  4.09523809523810E-0001  4.12490842490842E-0001
 270  4.05494505494505E-0001  4.20549450549451E-0001
 271  4.04688644688645E-0001  4.22161172161172E-0001
 272  4.07106227106227E-0001  4.19743589743590E-0001
 273  4.15164835164835E-0001  4.20549450549451E-0001
 274  4.14358974358974E-0001  4.11684981684982E-0001
 275  4.10329670329670E-0001  4.14102564102564E-0001
 276  4.07106227106227E-0001  4.16520146520147E-0001
 277  4.10329670329670E-0001  4.14908424908425E-0001
 278  4.10329670329670E-0001  4.18131868131868E-0001
 279  4.08717948717949E-0001  4.15714285714286E-0001
 280  4.03882783882784E-0001  4.26190476190476E-0001
 281  4.01465201465201E-0001  4.14908424908425E-0001
 282  4.07106227106227E-0001  4.18937728937729E-0001
 283  3.99853479853480E-0001  4.22967032967033E-0001
 284  4.06300366300366E-0001  4.28608058608059E-0001
 285  3.98241758241758E-0001  4.15714285714286E-0001
 286  4.07106227106227E-0001  4.13296703296703E-0001
 287  4.04688644688645E-0001  4.18131868131868E-0001
 288  4.07106227106227E-0001  4.07655677655678E-0001
 289  4.07912087912088E-0001  4.18937728937729E-0001
 290  4.02271062271062E-0001  4.20549450549451E-0001
 291  4.03076923076923E-0001  4.14102564102564E-0001
 292  4.01465201465201E-0001  4.15714285714286E-0001
 293  4.13553113553114E-0001  4.13296703296703E-0001
 294  4.07912087912088E-0001  4.06849816849817E-0001
 295  3.99853479853480E-0001  4.02820512820513E-0001
 296  4.05494505494505E-0001  4.04432234432234E-0001
 297  4.05494505494505E-0001  4.01208791208791E-0001
 298  3.97435897435897E-0001  4.29413919413919E-0001
 299  4.05494505494505E-0001  4.17326007326007E-0001
 300  3.97435897435897E-0001  4.15714285714286E-0001
 301  4.10329670329670E-0001  4.22161172161172E-0001
 302  3.99853479853480E-0001  4.15714285714286E-0001
 303  4.05494505494505E-0001  4.20549450549451E-0001
 304  4.06300366300366E-0001  4.13296703296703E-0001
 305  4.03076923076923E-0001  4.18937728937729E-0001
 306  4.07912087912088E-0001  4.12490842490842E-0001
 307  4.04688644688645E-0001  4.21355311355311E-0001
 308  4.03076923076923E-0001  4.17326007326007E-0001
 309  4.09523809523810E-0001  4.20549450549451E-0001
 310  4.05494505494505E-0001  4.07655677655678E-0001
 311  4.03076923076923E-0001  4.22161172161172E-0001
 312  3.99853479853480E-0001  4.20549450549451E-0001
 313  4.07106227106227E-0001  4.14908424908425E-0001
 314  4.01465201465201E-0001  4.18131868131868E-0001
 315  4.08717948717949E-0001  4.07655677655678E-0001
 316  4.04688644688645E-0001  4.18131868131868E-0001
 317  4.08717948717949E-0001  4.22161172161172E-0001
 318  3.99047619047619E-0001  3.97985347985348E-0001
 319  4.02271062271062E-0001  4.05238095238095E-0001
 320  4.01465201465201E-0001  4.01208791208791E-0001
 321  4.05494505494505E-0001  4.02014652014652E-0001
 322  4.02271062271062E-0001  4.07655677655678E-0001
 323  4.02271062271062E-0001  4.14908424908425E-0001
 324  4.04688644688645E-0001  4.07655677655678E-0001
 325  4.03882783882784E-0001  4.00402930402930E-0001
 326  4.03882783882784E-0001  4.13296703296703E-0001
 327  3.97435897435897E-0001  4.07655677655678E-0001
 328  4.07106227106227E-0001  4.12490842490842E-0001
 329  4.01465201465201E-0001  4.07655677655678E-0001
 330  3.95018315018315E-0001  4.22161172161172E-0001
 331  4.03882783882784E-0001  4.20549450549451E-0001
 332  4.03076923076923E-0001  4.20549450549451E-0001
 333  3.97435897435897E-0001  4.19743589743590E-0001
 334  3.98241758241758E-0001  4.02014652014652E-0001
 335  4.07106227106227E-0001  4.10879120879121E-0001
 336  4.07106227106227E-0001  4.15714285714286E-0001
 337  4.03882783882784E-0001  4.19743589743590E-0001
 338  4.10329670329670E-0001  4.12490842490842E-0001
 339  4.04688644688645E-0001  4.16520146520147E-0001
 340  4.09523809523810E-0001  4.06849816849817E-0001
 341  3.99853479853480E-0001  4.04432234432234E-0001
 342  4.10329670329670E-0001  4.12490842490842E-0001
 343  4.09523809523810E-0001  4.10073260073260E-0001
 344  4.09523809523810E-0001  4.19743589743590E-0001
 345  3.97435897435897E-0001  4.14102564102564E-0001
 346  4.08717948717949E-0001  4.12490842490842E-0001
 347  4.07912087912088E-0001  4.15714285714286E-0001
 348  4.07106227106227E-0001  4.05238095238095E-0001
 349  4.05494505494505E-0001  4.07655677655678E-0001
 350  3.99853479853480E-0001  4.01208791208791E-0001
 351  3.97435897435897E-0001  4.17326007326007E-0001
 352  4.06300366300366E-0001  4.19743589743590E-0001
 353  4.00659340659341E-0001  4.14102564102564E-0001
 354  4.06300366300366E-0001  4.20549450549451E-0001
 355  4.06300366300366E-0001  4.12490842490842E-0001
 356  4.01465201465201E-0001  4.02014652014652E-0001
 357  4.07106227106227E-0001  4.07655677655678E-0001
 358  3.99853479853480E-0001  4.02014652014652E-0001
 359  4.02271062271062E-0001  4.11684981684982E-0001
 360  3.98241758241758E-0001  4.17326007326007E-0001
 361  4.03076923076923E-0001  4.18937728937729E-0001
 362  4.04688644688645E-0001  3.99597069597070E-0001
 363  4.04688644688645E-0001  4.06043956043956E-0001
 364  3.95824175824176E-0001  3.98791208791209E-0001
 365  3.97435897435897E-0001  4.02014652014652E-0001
 366  4.00659340659341E-0001  4.18937728937729E-0001
 367  4.03076923076923E-0001  4.20549450549451E-0001
 368  4.05494505494505E-0001  4.18131868131868E-0001
 369  3.92600732600733E-0001  4.06043956043956E-0001
 370  3.99047619047619E-0001  4.02014652014652E-0001
 371  3.97435897435897E-0001  4.13296703296703E-0001
 372  3.97435897435897E-0001  4.13296703296703E-0001
 373  3.97435897435897E-0001  4.16520146520147E-0001
 374  3.95824175824176E-0001  4.07655677655678E-0001
 375  3.97435897435897E-0001  4.07655677655678E-0001
 376  4.08717948717949E-0001  4.17326007326007E-0001
 377  4.07912087912088E-0001  4.20549450549451E-0001
 378  4.10329670329670E-0001  4.18131868131868E-0001
 379  4.06300366300366E-0001  4.07655677655678E-0001
 380  4.03882783882784E-0001  4.20549450549451E-0001
 381  3.96630036630037E-0001  4.18937728937729E-0001
 382  3.95018315018315E-0001  3.98791208791209E-0001
 383  3.99853479853480E-0001  4.13296703296703E-0001
 384  3.97435897435897E-0001  4.16520146520147E-0001
 385  4.09523809523810E-0001  4.04432234432234E-0001
 386  4.03882783882784E-0001  4.15714285714286E-0001
 387  3.97435897435897E-0001  4.07655677655678E-0001
 388  3.95018315018315E-0001  4.13296703296703E-0001
 389  4.03076923076923E-0001  4.17326007326007E-0001
 390  4.02271062271062E-0001  4.06043956043956E-0001
 391  3.97435897435897E-0001  4.14908424908425E-0001
 392  4.00659340659341E-0001  4.06849816849817E-0001
 393  4.02271062271062E-0001  4.10073260073260E-0001
 394  4.04688644688645E-0001  4.12490842490842E-0001
 395  4.03076923076923E-0001  4.02820512820513E-0001
 396  4.05494505494505E-0001  4.14102564102564E-0001
 397  4.04688644688645E-0001  4.10073260073260E-0001
 398  4.06300366300366E-0001  4.09267399267399E-0001
 399  4.09523809523810E-0001  4.06043956043956E-0001
 400  4.01465201465201E-0001  4.07655677655678E-0001
 401  4.10329670329670E-0001  4.07655677655678E-0001
 402  4.07912087912088E-0001  4.06849816849817E-0001
 403  4.10329670329670E-0001  4.05238095238095E-0001
 404  4.09523809523810E-0001  4.20549450549451E-0001
 405  4.10329670329670E-0001  4.17326007326007E-0001
 406  4.09523809523810E-0001  4.03626373626374E-0001
 407  3.96630036630037E-0001  4.20549450549451E-0001
 408  4.00659340659341E-0001  4.20549450549451E-0001
 409  4.08717948717949E-0001  4.02820512820513E-0001
 410  4.03076923076923E-0001  4.08461538461538E-0001
 411  3.96630036630037E-0001  4.16520146520147E-0001
 412  4.06300366300366E-0001  4.19743589743590E-0001
 413  4.05494505494505E-0001  3.98791208791209E-0001
 414  3.97435897435897E-0001  4.19743589743590E-0001
 415  3.95018315018315E-0001  4.16520146520147E-0001
 416  3.97435897435897E-0001  4.38278388278388E-0001
 417  4.04688644688645E-0001  4.07655677655678E-0001
 418  4.00659340659341E-0001  4.35860805860806E-0001
 419  4.01465201465201E-0001  4.15714285714286E-0001
 420  3.97435897435897E-0001  4.30219780219780E-0001
 421  4.06300366300366E-0001  4.12490842490842E-0001
 422  4.00659340659341E-0001  4.32637362637363E-0001
 423  3.95824175824176E-0001  4.27802197802198E-0001
 424  4.05494505494505E-0001  4.22161172161172E-0001
 425  4.07912087912088E-0001  4.20549450549451E-0001
 426  4.03882783882784E-0001  4.38278388278388E-0001
 427  4.03076923076923E-0001  4.20549450549451E-0001
 428  4.10329670329670E-0001  4.20549450549451E-0001
 429  4.07912087912088E-0001  4.17326007326007E-0001
 430  4.10329670329670E-0001  4.12490842490842E-0001
 431  4.04688644688645E-0001  4.20549450549451E-0001
 432  4.03076923076923E-0001  4.31831501831502E-0001
 433  4.05494505494505E-0001  4.06043956043956E-0001
 434  4.10329670329670E-0001  4.14908424908425E-0001
 435  4.10329670329670E-0001  4.20549450549451E-0001
 436  4.03882783882784E-0001  4.33443223443223E-0001
 437  3.97435897435897E-0001  4.17326007326007E-0001
 438  4.09523809523810E-0001  4.04432234432234E-0001
 439  4.07106227106227E-0001  4.18131868131868E-0001
 440  4.08717948717949E-0001  4.12490842490842E-0001
 441  4.03076923076923E-0001  4.27802197802198E-0001
 442  3.99047619047619E-0001  4.27802197802198E-0001
 443  4.10329670329670E-0001  3.93150183150183E-0001
 444  4.10329670329670E-0001  4.12490842490842E-0001
 445  4.07106227106227E-0001  4.20549450549451E-0001
 446  4.10329670329670E-0001  4.31025641025641E-0001
 447  3.99853479853480E-0001  4.20549450549451E-0001
 448  4.05494505494505E-0001  4.18937728937729E-0001
 449  4.10329670329670E-0001  4.19743589743590E-0001
 450  4.11135531135531E-0001  3.93150183150183E-0001
 451  3.95824175824176E-0001  4.20549450549451E-0001
 452  4.05494505494505E-0001  4.17326007326007E-0001
 453  4.07912087912088E-0001  4.20549450549451E-0001
 454  4.03076923076923E-0001  4.17326007326007E-0001
 455  3.99047619047619E-0001  4.07655677655678E-0001
 456  4.04688644688645E-0001  4.23772893772894E-0001
 457  4.01465201465201E-0001  4.29413919413919E-0001
 458  4.05494505494505E-0001  4.19743589743590E-0001
 459  4.08717948717949E-0001  4.18937728937729E-0001
 460  4.01465201465201E-0001  4.03626373626374E-0001
 461  4.03882783882784E-0001  4.20549450549451E-0001
 462  4.06300366300366E-0001  4.16520146520147E-0001
 463  4.14358974358974E-0001  4.12490842490842E-0001
 464  4.07106227106227E-0001  4.13296703296703E-0001
 465  3.99047619047619E-0001  4.32637362637363E-0001
 466  4.02271062271062E-0001  4.17326007326007E-0001
 467  3.95824175824176E-0001  4.29413919413919E-0001
 468  3.97435897435897E-0001  4.27802197802198E-0001
 469  4.05494505494505E-0001  3.93956043956044E-0001
 470  4.03882783882784E-0001  4.24578754578755E-0001
 471  3.95018315018315E-0001  4.20549450549451E-0001
 472  4.02271062271062E-0001  4.14102564102564E-0001
 473  3.97435897435897E-0001  4.20549450549451E-0001
 474  4.00659340659341E-0001  4.17326007326007E-0001
 475  4.10329670329670E-0001  4.20549450549451E-0001
 476  4.01465201465201E-0001  4.39890109890110E-0001
 477  4.07106227106227E-0001  4.18937728937729E-0001
 478  4.01465201465201E-0001  4.23772893772894E-0001
 479  4.03076923076923E-0001  4.26190476190476E-0001
 480  4.01465201465201E-0001  4.20549450549451E-0001
 481  4.07106227106227E-0001  4.14102564102564E-0001
 482  4.18388278388278E-0001  4.10879120879121E-0001
 483  4.10329670329670E-0001  3.94761904761905E-0001
 484  4.11941391941392E-0001  4.23772893772894E-0001
 485  4.03076923076923E-0001  4.20549450549451E-0001
 486  4.07106227106227E-0001  4.16520146520147E-0001
 487  4.02271062271062E-0001  4.37472527472527E-0001
 488  4.09523809523810E-0001  3.94761904761905E-0001
 489  4.03076923076923E-0001  4.33443223443223E-0001
 490  4.03076923076923E-0001  4.18131868131868E-0001
 491  4.12747252747253E-0001  4.17326007326007E-0001
 492  4.06300366300366E-0001  4.28608058608059E-0001
 493  4.10329670329670E-0001  3.99597069597070E-0001
 494  4.10329670329670E-0001  4.20549450549451E-0001
 495  4.15970695970696E-0001  4.26190476190476E-0001
 496  4.15164835164835E-0001  4.25384615384615E-0001
 497  4.09523809523810E-0001  4.20549450549451E-0001
 498  4.05494505494505E-0001  4.33443223443223E-0001
 499  4.06300366300366E-0001  4.07655677655678E-0001
 500  4.03882783882784E-0001  4.31831501831502E-0001
 501  4.10329670329670E-0001  4.41501831501832E-0001
 502  3.97435897435897E-0001  4.23772893772894E-0001
 503  3.97435897435897E-0001  4.10073260073260E-0001
 504  4.02271062271062E-0001  4.41501831501832E-0001
 505  4.05494505494505E-0001  4.13296703296703E-0001
 506  4.19194139194139E-0001  4.19743589743590E-0001
 507  4.15164835164835E-0001  4.07655677655678E-0001
 508  4.03882783882784E-0001  4.18937728937729E-0001
 509  3.97435897435897E-0001  4.18131868131868E-0001
 510  3.96630036630037E-0001  4.20549450549451E-0001
 511  4.01465201465201E-0001  4.30219780219780E-0001
 512  4.09523809523810E-0001  3.92344322344322E-0001
 513  4.03076923076923E-0001  4.17326007326007E-0001
 514  4.11941391941392E-0001  3.91538461538462E-0001
 515  4.07106227106227E-0001  4.14102564102564E-0001
 516  4.02271062271062E-0001  4.11684981684982E-0001
 517  4.04688644688645E-0001  4.31831501831502E-0001
 518  4.02271062271062E-0001  4.27802197802198E-0001
 519  3.95018315018315E-0001  3.85897435897436E-0001
 520  3.97435897435897E-0001  4.01208791208791E-0001
 521  3.95018315018315E-0001  4.13296703296703E-0001
 522  3.98241758241758E-0001  4.12490842490842E-0001
 523  3.95018315018315E-0001  4.14908424908425E-0001
 524  4.01465201465201E-0001  4.26996336996337E-0001
 525  3.99853479853480E-0001  4.20549450549451E-0001
 526  4.01465201465201E-0001  4.19743589743590E-0001
 527  3.97435897435897E-0001  4.14102564102564E-0001
 528  3.96630036630037E-0001  4.25384615384615E-0001
 529  4.00659340659341E-0001  4.33443223443223E-0001
 530  4.01465201465201E-0001  4.31831501831502E-0001
 531  3.95824175824176E-0001  4.20549450549451E-0001
 532  4.03076923076923E-0001  4.20549450549451E-0001
 533  3.96630036630037E-0001  4.09267399267399E-0001
 534  3.99047619047619E-0001  4.15714285714286E-0001
 535  3.95018315018315E-0001  4.07655677655678E-0001
 536  3.97435897435897E-0001  4.23772893772894E-0001
 537  4.07912087912088E-0001  4.20549450549451E-0001
 538  3.97435897435897E-0001  4.14908424908425E-0001
 539  3.93406593406593E-0001  4.28608058608059E-0001
 540  4.02271062271062E-0001  4.20549450549451E-0001
 541  3.97435897435897E-0001  4.17326007326007E-0001
 542  4.07106227106227E-0001  3.94761904761905E-0001
 543  4.05494505494505E-0001  4.20549450549451E-0001
 544  3.97435897435897E-0001  4.15714285714286E-0001
 545  4.07912087912088E-0001  3.79450549450549E-0001
 546  4.07106227106227E-0001  4.07655677655678E-0001
 547  4.10329670329670E-0001  4.15714285714286E-0001
 548  4.00659340659341E-0001  4.28608058608059E-0001
 549  4.10329670329670E-0001  3.98791208791209E-0001
 550  4.11135531135531E-0001  4.27802197802198E-0001
 551  4.02271062271062E-0001  4.18131868131868E-0001
 552  4.06300366300366E-0001  4.30219780219780E-0001
 553  4.08717948717949E-0001  4.17326007326007E-0001
 554  4.02271062271062E-0001  4.10879120879121E-0001
 555  4.03076923076923E-0001  4.11684981684982E-0001
 556  4.05494505494505E-0001  4.14102564102564E-0001
 557  4.05494505494505E-0001  4.25384615384615E-0001
 558  4.08717948717949E-0001  4.20549450549451E-0001
 559  4.04688644688645E-0001  3.92344322344322E-0001
 560  4.08717948717949E-0001  4.30219780219780E-0001
 561  4.03882783882784E-0001  4.28608058608059E-0001
 562  4.14358974358974E-0001  4.14102564102564E-0001
 563  4.09523809523810E-0001  4.33443223443223E-0001
 564  4.07912087912088E-0001  4.33443223443223E-0001
 565  4.10329670329670E-0001  4.20549450549451E-0001
 566  4.06300366300366E-0001  4.18131868131868E-0001
 567  4.09523809523810E-0001  4.07655677655678E-0001
 568  4.07106227106227E-0001  4.07655677655678E-0001
 569  4.04688644688645E-0001  4.35054945054945E-0001
 570  3.97435897435897E-0001  4.07655677655678E-0001
 571  4.02271062271062E-0001  4.33443223443223E-0001
 572  4.02271062271062E-0001  4.17326007326007E-0001
 573  3.97435897435897E-0001  4.14908424908425E-0001
 574  3.96630036630037E-0001  4.20549450549451E-0001
 575  3.97435897435897E-0001  4.33443223443223E-0001
 576  4.03076923076923E-0001  4.20549450549451E-0001
 577  4.03882783882784E-0001  4.10879120879121E-0001
 578  3.96630036630037E-0001  3.89120879120879E-0001
 579  4.07912087912088E-0001  4.16520146520147E-0001
 580  3.97435897435897E-0001  4.28608058608059E-0001
 581  3.97435897435897E-0001  3.93150183150183E-0001
 582  4.03882783882784E-0001  3.96373626373626E-0001
 583  4.12747252747253E-0001  4.16520146520147E-0001
 584  4.01465201465201E-0001  4.29413919413919E-0001
 585  4.07912087912088E-0001  4.24578754578755E-0001
 586  4.08717948717949E-0001  4.15714285714286E-0001
 587  4.06300366300366E-0001  4.07655677655678E-0001
 588  4.05494505494505E-0001  4.32637362637363E-0001
 589  3.97435897435897E-0001  4.26996336996337E-0001
 590  4.00659340659341E-0001  4.26190476190476E-0001
 591  4.04688644688645E-0001  4.33443223443223E-0001
 592  3.94212454212454E-0001  4.10879120879121E-0001
 593  3.99853479853480E-0001  4.14102564102564E-0001
 594  3.97435897435897E-0001  4.33443223443223E-0001
 595  4.01465201465201E-0001  4.18131868131868E-0001
 596  4.03076923076923E-0001  4.30219780219780E-0001
 597  4.03076923076923E-0001  4.22967032967033E-0001
 598  4.09523809523810E-0001  4.29413919413919E-0001
 599  4.07912087912088E-0001  4.17326007326007E-0001
 600  3.99853479853480E-0001  4.14102564102564E-0001
 601  4.00659340659341E-0001  4.22161172161172E-0001
 602  4.04688644688645E-0001  4.30219780219780E-0001
 603  3.99047619047619E-0001  4.08461538461538E-0001
 604  4.02271062271062E-0001  4.25384615384615E-0001
 605  3.97435897435897E-0001  4.17326007326007E-0001
 606  3.97435897435897E-0001  4.18937728937729E-0001
 607  3.96630036630037E-0001  4.20549450549451E-0001
 608  4.04688644688645E-0001  3.90732600732601E-0001
 609  4.03076923076923E-0001  4.26996336996337E-0001
 610  3.97435897435897E-0001  4.19743589743590E-0001
 611  4.01465201465201E-0001  4.33443223443223E-0001
 612  4.02271062271062E-0001  4.19743589743590E-0001
 613  3.99047619047619E-0001  4.20549450549451E-0001
 614  3.97435897435897E-0001  3.88315018315018E-0001
 615  3.99047619047619E-0001  4.20549450549451E-0001
 616  3.97435897435897E-0001  4.15714285714286E-0001
 617  4.09523809523810E-0001  4.31831501831502E-0001
 618  4.09523809523810E-0001  4.26996336996337E-0001
 619  4.09523809523810E-0001  4.25384615384615E-0001
 620  4.08717948717949E-0001  4.37472527472527E-0001
 621  4.07106227106227E-0001  4.23772893772894E-0001
 622  4.03882783882784E-0001  4.25384615384615E-0001
 623  4.03076923076923E-0001  4.22161172161172E-0001
 624  4.03882783882784E-0001  4.31831501831502E-0001
 625  4.04688644688645E-0001  4.28608058608059E-0001
 626  3.97435897435897E-0001  4.22161172161172E-0001
 627  4.07106227106227E-0001  3.89120879120879E-0001
 628  4.16776556776557E-0001  4.33443223443223E-0001
 629  4.10329670329670E-0001  4.13296703296703E-0001
 630  4.07912087912088E-0001  4.44725274725275E-0001
 631  4.05494505494505E-0001  4.10879120879121E-0001
 632  4.03882783882784E-0001  4.29413919413919E-0001
 633  3.97435897435897E-0001  4.17326007326007E-0001
 634  4.03076923076923E-0001  4.14102564102564E-0001
 635  4.01465201465201E-0001  4.20549450549451E-0001
 636  3.96630036630037E-0001  4.18937728937729E-0001
 637  4.06300366300366E-0001  4.18937728937729E-0001
 638  4.01465201465201E-0001  4.41501831501832E-0001
 639  3.97435897435897E-0001  3.97985347985348E-0001
 640  4.07106227106227E-0001  4.32637362637363E-0001
 641  4.03882783882784E-0001  4.28608058608059E-0001
 642  4.10329670329670E-0001  4.29413919413919E-0001
 643  4.07106227106227E-0001  4.30219780219780E-0001
 644  4.07912087912088E-0001  4.31025641025641E-0001
 645  4.03882783882784E-0001  4.25384615384615E-0001
 646  4.03076923076923E-0001  4.32637362637363E-0001
 647  4.04688644688645E-0001  4.30219780219780E-0001
 648  4.00659340659341E-0001  4.18937728937729E-0001
 649  4.06300366300366E-0001  4.20549450549451E-0001
 650  4.15164835164835E-0001  4.26996336996337E-0001
 651  4.07106227106227E-0001  4.17326007326007E-0001
 652  3.97435897435897E-0001  3.81868131868132E-0001
 653  3.99047619047619E-0001  4.20549450549451E-0001
 654  4.05494505494505E-0001  4.24578754578755E-0001
 655  4.00659340659341E-0001  4.28608058608059E-0001
 656  3.97435897435897E-0001  4.31025641025641E-0001
 657  4.04688644688645E-0001  4.11684981684982E-0001
 658  4.02271062271062E-0001  4.27802197802198E-0001
 659  3.97435897435897E-0001  4.30219780219780E-0001
 660  4.09523809523810E-0001  4.14102564102564E-0001
 661  4.03882783882784E-0001  4.33443223443223E-0001
 662  4.07106227106227E-0001  4.19743589743590E-0001
 663  4.11941391941392E-0001  4.27802197802198E-0001
 664  4.03882783882784E-0001  4.34249084249084E-0001
 665  4.10329670329670E-0001  4.26190476190476E-0001
 666  4.05494505494505E-0001  4.30219780219780E-0001
 667  4.12747252747253E-0001  4.33443223443223E-0001
 668  3.97435897435897E-0001  4.28608058608059E-0001
 669  4.15164835164835E-0001  4.28608058608059E-0001
 670  4.08717948717949E-0001  4.10879120879121E-0001
 671  4.03882783882784E-0001  4.26190476190476E-0001
 672  4.06300366300366E-0001  4.20549450549451E-0001
 673  3.97435897435897E-0001  4.16520146520147E-0001
 674  4.11135531135531E-0001  4.43113553113553E-0001
 675  4.07106227106227E-0001  4.07655677655678E-0001
 676  4.01465201465201E-0001  4.26190476190476E-0001
 677  3.97435897435897E-0001  4.39890109890110E-0001
 678  3.97435897435897E-0001  4.25384615384615E-0001
 679  3.97435897435897E-0001  4.16520146520147E-0001
 680  3.94212454212454E-0001  4.45531135531136E-0001
 681  3.96630036630037E-0001  4.12490842490842E-0001
 682  4.01465201465201E-0001  4.26996336996337E-0001
 683  4.07106227106227E-0001  4.39084249084249E-0001
 684  4.07106227106227E-0001  4.19743589743590E-0001
 685  3.99853479853480E-0001  4.39890109890110E-0001
 686  3.97435897435897E-0001  3.90732600732601E-0001
 687  4.08717948717949E-0001  4.24578754578755E-0001
 688  4.19194139194139E-0001  4.39084249084249E-0001
 689  4.07106227106227E-0001  4.29413919413919E-0001
 690  4.10329670329670E-0001  4.19743589743590E-0001
 691  4.11941391941392E-0001  4.26190476190476E-0001
 692  4.06300366300366E-0001  3.86703296703297E-0001
 693  4.01465201465201E-0001  4.31831501831502E-0001
 694  4.07106227106227E-0001  4.03626373626374E-0001
 695  4.13553113553114E-0001  4.36666666666667E-0001
 696  4.07106227106227E-0001  4.24578754578755E-0001
 697  4.07912087912088E-0001  4.32637362637363E-0001
 698  4.08717948717949E-0001  4.33443223443223E-0001
 699  4.07912087912088E-0001  4.23772893772894E-0001
 700  4.07106227106227E-0001  4.43113553113553E-0001
 701  4.06300366300366E-0001  4.26996336996337E-0001
 702  3.97435897435897E-0001  4.27802197802198E-0001
 703  4.13553113553114E-0001  4.32637362637363E-0001
 704  4.05494505494505E-0001  4.19743589743590E-0001
 705  4.12747252747253E-0001  4.27802197802198E-0001
 706  4.15164835164835E-0001  4.26996336996337E-0001
 707  4.12747252747253E-0001  4.33443223443223E-0001
 708  4.07912087912088E-0001  3.97985347985348E-0001
 709  4.00659340659341E-0001  4.29413919413919E-0001
 710  4.07106227106227E-0001  4.37472527472527E-0001
 711  4.03882783882784E-0001  4.32637362637363E-0001
 712  4.03076923076923E-0001  4.18937728937729E-0001
 713  4.10329670329670E-0001  4.33443223443223E-0001
 714  4.10329670329670E-0001  4.17326007326007E-0001
 715  3.98241758241758E-0001  4.14102564102564E-0001
 716  3.97435897435897E-0001  4.11684981684982E-0001
 717  4.16776556776557E-0001  4.29413919413919E-0001
 718  4.04688644688645E-0001  4.15714285714286E-0001
 719  4.03076923076923E-0001  4.33443223443223E-0001
 720  4.17582417582418E-0001  4.31025641025641E-0001
 721  3.97435897435897E-0001  4.33443223443223E-0001
 722  4.14358974358974E-0001  4.28608058608059E-0001
 723  3.97435897435897E-0001  4.31025641025641E-0001
 724  4.12747252747253E-0001  4.27802197802198E-0001
 725  4.10329670329670E-0001  4.39890109890110E-0001
 726  4.03882783882784E-0001  4.06043956043956E-0001
 727  3.97435897435897E-0001  4.27802197802198E-0001
 728  4.06300366300366E-0001  4.26190476190476E-0001
 729  4.10329670329670E-0001  4.39084249084249E-0001
 730  4.02271062271062E-0001  4.17326007326007E-0001
 731  4.11135531135531E-0001  3.94761904761905E-0001
 732  4.09523809523810E-0001  4.26190476190476E-0001
 733  4.08717948717949E-0001  4.18937728937729E-0001
 734  4.05494505494505E-0001  4.06043956043956E-0001
 735  4.07912087912088E-0001  4.34249084249084E-0001
 736  4.05494505494505E-0001  4.21355311355311E-0001
 737  4.05494505494505E-0001  4.30219780219780E-0001
 738  4.03882783882784E-0001  4.33443223443223E-0001
 739  4.17582417582418E-0001  4.14102564102564E-0001
 740  4.04688644688645E-0001  4.31831501831502E-0001
 741  4.08717948717949E-0001  4.22161172161172E-0001
 742  4.07106227106227E-0001  4.14102564102564E-0001
 743  4.06300366300366E-0001  4.20549450549451E-0001
 744  4.10329670329670E-0001  4.33443223443223E-0001
 745  3.97435897435897E-0001  4.26996336996337E-0001
 746  4.05494505494505E-0001  4.26996336996337E-0001
 747  4.10329670329670E-0001  4.18937728937729E-0001
 748  4.15164835164835E-0001  4.30219780219780E-0001
 749  4.03882783882784E-0001  3.94761904761905E-0001
 750  4.08717948717949E-0001  4.11684981684982E-0001
 751  4.10329670329670E-0001  4.20549450549451E-0001
 752  4.10329670329670E-0001  4.15714285714286E-0001
 753  4.15164835164835E-0001  4.14102564102564E-0001
 754  4.10329670329670E-0001  4.18937728937729E-0001
 755  4.16776556776557E-0001  4.24578754578755E-0001
 756  4.06300366300366E-0001  3.93150183150183E-0001
 757  4.06300366300366E-0001  4.19743589743590E-0001
 758  4.15164835164835E-0001  4.16520146520147E-0001
 759  4.06300366300366E-0001  4.41501831501832E-0001
 760  4.11135531135531E-0001  4.30219780219780E-0001
 761  4.03882783882784E-0001  4.38278388278388E-0001
 762  4.03076923076923E-0001  4.29413919413919E-0001
 763  3.99047619047619E-0001  4.43919413919414E-0001
 764  4.01465201465201E-0001  4.23772893772894E-0001
 765  4.10329670329670E-0001  4.31025641025641E-0001
 766  4.02271062271062E-0001  4.26996336996337E-0001
 767  4.01465201465201E-0001  4.35860805860806E-0001
 768  4.05494505494505E-0001  3.94761904761905E-0001
 769  3.97435897435897E-0001  4.31831501831502E-0001
 770  4.07106227106227E-0001  4.25384615384615E-0001
 771  3.99853479853480E-0001  4.20549450549451E-0001
 772  4.00659340659341E-0001  4.38278388278388E-0001
 773  3.99047619047619E-0001  4.39084249084249E-0001
 774  3.98241758241758E-0001  4.45531135531136E-0001
 775  4.02271062271062E-0001  4.28608058608059E-0001
 776  4.03076923076923E-0001  4.19743589743590E-0001
 777  4.09523809523810E-0001  4.39084249084249E-0001
 778  4.13553113553114E-0001  4.18937728937729E-0001
 779  4.09523809523810E-0001  4.33443223443223E-0001
 780  4.08717948717949E-0001  4.33443223443223E-0001
 781  4.11941391941392E-0001  4.04432234432234E-0001
 782  4.10329670329670E-0001  4.20549450549451E-0001
 783  4.09523809523810E-0001  3.92344322344322E-0001
 784  4.07106227106227E-0001  4.39890109890110E-0001
 785  4.10329670329670E-0001  4.41501831501832E-0001
 786  4.15970695970696E-0001  4.33443223443223E-0001
 787  4.07106227106227E-0001  4.33443223443223E-0001
 788  4.09523809523810E-0001  3.92344322344322E-0001
 789  4.15164835164835E-0001  4.20549450549451E-0001
 790  4.07912087912088E-0001  4.14102564102564E-0001
 791  4.07912087912088E-0001  4.27802197802198E-0001
 792  4.05494505494505E-0001  4.23772893772894E-0001
 793  4.10329670329670E-0001  4.26996336996337E-0001
 794  4.06300366300366E-0001  4.21355311355311E-0001
 795  4.06300366300366E-0001  4.12490842490842E-0001
 796  4.06300366300366E-0001  4.14102564102564E-0001
 797  4.12747252747253E-0001  4.26190476190476E-0001
 798  4.03882783882784E-0001  4.17326007326007E-0001
 799  3.97435897435897E-0001  4.36666666666667E-0001
 800  4.11941391941392E-0001  4.33443223443223E-0001
 801  4.10329670329670E-0001  4.22967032967033E-0001
 802  4.08717948717949E-0001  4.14908424908425E-0001
 803  4.10329670329670E-0001  4.20549450549451E-0001
 804  4.15970695970696E-0001  4.30219780219780E-0001
 805  4.00659340659341E-0001  4.39084249084249E-0001
 806  4.01465201465201E-0001  4.20549450549451E-0001
 807  4.10329670329670E-0001  4.17326007326007E-0001
 808  4.03882783882784E-0001  4.33443223443223E-0001
 809  4.10329670329670E-0001  4.28608058608059E-0001
 810  4.15164835164835E-0001  4.26996336996337E-0001
 811  4.03076923076923E-0001  4.26996336996337E-0001
 812  4.09523809523810E-0001  4.13296703296703E-0001
 813  4.10329670329670E-0001  4.31025641025641E-0001
 814  4.22417582417582E-0001  4.07655677655678E-0001
 815  4.08717948717949E-0001  4.16520146520147E-0001
 816  4.10329670329670E-0001  4.16520146520147E-0001
 817  4.11135531135531E-0001  4.29413919413919E-0001
 818  4.18388278388278E-0001  4.32637362637363E-0001
 819  4.10329670329670E-0001  4.23772893772894E-0001
 820  4.09523809523810E-0001  4.30219780219780E-0001
 821  4.10329670329670E-0001  4.20549450549451E-0001
 822  4.18388278388278E-0001  4.06849816849817E-0001
 823  4.07106227106227E-0001  4.04432234432234E-0001
 824  4.10329670329670E-0001  4.02820512820513E-0001
 825  3.99853479853480E-0001  3.99597069597070E-0001
 826  4.02271062271062E-0001  4.11684981684982E-0001
 827  4.07106227106227E-0001  4.14908424908425E-0001
 828  4.07106227106227E-0001  4.01208791208791E-0001
 829  4.02271062271062E-0001  4.12490842490842E-0001
 830  4.13553113553114E-0001  4.17326007326007E-0001
 831  3.99047619047619E-0001  4.10073260073260E-0001
 832  4.07912087912088E-0001  4.07655677655678E-0001
 833  4.07106227106227E-0001  4.10879120879121E-0001
 834  3.99853479853480E-0001  4.07655677655678E-0001
 835  4.11941391941392E-0001  4.09267399267399E-0001
 836  3.97435897435897E-0001  4.06849816849817E-0001
 837  4.15164835164835E-0001  4.15714285714286E-0001
 838  4.09523809523810E-0001  4.02820512820513E-0001
 839  4.06300366300366E-0001  4.07655677655678E-0001
 840  3.97435897435897E-0001  4.11684981684982E-0001
 841  4.07912087912088E-0001  4.16520146520147E-0001
 842  4.03882783882784E-0001  4.00402930402930E-0001
 843  4.03076923076923E-0001  4.07655677655678E-0001
 844  4.03076923076923E-0001  4.06043956043956E-0001
 845  3.95824175824176E-0001  4.05238095238095E-0001
 846  4.18388278388278E-0001  4.07655677655678E-0001
 847  4.00659340659341E-0001  4.14908424908425E-0001
 848  4.07912087912088E-0001  4.02014652014652E-0001
 849  4.07106227106227E-0001  4.07655677655678E-0001
 850  4.03882783882784E-0001  4.06043956043956E-0001
 851  4.15164835164835E-0001  4.08461538461538E-0001
 852  4.15164835164835E-0001  4.15714285714286E-0001
 853  3.99853479853480E-0001  4.10073260073260E-0001
 854  4.03076923076923E-0001  4.31831501831502E-0001
 855  4.01465201465201E-0001  3.94761904761905E-0001
 856  4.10329670329670E-0001  4.18131868131868E-0001
 857  4.00659340659341E-0001  4.18937728937729E-0001
 858  4.04688644688645E-0001  4.26996336996337E-0001
 859  4.02271062271062E-0001  4.26996336996337E-0001
 860  4.10329670329670E-0001  4.20549450549451E-0001
 861  4.07106227106227E-0001  4.22161172161172E-0001
 862  4.07912087912088E-0001  4.27802197802198E-0001
 863  4.07106227106227E-0001  4.20549450549451E-0001
 864  4.06300366300366E-0001  4.20549450549451E-0001
 865  4.04688644688645E-0001  4.18937728937729E-0001
 866  4.02271062271062E-0001  4.24578754578755E-0001
 867  4.10329670329670E-0001  4.24578754578755E-0001
 868  4.08717948717949E-0001  4.33443223443223E-0001
 869  4.12747252747253E-0001  4.31025641025641E-0001
 870  4.13553113553114E-0001  4.07655677655678E-0001
 871  4.12747252747253E-0001  4.31831501831502E-0001
 872  4.15164835164835E-0001  4.18131868131868E-0001
 873  4.12747252747253E-0001  4.20549450549451E-0001
 874  4.09523809523810E-0001  4.32637362637363E-0001
 875  4.08717948717949E-0001  4.18131868131868E-0001
 876  4.06300366300366E-0001  4.25384615384615E-0001
 877  4.15970695970696E-0001  4.20549450549451E-0001
 878  4.07912087912088E-0001  4.20549450549451E-0001
 879  4.03076923076923E-0001  4.30219780219780E-0001
 880  4.08717948717949E-0001  4.20549450549451E-0001
 881  4.05494505494505E-0001  4.33443223443223E-0001
 882  4.02271062271062E-0001  4.22161172161172E-0001
 883  4.03882783882784E-0001  4.17326007326007E-0001
 884  4.07912087912088E-0001  4.24578754578755E-0001
 885  4.11135531135531E-0001  4.10073260073260E-0001
 886  4.09523809523810E-0001  4.18131868131868E-0001
 887  4.03882783882784E-0001  4.23772893772894E-0001
 888  4.08717948717949E-0001  4.20549450549451E-0001
 889  4.15970695970696E-0001  4.15714285714286E-0001
 890  4.08717948717949E-0001  4.29413919413919E-0001
 891  4.15970695970696E-0001  4.31831501831502E-0001
 892  4.10329670329670E-0001  4.14908424908425E-0001
 893  4.10329670329670E-0001  4.20549450549451E-0001
 894  4.10329670329670E-0001  4.15714285714286E-0001
 895  4.02271062271062E-0001  4.32637362637363E-0001
 896  4.07106227106227E-0001  4.20549450549451E-0001
 897  4.10329670329670E-0001  4.20549450549451E-0001
 898  4.09523809523810E-0001  4.31831501831502E-0001
 899  4.12747252747253E-0001  4.30219780219780E-0001
 900  4.21611721611722E-0001  4.15714285714286E-0001
 901  4.10329670329670E-0001  4.29413919413919E-0001
 902  4.14358974358974E-0001  4.20549450549451E-0001
 903  4.15970695970696E-0001  4.26996336996337E-0001
 904  4.17582417582418E-0001  4.20549450549451E-0001
 905  4.09523809523810E-0001  4.33443223443223E-0001
 906  4.08717948717949E-0001  4.20549450549451E-0001
 907  4.07912087912088E-0001  4.00402930402930E-0001
 908  4.14358974358974E-0001  4.14102564102564E-0001
 909  4.07106227106227E-0001  4.22967032967033E-0001
 910  4.10329670329670E-0001  4.26190476190476E-0001
 911  4.01465201465201E-0001  4.25384615384615E-0001
 912  4.07106227106227E-0001  4.42307692307692E-0001
 913  4.15970695970696E-0001  4.26190476190476E-0001
 914  4.10329670329670E-0001  4.33443223443223E-0001
 915  3.97435897435897E-0001  4.22161172161172E-0001
 916  4.02271062271062E-0001  4.23772893772894E-0001
 917  4.09523809523810E-0001  4.25384615384615E-0001
 918  4.07912087912088E-0001  4.33443223443223E-0001
 919  4.03076923076923E-0001  4.22967032967033E-0001
 920  4.14358974358974E-0001  4.20549450549451E-0001
 921  4.21611721611722E-0001  4.20549450549451E-0001
 922  4.10329670329670E-0001  4.33443223443223E-0001
 923  4.10329670329670E-0001  4.23772893772894E-0001
 924  4.10329670329670E-0001  4.20549450549451E-0001
 925  4.18388278388278E-0001  4.16520146520147E-0001
 926  4.19194139194139E-0001  4.32637362637363E-0001
 927  4.17582417582418E-0001  4.21355311355311E-0001
 928  4.12747252747253E-0001  4.14908424908425E-0001
 929  4.17582417582418E-0001  4.28608058608059E-0001
 930  4.06300366300366E-0001  4.28608058608059E-0001
 931  4.24029304029304E-0001  4.23772893772894E-0001
 932  4.11941391941392E-0001  4.32637362637363E-0001
 933  4.03076923076923E-0001  4.22967032967033E-0001
 934  4.07106227106227E-0001  4.27802197802198E-0001
 935  4.11941391941392E-0001  4.26190476190476E-0001
 936  4.10329670329670E-0001  4.35054945054945E-0001
 937  4.03076923076923E-0001  4.25384615384615E-0001
 938  4.10329670329670E-0001  4.21355311355311E-0001
 939  4.09523809523810E-0001  4.33443223443223E-0001
 940  4.11135531135531E-0001  4.18131868131868E-0001
 941  4.05494505494505E-0001  4.26190476190476E-0001
 942  4.07912087912088E-0001  4.35054945054945E-0001
 943  4.07106227106227E-0001  4.17326007326007E-0001
 944  3.97435897435897E-0001  4.20549450549451E-0001
 945  4.09523809523810E-0001  4.26190476190476E-0001
 946  4.00659340659341E-0001  4.18131868131868E-0001
 947  4.03882783882784E-0001  4.25384615384615E-0001
 948  4.10329670329670E-0001  4.20549450549451E-0001
 949  4.04688644688645E-0001  4.40695970695971E-0001
 950  4.04688644688645E-0001  4.09267399267399E-0001
 951  4.02271062271062E-0001  4.28608058608059E-0001
 952  4.07106227106227E-0001  4.20549450549451E-0001
 953  4.11135531135531E-0001  4.31831501831502E-0001
 954  4.01465201465201E-0001  4.15714285714286E-0001
 955  4.06300366300366E-0001  4.22967032967033E-0001
 956  4.07912087912088E-0001  4.31025641025641E-0001
 957  3.97435897435897E-0001  4.20549450549451E-0001
 958  4.11941391941392E-0001  4.16520146520147E-0001
 959  4.02271062271062E-0001  4.14102564102564E-0001
 960  4.03076923076923E-0001  4.20549450549451E-0001
 961  4.15164835164835E-0001  4.15714285714286E-0001
 962  4.06300366300366E-0001  4.30219780219780E-0001
 963  4.07106227106227E-0001  4.14908424908425E-0001
 964  4.14358974358974E-0001  4.28608058608059E-0001
 965  4.02271062271062E-0001  4.22967032967033E-0001
 966  4.04688644688645E-0001  4.43113553113553E-0001
 967  4.03882783882784E-0001  4.30219780219780E-0001
 968  4.10329670329670E-0001  4.22161172161172E-0001
 969  4.02271062271062E-0001  4.22967032967033E-0001
 970  4.07106227106227E-0001  4.31025641025641E-0001
 971  4.10329670329670E-0001  4.27802197802198E-0001
 972  3.97435897435897E-0001  4.21355311355311E-0001
 973  4.02271062271062E-0001  4.20549450549451E-0001
 974  4.05494505494505E-0001  4.22967032967033E-0001
 975  4.04688644688645E-0001  4.20549450549451E-0001
 976  4.12747252747253E-0001  4.13296703296703E-0001
 977  3.97435897435897E-0001  4.16520146520147E-0001
 978  4.03882783882784E-0001  4.34249084249084E-0001
 979  4.02271062271062E-0001  4.30219780219780E-0001
 980  4.09523809523810E-0001  4.20549450549451E-0001
 981  4.04688644688645E-0001  4.26190476190476E-0001
 982  4.10329670329670E-0001  4.29413919413919E-0001
 983  4.10329670329670E-0001  4.36666666666667E-0001
 984  4.06300366300366E-0001  4.20549450549451E-0001
 985  4.08717948717949E-0001  4.20549450549451E-0001
 986  4.13553113553114E-0001  4.18937728937729E-0001
 987  3.97435897435897E-0001  4.26996336996337E-0001
 988  4.10329670329670E-0001  4.27802197802198E-0001
 989  4.18388278388278E-0001  4.17326007326007E-0001
 990  4.07106227106227E-0001  4.22161172161172E-0001
 991  4.07106227106227E-0001  4.20549450549451E-0001
 992  4.07912087912088E-0001  4.31025641025641E-0001
 993  4.20805860805861E-0001  4.33443223443223E-0001
 994  4.11135531135531E-0001  4.25384615384615E-0001
 995  4.15164835164835E-0001  4.35054945054945E-0001
 996  4.10329670329670E-0001  4.15714285714286E-0001
 997  4.08717948717949E-0001  4.31025641025641E-0001
 998  4.13553113553114E-0001  4.32637362637363E-0001
 999  4.06300366300366E-0001  4.20549450549451E-0001
 1000  4.06300366300366E-0001  4.23772893772894E-0001
 1001  4.08717948717949E-0001  4.20549450549451E-0001
 1002  4.10329670329670E-0001  4.20549450549451E-0001
 1003  4.05494505494505E-0001  4.38278388278388E-0001
 1004  4.09523809523810E-0001  4.27802197802198E-0001
 1005  4.12747252747253E-0001  4.10879120879121E-0001
 1006  4.09523809523810E-0001  4.35054945054945E-0001
 1007  4.14358974358974E-0001  4.17326007326007E-0001
 1008  4.10329670329670E-0001  4.36666666666667E-0001
 1009  4.15970695970696E-0001  4.28608058608059E-0001
 1010  4.08717948717949E-0001  4.16520146520147E-0001
 1011  4.07912087912088E-0001  4.20549450549451E-0001
 1012  4.10329670329670E-0001  4.02820512820513E-0001
 1013  3.99047619047619E-0001  4.20549450549451E-0001
 1014  4.07106227106227E-0001  4.26190476190476E-0001
 1015  4.12747252747253E-0001  4.29413919413919E-0001
 1016  4.19194139194139E-0001  4.22161172161172E-0001
 1017  4.10329670329670E-0001  4.15714285714286E-0001
 1018  4.12747252747253E-0001  3.94761904761905E-0001
 1019  4.10329670329670E-0001  4.33443223443223E-0001
 1020  4.14358974358974E-0001  4.19743589743590E-0001
 1021  4.09523809523810E-0001  4.29413919413919E-0001
 1022  4.07912087912088E-0001  4.20549450549451E-0001
 1023  4.12747252747253E-0001  4.07655677655678E-0001
 1024  4.11941391941392E-0001  4.14908424908425E-0001
 1025  4.10329670329670E-0001  4.30219780219780E-0001
 1026  4.06300366300366E-0001  4.28608058608059E-0001
 1027  4.13553113553114E-0001  4.16520146520147E-0001
 1028  4.13553113553114E-0001  4.07655677655678E-0001
 1029  4.07912087912088E-0001  4.19743589743590E-0001
 1030  4.03076923076923E-0001  4.18937728937729E-0001
 1031  4.10329670329670E-0001  4.14102564102564E-0001
 1032  4.09523809523810E-0001  4.24578754578755E-0001
 1033  4.05494505494505E-0001  4.20549450549451E-0001
 1034  4.08717948717949E-0001  4.21355311355311E-0001
 1035  4.10329670329670E-0001  4.18131868131868E-0001
 1036  4.11135531135531E-0001  4.13296703296703E-0001
 1037  4.09523809523810E-0001  4.22967032967033E-0001
 1038  4.05494505494505E-0001  4.25384615384615E-0001
 1039  4.20000000000000E-0001  3.81868131868132E-0001
 1040  4.11941391941392E-0001  4.26996336996337E-0001
 1041  4.10329670329670E-0001  4.37472527472527E-0001
 1042  4.16776556776557E-0001  4.03626373626374E-0001
 1043  4.13553113553114E-0001  4.19743589743590E-0001
 1044  4.17582417582418E-0001  4.22161172161172E-0001
 1045  4.03882783882784E-0001  4.18131868131868E-0001
 1046  4.11941391941392E-0001  4.16520146520147E-0001
 1047  4.03882783882784E-0001  4.26996336996337E-0001
 1048  4.18388278388278E-0001  4.14102564102564E-0001
 1049  4.00659340659341E-0001  4.23772893772894E-0001
 1050  4.03076923076923E-0001  3.94761904761905E-0001
 1051  4.10329670329670E-0001  4.20549450549451E-0001
 1052  4.09523809523810E-0001  3.99597069597070E-0001
 1053  4.07912087912088E-0001  4.30219780219780E-0001
 1054  4.03076923076923E-0001  4.31025641025641E-0001
 1055  4.24029304029304E-0001  4.18937728937729E-0001
 1056  4.10329670329670E-0001  4.20549450549451E-0001
 1057  4.02271062271062E-0001  4.14102564102564E-0001
 1058  4.15164835164835E-0001  4.00402930402930E-0001
 1059  4.03882783882784E-0001  4.33443223443223E-0001
 1060  4.10329670329670E-0001  4.30219780219780E-0001
 1061  4.08717948717949E-0001  4.25384615384615E-0001
 1062  4.10329670329670E-0001  4.27802197802198E-0001
 1063  4.11941391941392E-0001  4.28608058608059E-0001
 1064  4.05494505494505E-0001  4.33443223443223E-0001
 1065  4.11941391941392E-0001  4.15714285714286E-0001
 1066  4.10329670329670E-0001  4.24578754578755E-0001
 1067  4.10329670329670E-0001  4.23772893772894E-0001
 1068  4.12747252747253E-0001  3.90732600732601E-0001
 1069  4.11135531135531E-0001  4.26190476190476E-0001
 1070  4.15164835164835E-0001  3.91538461538462E-0001
 1071  4.14358974358974E-0001  4.20549450549451E-0001
 1072  4.03882783882784E-0001  4.31025641025641E-0001
 1073  4.04688644688645E-0001  4.15714285714286E-0001
 1074  4.05494505494505E-0001  4.13296703296703E-0001
 1075  4.10329670329670E-0001  4.12490842490842E-0001
 1076  4.08717948717949E-0001  4.21355311355311E-0001
 1077  4.06300366300366E-0001  4.25384615384615E-0001
 1078  4.14358974358974E-0001  4.26190476190476E-0001
 1079  4.09523809523810E-0001  4.20549450549451E-0001
 1080  4.15164835164835E-0001  4.18131868131868E-0001
 1081  4.10329670329670E-0001  4.23772893772894E-0001
 1082  4.20000000000000E-0001  4.19743589743590E-0001
 1083  4.03076923076923E-0001  4.19743589743590E-0001
 1084  4.13553113553114E-0001  4.31831501831502E-0001
 1085  4.11941391941392E-0001  4.15714285714286E-0001
 1086  4.08717948717949E-0001  4.33443223443223E-0001
 1087  4.10329670329670E-0001  4.18937728937729E-0001
 1088  4.12747252747253E-0001  4.26996336996337E-0001
 1089  4.03076923076923E-0001  4.22967032967033E-0001
 1090  4.10329670329670E-0001  4.28608058608059E-0001
 1091  4.07912087912088E-0001  4.13296703296703E-0001
 1092  4.20000000000000E-0001  4.33443223443223E-0001
 1093  4.06300366300366E-0001  4.22967032967033E-0001
 1094  4.03882783882784E-0001  4.20549450549451E-0001
 1095  4.10329670329670E-0001  4.20549450549451E-0001
 1096  4.12747252747253E-0001  4.20549450549451E-0001
 1097  4.04688644688645E-0001  4.18937728937729E-0001
 1098  4.09523809523810E-0001  4.26996336996337E-0001
 1099  4.03882783882784E-0001  4.26996336996337E-0001
 1100  4.14358974358974E-0001  4.20549450549451E-0001
 1101  4.09523809523810E-0001  4.07655677655678E-0001
 1102  4.06300366300366E-0001  4.26190476190476E-0001
 1103  4.07106227106227E-0001  4.27802197802198E-0001
 1104  4.17582417582418E-0001  4.20549450549451E-0001
 1105  4.11135531135531E-0001  4.29413919413919E-0001
 1106  4.15164835164835E-0001  4.35054945054945E-0001
 1107  4.07912087912088E-0001  4.26996336996337E-0001
 1108  4.18388278388278E-0001  4.14102564102564E-0001
 1109  4.11941391941392E-0001  4.07655677655678E-0001
 1110  4.15164835164835E-0001  4.14102564102564E-0001
 1111  4.09523809523810E-0001  4.35860805860806E-0001
 1112  4.21611721611722E-0001  4.20549450549451E-0001
 1113  4.17582417582418E-0001  4.28608058608059E-0001
 1114  4.09523809523810E-0001  4.26190476190476E-0001
 1115  4.14358974358974E-0001  4.26996336996337E-0001
 1116  4.08717948717949E-0001  4.20549450549451E-0001
 1117  4.16776556776557E-0001  4.14102564102564E-0001
 1118  4.05494505494505E-0001  4.23772893772894E-0001
 1119  4.07912087912088E-0001  4.20549450549451E-0001
 1120  4.11941391941392E-0001  4.20549450549451E-0001
 1121  4.06300366300366E-0001  4.22161172161172E-0001
 1122  4.10329670329670E-0001  4.30219780219780E-0001
 1123  4.10329670329670E-0001  4.26190476190476E-0001
 1124  4.10329670329670E-0001  4.28608058608059E-0001
 1125  4.06300366300366E-0001  4.07655677655678E-0001
 1126  4.06300366300366E-0001  4.26190476190476E-0001
 1127  4.10329670329670E-0001  4.10879120879121E-0001
 1128  4.09523809523810E-0001  3.81868131868132E-0001
 1129  4.02271062271062E-0001  4.19743589743590E-0001
 1130  4.14358974358974E-0001  4.14102564102564E-0001
 1131  4.10329670329670E-0001  4.36666666666667E-0001
 1132  4.20805860805861E-0001  4.22967032967033E-0001
 1133  4.10329670329670E-0001  4.20549450549451E-0001
 1134  4.14358974358974E-0001  4.15714285714286E-0001
 1135  4.08717948717949E-0001  4.22161172161172E-0001
 1136  4.09523809523810E-0001  4.26190476190476E-0001
 1137  4.10329670329670E-0001  4.18937728937729E-0001
 1138  4.09523809523810E-0001  4.26190476190476E-0001
 1139  4.16776556776557E-0001  4.26996336996337E-0001
 1140  4.13553113553114E-0001  4.21355311355311E-0001
 1141  4.09523809523810E-0001  4.20549450549451E-0001
 1142  4.15164835164835E-0001  4.20549450549451E-0001
 1143  4.15970695970696E-0001  4.18937728937729E-0001
 1144  4.03882783882784E-0001  4.14102564102564E-0001
 1145  4.10329670329670E-0001  4.26996336996337E-0001
 1146  4.04688644688645E-0001  4.38278388278388E-0001
 1147  4.09523809523810E-0001  4.22161172161172E-0001
 1148  4.15970695970696E-0001  4.11684981684982E-0001
 1149  4.07912087912088E-0001  4.25384615384615E-0001
 1150  4.06300366300366E-0001  4.20549450549451E-0001
 1151  4.27252747252747E-0001  4.38278388278388E-0001
 1152  4.16776556776557E-0001  3.86703296703297E-0001
 1153  4.19194139194139E-0001  4.31831501831502E-0001
 1154  4.04688644688645E-0001  4.15714285714286E-0001
 1155  4.15970695970696E-0001  4.22967032967033E-0001
 1156  4.14358974358974E-0001  4.22161172161172E-0001
 1157  4.09523809523810E-0001  4.07655677655678E-0001
 1158  4.07106227106227E-0001  4.15714285714286E-0001
 1159  4.18388278388278E-0001  4.35054945054945E-0001
 1160  4.15970695970696E-0001  4.15714285714286E-0001
 1161  4.07912087912088E-0001  4.17326007326007E-0001
 1162  4.07912087912088E-0001  4.13296703296703E-0001
 1163  4.17582417582418E-0001  4.26996336996337E-0001
 1164  4.05494505494505E-0001  4.26996336996337E-0001
 1165  4.18388278388278E-0001  4.26190476190476E-0001
 1166  4.08717948717949E-0001  4.19743589743590E-0001
 1167  4.15970695970696E-0001  4.23772893772894E-0001
 1168  4.10329670329670E-0001  4.16520146520147E-0001
 1169  4.17582417582418E-0001  4.29413919413919E-0001
 1170  4.08717948717949E-0001  4.26996336996337E-0001
 1171  4.11135531135531E-0001  4.18937728937729E-0001
 1172  4.16776556776557E-0001  4.20549450549451E-0001
 1173  3.97435897435897E-0001  4.14102564102564E-0001
 1174  4.07106227106227E-0001  4.41501831501832E-0001
 1175  4.09523809523810E-0001  4.14102564102564E-0001
 1176  4.17582417582418E-0001  4.20549450549451E-0001
 1177  4.05494505494505E-0001  4.18937728937729E-0001
 1178  4.10329670329670E-0001  4.23772893772894E-0001
 1179  4.18388278388278E-0001  4.20549450549451E-0001
 1180  4.20805860805861E-0001  4.18131868131868E-0001
 1181  4.07106227106227E-0001  4.10879120879121E-0001
 1182  4.10329670329670E-0001  4.37472527472527E-0001
 1183  4.19194139194139E-0001  4.30219780219780E-0001
 1184  4.22417582417582E-0001  4.16520146520147E-0001
 1185  3.95018315018315E-0001  4.20549450549451E-0001
 1186  4.06300366300366E-0001  4.20549450549451E-0001
 1187  4.19194139194139E-0001  3.81868131868132E-0001
 1188  4.07106227106227E-0001  4.27802197802198E-0001
 1189  4.10329670329670E-0001  4.18937728937729E-0001
 1190  4.07106227106227E-0001  4.20549450549451E-0001
 1191  4.20000000000000E-0001  4.20549450549451E-0001
 1192  4.04688644688645E-0001  4.26190476190476E-0001
 1193  4.18388278388278E-0001  4.31831501831502E-0001
 1194  4.10329670329670E-0001  4.14102564102564E-0001
 1195  4.10329670329670E-0001  4.12490842490842E-0001
 1196  4.09523809523810E-0001  3.97179487179487E-0001
 1197  4.21611721611722E-0001  4.33443223443223E-0001
 1198  4.10329670329670E-0001  4.22161172161172E-0001
 1199  4.18388278388278E-0001  4.21355311355311E-0001
 1200  4.10329670329670E-0001  4.29413919413919E-0001
 1201  4.20000000000000E-0001  4.25384615384615E-0001
 1202  4.14358974358974E-0001  4.04432234432234E-0001
 1203  4.19194139194139E-0001  4.07655677655678E-0001
 1204  4.23223443223443E-0001  4.26996336996337E-0001
 1205  4.10329670329670E-0001  4.19743589743590E-0001
 1206  4.14358974358974E-0001  4.21355311355311E-0001
 1207  4.07106227106227E-0001  3.97985347985348E-0001
 1208  4.19194139194139E-0001  4.15714285714286E-0001
 1209  4.07912087912088E-0001  4.17326007326007E-0001
 1210  4.10329670329670E-0001  3.94761904761905E-0001
 1211  4.08717948717949E-0001  4.07655677655678E-0001
 1212  4.22417582417582E-0001  4.03626373626374E-0001
 1213  4.10329670329670E-0001  4.03626373626374E-0001
 1214  4.10329670329670E-0001  4.30219780219780E-0001
 1215  4.07912087912088E-0001  4.29413919413919E-0001
 1216  4.17582417582418E-0001  4.07655677655678E-0001
 1217  4.07106227106227E-0001  4.19743589743590E-0001
 1218  4.03076923076923E-0001  4.20549450549451E-0001
 1219  4.15970695970696E-0001  4.17326007326007E-0001
 1220  4.07106227106227E-0001  4.19743589743590E-0001
 1221  4.10329670329670E-0001  4.25384615384615E-0001
 1222  4.08717948717949E-0001  4.22161172161172E-0001
 1223  4.10329670329670E-0001  4.07655677655678E-0001
 1224  4.13553113553114E-0001  4.18937728937729E-0001
 1225  4.14358974358974E-0001  4.18131868131868E-0001
 1226  4.10329670329670E-0001  4.31025641025641E-0001
 1227  4.07106227106227E-0001  4.27802197802198E-0001
 1228  4.12747252747253E-0001  4.21355311355311E-0001
 1229  4.10329670329670E-0001  4.26996336996337E-0001
 1230  4.02271062271062E-0001  4.20549450549451E-0001
 1231  4.07106227106227E-0001  4.06849816849817E-0001
 1232  3.97435897435897E-0001  4.26996336996337E-0001
 1233  4.07106227106227E-0001  4.13296703296703E-0001
 1234  3.97435897435897E-0001  4.15714285714286E-0001
 1235  4.00659340659341E-0001  4.26190476190476E-0001
 1236  4.10329670329670E-0001  4.24578754578755E-0001
 1237  4.06300366300366E-0001  4.23772893772894E-0001
 1238  4.00659340659341E-0001  4.20549450549451E-0001
 1239  4.15164835164835E-0001  4.07655677655678E-0001
 1240  4.05494505494505E-0001  4.14102564102564E-0001
 1241  4.07106227106227E-0001  4.20549450549451E-0001
 1242  4.07106227106227E-0001  4.20549450549451E-0001
 1243  3.96630036630037E-0001  4.14102564102564E-0001
 1244  3.67619047619048E-0001  4.22967032967033E-0001
 1245  3.71648351648352E-0001  4.21355311355311E-0001
 1246  3.56336996336996E-0001  4.20549450549451E-0001
 1247  2.94285714285714E-0001  4.18131868131868E-0001
 1248  2.36263736263736E-0001  4.24578754578755E-0001
 1249  2.26593406593407E-0001  4.20549450549451E-0001
 1250  1.87912087912088E-0001  4.25384615384615E-0001
 1251  5.65567765567766E-0002  4.39890109890110E-0001
 1252  4.20512820512821E-0002  4.16520146520147E-0001
 1253  5.25274725274725E-0002  4.20549450549451E-0001
 1254  1.04908424908424E-0001  4.31831501831502E-0001
 1255  1.78241758241758E-0001  4.26190476190476E-0001
 1256  1.95164835164835E-0001  4.20549450549451E-0001
 1257  2.49963369963370E-0001  4.26996336996337E-0001
 1258  2.94285714285714E-0001  3.94761904761905E-0001
 1259  3.03150183150183E-0001  4.29413919413919E-0001
 1260  3.62783882783883E-0001  4.33443223443223E-0001
 1261  3.84542124542125E-0001  4.20549450549451E-0001
 1262  3.95824175824176E-0001  4.20549450549451E-0001
 1263  4.27252747252747E-0001  4.12490842490842E-0001
 1264  4.45787545787546E-0001  4.24578754578755E-0001
 1265  4.74798534798535E-0001  4.20549450549451E-0001
 1266  5.17509157509158E-0001  4.15714285714286E-0001
 1267  5.29597069597070E-0001  4.21355311355311E-0001
 1268  5.48131868131868E-0001  4.26996336996337E-0001
 1269  5.72307692307692E-0001  4.23772893772894E-0001
 1270  5.71501831501832E-0001  4.14102564102564E-0001
 1271  5.90842490842491E-0001  4.20549450549451E-0001
 1272  5.88424908424908E-0001  4.06849816849817E-0001
 1273  5.86007326007326E-0001  4.13296703296703E-0001
 1274  5.90842490842491E-0001  4.07655677655678E-0001
 1275  5.98901098901099E-0001  4.06849816849817E-0001
 1276  6.09377289377289E-0001  4.23772893772894E-0001
 1277  6.12600732600733E-0001  4.16520146520147E-0001
 1278  5.98095238095238E-0001  4.18131868131868E-0001
 1279  6.15824175824176E-0001  4.15714285714286E-0001
 1280  6.06153846153846E-0001  4.14908424908425E-0001
 1281  6.10183150183150E-0001  4.07655677655678E-0001
 1282  5.90842490842491E-0001  4.23772893772894E-0001
 1283  5.90842490842491E-0001  4.13296703296703E-0001
 1284  5.87619047619048E-0001  4.14908424908425E-0001
 1285  5.80366300366300E-0001  4.10073260073260E-0001
 1286  5.74725274725275E-0001  4.16520146520147E-0001
 1287  5.68278388278388E-0001  4.02820512820513E-0001
 1288  5.56190476190476E-0001  4.26190476190476E-0001
 1289  5.60219780219780E-0001  4.14102564102564E-0001
 1290  5.51355311355311E-0001  4.14102564102564E-0001
 1291  5.51355311355311E-0001  4.23772893772894E-0001
 1292  5.45714285714286E-0001  4.09267399267399E-0001
 1293  5.28791208791209E-0001  4.19743589743590E-0001
 1294  5.34432234432234E-0001  4.14102564102564E-0001
 1295  5.26373626373626E-0001  4.26190476190476E-0001
 1296  5.14285714285714E-0001  4.09267399267399E-0001
 1297  5.07838827838828E-0001  4.19743589743590E-0001
 1298  5.00586080586081E-0001  4.14102564102564E-0001
 1299  4.94945054945055E-0001  4.20549450549451E-0001
 1300  4.82051282051282E-0001  4.18937728937729E-0001
 1301  4.81245421245421E-0001  4.19743589743590E-0001
 1302  4.66739926739927E-0001  4.20549450549451E-0001
 1303  4.70769230769231E-0001  3.94761904761905E-0001
 1304  4.56263736263736E-0001  4.17326007326007E-0001
 1305  4.53040293040293E-0001  4.19743589743590E-0001
 1306  4.44981684981685E-0001  4.04432234432234E-0001
 1307  4.49010989010989E-0001  4.20549450549451E-0001
 1308  4.36117216117216E-0001  4.18937728937729E-0001
 1309  4.38534798534799E-0001  4.20549450549451E-0001
 1310  4.35311355311355E-0001  4.22967032967033E-0001
 1311  4.40146520146520E-0001  4.26190476190476E-0001
 1312  4.26446886446886E-0001  4.26996336996337E-0001
 1313  4.28864468864469E-0001  4.28608058608059E-0001
 1314  4.20805860805861E-0001  4.14102564102564E-0001
 1315  4.23223443223443E-0001  4.07655677655678E-0001
 1316  4.10329670329670E-0001  4.07655677655678E-0001
 1317  4.17582417582418E-0001  4.12490842490842E-0001
 1318  4.05494505494505E-0001  4.07655677655678E-0001
 1319  4.10329670329670E-0001  4.07655677655678E-0001
 1320  4.14358974358974E-0001  4.06043956043956E-0001
 1321  4.13553113553114E-0001  4.07655677655678E-0001
 1322  4.10329670329670E-0001  4.04432234432234E-0001
 1323  4.05494505494505E-0001  4.18131868131868E-0001
 1324  4.14358974358974E-0001  4.20549450549451E-0001
 1325  4.08717948717949E-0001  4.18937728937729E-0001
 1326  4.14358974358974E-0001  4.22967032967033E-0001
 1327  4.16776556776557E-0001  4.26996336996337E-0001
 1328  4.10329670329670E-0001  4.22967032967033E-0001
 1329  4.10329670329670E-0001  4.15714285714286E-0001
 1330  4.10329670329670E-0001  4.31831501831502E-0001
 1331  3.97435897435897E-0001  4.20549450549451E-0001
 1332  4.04688644688645E-0001  4.26996336996337E-0001
 1333  4.03882783882784E-0001  4.18937728937729E-0001
 1334  4.00659340659341E-0001  4.28608058608059E-0001
 1335  4.03882783882784E-0001  4.07655677655678E-0001
 1336  4.02271062271062E-0001  4.21355311355311E-0001
 1337  4.04688644688645E-0001  4.16520146520147E-0001
 1338  3.99853479853480E-0001  4.24578754578755E-0001
 1339  4.03882783882784E-0001  4.17326007326007E-0001
 1340  4.06300366300366E-0001  4.15714285714286E-0001
 1341  4.02271062271062E-0001  4.20549450549451E-0001
 1342  4.03882783882784E-0001  4.15714285714286E-0001
 1343  4.00659340659341E-0001  4.22161172161172E-0001
 1344  4.06300366300366E-0001  4.12490842490842E-0001
 1345  3.97435897435897E-0001  4.26190476190476E-0001
 1346  4.07912087912088E-0001  4.20549450549451E-0001
 1347  4.02271062271062E-0001  4.14908424908425E-0001
 1348  4.04688644688645E-0001  4.13296703296703E-0001
 1349  3.99047619047619E-0001  4.25384615384615E-0001
 1350  4.01465201465201E-0001  4.14102564102564E-0001
 1351  4.08717948717949E-0001  3.65750915750916E-0001
 1352  1.30000000000000E+0000  3.26263736263736E-0001
 1353  1.30000000000000E+0000  3.27875457875458E-0001
 1354  1.30000000000000E+0000  3.72197802197802E-0001
 1355  1.30000000000000E+0000  3.99597069597070E-0001
 1356 -1.49472527472527E+0000  4.07655677655678E-0001
 1357 -1.48021978021978E+0000  4.14908424908425E-0001
 1358 -1.47457875457875E+0000  4.07655677655678E-0001
 1359 -1.46652014652015E+0000  4.18131868131868E-0001
 1360 -1.46007326007326E+0000  4.18937728937729E-0001
 1361 -1.46168498168498E+0000  4.18937728937729E-0001
 1362 -1.46652014652015E+0000  4.32637362637363E-0001
 1363 -1.46087912087912E+0000  4.45531135531136E-0001
 1364 -1.46168498168498E+0000  4.44725274725275E-0001
 1365 -1.46168498168498E+0000  4.39084249084249E-0001
 1366 -1.45604395604396E+0000  4.48754578754579E-0001
 1367 -1.46007326007326E+0000  4.43919413919414E-0001
 1368 -1.46168498168498E+0000  4.42307692307692E-0001
 1369 -1.46410256410256E+0000  4.33443223443223E-0001
 1370 -1.46168498168498E+0000  4.56813186813187E-0001
 1371 -1.46329670329670E+0000  4.58424908424908E-0001
 1372 -1.46007326007326E+0000  4.55201465201465E-0001
 1373 -1.45926739926740E+0000  4.59230769230769E-0001
 1374 -1.45926739926740E+0000  4.58424908424908E-0001
 1375 -1.45282051282051E+0000  4.61648351648352E-0001
 1376 -1.06761904761905E+0000  4.39890109890110E-0001
 1377  7.20586080586081E-0001  4.17326007326007E-0001
 1378  1.30000000000000E+0000  3.81868131868132E-0001
 1379  1.30000000000000E+0000  3.64945054945055E-0001
 1380  1.30000000000000E+0000  3.52857142857143E-0001
 1381  1.30000000000000E+0000  3.56080586080586E-0001
 1382  1.30000000000000E+0000  3.36739926739927E-0001
 1383  1.30000000000000E+0000  3.41575091575092E-0001
 1384  1.30000000000000E+0000  3.40769230769231E-0001
 1385  1.30000000000000E+0000  3.43186813186813E-0001
 1386  1.30000000000000E+0000  3.36739926739927E-0001
 1387  1.30000000000000E+0000  3.16593406593407E-0001
 1388  1.30000000000000E+0000  3.32710622710623E-0001
 1389  1.30000000000000E+0000  3.29487179487179E-0001
 1390  1.30000000000000E+0000  3.16593406593407E-0001
 1391  1.30000000000000E+0000  3.25457875457875E-0001
 1392  1.30000000000000E+0000  3.31904761904762E-0001
 1393  1.30000000000000E+0000  3.22234432234432E-0001
 1394  1.30000000000000E+0000  3.07728937728938E-0001
 1395  1.30000000000000E+0000  3.10146520146520E-0001
 1396  1.30000000000000E+0000  3.09340659340659E-0001
 1397  1.30000000000000E+0000  3.21428571428571E-0001
 1398  1.30000000000000E+0000  3.17399267399267E-0001
 1399  1.30000000000000E+0000  3.14175824175824E-0001
 1400  1.30000000000000E+0000  3.17399267399267E-0001
 1401  1.30000000000000E+0000  3.14175824175824E-0001
 1402  1.30000000000000E+0000  3.19816849816850E-0001
 1403  1.30000000000000E+0000  3.10952380952381E-0001
 1404  1.30000000000000E+0000  3.17399267399267E-0001
 1405  1.30000000000000E+0000  3.09340659340659E-0001
 1406  1.30000000000000E+0000  3.01282051282051E-0001
 1407  1.30000000000000E+0000  3.17399267399267E-0001
 1408  1.30000000000000E+0000  3.04505494505495E-0001
 1409  1.30000000000000E+0000  3.33516483516484E-0001
 1410  1.30000000000000E+0000  3.03699633699634E-0001
 1411  1.30000000000000E+0000  3.08534798534799E-0001
 1412  1.30000000000000E+0000  3.11758241758242E-0001
 1413  1.30000000000000E+0000  2.98058608058608E-0001
 1414  1.30000000000000E+0000  3.15787545787546E-0001
 1415  1.30000000000000E+0000  3.15787545787546E-0001
 1416  1.30000000000000E+0000  3.14175824175824E-0001
 1417  1.30000000000000E+0000  3.22234432234432E-0001
 1418  1.30000000000000E+0000  3.24652014652015E-0001
 1419  1.30000000000000E+0000  3.17399267399267E-0001
 1420  1.30000000000000E+0000  3.21428571428571E-0001
 1421  1.30000000000000E+0000  3.28681318681319E-0001
 1422  1.30000000000000E+0000  3.30293040293040E-0001
 1423  1.30000000000000E+0000  3.26263736263736E-0001
 1424  1.30000000000000E+0000  3.32710622710623E-0001
 1425  1.30000000000000E+0000  3.21428571428571E-0001
 1426  1.30000000000000E+0000  3.37545787545788E-0001
 1427  1.30000000000000E+0000  3.35128205128205E-0001
 1428  1.30000000000000E+0000  3.39963369963370E-0001
 1429  1.30000000000000E+0000  3.34322344322344E-0001
 1430  1.30000000000000E+0000  3.35934065934066E-0001
 1431  1.30000000000000E+0000  3.42380952380952E-0001
 1432  1.30000000000000E+0000  3.43186813186813E-0001
 1433  1.30000000000000E+0000  3.36739926739927E-0001
 1434  1.30000000000000E+0000  3.44798534798535E-0001
 1435  1.30000000000000E+0000  3.65750915750916E-0001
 1436  1.30000000000000E+0000  3.68974358974359E-0001
 1437  1.30000000000000E+0000  3.81868131868132E-0001
 1438  1.30000000000000E+0000  3.65750915750916E-0001
 1439  1.26131868131868E+0000  3.92344322344322E-0001
 1440  1.10981684981685E+0000  3.88315018315018E-0001
 1441  9.50256410256410E-0001  3.81868131868132E-0001
 1442  8.01978021978022E-0001  3.89926739926740E-0001
 1443  6.68205128205128E-0001  3.91538461538462E-0001
 1444  5.47326007326007E-0001  4.05238095238095E-0001
 1445  4.25641025641026E-0001  4.06849816849817E-0001
 1446  2.74139194139194E-0001  4.03626373626374E-0001
 1447  1.25860805860806E-0001  4.13296703296703E-0001
 1448  5.33333333333333E-0002  4.07655677655678E-0001
 1449 -2.08058608058608E-0002  4.12490842490842E-0001
 1450 -3.20879120879121E-0002  4.16520146520147E-0001
 1451 -9.97802197802198E-0002  4.18131868131868E-0001
 1452 -1.23150183150183E-0001  4.21355311355311E-0001
 1453 -1.90842490842491E-0001  4.07655677655678E-0001
 1454 -1.98901098901099E-0001  4.29413919413919E-0001
 1455 -2.75457875457875E-0001  4.20549450549451E-0001
 1456 -3.36703296703297E-0001  4.10073260073260E-0001
 1457 -3.63296703296703E-0001  4.25384615384615E-0001
 1458 -4.21318681318681E-0001  4.20549450549451E-0001
 1459 -4.80146520146520E-0001  4.32637362637363E-0001
 1460 -5.39780219780220E-0001  4.27802197802198E-0001
 1461 -5.82490842490842E-0001  4.30219780219780E-0001
 1462 -6.26007326007326E-0001  4.29413919413919E-0001
 1463 -6.26813186813187E-0001  4.39084249084249E-0001
 1464 -6.55824175824176E-0001  4.36666666666667E-0001
 1465 -6.67106227106227E-0001  4.18131868131868E-0001
 1466 -7.04981684981685E-0001  4.19743589743590E-0001
 1467 -7.09816849816850E-0001  4.26190476190476E-0001
 1468 -7.16263736263736E-0001  4.24578754578755E-0001
 1469 -7.27545787545788E-0001  4.33443223443223E-0001
 1470 -7.57362637362637E-0001  4.26190476190476E-0001
 1471 -7.93626373626374E-0001  4.19743589743590E-0001
 1472 -7.97655677655678E-0001  4.25384615384615E-0001
 1473 -8.12967032967033E-0001  4.58424908424908E-0001
 1474 -8.35531135531136E-0001  4.07655677655678E-0001
 1475 -8.32307692307692E-0001  4.33443223443223E-0001
 1476 -8.41978021978022E-0001  4.27802197802198E-0001
 1477 -8.46813186813187E-0001  4.25384615384615E-0001
 1478 -8.56483516483516E-0001  4.26190476190476E-0001
