 0  1.01150183150183E+0000  3.81868131868132E-0001
 1  8.98681318681319E-0001  3.81868131868132E-0001
 2  1.30000000000000E+0000  3.92344322344322E-0001
 3 -1.50549450549451E-0001  4.04432234432234E-0001
 4  1.01311355311355E+0000  3.85897435897436E-0001
 5  8.55164835164835E-0001  3.75421245421245E-0001
 6  1.30000000000000E+0000  3.85091575091575E-0001
 7 -5.86813186813187E-0002  3.99597069597070E-0001
 8  9.69597069597070E-0001  3.87509157509158E-0001
 9  8.43076923076923E-0001  3.81062271062271E-0001
 10  1.30000000000000E+0000  3.89926739926740E-0001
 11  1.16996336996337E-0001  4.04432234432234E-0001
 12  8.81758241758242E-0001  3.81868131868132E-0001
 13  9.43003663003663E-0001  3.77032967032967E-0001
 14  1.30000000000000E+0000  3.90732600732601E-0001
 15  7.75091575091575E-0002  3.81868131868132E-0001
 16  8.10036630036630E-0001  3.89120879120879E-0001
 17  2.42710622710623E-0001  4.01208791208791E-0001
 18  8.21318681318681E-0001  3.91538461538462E-0001
 19  9.04322344322344E-0001  3.84285714285714E-0001
 20  1.30000000000000E+0000  3.90732600732601E-0001
 21  1.51648351648352E-0001  4.00402930402930E-0001
 22  8.61611721611722E-0001  3.85091575091575E-0001
 23  7.37509157509158E-0001  3.81868131868132E-0001
 24  1.30000000000000E+0000  3.89926739926740E-0001
 25  2.10476190476190E-0001  4.00402930402930E-0001
 26  8.44688644688645E-0001  3.81868131868132E-0001
 27  6.49670329670330E-0001  3.77032967032967E-0001
 28  1.30000000000000E+0000  3.81868131868132E-0001
 29  2.42710622710623E-0001  4.00402930402930E-0001
 30  8.32600732600733E-0001  3.86703296703297E-0001
 31  6.13406593406593E-0001  3.81868131868132E-0001
 32  1.30000000000000E+0000  3.89926739926740E-0001
 33  2.99926739926740E-0001  4.00402930402930E-0001
 34  8.09230769230769E-0001  3.87509157509158E-0001
 35  5.69084249084249E-0001  3.85897435897436E-0001
 36  1.30000000000000E+0000  3.88315018315018E-0001
 37  3.69230769230769E-0001  3.99597069597070E-0001
 38  7.71355311355311E-0001  3.81868131868132E-0001
 39  5.61025641025641E-0001  3.81868131868132E-0001
 40  1.30000000000000E+0000  3.88315018315018E-0001
 41  3.28131868131868E-0001  3.94761904761905E-0001
 42  7.93919413919414E-0001  3.86703296703297E-0001
 43  4.34505494505495E-0001  3.83479853479853E-0001
 44  1.30000000000000E+0000  3.81868131868132E-0001
 45  2.87838827838828E-0001  3.94761904761905E-0001
 46  8.22930402930403E-0001  3.81868131868132E-0001
 47  3.18461538461538E-0001  3.90732600732601E-0001
 48  1.30000000000000E+0000  3.94761904761905E-0001
 49  8.34212454212454E-0001  3.81868131868132E-0001
 50  2.42710622710623E-0001  3.83479853479853E-0001
 51  1.30000000000000E+0000  3.79450549450549E-0001
 52  3.45860805860806E-0001  3.94761904761905E-0001
 53  7.94725274725275E-0001  3.68974358974359E-0001
 54  1.91135531135531E-0001  3.85091575091575E-0001
 55  1.30000000000000E+0000  3.86703296703297E-0001
 56  4.53040293040293E-0001  4.00402930402930E-0001
 57  7.56849816849817E-0001  3.91538461538462E-0001
 58  2.42710622710623E-0001  3.79450549450549E-0001
 59  1.30000000000000E+0000  3.78644688644689E-0001
 60  6.02124542124542E-0001  3.94761904761905E-0001
 61  6.68205128205128E-0001  3.91538461538462E-0001
 62  2.94285714285714E-0001  3.81062271062271E-0001
 63  1.30000000000000E+0000  3.81062271062271E-0001
 64  6.65787545787546E-0001  3.94761904761905E-0001
 65  6.20659340659341E-0001  3.81868131868132E-0001
 66  3.21684981684982E-0001  3.89120879120879E-0001
 67  7.18974358974359E-0001  3.94761904761905E-0001
 68  5.87619047619048E-0001  3.85091575091575E-0001
 69  1.30000000000000E+0000  3.81868131868132E-0001
 70  7.64102564102564E-0001  3.85897435897436E-0001
 71  2.24981684981685E-0001  3.86703296703297E-0001
 72  1.30000000000000E+0000  3.81062271062271E-0001
 73  7.76996336996337E-0001  3.93956043956044E-0001
 74  5.59413919413919E-0001  3.81868131868132E-0001
 75  1.52454212454212E-0001  3.81062271062271E-0001
 76  1.30000000000000E+0000  3.81062271062271E-0001
 77  8.29377289377289E-0001  3.89926739926740E-0001
 78  5.32014652014652E-0001  3.87509157509158E-0001
 79  1.49230769230769E-0001  3.85091575091575E-0001
 80  1.30000000000000E+0000  3.75421245421245E-0001
 81  9.16410256410256E-0001  3.91538461538462E-0001
 82  4.69963369963370E-0001  3.86703296703297E-0001
 83  1.96776556776557E-0001  3.87509157509158E-0001
 84  1.30000000000000E+0000  3.79450549450549E-0001
 85  1.04131868131868E+0000  3.91538461538462E-0001
 86  3.78901098901099E-0001  3.90732600732601E-0001
 87  2.49963369963370E-0001  3.86703296703297E-0001
 88  1.30000000000000E+0000  3.81868131868132E-0001
 89  1.14205128205128E+0000  3.93956043956044E-0001
 90  2.94285714285714E-0001  3.91538461538462E-0001
 91  3.24102564102564E-0001  3.89120879120879E-0001
 92  1.30000000000000E+0000  3.81868131868132E-0001
 93  1.19120879120879E+0000  3.92344322344322E-0001
 94  2.40293040293040E-0001  3.93150183150183E-0001
 95  3.18461538461538E-0001  3.87509157509158E-0001
 96  1.30000000000000E+0000  3.78644688644689E-0001
 97  1.21135531135531E+0000  3.93150183150183E-0001
 98  2.27399267399267E-0001  3.93150183150183E-0001
 99  2.41098901098901E-0001  3.89926739926740E-0001
 100  1.30000000000000E+0000  3.78644688644689E-0001
 101  1.27421245421245E+0000  3.90732600732601E-0001
 102  1.77435897435897E-0001  3.90732600732601E-0001
 103  2.19340659340659E-0001  3.78644688644689E-0001
 104  1.30000000000000E+0000  3.93956043956044E-0001
 105  1.44395604395604E-0001  3.93956043956044E-0001
 106  2.15311355311355E-0001  3.85897435897436E-0001
 107  1.30000000000000E+0000  3.81868131868132E-0001
 108  1.30000000000000E+0000  3.89120879120879E-0001
 109  1.19413919413919E-0001  3.96373626373626E-0001
 110  1.96776556776557E-0001  3.88315018315018E-0001
 111  1.30000000000000E+0000  3.75421245421245E-0001
 112  1.30000000000000E+0000  3.91538461538462E-0001
 113  9.92673992673993E-0002  3.93956043956044E-0001
 114  1.29084249084249E-0001  3.87509157509158E-0001
 115  1.30000000000000E+0000  3.70586080586081E-0001
 116  1.30000000000000E+0000  3.88315018315018E-0001
 117  1.20219780219780E-0001  3.97179487179487E-0001
 118  8.07326007326007E-0002  3.88315018315018E-0001
 119  1.30000000000000E+0000  3.73003663003663E-0001
 120  1.30000000000000E+0000  3.89926739926740E-0001
 121  1.09743589743589E-0001  3.93956043956044E-0001
 122  4.52747252747253E-0002  3.91538461538462E-0001
 123  1.30000000000000E+0000  3.73003663003663E-0001
 124  1.30000000000000E+0000  3.94761904761905E-0001
 125  3.47985347985348E-0002  3.91538461538462E-0001
 126  5.81684981684982E-0002  3.89120879120879E-0001
 127  1.30000000000000E+0000  3.70586080586081E-0001
 128  1.30000000000000E+0000  3.91538461538462E-0001
 129 -2.24175824175824E-0002  3.99597069597070E-0001
 130  6.46153846153846E-0002  3.86703296703297E-0001
 131  1.30000000000000E+0000  3.67362637362637E-0001
 132  1.30000000000000E+0000  3.89926739926740E-0001
 133 -5.22344322344322E-0002  3.93956043956044E-0001
 134  5.65567765567766E-0002  3.90732600732601E-0001
 135  1.30000000000000E+0000  3.72197802197802E-0001
 136  1.30000000000000E+0000  3.89926739926740E-0001
 137 -8.04395604395604E-0002  3.95567765567766E-0001
 138  5.17216117216117E-0002  3.91538461538462E-0001
 139  1.30000000000000E+0000  3.89926739926740E-0001
 140 -6.27106227106227E-0002  3.92344322344322E-0001
 141 -2.56410256410256E-0002  3.88315018315018E-0001
 142  1.30000000000000E+0000  3.66556776556777E-0001
 143  1.30000000000000E+0000  3.93956043956044E-0001
 144  2.99633699633700E-0002  3.89926739926740E-0001
 145  1.30000000000000E+0000  3.71391941391941E-0001
 146  1.30000000000000E+0000  3.81062271062271E-0001
 147 -1.69890109890110E-0001  3.94761904761905E-0001
 148  6.59340659340659E-0003  3.92344322344322E-0001
 149  1.30000000000000E+0000  3.64945054945055E-0001
 150  1.30000000000000E+0000  3.91538461538462E-0001
 151 -1.43296703296703E-0001  3.93150183150183E-0001
 152 -5.06227106227106E-0002  3.89926739926740E-0001
 153  1.30000000000000E+0000  3.73003663003663E-0001
 154  1.30000000000000E+0000  3.95567765567766E-0001
 155 -1.03003663003663E-0001  3.90732600732601E-0001
 156  1.30000000000000E+0000  3.64139194139194E-0001
 157  1.30000000000000E+0000  3.98791208791209E-0001
 158 -2.80586080586081E-0002  3.94761904761905E-0001
 159  1.30000000000000E+0000  3.68168498168498E-0001
 160  1.30000000000000E+0000  3.97179487179487E-0001
 161 -2.08058608058608E-0002  3.90732600732601E-0001
 162  1.30000000000000E+0000  3.68974358974359E-0001
 163  1.30000000000000E+0000  3.97179487179487E-0001
 164 -2.32234432234432E-0002  3.92344322344322E-0001
 165  1.30000000000000E+0000  3.68168498168498E-0001
 166  1.30000000000000E+0000  3.90732600732601E-0001
 167 -2.74652014652015E-0001  3.97179487179487E-0001
 168 -8.44688644688645E-0002  3.89120879120879E-0001
 169  1.30000000000000E+0000  3.68974358974359E-0001
 170  1.30000000000000E+0000  3.88315018315018E-0001
 171 -2.54505494505495E-0001  3.89120879120879E-0001
 172  1.30000000000000E+0000  3.86703296703297E-0001
 173 -2.91575091575092E-0001  3.85091575091575E-0001
 174  1.30000000000000E+0000  3.85897435897436E-0001
 175 -3.18168498168498E-0001  3.94761904761905E-0001
 176  1.30000000000000E+0000  3.85091575091575E-0001
 177 -3.14945054945055E-0001  3.92344322344322E-0001
 178  1.30000000000000E+0000  3.86703296703297E-0001
 179 -3.58461538461538E-0001  3.91538461538462E-0001
 180  1.30000000000000E+0000  3.95567765567766E-0001
 181 -5.54578754578755E-0002  3.68974358974359E-0001
 182  1.30000000000000E+0000  3.99597069597070E-0001
 183  1.22344322344322E-0002  3.91538461538462E-0001
 184  1.30000000000000E+0000  3.81868131868132E-0001
 185 -6.22783882783883E-0001  3.98791208791209E-0001
 186 -6.59340659340659E-0004  3.68974358974359E-0001
 187  1.30000000000000E+0000  3.80256410256410E-0001
 188 -6.30036630036630E-0001  4.03626373626374E-0001
 189 -2.32234432234432E-0002  3.93150183150183E-0001
 190  1.30000000000000E+0000  3.73003663003663E-0001
 191  1.30000000000000E+0000  3.81868131868132E-0001
 192 -5.63150183150183E-0001  3.88315018315018E-0001
 193  1.30000000000000E+0000  3.73003663003663E-0001
 194  1.30000000000000E+0000  4.05238095238095E-0001
 195 -2.72527472527473E-0002  3.68974358974359E-0001
 196  1.30000000000000E+0000  3.85091575091575E-0001
 197 -7.64615384615385E-0001  3.93150183150183E-0001
 198  1.30000000000000E+0000  3.84285714285714E-0001
 199 -7.22710622710623E-0001  3.88315018315018E-0001
 200  1.30000000000000E+0000  3.73809523809524E-0001
 201  1.30000000000000E+0000  3.83479853479853E-0001
 202 -7.15457875457875E-0001  4.03626373626374E-0001
 203 -7.72161172161172E-0002  3.93150183150183E-0001
 204  1.30000000000000E+0000  3.78644688644689E-0001
 205 -7.07399267399267E-0001  4.02014652014652E-0001
 206 -1.05421245421245E-0001  3.94761904761905E-0001
 207  1.30000000000000E+0000  3.73003663003663E-0001
 208  1.30000000000000E+0000  4.06043956043956E-0001
 209 -1.27179487179487E-0001  3.66556776556777E-0001
 210  1.30000000000000E+0000  4.00402930402930E-0001
 211 -1.50549450549451E-0001  3.94761904761905E-0001
 212  1.30000000000000E+0000  3.82673992673993E-0001
 213 -7.29963369963370E-0001  3.94761904761905E-0001
 214  1.30000000000000E+0000  3.81868131868132E-0001
 215 -7.43663003663004E-0001  4.01208791208791E-0001
 216 -1.81172161172161E-0001  3.73003663003663E-0001
 217  1.30000000000000E+0000  4.03626373626374E-0001
 218 -2.02930402930403E-0001  3.65750915750916E-0001
 219  1.30000000000000E+0000  3.94761904761905E-0001
 220  1.30000000000000E+0000  3.81868131868132E-0001
 221 -8.62930402930403E-0001  3.94761904761905E-0001
 222  1.30000000000000E+0000  3.70586080586081E-0001
 223  1.30000000000000E+0000  3.79450549450549E-0001
 224 -9.21758241758242E-0001  4.02014652014652E-0001
 225 -1.86007326007326E-0001  3.94761904761905E-0001
 226  1.30000000000000E+0000  3.70586080586081E-0001
 227  1.30000000000000E+0000  3.80256410256410E-0001
 228 -9.33846153846154E-0001  4.04432234432234E-0001
 229 -2.02124542124542E-0001  3.76227106227106E-0001
 230  1.30000000000000E+0000  3.77838827838828E-0001
 231 -9.35457875457875E-0001  4.10073260073260E-0001
 232 -2.11794871794872E-0001  3.94761904761905E-0001
 233  1.30000000000000E+0000  3.77032967032967E-0001
 234  1.30000000000000E+0000  4.04432234432234E-0001
 235 -2.52893772893773E-0001  3.94761904761905E-0001
 236  1.30000000000000E+0000  3.72197802197802E-0001
 237  1.30000000000000E+0000  4.07655677655678E-0001
 238 -2.90769230769231E-0001  3.68168498168498E-0001
 239  1.30000000000000E+0000  4.04432234432234E-0001
 240 -3.36703296703297E-0001  3.68974358974359E-0001
 241  1.30000000000000E+0000  4.00402930402930E-0001
 242 -3.97948717948718E-0001  3.68974358974359E-0001
 243  1.30000000000000E+0000  4.02014652014652E-0001
 244 -4.00366300366300E-0001  3.64139194139194E-0001
 245  1.30000000000000E+0000  3.99597069597070E-0001
 246 -4.01172161172161E-0001  3.67362637362637E-0001
 247  1.30000000000000E+0000  3.97985347985348E-0001
 248 -3.98754578754579E-0001  3.64139194139194E-0001
 249  1.30000000000000E+0000  4.03626373626374E-0001
 250 -3.85860805860806E-0001  3.68974358974359E-0001
 251  1.30000000000000E+0000  4.06043956043956E-0001
 252 -3.97948717948718E-0001  3.66556776556777E-0001
 253  1.30000000000000E+0000  4.03626373626374E-0001
 254 -3.93919413919414E-0001  3.68168498168498E-0001
 255  1.30000000000000E+0000  4.01208791208791E-0001
 256 -3.81831501831502E-0001  3.65750915750916E-0001
 257  1.30000000000000E+0000  4.06043956043956E-0001
 258 -3.79413919413919E-0001  3.68168498168498E-0001
 259  1.30000000000000E+0000  4.06849816849817E-0001
 260 -3.64102564102564E-0001  3.74615384615385E-0001
 261 -1.21589743589744E+0000  3.68168498168498E-0001
 262  1.30000000000000E+0000  3.72197802197802E-0001
 263 -1.23926739926740E+0000  3.76227106227106E-0001
 264  1.30000000000000E+0000  3.99597069597070E-0001
 265  1.30000000000000E+0000  4.07655677655678E-0001
 266 -3.64102564102564E-0001  3.73809523809524E-0001
 267 -1.28439560439560E+0000  3.68168498168498E-0001
 268  1.30000000000000E+0000  3.73003663003663E-0001
 269 -1.33919413919414E+0000  3.68974358974359E-0001
 270  1.30000000000000E+0000  4.00402930402930E-0001
 271  1.30000000000000E+0000  4.13296703296703E-0001
 272 -3.89084249084249E-0001  3.75421245421245E-0001
 273 -1.36498168498168E+0000  4.05238095238095E-0001
 274  1.30000000000000E+0000  3.75421245421245E-0001
 275 -1.36981684981685E+0000  4.03626373626374E-0001
 276  1.30000000000000E+0000  3.80256410256410E-0001
 277 -1.40043956043956E+0000  4.00402930402930E-0001
 278  1.30000000000000E+0000  3.74615384615385E-0001
 279 -1.39882783882784E+0000  4.01208791208791E-0001
 280  1.30000000000000E+0000  3.66556776556777E-0001
 281 -1.39882783882784E+0000  3.94761904761905E-0001
 282  1.30000000000000E+0000  3.65750915750916E-0001
 283 -1.40124542124542E+0000  4.02820512820513E-0001
 284  1.30000000000000E+0000  3.68168498168498E-0001
 285 -1.40043956043956E+0000  4.02820512820513E-0001
 286  1.30000000000000E+0000  3.68168498168498E-0001
 287 -1.40043956043956E+0000  4.01208791208791E-0001
 288  1.30000000000000E+0000  3.65750915750916E-0001
 289 -1.39963369963370E+0000  4.07655677655678E-0001
 290  1.30000000000000E+0000  3.65750915750916E-0001
 291  1.30000000000000E+0000  4.07655677655678E-0001
 292 -3.89890109890110E-0001  3.66556776556777E-0001
 293  1.30000000000000E+0000  3.67362637362637E-0001
 294 -1.40124542124542E+0000  4.02014652014652E-0001
 295  1.30000000000000E+0000  4.05238095238095E-0001
 296 -3.76190476190476E-0001  3.65750915750916E-0001
 297 -1.40124542124542E+0000  3.64945054945055E-0001
 298  1.30000000000000E+0000  3.73003663003663E-0001
 299 -1.39963369963370E+0000  3.62527472527473E-0001
 300  1.30000000000000E+0000  3.63333333333333E-0001
 301  1.30000000000000E+0000  4.03626373626374E-0001
 302  1.30000000000000E+0000  4.07655677655678E-0001
 303 -3.29450549450549E-0001  4.14908424908425E-0001
 304 -3.24615384615385E-0001  4.06849816849817E-0001
 305 -3.18974358974359E-0001  3.70586080586081E-0001
 306 -1.39882783882784E+0000  4.07655677655678E-0001
 307 -3.14139194139194E-0001  3.70586080586081E-0001
 308 -1.39802197802198E+0000  3.99597069597070E-0001
 309  1.30000000000000E+0000  3.69780219780220E-0001
 310 -1.39802197802198E+0000  4.04432234432234E-0001
 311  1.30000000000000E+0000  4.06849816849817E-0001
 312 -2.69010989010989E-0001  3.62527472527473E-0001
 313  1.30000000000000E+0000  4.06043956043956E-0001
 314  1.30000000000000E+0000  4.07655677655678E-0001
 315 -2.49670329670330E-0001  3.65750915750916E-0001
 316  7.23809523809524E-0001  3.53663003663004E-0001
 317  1.30000000000000E+0000  3.92344322344322E-0001
 318 -2.15018315018315E-0001  3.94761904761905E-0001
 319  1.30000000000000E+0000  3.76227106227106E-0001
 320  5.77948717948718E-0001  3.92344322344322E-0001
 321 -2.14212454212454E-0001  3.73809523809524E-0001
 322  1.30000000000000E+0000  3.87509157509158E-0001
 323 -1.87619047619048E-0001  3.71391941391941E-0001
 324  1.30000000000000E+0000  3.81868131868132E-0001
 325 -1.88424908424908E-0001  3.77032967032967E-0001
 326 -1.57802197802198E-0001  3.64139194139194E-0001
 327 -1.36043956043956E-0001  3.68974358974359E-0001
 328  1.30000000000000E+0000  3.77838827838828E-0001
 329  1.30000000000000E+0000  3.68974358974359E-0001
 330  1.30000000000000E+0000  3.79450549450549E-0001
 331  1.30000000000000E+0000  3.73809523809524E-0001
 332  1.30000000000000E+0000  3.94761904761905E-0001
 333  6.24688644688645E-0001  3.82673992673993E-0001
 334  1.30000000000000E+0000  4.00402930402930E-0001
 335 -1.01391941391941E-0001  3.92344322344322E-0001
 336  1.30000000000000E+0000  3.94761904761905E-0001
 337 -1.02732600732601E+0000  4.02014652014652E-0001
 338  1.30000000000000E+0000  3.94761904761905E-0001
 339 -1.07164835164835E+0000  3.98791208791209E-0001
 340  1.30000000000000E+0000  3.94761904761905E-0001
 341 -1.40527472527473E+0000  4.08461538461538E-0001
 342  1.30000000000000E+0000  3.94761904761905E-0001
 343 -1.41010989010989E+0000  4.05238095238095E-0001
 344  1.30000000000000E+0000  3.60109890109890E-0001
 345  5.57509157509158E-0002  3.80256410256410E-0001
 346  1.30000000000000E+0000  3.94761904761905E-0001
 347 -1.41172161172161E+0000  4.10073260073260E-0001
 348  1.30000000000000E+0000  3.62527472527473E-0001
 349  4.93040293040293E-0002  3.81868131868132E-0001
 350  1.30000000000000E+0000  4.04432234432234E-0001
 351  1.30000000000000E+0000  3.94761904761905E-0001
 352 -1.41010989010989E+0000  3.79450549450549E-0001
 353  1.30000000000000E+0000  3.56080586080586E-0001
 354  1.08937728937728E-0001  3.83479853479853E-0001
 355  1.30000000000000E+0000  4.01208791208791E-0001
 356 -1.40446886446886E+0000  4.16520146520147E-0001
 357  1.30000000000000E+0000  3.71391941391941E-0001
 358  1.70989010989011E-0001  3.90732600732601E-0001
 359  1.30000000000000E+0000  4.05238095238095E-0001
 360  1.30000000000000E+0000  4.07655677655678E-0001
 361  1.30000000000000E+0000  3.94761904761905E-0001
 362 -1.40608058608059E+0000  4.07655677655678E-0001
 363  1.30000000000000E+0000  4.10073260073260E-0001
 364  1.30000000000000E+0000  4.07655677655678E-0001
 365  1.30000000000000E+0000  4.05238095238095E-0001
 366  1.30000000000000E+0000  3.82673992673993E-0001
 367  1.30000000000000E+0000  3.84285714285714E-0001
 368  1.30000000000000E+0000  4.02820512820513E-0001
 369 -1.40608058608059E+0000  3.61721611721612E-0001
 370  3.32967032967033E-0001  3.88315018315018E-0001
 371  1.30000000000000E+0000  3.94761904761905E-0001
 372 -1.40527472527473E+0000  3.87509157509158E-0001
 373  1.30000000000000E+0000  3.56080586080586E-0001
 374  3.66007326007326E-0001  4.06043956043956E-0001
 375  1.30000000000000E+0000  3.59304029304029E-0001
 376  3.91794871794872E-0001  4.02820512820513E-0001
 377 -1.40527472527473E+0000  3.83479853479853E-0001
 378  1.30000000000000E+0000  4.10879120879121E-0001
 379  1.30000000000000E+0000  3.56080586080586E-0001
 380  3.76483516483516E-0001  4.14908424908425E-0001
 381  1.30000000000000E+0000  3.89120879120879E-0001
 382  1.30000000000000E+0000  3.94761904761905E-0001
 383 -1.40446886446886E+0000  3.56080586080586E-0001
 384  4.16776556776557E-0001  4.09267399267399E-0001
 385  1.30000000000000E+0000  3.94761904761905E-0001
 386 -1.40446886446886E+0000  3.85897435897436E-0001
 387  1.30000000000000E+0000  4.07655677655678E-0001
 388  1.30000000000000E+0000  3.94761904761905E-0001
 389 -1.40527472527473E+0000  3.94761904761905E-0001
 390 -1.28197802197802E+0000  3.56080586080586E-0001
 391  5.46520146520147E-0001  3.63333333333333E-0001
 392  5.83589743589744E-0001  3.88315018315018E-0001
 393  1.30000000000000E+0000  3.85897435897436E-0001
 394  1.30000000000000E+0000  4.07655677655678E-0001
 395  1.30000000000000E+0000  4.00402930402930E-0001
 396 -9.85421245421245E-0001  3.60109890109890E-0001
 397  6.93186813186813E-0001  3.94761904761905E-0001
 398 -9.43516483516484E-0001  3.94761904761905E-0001
 399 -8.74212454212454E-0001  3.94761904761905E-0001
 400 -7.78315018315018E-0001  3.94761904761905E-0001
 401 -6.75970695970696E-0001  3.94761904761905E-0001
 402 -6.12307692307692E-0001  3.93150183150183E-0001
 403 -4.61611721611722E-0001  4.03626373626374E-0001
 404  1.03487179487179E+0000  4.04432234432234E-0001
 405  9.70402930402930E-0001  3.91538461538462E-0001
 406  1.30000000000000E+0000  3.89120879120879E-0001
 407  1.30000000000000E+0000  3.85897435897436E-0001
 408  1.30000000000000E+0000  3.81062271062271E-0001
 409  1.02600732600733E+0000  3.80256410256410E-0001
 410  1.09772893772894E+0000  3.74615384615385E-0001
 411  1.12996336996337E+0000  3.94761904761905E-0001
 412  3.31868131868132E-0002  3.94761904761905E-0001
 413  1.99194139194139E-0001  4.01208791208791E-0001
 414  7.43956043956044E-0001  3.94761904761905E-0001
 415  3.25714285714286E-0001  3.81062271062271E-0001
 416  1.10901098901099E+0000  3.94761904761905E-0001
 417  1.30000000000000E+0000  3.94761904761905E-0001
 418  5.20732600732601E-0001  4.02820512820513E-0001
 419  5.89230769230769E-0001  3.79450549450549E-0001
 420  1.12673992673993E+0000  3.93150183150183E-0001
 421  1.30000000000000E+0000  3.93150183150183E-0001
 422  1.28549450549451E+0000  3.93956043956044E-0001
 423  1.20732600732601E+0000  3.88315018315018E-0001
 424  1.08967032967033E+0000  3.82673992673993E-0001
 425  1.27421245421245E+0000  3.81062271062271E-0001
 426  1.30000000000000E+0000  3.81868131868132E-0001
 427  1.30000000000000E+0000  3.94761904761905E-0001
 428  8.07619047619048E-0001  3.93150183150183E-0001
 429  8.34212454212454E-0001  3.93956043956044E-0001
 430  7.99560439560440E-0001  3.92344322344322E-0001
 431  8.83369963369963E-0001  3.92344322344322E-0001
 432  9.51868131868132E-0001  3.94761904761905E-0001
 433  4.11941391941392E-0001  3.93150183150183E-0001
 434  3.70842490842491E-0001  3.89926739926740E-0001
 435  3.28937728937729E-0001  3.86703296703297E-0001
 436  1.30000000000000E+0000  3.85091575091575E-0001
 437  1.30000000000000E+0000  3.93150183150183E-0001
 438  1.17025641025641E+0000  3.85091575091575E-0001
 439  1.17912087912088E+0000  3.93956043956044E-0001
 440  2.70915750915751E-0001  3.91538461538462E-0001
 441  2.31428571428571E-0001  3.88315018315018E-0001
 442  2.16117216117216E-0001  3.92344322344322E-0001
 443  1.30000000000000E+0000  3.89926739926740E-0001
 444  1.30000000000000E+0000  3.85897435897436E-0001
 445  1.30000000000000E+0000  3.98791208791209E-0001
 446  1.30000000000000E+0000  3.91538461538462E-0001
 447  2.66080586080586E-0001  3.95567765567766E-0001
 448 -9.81684981684982E-0002  3.94761904761905E-0001
 449  2.81391941391941E-0001  4.03626373626374E-0001
 450  2.60439560439560E-0001  3.94761904761905E-0001
 451  2.00000000000000E-0001  4.03626373626374E-0001
 452  2.29816849816850E-0001  4.00402930402930E-0001
 453  2.44322344322344E-0001  4.03626373626374E-0001
 454  2.97509157509158E-0001  3.93956043956044E-0001
 455  1.30000000000000E+0000  3.88315018315018E-0001
 456  1.30000000000000E+0000  3.93150183150183E-0001
 457  1.30000000000000E+0000  3.88315018315018E-0001
 458  1.30000000000000E+0000  3.93956043956044E-0001
 459 -4.08424908424908E-0001  3.93150183150183E-0001
 460  1.30000000000000E+0000  3.87509157509158E-0001
 461  1.30000000000000E+0000  3.85897435897436E-0001
 462  1.30000000000000E+0000  3.92344322344322E-0001
 463  1.30000000000000E+0000  3.94761904761905E-0001
 464  2.91575091575092E-0002  4.02820512820513E-0001
 465 -3.20879120879121E-0002  4.07655677655678E-0001
 466 -1.12673992673992E-0001  3.94761904761905E-0001
 467 -1.82783882783883E-0001  4.01208791208791E-0001
 468 -2.16630036630037E-0001  3.81868131868132E-0001
 469 -3.86666666666667E-0001  3.68974358974359E-0001
 470  1.30000000000000E+0000  3.97179487179487E-0001
 471  1.30000000000000E+0000  3.93956043956044E-0001
 472  1.30000000000000E+0000  4.02820512820513E-0001
 473 -2.21465201465201E-0001  4.02014652014652E-0001
 474 -2.15018315018315E-0001  3.81868131868132E-0001
 475 -5.84908424908425E-0001  3.81868131868132E-0001
 476 -6.18754578754579E-0001  3.76227106227106E-0001
 477  1.30000000000000E+0000  3.92344322344322E-0001
 478  1.30000000000000E+0000  3.93956043956044E-0001
 479  1.30000000000000E+0000  3.95567765567766E-0001
 480  1.30000000000000E+0000  4.05238095238095E-0001
 481 -2.80293040293040E-0001  3.75421245421245E-0001
 482 -7.02564102564103E-0001  4.02820512820513E-0001
 483 -3.01245421245421E-0001  3.81868131868132E-0001
 484 -6.78388278388278E-0001  3.69780219780220E-0001
 485  1.30000000000000E+0000  3.97179487179487E-0001
 486  1.30000000000000E+0000  3.96373626373626E-0001
 487  1.30000000000000E+0000  4.02820512820513E-0001
 488 -4.24542124542125E-0001  4.00402930402930E-0001
 489 -4.53553113553114E-0001  3.94761904761905E-0001
 490 -4.70476190476190E-0001  3.77032967032967E-0001
 491 -6.89670329670330E-0001  3.73809523809524E-0001
 492 -6.92893772893773E-0001  3.71391941391941E-0001
 493 -7.21098901098901E-0001  3.73003663003663E-0001
 494 -7.31575091575092E-0001  3.73003663003663E-0001
 495 -7.50915750915751E-0001  4.04432234432234E-0001
 496 -5.01904761904762E-0001  4.02820512820513E-0001
 497 -5.05128205128205E-0001  4.05238095238095E-0001
 498 -5.13992673992674E-0001  4.03626373626374E-0001
 499 -5.18021978021978E-0001  4.00402930402930E-0001
 500 -5.22857142857143E-0001  3.94761904761905E-0001
 501 -5.18021978021978E-0001  3.96373626373626E-0001
 502  1.30000000000000E+0000  3.98791208791209E-0001
 503  1.30000000000000E+0000  3.68168498168498E-0001
 504  1.30000000000000E+0000  3.93956043956044E-0001
 505  1.30000000000000E+0000  3.98791208791209E-0001
 506  1.30000000000000E+0000  3.97985347985348E-0001
 507  1.30000000000000E+0000  3.75421245421245E-0001
 508  1.30000000000000E+0000  3.67362637362637E-0001
 509  1.30000000000000E+0000  3.67362637362637E-0001
 510  1.30000000000000E+0000  3.64139194139194E-0001
 511  1.30000000000000E+0000  3.67362637362637E-0001
 512 -1.05794871794872E+0000  3.94761904761905E-0001
 513  1.30000000000000E+0000  3.65750915750916E-0001
 514  1.30000000000000E+0000  3.68974358974359E-0001
 515 -1.26908424908425E+0000  4.11684981684982E-0001
 516 -4.93846153846154E-0001  4.00402930402930E-0001
 517  1.30000000000000E+0000  3.68168498168498E-0001
 518  1.30000000000000E+0000  3.68974358974359E-0001
 519 -1.39802197802198E+0000  4.12490842490842E-0001
 520 -4.93040293040293E-0001  4.11684981684982E-0001
 521 -5.09963369963370E-0001  4.07655677655678E-0001
 522 -5.11575091575092E-0001  4.06043956043956E-0001
 523 -5.07545787545788E-0001  4.07655677655678E-0001
 524 -5.10769230769231E-0001  3.68974358974359E-0001
 525 -1.35369963369963E+0000  3.65750915750916E-0001
 526  1.30000000000000E+0000  3.65750915750916E-0001
 527  1.30000000000000E+0000  3.64945054945055E-0001
 528  1.30000000000000E+0000  4.03626373626374E-0001
 529  1.30000000000000E+0000  3.64139194139194E-0001
 530  1.30000000000000E+0000  3.66556776556777E-0001
 531 -1.39963369963370E+0000  4.06043956043956E-0001
 532 -4.88205128205128E-0001  3.67362637362637E-0001
 533  1.30000000000000E+0000  3.68168498168498E-0001
 534 -1.39802197802198E+0000  4.10073260073260E-0001
 535 -4.69670329670330E-0001  4.02014652014652E-0001
 536  1.30000000000000E+0000  3.65750915750916E-0001
 537  1.30000000000000E+0000  3.69780219780220E-0001
 538 -1.40285714285714E+0000  4.10879120879121E-0001
 539 -4.43076923076923E-0001  3.99597069597070E-0001
 540  1.30000000000000E+0000  3.67362637362637E-0001
 541  1.30000000000000E+0000  4.15714285714286E-0001
 542 -4.22124542124542E-0001  4.02014652014652E-0001
 543  1.30000000000000E+0000  3.67362637362637E-0001
 544  1.30000000000000E+0000  3.66556776556777E-0001
 545 -1.39641025641026E+0000  3.69780219780220E-0001
 546  1.30000000000000E+0000  3.72197802197802E-0001
 547  1.30000000000000E+0000  4.01208791208791E-0001
 548  1.30000000000000E+0000  4.03626373626374E-0001
 549  1.30000000000000E+0000  4.07655677655678E-0001
 550 -3.71355311355311E-0001  4.12490842490842E-0001
 551 -3.63296703296703E-0001  3.98791208791209E-0001
 552  1.30000000000000E+0000  3.72197802197802E-0001
 553 -1.39479853479853E+0000  4.01208791208791E-0001
 554 -3.02051282051282E-0001  4.04432234432234E-0001
 555  1.30000000000000E+0000  3.70586080586081E-0001
 556  1.30000000000000E+0000  3.72197802197802E-0001
 557  9.05934065934066E-0001  4.07655677655678E-0001
 558  1.30000000000000E+0000  3.79450549450549E-0001
 559  1.30000000000000E+0000  3.68974358974359E-0001
 560  1.30000000000000E+0000  3.93956043956044E-0001
 561 -2.24688644688645E-0001  4.06043956043956E-0001
 562 -1.40285714285714E+0000  4.14102564102564E-0001
 563 -1.42622710622711E+0000  4.10073260073260E-0001
 564  1.30000000000000E+0000  3.75421245421245E-0001
 565  1.30000000000000E+0000  3.79450549450549E-0001
 566 -1.57802197802198E-0001  3.81868131868132E-0001
 567 -1.57802197802198E-0001  4.03626373626374E-0001
 568 -1.40446886446886E+0000  3.86703296703297E-0001
 569  1.30000000000000E+0000  3.81868131868132E-0001
 570 -1.25567765567766E-0001  4.14102564102564E-0001
 571  1.30000000000000E+0000  3.81868131868132E-0001
 572  1.30000000000000E+0000  3.64945054945055E-0001
 573 -5.46520146520147E-0002  4.04432234432234E-0001
 574 -1.40285714285714E+0000  4.11684981684982E-0001
 575  1.30000000000000E+0000  4.05238095238095E-0001
 576 -1.39963369963370E+0000  4.13296703296703E-0001
 577  1.30000000000000E+0000  4.07655677655678E-0001
 578 -1.40366300366300E+0000  4.02820512820513E-0001
 579 -1.40205128205128E+0000  3.65750915750916E-0001
 580  3.23809523809524E-0002  3.81868131868132E-0001
 581  1.30000000000000E+0000  3.88315018315018E-0001
 582  1.30000000000000E+0000  4.16520146520147E-0001
 583  1.30000000000000E+0000  3.80256410256410E-0001
 584  1.30000000000000E+0000  4.13296703296703E-0001
 585  1.30000000000000E+0000  4.03626373626374E-0001
 586 -1.39882783882784E+0000  4.13296703296703E-0001
 587 -1.40124542124542E+0000  4.06849816849817E-0001
 588 -1.39963369963370E+0000  3.68168498168498E-0001
 589  1.68571428571429E-0001  3.99597069597070E-0001
 590 -1.40205128205128E+0000  3.98791208791209E-0001
 591 -1.40205128205128E+0000  4.14908424908425E-0001
 592  1.30000000000000E+0000  3.81868131868132E-0001
 593  1.30000000000000E+0000  3.64945054945055E-0001
 594  2.67692307692308E-0001  4.00402930402930E-0001
 595 -1.40205128205128E+0000  3.86703296703297E-0001
 596  1.30000000000000E+0000  4.01208791208791E-0001
 597 -1.40205128205128E+0000  3.98791208791209E-0001
 598 -1.40366300366300E+0000  4.07655677655678E-0001
 599  1.30000000000000E+0000  3.94761904761905E-0001
 600 -1.40285714285714E+0000  3.93150183150183E-0001
 601 -1.40205128205128E+0000  4.01208791208791E-0001
 602 -1.40285714285714E+0000  3.99597069597070E-0001
 603 -1.40124542124542E+0000  4.03626373626374E-0001
 604 -1.40205128205128E+0000  3.58498168498168E-0001
 605  5.36043956043956E-0001  3.90732600732601E-0001
 606  1.30000000000000E+0000  3.60109890109890E-0001
 607  5.42490842490842E-0001  3.85897435897436E-0001
 608  1.30000000000000E+0000  3.81062271062271E-0001
 609  1.30000000000000E+0000  3.81868131868132E-0001
 610  1.30000000000000E+0000  3.87509157509158E-0001
 611  1.30000000000000E+0000  3.81868131868132E-0001
 612  1.30000000000000E+0000  4.07655677655678E-0001
 613  1.30000000000000E+0000  3.87509157509158E-0001
 614  1.30000000000000E+0000  4.10879120879121E-0001
 615  1.30000000000000E+0000  4.07655677655678E-0001
 616  1.28065934065934E+0000  3.97985347985348E-0001
 617 -9.12087912087912E-0001  3.94761904761905E-0001
 618 -8.76630036630037E-0001  3.61721611721612E-0001
 619  6.68205128205128E-0001  3.98791208791209E-0001
 620 -8.29084249084249E-0001  3.64945054945055E-0001
 621  6.86739926739927E-0001  3.64139194139194E-0001
 622  6.91575091575092E-0001  3.60915750915751E-0001
 623  6.65787545787546E-0001  3.55274725274725E-0001
 624  6.55311355311355E-0001  3.99597069597070E-0001
 625 -4.99487179487179E-0001  3.98791208791209E-0001
 626 -4.47912087912088E-0001  4.00402930402930E-0001
 627 -3.76996336996337E-0001  4.04432234432234E-0001
 628 -3.32673992673993E-0001  4.07655677655678E-0001
 629  9.90549450549451E-0001  4.04432234432234E-0001
 630 -1.50549450549451E-0001  3.97985347985348E-0001
 631 -1.44102564102564E-0001  4.01208791208791E-0001
 632 -8.04395604395604E-0002  3.98791208791209E-0001
 633  1.46520146520146E-0002  4.04432234432234E-0001
 634  8.61611721611722E-0001  4.02820512820513E-0001
 635  8.60805860805861E-0001  3.90732600732601E-0001
 636  1.30000000000000E+0000  3.81062271062271E-0001
 637  9.78461538461538E-0001  4.00402930402930E-0001
 638  2.37069597069597E-0001  4.02014652014652E-0001
 639  7.68937728937729E-0001  3.82673992673993E-0001
 640  1.05501831501832E+0000  3.91538461538462E-0001
 641  3.40219780219780E-0001  3.81062271062271E-0001
 642  1.09208791208791E+0000  3.81868131868132E-0001
 643  1.12754578754579E+0000  3.94761904761905E-0001
 644  1.09934065934066E+0000  3.85897435897436E-0001
 645  1.15816849816850E+0000  3.97179487179487E-0001
 646  4.92527472527473E-0001  4.02820512820513E-0001
 647  6.33553113553114E-0001  3.92344322344322E-0001
 648  9.72820512820513E-0001  3.92344322344322E-0001
 649  1.28549450549451E+0000  4.05238095238095E-0001
 650  6.26300366300366E-0001  4.02014652014652E-0001
 651  5.61025641025641E-0001  3.81868131868132E-0001
 652  1.30000000000000E+0000  3.94761904761905E-0001
 653  7.21391941391941E-0001  3.99597069597070E-0001
 654  5.49743589743590E-0001  3.90732600732601E-0001
 655  5.94065934065934E-0001  3.81868131868132E-0001
 656  1.30000000000000E+0000  4.05238095238095E-0001
 657  3.77289377289377E-0001  4.02820512820513E-0001
 658  3.44249084249084E-0001  3.93150183150183E-0001
 659  1.06468864468864E+0000  3.94761904761905E-0001
 660  3.20073260073260E-0001  3.97985347985348E-0001
 661  1.09934065934066E+0000  3.89120879120879E-0001
 662  1.15736263736264E+0000  3.89120879120879E-0001
 663  1.17992673992674E+0000  3.96373626373626E-0001
 664  3.91794871794872E-0001  3.91538461538462E-0001
 665  1.30000000000000E+0000  3.97985347985348E-0001
 666  3.51501831501832E-0001  3.89926739926740E-0001
 667  1.30000000000000E+0000  3.94761904761905E-0001
 668  6.59340659340659E-0003  3.98791208791209E-0001
 669  2.42710622710623E-0001  3.89926739926740E-0001
 670  1.30000000000000E+0000  3.87509157509158E-0001
 671  1.30000000000000E+0000  4.02820512820513E-0001
 672  1.30695970695971E-0001  3.88315018315018E-0001
 673  1.30000000000000E+0000  3.92344322344322E-0001
 674 -1.77948717948718E-0001  3.97985347985348E-0001
 675  9.52380952380952E-0002  3.84285714285714E-0001
 676  1.30000000000000E+0000  3.98791208791209E-0001
 677  3.36996336996337E-0003  3.91538461538462E-0001
 678  1.30000000000000E+0000  3.89926739926740E-0001
 679 -2.81904761904762E-0001  3.90732600732601E-0001
 680 -3.27032967032967E-0001  3.98791208791209E-0001
 681 -6.91575091575092E-0002  4.01208791208791E-0001
 682 -8.28571428571429E-0002  3.85091575091575E-0001
 683 -3.23003663003663E-0001  3.73003663003663E-0001
 684  1.30000000000000E+0000  3.89120879120879E-0001
 685 -3.68131868131868E-0001  3.76227106227106E-0001
 686  1.30000000000000E+0000  3.93150183150183E-0001
 687  1.30000000000000E+0000  3.76227106227106E-0001
 688  1.30000000000000E+0000  3.77032967032967E-0001
 689  1.30000000000000E+0000  3.76227106227106E-0001
 690  1.30000000000000E+0000  3.76227106227106E-0001
 691  1.30000000000000E+0000  3.75421245421245E-0001
 692  1.30000000000000E+0000  3.71391941391941E-0001
 693  1.30000000000000E+0000  3.73809523809524E-0001
 694  1.30000000000000E+0000  3.74615384615385E-0001
 695  1.30000000000000E+0000  3.71391941391941E-0001
 696  1.30000000000000E+0000  3.68168498168498E-0001
 697  1.30000000000000E+0000  3.93956043956044E-0001
 698  1.30000000000000E+0000  4.06849816849817E-0001
 699 -2.56923076923077E-0001  4.07655677655678E-0001
 700 -2.80293040293040E-0001  3.93956043956044E-0001
 701  1.30000000000000E+0000  3.75421245421245E-0001
 702  1.30000000000000E+0000  3.78644688644689E-0001
 703 -7.54945054945055E-0001  4.07655677655678E-0001
 704 -3.58461538461538E-0001  3.94761904761905E-0001
 705  1.30000000000000E+0000  3.73809523809524E-0001
 706  1.30000000000000E+0000  4.03626373626374E-0001
 707 -3.65714285714286E-0001  3.94761904761905E-0001
 708  1.30000000000000E+0000  3.71391941391941E-0001
 709  1.30000000000000E+0000  3.84285714285714E-0001
 710 -8.01684981684982E-0001  3.97985347985348E-0001
 711  1.30000000000000E+0000  3.73003663003663E-0001
 712 -8.24249084249084E-0001  3.73003663003663E-0001
 713 -8.08131868131868E-0001  3.74615384615385E-0001
 714 -8.35531135531136E-0001  3.73003663003663E-0001
 715 -8.22637362637363E-0001  3.81868131868132E-0001
 716 -8.57289377289377E-0001  4.06849816849817E-0001
 717 -5.09157509157509E-0001  4.00402930402930E-0001
 718  1.30000000000000E+0000  3.68974358974359E-0001
 719  1.30000000000000E+0000  3.67362637362637E-0001
 720 -9.39487179487179E-0001  3.92344322344322E-0001
 721  1.30000000000000E+0000  3.68974358974359E-0001
 722 -1.02249084249084E+0000  3.99597069597070E-0001
 723  1.30000000000000E+0000  3.66556776556777E-0001
 724 -1.16271062271062E+0000  3.94761904761905E-0001
 725  1.30000000000000E+0000  3.74615384615385E-0001
 726  1.30000000000000E+0000  3.68974358974359E-0001
 727 -1.36498168498168E+0000  4.12490842490842E-0001
 728 -4.89010989010989E-0001  3.73003663003663E-0001
 729  1.30000000000000E+0000  3.72197802197802E-0001
 730 -1.39560439560440E+0000  4.10879120879121E-0001
 731 -5.10769230769231E-0001  3.68974358974359E-0001
 732  1.30000000000000E+0000  4.14908424908425E-0001
 733 -5.32527472527473E-0001  3.68168498168498E-0001
 734  1.30000000000000E+0000  4.06849816849817E-0001
 735 -5.51062271062271E-0001  4.10073260073260E-0001
 736  1.30000000000000E+0000  3.64945054945055E-0001
 737  1.30000000000000E+0000  3.68168498168498E-0001
 738 -1.38593406593407E+0000  4.00402930402930E-0001
 739  1.30000000000000E+0000  3.66556776556777E-0001
 740 -1.40043956043956E+0000  4.04432234432234E-0001
 741  1.30000000000000E+0000  3.68974358974359E-0001
 742 -1.39802197802198E+0000  4.03626373626374E-0001
 743  1.30000000000000E+0000  4.02014652014652E-0001
 744  1.30000000000000E+0000  4.16520146520147E-0001
 745 -4.84981684981685E-0001  4.14102564102564E-0001
 746 -4.72087912087912E-0001  3.73003663003663E-0001
 747 -1.39560439560440E+0000  3.76227106227106E-0001
 748 -1.39560439560440E+0000  3.67362637362637E-0001
 749  1.30000000000000E+0000  4.07655677655678E-0001
 750  1.30000000000000E+0000  3.67362637362637E-0001
 751  1.30000000000000E+0000  4.03626373626374E-0001
 752  1.30000000000000E+0000  4.04432234432234E-0001
 753  1.30000000000000E+0000  4.12490842490842E-0001
 754 -4.30989010989011E-0001  4.14908424908425E-0001
 755 -4.29377289377289E-0001  4.16520146520147E-0001
 756 -4.20512820512821E-0001  4.13296703296703E-0001
 757 -4.18901098901099E-0001  4.06043956043956E-0001
 758  1.30000000000000E+0000  3.93150183150183E-0001
 759  1.30000000000000E+0000  3.78644688644689E-0001
 760 -1.39479853479853E+0000  3.77838827838828E-0001
 761 -1.39318681318681E+0000  4.14908424908425E-0001
 762 -3.91501831501832E-0001  4.15714285714286E-0001
 763 -3.89084249084249E-0001  4.06849816849817E-0001
 764 -4.25641025641026E-0002  3.81868131868132E-0001
 765  1.30000000000000E+0000  3.74615384615385E-0001
 766 -1.39318681318681E+0000  4.10073260073260E-0001
 767 -3.26227106227106E-0001  3.85091575091575E-0001
 768  1.30000000000000E+0000  3.75421245421245E-0001
 769 -1.39479853479853E+0000  4.03626373626374E-0001
 770  1.30000000000000E+0000  3.60915750915751E-0001
 771  1.30000000000000E+0000  3.70586080586081E-0001
 772 -2.35970695970696E-0001  3.58498168498168E-0001
 773  1.30000000000000E+0000  3.66556776556777E-0001
 774 -1.91648351648352E-0001  4.03626373626374E-0001
 775  8.57582417582418E-0001  3.81868131868132E-0001
 776  1.30000000000000E+0000  3.72197802197802E-0001
 777  1.30000000000000E+0000  4.02014652014652E-0001
 778 -5.33333333333333E-0001  3.68974358974359E-0001
 779  1.30000000000000E+0000  3.61721611721612E-0001
 780 -4.01465201465201E-0002  4.05238095238095E-0001
 781  1.30000000000000E+0000  3.75421245421245E-0001
 782  1.30000000000000E+0000  3.60109890109890E-0001
 783  3.56043956043956E-0002  4.03626373626374E-0001
 784  1.30000000000000E+0000  3.73003663003663E-0001
 785  1.30000000000000E+0000  3.75421245421245E-0001
 786  1.30000000000000E+0000  4.03626373626374E-0001
 787  1.30000000000000E+0000  4.07655677655678E-0001
 788  1.30000000000000E+0000  4.07655677655678E-0001
 789  1.30000000000000E+0000  4.02014652014652E-0001
 790  1.30000000000000E+0000  3.75421245421245E-0001
 791  1.30000000000000E+0000  3.77032967032967E-0001
 792  1.30000000000000E+0000  4.10073260073260E-0001
 793  1.30000000000000E+0000  4.06849816849817E-0001
 794  1.30000000000000E+0000  4.07655677655678E-0001
 795  1.30000000000000E+0000  3.74615384615385E-0001
 796  1.30000000000000E+0000  3.81868131868132E-0001
 797  1.30000000000000E+0000  3.56080586080586E-0001
 798  2.55604395604396E-0001  3.66556776556777E-0001
 799  2.79780219780220E-0001  4.07655677655678E-0001
 800  1.30000000000000E+0000  3.85091575091575E-0001
 801  1.30000000000000E+0000  4.00402930402930E-0001
 802 -1.40124542124542E+0000  4.07655677655678E-0001
 803  1.30000000000000E+0000  4.13296703296703E-0001
 804  1.30000000000000E+0000  3.87509157509158E-0001
 805  1.30000000000000E+0000  3.88315018315018E-0001
 806  1.30000000000000E+0000  3.61721611721612E-0001
 807  3.97435897435897E-0001  4.01208791208791E-0001
 808 -1.04424908424908E+0000  4.13296703296703E-0001
 809  1.18798534798535E+0000  3.56080586080586E-0001
 810  4.36117216117216E-0001  3.94761904761905E-0001
 811 -7.64615384615385E-0001  3.89926739926740E-0001
 812  1.30000000000000E+0000  4.13296703296703E-0001
 813  1.06791208791209E+0000  3.88315018315018E-0001
 814  1.30000000000000E+0000  3.94761904761905E-0001
 815 -5.13992673992674E-0001  3.89926739926740E-0001
 816  1.30000000000000E+0000  3.94761904761905E-0001
 817 -4.74505494505495E-0001  4.05238095238095E-0001
 818  1.06791208791209E+0000  3.91538461538462E-0001
 819  1.30000000000000E+0000  3.78644688644689E-0001
 820  8.47912087912088E-0001  4.06849816849817E-0001
 821  1.07435897435897E+0000  3.89926739926740E-0001
 822  1.30000000000000E+0000  3.79450549450549E-0001
 823  9.04322344322344E-0001  3.91538461538462E-0001
 824 -2.42417582417582E-0001  3.88315018315018E-0001
 825  1.25728937728938E+0000  3.74615384615385E-0001
 826  9.87326007326007E-0001  3.77032967032967E-0001
 827  9.74432234432234E-0001  3.79450549450549E-0001
 828  1.03567765567766E+0000  3.89926739926740E-0001
 829  8.07326007326007E-0002  4.01208791208791E-0001
 830  8.61611721611722E-0001  3.89926739926740E-0001
 831  1.16219780219780E+0000  3.78644688644689E-0001
 832  1.01633699633700E+0000  3.94761904761905E-0001
 833  1.20974358974359E+0000  3.94761904761905E-0001
 834  5.59413919413919E-0001  3.90732600732601E-0001
 835  9.60732600732601E-0001  3.80256410256410E-0001
 836  1.24197802197802E+0000  4.05238095238095E-0001
 837  5.14285714285714E-0001  3.94761904761905E-0001
 838  9.38168498168498E-0001  3.84285714285714E-0001
 839  1.24842490842491E+0000  3.99597069597070E-0001
 840  9.07545787545788E-0001  4.05238095238095E-0001
 841  3.78901098901099E-0001  3.99597069597070E-0001
 842  3.28937728937729E-0001  3.75421245421245E-0001
 843  1.27421245421245E+0000  3.94761904761905E-0001
 844  9.72820512820513E-0001  3.99597069597070E-0001
 845  3.45860805860806E-0001  3.88315018315018E-0001
 846  1.30000000000000E+0000  3.87509157509158E-0001
 847  1.30000000000000E+0000  4.00402930402930E-0001
 848  1.32307692307692E-0001  4.00402930402930E-0001
 849  8.40659340659341E-0001  3.89926739926740E-0001
 850  1.30000000000000E+0000  3.99597069597070E-0001
 851  1.03296703296703E-0001  4.02820512820513E-0001
 852  6.98021978021978E-0001  3.89926739926740E-0001
 853  1.30000000000000E+0000  3.94761904761905E-0001
 854  1.30000000000000E+0000  3.89120879120879E-0001
 855  1.30000000000000E+0000  3.93956043956044E-0001
 856  1.30000000000000E+0000  3.91538461538462E-0001
 857  1.30000000000000E+0000  3.88315018315018E-0001
 858  1.30000000000000E+0000  3.90732600732601E-0001
 859  1.30000000000000E+0000  3.93150183150183E-0001
 860  1.30000000000000E+0000  4.02014652014652E-0001
 861  6.11794871794872E-0001  4.04432234432234E-0001
 862  5.86813186813187E-0001  4.03626373626374E-0001
 863  5.46520146520147E-0001  3.88315018315018E-0001
 864  1.30000000000000E+0000  3.93956043956044E-0001
 865 -1.29597069597070E-0001  4.02014652014652E-0001
 866  3.00732600732601E-0001  3.90732600732601E-0001
 867  1.30000000000000E+0000  3.93150183150183E-0001
 868 -9.33333333333333E-0002  4.03626373626374E-0001
 869  1.41978021978022E-0001  3.90732600732601E-0001
 870  1.30000000000000E+0000  3.90732600732601E-0001
 871 -1.64249084249084E-0001  3.94761904761905E-0001
 872  6.21978021978022E-0002  4.00402930402930E-0001
 873  5.33333333333333E-0002  4.00402930402930E-0001
 874 -8.71794871794872E-0003  3.94761904761905E-0001
 875 -2.00000000000000E-0002  3.92344322344322E-0001
 876  1.30000000000000E+0000  3.86703296703297E-0001
 877 -2.63369963369963E-0001  4.02820512820513E-0001
 878 -2.11794871794872E-0001  3.74615384615385E-0001
 879  1.30000000000000E+0000  3.94761904761905E-0001
 880 -2.86739926739927E-0001  3.68168498168498E-0001
 881  1.30000000000000E+0000  3.81868131868132E-0001
 882 -4.08424908424908E-0001  4.02014652014652E-0001
 883 -2.30329670329670E-0001  4.00402930402930E-0001
 884  1.30000000000000E+0000  3.81868131868132E-0001
 885 -4.73699633699634E-0001  3.94761904761905E-0001
 886  1.30000000000000E+0000  3.79450549450549E-0001
 887  1.30000000000000E+0000  3.94761904761905E-0001
 888 -3.43150183150183E-0001  3.93956043956044E-0001
 889  1.30000000000000E+0000  3.76227106227106E-0001
 890  1.30000000000000E+0000  4.03626373626374E-0001
 891 -2.94798534798535E-0001  3.94761904761905E-0001
 892  1.30000000000000E+0000  3.77032967032967E-0001
 893 -8.59706959706960E-0001  4.10879120879121E-0001
 894 -2.48058608058608E-0001  3.93150183150183E-0001
 895  1.30000000000000E+0000  3.72197802197802E-0001
 896  1.30000000000000E+0000  3.76227106227106E-0001
 897 -9.09670329670330E-0001  3.78644688644689E-0001
 898  1.30000000000000E+0000  3.77032967032967E-0001
 899  1.30000000000000E+0000  3.73809523809524E-0001
 900 -9.37875457875458E-0001  3.81868131868132E-0001
 901 -9.44322344322344E-0001  3.74615384615385E-0001
 902 -8.79047619047619E-0001  3.68974358974359E-0001
 903 -8.64542124542125E-0001  3.73003663003663E-0001
 904 -8.62930402930403E-0001  3.72197802197802E-0001
 905 -8.27472527472527E-0001  3.73003663003663E-0001
 906 -8.58095238095238E-0001  3.68974358974359E-0001
 907 -9.30622710622711E-0001  3.74615384615385E-0001
 908 -9.76556776556777E-0001  4.11684981684982E-0001
 909 -5.22051282051282E-0001  4.01208791208791E-0001
 910  1.30000000000000E+0000  3.71391941391941E-0001
 911  1.30000000000000E+0000  3.71391941391941E-0001
 912 -1.11113553113553E+0000  4.02014652014652E-0001
 913  1.30000000000000E+0000  3.70586080586081E-0001
 914  1.30000000000000E+0000  3.71391941391941E-0001
 915  1.30000000000000E+0000  3.71391941391941E-0001
 916  1.30000000000000E+0000  4.01208791208791E-0001
 917  1.30000000000000E+0000  3.96373626373626E-0001
 918  1.30000000000000E+0000  4.05238095238095E-0001
 919 -5.69597069597070E-0001  3.68168498168498E-0001
 920 -1.19655677655678E+0000  3.72197802197802E-0001
 921 -1.23201465201465E+0000  3.68974358974359E-0001
 922  1.30000000000000E+0000  4.00402930402930E-0001
 923  1.30000000000000E+0000  3.71391941391941E-0001
 924  1.30000000000000E+0000  3.99597069597070E-0001
 925  1.30000000000000E+0000  3.99597069597070E-0001
 926  1.30000000000000E+0000  4.04432234432234E-0001
 927  1.30000000000000E+0000  4.02820512820513E-0001
 928  1.30000000000000E+0000  4.06043956043956E-0001
 929  1.30000000000000E+0000  4.06043956043956E-0001
 930  1.30000000000000E+0000  3.72197802197802E-0001
 931  1.30000000000000E+0000  3.76227106227106E-0001
 932 -1.39318681318681E+0000  4.07655677655678E-0001
 933 -5.08351648351648E-0001  4.03626373626374E-0001
 934  1.30000000000000E+0000  3.73003663003663E-0001
 935 -1.39399267399267E+0000  4.18131868131868E-0001
 936 -4.88205128205128E-0001  3.77032967032967E-0001
 937  1.30000000000000E+0000  3.70586080586081E-0001
 938 -1.39479853479853E+0000  3.70586080586081E-0001
 939  1.30000000000000E+0000  3.75421245421245E-0001
 940 -1.39318681318681E+0000  3.73003663003663E-0001
 941 -1.39238095238095E+0000  3.71391941391941E-0001
 942 -1.39318681318681E+0000  4.10879120879121E-0001
 943 -5.03516483516484E-0001  4.13296703296703E-0001
 944 -5.05128205128205E-0001  3.72197802197802E-0001
 945 -1.39157509157509E+0000  3.68168498168498E-0001
 946 -1.38915750915751E+0000  3.65750915750916E-0001
 947 -1.39238095238095E+0000  3.62527472527473E-0001
 948  1.30000000000000E+0000  3.68974358974359E-0001
 949 -1.39238095238095E+0000  4.14102564102564E-0001
 950 -4.96263736263736E-0001  4.02014652014652E-0001
 951  1.30000000000000E+0000  3.62527472527473E-0001
 952  1.30000000000000E+0000  3.67362637362637E-0001
 953 -1.39238095238095E+0000  4.13296703296703E-0001
 954 -4.57582417582418E-0001  4.07655677655678E-0001
 955 -4.53553113553114E-0001  4.01208791208791E-0001
 956  1.30000000000000E+0000  4.00402930402930E-0001
 957  1.30000000000000E+0000  4.05238095238095E-0001
 958  1.30000000000000E+0000  3.65750915750916E-0001
 959  1.30000000000000E+0000  3.70586080586081E-0001
 960  1.30000000000000E+0000  3.63333333333333E-0001
 961  1.30000000000000E+0000  3.65750915750916E-0001
 962  1.30000000000000E+0000  3.64945054945055E-0001
 963  1.10175824175824E+0000  3.65750915750916E-0001
 964  1.30000000000000E+0000  3.85091575091575E-0001
 965 -3.19780219780220E-0001  4.02820512820513E-0001
 966  1.30000000000000E+0000  3.68974358974359E-0001
 967 -5.48644688644689E-0001  3.98791208791209E-0001
 968  1.30000000000000E+0000  3.72197802197802E-0001
 969  1.15384615384615E-0001  4.00402930402930E-0001
 970 -2.94798534798535E-0001  3.90732600732601E-0001
 971  1.30000000000000E+0000  3.72197802197802E-0001
 972  1.20893772893773E+0000  3.68974358974359E-0001
 973  1.30000000000000E+0000  3.85897435897436E-0001
 974  1.30000000000000E+0000  3.81868131868132E-0001
 975  1.30000000000000E+0000  4.01208791208791E-0001
 976 -1.46520146520147E-0001  3.56080586080586E-0001
 977 -1.97289377289377E-0001  4.01208791208791E-0001
 978 -3.50402930402930E-0001  3.65750915750916E-0001
 979 -2.02930402930403E-0001  3.72197802197802E-0001
 980  1.30000000000000E+0000  3.67362637362637E-0001
 981 -1.94065934065934E-0001  3.73809523809524E-0001
 982  1.30000000000000E+0000  3.75421245421245E-0001
 983  1.30000000000000E+0000  3.59304029304029E-0001
 984 -1.56996336996337E-0001  4.10073260073260E-0001
 985  1.30000000000000E+0000  3.75421245421245E-0001
 986  1.30000000000000E+0000  3.64139194139194E-0001
 987 -9.33333333333333E-0002  3.75421245421245E-0001
 988  1.30000000000000E+0000  3.73809523809524E-0001
 989  1.30000000000000E+0000  3.73809523809524E-0001
 990  1.30000000000000E+0000  3.72197802197802E-0001
 991  1.30000000000000E+0000  3.74615384615385E-0001
 992  1.30000000000000E+0000  3.60915750915751E-0001
 993 -1.67765567765568E-0002  4.02820512820513E-0001
 994 -1.43186813186813E+0000  3.97985347985348E-0001
 995 -1.41736263736264E+0000  4.07655677655678E-0001
 996  1.30000000000000E+0000  3.60109890109890E-0001
 997  6.38095238095238E-0002  4.01208791208791E-0001
 998 -1.42058608058608E+0000  4.06043956043956E-0001
 999  1.30000000000000E+0000  3.77032967032967E-0001
 1000  1.30000000000000E+0000  3.55274725274725E-0001
 1001  1.77435897435897E-0001  4.03626373626374E-0001
 1002  1.30000000000000E+0000  3.72197802197802E-0001
 1003  1.30000000000000E+0000  3.60109890109890E-0001
 1004  2.00805860805861E-0001  3.59304029304029E-0001
 1005  2.09670329670330E-0001  3.76227106227106E-0001
 1006  1.30000000000000E+0000  3.57692307692308E-0001
 1007  2.78168498168498E-0001  4.05238095238095E-0001
 1008  1.30000000000000E+0000  3.77032967032967E-0001
 1009  1.30000000000000E+0000  4.02014652014652E-0001
 1010 -1.40205128205128E+0000  3.81868131868132E-0001
 1011  1.30000000000000E+0000  3.98791208791209E-0001
 1012 -1.39882783882784E+0000  4.07655677655678E-0001
 1013  1.30000000000000E+0000  3.86703296703297E-0001
 1014  1.30000000000000E+0000  3.60915750915751E-0001
 1015  4.17582417582418E-0001  3.98791208791209E-0001
 1016 -1.33838827838828E+0000  4.10073260073260E-0001
 1017  1.30000000000000E+0000  3.85897435897436E-0001
 1018  1.30000000000000E+0000  4.04432234432234E-0001
 1019 -9.29816849816850E-0001  3.88315018315018E-0001
 1020  1.30000000000000E+0000  3.60915750915751E-0001
 1021  4.40146520146520E-0001  4.02820512820513E-0001
 1022 -5.09963369963370E-0001  3.92344322344322E-0001
 1023  1.30000000000000E+0000  3.99597069597070E-0001
 1024 -3.50402930402930E-0001  4.06849816849817E-0001
 1025  9.47838827838828E-0001  3.65750915750916E-0001
 1026  6.02124542124542E-0001  4.09267399267399E-0001
 1027  9.55897435897436E-0001  3.92344322344322E-0001
 1028  1.30000000000000E+0000  3.94761904761905E-0001
 1029 -5.86813186813187E-0002  4.06043956043956E-0001
 1030  8.54358974358974E-0001  3.73809523809524E-0001
 1031  8.02783882783883E-0001  3.98791208791209E-0001
 1032  1.37948717948718E-0001  3.98791208791209E-0001
 1033  1.91135531135531E-0001  4.08461538461538E-0001
 1034  7.30256410256410E-0001  4.00402930402930E-0001
 1035  1.30000000000000E+0000  3.88315018315018E-0001
 1036  1.30000000000000E+0000  3.74615384615385E-0001
 1037  8.12454212454212E-0001  3.79450549450549E-0001
 1038  8.14871794871795E-0001  4.00402930402930E-0001
 1039  3.12820512820513E-0001  3.97179487179487E-0001
 1040  3.50695970695971E-0001  4.01208791208791E-0001
 1041  6.63369963369963E-0001  3.93150183150183E-0001
 1042  1.30000000000000E+0000  3.98791208791209E-0001
 1043  4.11135531135531E-0001  3.94761904761905E-0001
 1044  6.67399267399267E-0001  3.86703296703297E-0001
 1045  9.77655677655678E-0001  3.97179487179487E-0001
 1046  3.97435897435897E-0001  3.94761904761905E-0001
 1047  1.30000000000000E+0000  3.75421245421245E-0001
 1048  9.90549450549451E-0001  3.96373626373626E-0001
 1049  4.35311355311355E-0001  3.93150183150183E-0001
 1050  1.16461538461538E+0000  3.81868131868132E-0001
 1051  1.10659340659341E+0000  4.02014652014652E-0001
 1052  5.86813186813187E-0001  3.98791208791209E-0001
 1053  1.06791208791209E+0000  3.85091575091575E-0001
 1054  1.11868131868132E+0000  3.98791208791209E-0001
 1055  6.81098901098901E-0001  3.93956043956044E-0001
 1056  1.00021978021978E+0000  3.98791208791209E-0001
 1057  7.49597069597070E-0001  4.02820512820513E-0001
 1058  4.87692307692308E-0001  3.85091575091575E-0001
 1059  1.24761904761905E+0000  3.93956043956044E-0001
 1060  8.51135531135531E-0001  4.01208791208791E-0001
 1061  4.36117216117216E-0001  3.90732600732601E-0001
 1062  8.35018315018315E-0001  3.85091575091575E-0001
 1063  1.28710622710623E+0000  3.94761904761905E-0001
 1064  9.13186813186813E-0001  4.07655677655678E-0001
 1065  3.91794871794872E-0001  3.93150183150183E-0001
 1066  7.96336996336996E-0001  4.01208791208791E-0001
 1067  9.96996336996337E-0001  3.94761904761905E-0001
 1068  7.11721611721612E-0001  3.86703296703297E-0001
 1069  1.30000000000000E+0000  3.94761904761905E-0001
 1070  2.58021978021978E-0001  3.88315018315018E-0001
 1071  1.30000000000000E+0000  3.99597069597070E-0001
 1072  1.08241758241758E+0000  3.94761904761905E-0001
 1073  7.32673992673993E-0001  3.88315018315018E-0001
 1074  1.30000000000000E+0000  4.02820512820513E-0001
 1075  2.04029304029304E-0001  3.89120879120879E-0001
 1076  1.30000000000000E+0000  3.85897435897436E-0001
 1077  1.30000000000000E+0000  3.91538461538462E-0001
 1078  1.30000000000000E+0000  3.84285714285714E-0001
 1079  1.30000000000000E+0000  3.98791208791209E-0001
 1080  6.00512820512821E-0001  3.99597069597070E-0001
 1081  5.89230769230769E-0001  3.94761904761905E-0001
 1082  1.16190476190476E-0001  3.93956043956044E-0001
 1083  1.30000000000000E+0000  4.01208791208791E-0001
 1084  6.94505494505495E-0002  3.93956043956044E-0001
 1085  1.30000000000000E+0000  3.94761904761905E-0001
 1086  1.30000000000000E+0000  3.99597069597070E-0001
 1087  1.30000000000000E+0000  4.02820512820513E-0001
 1088  1.30000000000000E+0000  3.97179487179487E-0001
 1089  1.30000000000000E+0000  3.92344322344322E-0001
 1090  1.30000000000000E+0000  3.92344322344322E-0001
 1091  1.30000000000000E+0000  3.93150183150183E-0001
 1092  1.30000000000000E+0000  3.89120879120879E-0001
 1093 -9.33333333333333E-0002  3.92344322344322E-0001
 1094 -1.10256410256410E-0001  3.94761904761905E-0001
 1095 -1.20732600732600E-0001  3.89120879120879E-0001
 1096  1.30000000000000E+0000  3.92344322344322E-0001
 1097  1.30000000000000E+0000  4.00402930402930E-0001
 1098  3.01538461538462E-0001  3.92344322344322E-0001
 1099  1.30000000000000E+0000  3.93150183150183E-0001
 1100 -1.72307692307692E-0001  3.91538461538462E-0001
 1101  1.30000000000000E+0000  3.90732600732601E-0001
 1102 -1.76336996336996E-0001  3.93956043956044E-0001
 1103  1.30000000000000E+0000  3.88315018315018E-0001
 1104  1.30000000000000E+0000  4.00402930402930E-0001
 1105  4.52747252747253E-0002  3.90732600732601E-0001
 1106  1.30000000000000E+0000  3.83479853479853E-0001
 1107  1.30000000000000E+0000  3.88315018315018E-0001
 1108 -2.27106227106227E-0001  3.94761904761905E-0001
 1109  1.30000000000000E+0000  3.90732600732601E-0001
 1110  1.30000000000000E+0000  3.94761904761905E-0001
 1111  1.30000000000000E+0000  3.97179487179487E-0001
 1112 -1.37655677655678E-0001  3.98791208791209E-0001
 1113 -1.20732600732600E-0001  3.91538461538462E-0001
 1114 -2.60952380952381E-0001  3.81868131868132E-0001
 1115  1.30000000000000E+0000  3.76227106227106E-0001
 1116  1.30000000000000E+0000  3.74615384615385E-0001
 1117  1.30000000000000E+0000  3.76227106227106E-0001
 1118  1.30000000000000E+0000  3.88315018315018E-0001
 1119 -2.10989010989011E-0001  3.95567765567766E-0001
 1120 -3.44761904761905E-0001  3.94761904761905E-0001
 1121 -3.52014652014652E-0001  3.94761904761905E-0001
 1122  1.30000000000000E+0000  3.89926739926740E-0001
 1123 -3.03663003663004E-0001  3.97985347985348E-0001
 1124 -3.98754578754579E-0001  3.73003663003663E-0001
 1125  1.30000000000000E+0000  3.84285714285714E-0001
 1126 -3.04468864468864E-0001  3.94761904761905E-0001
 1127  1.30000000000000E+0000  3.86703296703297E-0001
 1128 -4.31794871794872E-0001  4.00402930402930E-0001
 1129 -3.43150183150183E-0001  3.74615384615385E-0001
 1130  1.30000000000000E+0000  3.81868131868132E-0001
 1131 -4.87399267399267E-0001  3.81868131868132E-0001
 1132 -5.36556776556777E-0001  3.74615384615385E-0001
 1133  1.30000000000000E+0000  3.78644688644689E-0001
 1134 -5.53479853479853E-0001  3.79450549450549E-0001
 1135  1.30000000000000E+0000  3.86703296703297E-0001
 1136 -5.40586080586081E-0001  3.73003663003663E-0001
 1137  1.30000000000000E+0000  3.73809523809524E-0001
 1138  1.30000000000000E+0000  3.73003663003663E-0001
 1139  1.30000000000000E+0000  3.75421245421245E-0001
 1140  1.30000000000000E+0000  3.81868131868132E-0001
 1141  1.30000000000000E+0000  3.80256410256410E-0001
 1142  1.30000000000000E+0000  3.68974358974359E-0001
 1143  1.30000000000000E+0000  3.68974358974359E-0001
 1144  1.30000000000000E+0000  3.71391941391941E-0001
 1145  1.30000000000000E+0000  4.01208791208791E-0001
 1146  1.30000000000000E+0000  3.94761904761905E-0001
 1147  1.30000000000000E+0000  3.74615384615385E-0001
 1148  1.30000000000000E+0000  3.94761904761905E-0001
 1149  1.30000000000000E+0000  3.73003663003663E-0001
 1150  1.30000000000000E+0000  3.94761904761905E-0001
 1151  1.30000000000000E+0000  3.94761904761905E-0001
 1152  1.30000000000000E+0000  3.74615384615385E-0001
 1153  1.30000000000000E+0000  4.03626373626374E-0001
 1154 -3.35091575091575E-0001  3.93956043956044E-0001
 1155  1.30000000000000E+0000  3.75421245421245E-0001
 1156 -7.28351648351648E-0001  4.03626373626374E-0001
 1157 -3.80219780219780E-0001  3.94761904761905E-0001
 1158  1.30000000000000E+0000  4.07655677655678E-0001
 1159 -3.95531135531136E-0001  4.01208791208791E-0001
 1160 -4.04395604395604E-0001  4.07655677655678E-0001
 1161 -4.00366300366300E-0001  3.76227106227106E-0001
 1162 -7.79120879120879E-0001  3.77032967032967E-0001
 1163 -7.83956043956044E-0001  3.73003663003663E-0001
 1164  1.30000000000000E+0000  3.73003663003663E-0001
 1165  1.30000000000000E+0000  3.94761904761905E-0001
 1166  1.30000000000000E+0000  4.02820512820513E-0001
 1167 -4.01978021978022E-0001  3.80256410256410E-0001
 1168 -8.38754578754579E-0001  3.77032967032967E-0001
 1169 -8.69377289377289E-0001  3.68974358974359E-0001
 1170  1.30000000000000E+0000  3.94761904761905E-0001
 1171  1.30000000000000E+0000  3.72197802197802E-0001
 1172  1.30000000000000E+0000  4.00402930402930E-0001
 1173  1.30000000000000E+0000  4.06849816849817E-0001
 1174 -4.69670329670330E-0001  4.06043956043956E-0001
 1175 -4.79340659340659E-0001  3.73003663003663E-0001
 1176 -8.70183150183150E-0001  4.00402930402930E-0001
 1177 -4.90622710622711E-0001  3.70586080586081E-0001
 1178 -8.87106227106227E-0001  3.74615384615385E-0001
 1179 -8.78241758241758E-0001  3.72197802197802E-0001
 1180 -8.97582417582418E-0001  3.75421245421245E-0001
 1181 -9.53992673992674E-0001  4.07655677655678E-0001
 1182 -5.18827838827839E-0001  3.94761904761905E-0001
 1183  1.30000000000000E+0000  3.74615384615385E-0001
 1184 -9.53992673992674E-0001  4.05238095238095E-0001
 1185 -5.37362637362637E-0001  3.73003663003663E-0001
 1186  1.30000000000000E+0000  3.70586080586081E-0001
 1187 -1.14901098901099E+0000  4.07655677655678E-0001
 1188 -4.83369963369963E-0001  3.76227106227106E-0001
 1189  1.30000000000000E+0000  3.71391941391941E-0001
 1190 -1.16673992673993E+0000  4.00402930402930E-0001
 1191  1.30000000000000E+0000  3.74615384615385E-0001
 1192  1.30000000000000E+0000  4.07655677655678E-0001
 1193 -5.13992673992674E-0001  3.94761904761905E-0001
 1194  1.30000000000000E+0000  3.74615384615385E-0001
 1195  1.30000000000000E+0000  3.72197802197802E-0001
 1196 -1.21428571428571E+0000  4.07655677655678E-0001
 1197 -4.80952380952381E-0001  4.01208791208791E-0001
 1198  1.30000000000000E+0000  3.68168498168498E-0001
 1199  1.30000000000000E+0000  4.13296703296703E-0001
 1200 -5.09157509157509E-0001  4.03626373626374E-0001
 1201  1.30000000000000E+0000  3.69780219780220E-0001
 1202  1.30000000000000E+0000  3.71391941391941E-0001
 1203  1.30000000000000E+0000  4.00402930402930E-0001
 1204  1.30000000000000E+0000  4.06043956043956E-0001
 1205  1.30000000000000E+0000  4.07655677655678E-0001
 1206 -5.30915750915751E-0001  4.01208791208791E-0001
 1207  1.30000000000000E+0000  3.94761904761905E-0001
 1208  1.30000000000000E+0000  4.03626373626374E-0001
 1209  1.30000000000000E+0000  4.07655677655678E-0001
 1210 -5.56703296703297E-0001  4.02014652014652E-0001
 1211  1.30000000000000E+0000  4.08461538461538E-0001
 1212 -5.51062271062271E-0001  4.02014652014652E-0001
 1213  1.30000000000000E+0000  3.65750915750916E-0001
 1214 -1.35047619047619E+0000  4.04432234432234E-0001
 1215 -5.67179487179487E-0001  4.07655677655678E-0001
 1216  1.30000000000000E+0000  3.56080586080586E-0001
 1217  1.30000000000000E+0000  3.68168498168498E-0001
 1218 -1.38512820512821E+0000  4.07655677655678E-0001
 1219 -5.67985347985348E-0001  3.68168498168498E-0001
 1220  1.30000000000000E+0000  3.68168498168498E-0001
 1221 -1.39560439560440E+0000  4.06849816849817E-0001
 1222 -5.55897435897436E-0001  4.03626373626374E-0001
 1223  1.30000000000000E+0000  3.72197802197802E-0001
 1224 -1.38673992673993E+0000  4.04432234432234E-0001
 1225  1.30000000000000E+0000  3.68974358974359E-0001
 1226  1.30000000000000E+0000  3.74615384615385E-0001
 1227 -1.39399267399267E+0000  4.13296703296703E-0001
 1228 -5.46227106227106E-0001  4.01208791208791E-0001
 1229  1.30000000000000E+0000  3.68168498168498E-0001
 1230  1.30000000000000E+0000  4.13296703296703E-0001
 1231 -5.51062271062271E-0001  3.72197802197802E-0001
 1232  1.30000000000000E+0000  4.07655677655678E-0001
 1233 -5.43003663003663E-0001  4.01208791208791E-0001
 1234  1.30000000000000E+0000  3.73003663003663E-0001
 1235  1.30000000000000E+0000  4.07655677655678E-0001
 1236 -5.30915750915751E-0001  4.02014652014652E-0001
 1237  1.30000000000000E+0000  4.03626373626374E-0001
 1238  1.30000000000000E+0000  4.10879120879121E-0001
 1239  1.30000000000000E+0000  4.01208791208791E-0001
 1240  1.30000000000000E+0000  4.02014652014652E-0001
 1241  1.30000000000000E+0000  4.02820512820513E-0001
 1242  1.30000000000000E+0000  3.70586080586081E-0001
 1243  1.30000000000000E+0000  3.67362637362637E-0001
 1244 -1.39238095238095E+0000  4.11684981684982E-0001
 1245 -5.18827838827839E-0001  3.67362637362637E-0001
 1246  1.30000000000000E+0000  4.07655677655678E-0001
 1247 -5.05934065934066E-0001  3.99597069597070E-0001
 1248  1.30000000000000E+0000  3.68168498168498E-0001
 1249  1.30000000000000E+0000  3.62527472527473E-0001
 1250 -1.38673992673993E+0000  4.04432234432234E-0001
 1251  1.30000000000000E+0000  3.74615384615385E-0001
