 0  5.50549450549451E-0001 -1.56161172161172E+0000
 1 -2.00000000000000E+0000 -1.55194139194139E+0000
 2  5.08644688644689E-0001 -1.61399267399267E+0000
 3  5.48131868131868E-0001 -1.56000000000000E+0000
 4 -9.74945054945055E-0001 -1.56080586080586E+0000
 5 -2.00000000000000E+0000 -1.54791208791209E+0000
 6  5.13479853479853E-0001 -1.60432234432234E+0000
 7  5.44908424908425E-0001 -1.56241758241758E+0000
 8 -9.50769230769231E-0001 -1.56644688644689E+0000
 9 -2.00000000000000E+0000 -1.54630036630037E+0000
 10  5.13479853479853E-0001 -1.60754578754579E+0000
 11  5.46520146520147E-0001 -1.56000000000000E+0000
 12 -9.12087912087912E-0001 -1.56241758241758E+0000
 13 -2.00000000000000E+0000 -1.54065934065934E+0000
 14  5.13479853479853E-0001 -1.60754578754579E+0000
 15  5.47326007326007E-0001 -1.56080586080586E+0000
 16 -8.58901098901099E-0001 -1.56644688644689E+0000
 17 -2.00000000000000E+0000 -1.54065934065934E+0000
 18  5.13479853479853E-0001 -1.60673992673993E+0000
 19  5.44102564102564E-0001 -1.56725274725275E+0000
 20 -7.97655677655678E-0001 -1.56241758241758E+0000
 21 -2.00000000000000E+0000 -1.53582417582418E+0000
 22  5.12673992673993E-0001 -1.60432234432234E+0000
 23  5.39267399267399E-0001 -1.57289377289377E+0000
 24 -7.51721611721612E-0001 -1.56241758241758E+0000
 25 -2.00000000000000E+0000 -1.52615384615385E+0000
 26  5.12673992673993E-0001 -1.60432234432234E+0000
 27  5.44102564102564E-0001 -1.56644688644689E+0000
 28 -6.93699633699634E-0001 -1.56241758241758E+0000
 29 -2.00000000000000E+0000 -1.54307692307692E+0000
 30  5.07838827838828E-0001 -1.60996336996337E+0000
 31  5.45714285714286E-0001 -1.56644688644689E+0000
 32 -6.88058608058608E-0001 -1.56483516483516E+0000
 33 -2.00000000000000E+0000 -1.54630036630037E+0000
 34  5.20732600732601E-0001 -1.59868131868132E+0000
 35  5.39267399267399E-0001 -1.56644688644689E+0000
 36 -5.99413919413919E-0001 -1.55194139194139E+0000
 37 -2.00000000000000E+0000 -1.55113553113553E+0000
 38  5.11868131868132E-0001 -1.60593406593407E+0000
 39  5.44102564102564E-0001 -1.56483516483516E+0000
 40 -5.67985347985348E-0001 -1.56322344322344E+0000
 41 -2.00000000000000E+0000 -1.54791208791209E+0000
 42  5.09450549450549E-0001 -1.60754578754579E+0000
 43  5.42490842490842E-0001 -1.56725274725275E+0000
 44 -5.23663003663004E-0001 -1.56402930402930E+0000
 45 -2.00000000000000E+0000 -1.54791208791209E+0000
 46  5.07838827838828E-0001 -1.61399267399267E+0000
 47  5.41684981684982E-0001 -1.56886446886447E+0000
 48 -4.53553113553114E-0001 -1.56322344322344E+0000
 49 -1.88153846153846E+0000 -1.55032967032967E+0000
 50  5.11868131868132E-0001 -1.60915750915751E+0000
 51  5.42490842490842E-0001 -1.56967032967033E+0000
 52 -4.20512820512821E-0001 -1.56483516483516E+0000
 53 -1.73003663003663E+0000 -1.54871794871795E+0000
 54  4.98974358974359E-0001 -1.60673992673993E+0000
 55  5.42490842490842E-0001 -1.57208791208791E+0000
 56 -3.69743589743590E-0001 -1.56483516483516E+0000
 57 -1.54227106227106E+0000 -1.55113553113553E+0000
 58  4.15164835164835E-0001 -1.60593406593407E+0000
 59  5.36849816849817E-0001 -1.57369963369963E+0000
 60 -2.81904761904762E-0001 -1.56483516483516E+0000
 61 -1.38512820512821E+0000 -1.55113553113553E+0000
 62  3.24102564102564E-0001 -1.60835164835165E+0000
 63  5.36043956043956E-0001 -1.57369963369963E+0000
 64 -2.20659340659341E-0001 -1.56161172161172E+0000
 65 -1.18366300366300E+0000 -1.55194139194139E+0000
 66  2.55604395604396E-0001 -1.60996336996337E+0000
 67  5.36849816849817E-0001 -1.57369963369963E+0000
 68 -1.68278388278388E-0001 -1.56805860805861E+0000
 69 -1.03054945054945E+0000 -1.55032967032967E+0000
 70  1.95970695970696E-0001 -1.60754578754579E+0000
 71  5.37655677655678E-0001 -1.57369963369963E+0000
 72 -1.31208791208791E-0001 -1.56322344322344E+0000
 73 -8.81465201465201E-0001 -1.55435897435897E+0000
 74  1.23443223443223E-0001 -1.61076923076923E+0000
 75  5.33626373626374E-0001 -1.57611721611722E+0000
 76 -5.70695970695971E-0002 -1.56805860805861E+0000
 77 -7.25934065934066E-0001 -1.55113553113553E+0000
 78  9.52380952380952E-0002 -1.60593406593407E+0000
 79  5.30402930402930E-0001 -1.58095238095238E+0000
 80 -4.68864468864469E-0003 -1.56886446886447E+0000
 81 -6.12307692307692E-0001 -1.55838827838828E+0000
 82  3.23809523809524E-0002 -1.60512820512821E+0000
 83  5.32820512820513E-0001 -1.57772893772894E+0000
 84  6.38095238095238E-0002 -1.56886446886447E+0000
 85 -4.60000000000000E-0001 -1.55597069597070E+0000
 86 -4.82051282051282E-0002 -1.60835164835165E+0000
 87  5.34432234432234E-0001 -1.57531135531136E+0000
 88  7.50915750915751E-0002 -1.57531135531136E+0000
 89 -3.47179487179487E-0001 -1.55677655677656E+0000
 90 -1.32014652014652E-0001 -1.60754578754579E+0000
 91  5.31208791208791E-0001 -1.57692307692308E+0000
 92  1.65347985347985E-0001 -1.57289377289377E+0000
 93 -1.04615384615384E-0001 -1.55355311355311E+0000
 94 -2.14212454212454E-0001 -1.59787545787546E+0000
 95  5.31208791208791E-0001 -1.57611721611722E+0000
 96  2.16117216117216E-0001 -1.57369963369963E+0000
 97  1.14285714285714E-0002 -1.55516483516484E+0000
 98 -2.50476190476190E-0001 -1.60593406593407E+0000
 99  5.30402930402930E-0001 -1.57772893772894E+0000
 100  3.03956043956044E-0001 -1.57047619047619E+0000
 101  1.55677655677656E-0001 -1.55758241758242E+0000
 102 -3.64908424908425E-0001 -1.60593406593407E+0000
 103  5.19120879120879E-0001 -1.57692307692308E+0000
 104  3.57142857142857E-0001 -1.57208791208791E+0000
 105  2.15311355311355E-0001 -1.55758241758242E+0000
 106 -3.86666666666667E-0001 -1.60109890109890E+0000
 107  3.86153846153846E-0001 -1.57128205128205E+0000
 108  4.21611721611722E-0001 -1.57369963369963E+0000
 109  3.04761904761905E-0001 -1.56805860805861E+0000
 110 -4.81758241758242E-0001 -1.60512820512821E+0000
 111  2.99926739926740E-0001 -1.57208791208791E+0000
 112  4.60293040293040E-0001 -1.57853479853480E+0000
 113  4.35311355311355E-0001 -1.55919413919414E+0000
 114 -5.41391941391941E-0001 -1.60512820512821E+0000
 115  1.82271062271062E-0001 -1.57611721611722E+0000
 116  5.36849816849817E-0001 -1.57692307692308E+0000
 117  5.00586080586081E-0001 -1.55597069597070E+0000
 118 -6.00219780219780E-0001 -1.60432234432234E+0000
 119  7.83150183150183E-0002 -1.57772893772894E+0000
 120  5.42490842490842E-0001 -1.56805860805861E+0000
 121  5.34432234432234E-0001 -1.56241758241758E+0000
 122 -6.72747252747253E-0001 -1.60109890109890E+0000
 123 -3.85347985347985E-0002 -1.57772893772894E+0000
 124  5.36043956043956E-0001 -1.57692307692308E+0000
 125  5.32820512820513E-0001 -1.56402930402930E+0000
 126 -7.27545787545788E-0001 -1.60190476190476E+0000
 127 -1.40879120879121E-0001 -1.57611721611722E+0000
 128  5.33626373626374E-0001 -1.58095238095238E+0000
 129  5.32014652014652E-0001 -1.56805860805861E+0000
 130 -8.16190476190476E-0001 -1.60190476190476E+0000
 131 -2.14212454212454E-0001 -1.57450549450549E+0000
 132  5.33626373626374E-0001 -1.58175824175824E+0000
 133  5.32014652014652E-0001 -1.56483516483516E+0000
 134 -8.69377289377289E-0001 -1.60109890109890E+0000
 135 -3.17362637362637E-0001 -1.57772893772894E+0000
 136  5.34432234432234E-0001 -1.57934065934066E+0000
 137  5.32014652014652E-0001 -1.56644688644689E+0000
 138 -9.29010989010989E-0001 -1.59948717948718E+0000
 139 -3.93113553113553E-0001 -1.57289377289377E+0000
 140  5.35238095238095E-0001 -1.58095238095238E+0000
 141  5.31208791208791E-0001 -1.56886446886447E+0000
 142 -9.82197802197802E-0001 -1.57369963369963E+0000
 143  5.31208791208791E-0001 -1.58417582417582E+0000
 144  5.33626373626374E-0001 -1.56805860805861E+0000
 145 -1.04666666666667E+0000 -1.59465201465201E+0000
 146 -5.55091575091575E-0001 -1.57369963369963E+0000
 147  5.32014652014652E-0001 -1.56967032967033E+0000
 148 -1.11516483516484E+0000 -1.59384615384615E+0000
 149 -6.46153846153846E-0001 -1.57531135531136E+0000
 150  5.28791208791209E-0001 -1.58336996336996E+0000
 151  5.28791208791209E-0001 -1.57369963369963E+0000
 152 -1.20300366300366E+0000 -1.59465201465201E+0000
 153 -7.09816849816850E-0001 -1.57208791208791E+0000
 154  5.31208791208791E-0001 -1.58256410256410E+0000
 155  5.28791208791209E-0001 -1.57289377289377E+0000
 156 -1.27472527472527E+0000 -1.57128205128205E+0000
 157  5.28791208791209E-0001 -1.58417582417582E+0000
 158  5.28791208791209E-0001 -1.56967032967033E+0000
 159 -1.34564102564103E+0000 -1.57450549450549E+0000
 160  5.28791208791209E-0001 -1.58578754578755E+0000
 161  5.27985347985348E-0001 -1.57047619047619E+0000
 162 -1.41413919413919E+0000 -1.58981684981685E+0000
 163 -8.95970695970696E-0001 -1.57047619047619E+0000
 164  5.29597069597070E-0001 -1.58739926739927E+0000
 165  5.27985347985348E-0001 -1.57450549450549E+0000
 166 -1.48263736263736E+0000 -1.59223443223443E+0000
 167 -9.37875457875458E-0001 -1.56967032967033E+0000
 168  5.32014652014652E-0001 -1.58498168498168E+0000
 169  5.27985347985348E-0001 -1.57611721611722E+0000
 170 -1.54468864468864E+0000 -1.59062271062271E+0000
 171 -9.78974358974359E-0001 -1.56886446886447E+0000
 172  5.27179487179487E-0001 -1.58739926739927E+0000
 173  5.35238095238095E-0001 -1.58659340659341E+0000
 174 -1.01362637362637E+0000 -1.56725274725275E+0000
 175  5.36043956043956E-0001 -1.57934065934066E+0000
 176  5.23150183150183E-0001 -1.57692307692308E+0000
 177 -1.63252747252747E+0000 -1.58659340659341E+0000
 178 -1.06197802197802E+0000 -1.56886446886447E+0000
 179  5.25567765567766E-0001 -1.57450549450549E+0000
 180 -1.69699633699634E+0000 -1.58498168498168E+0000
 181 -1.10388278388278E+0000 -1.59062271062271E+0000
 182  5.26373626373626E-0001 -1.57531135531136E+0000
 183 -1.75501831501832E+0000 -1.56402930402930E+0000
 184  5.27985347985348E-0001 -1.58901098901099E+0000
 185  5.19926739926740E-0001 -1.58417582417582E+0000
 186 -1.80256410256410E+0000 -1.57047619047619E+0000
 187  5.27985347985348E-0001 -1.58981684981685E+0000
 188  5.26373626373626E-0001 -1.58901098901099E+0000
 189 -1.23201465201465E+0000 -1.56725274725275E+0000
 190  5.27179487179487E-0001 -1.59062271062271E+0000
 191  5.24761904761905E-0001 -1.57853479853480E+0000
 192 -1.93069597069597E+0000 -1.58175824175824E+0000
 193 -1.26021978021978E+0000 -1.56483516483516E+0000
 194  5.27179487179487E-0001 -1.59142857142857E+0000
 195  5.26373626373626E-0001 -1.57853479853480E+0000
 196 -1.98871794871795E+0000 -1.56241758241758E+0000
 197  5.26373626373626E-0001 -1.59142857142857E+0000
 198  5.23956043956044E-0001 -1.57934065934066E+0000
 199 -1.31985347985348E+0000 -1.56483516483516E+0000
 200  5.25567765567766E-0001 -1.59223443223443E+0000
 201  5.23956043956044E-0001 -1.57934065934066E+0000
 202 -2.00000000000000E+0000 -1.57853479853480E+0000
 203 -1.34886446886447E+0000 -1.59304029304029E+0000
 204  5.24761904761905E-0001 -1.58417582417582E+0000
 205 -2.00000000000000E+0000 -1.56241758241758E+0000
 206  5.26373626373626E-0001 -1.59223443223443E+0000
 207  5.24761904761905E-0001 -1.57531135531136E+0000
 208 -1.38029304029304E+0000 -1.56161172161172E+0000
 209  5.24761904761905E-0001 -1.58578754578755E+0000
 210 -2.00000000000000E+0000 -1.57369963369963E+0000
 211 -1.41333333333333E+0000 -1.59545787545788E+0000
 212  5.19926739926740E-0001 -1.57208791208791E+0000
 213 -1.40043956043956E+0000 -1.56241758241758E+0000
 214  5.30402930402930E-0001 -1.58578754578755E+0000
 215 -2.00000000000000E+0000 -1.57128205128205E+0000
 216 -1.42219780219780E+0000 -1.59465201465201E+0000
 217  5.19926739926740E-0001 -1.58498168498168E+0000
 218 -2.00000000000000E+0000 -1.56805860805861E+0000
 219 -1.45604395604396E+0000 -1.56725274725275E+0000
 220  5.25567765567766E-0001 -1.58739926739927E+0000
 221 -2.00000000000000E+0000 -1.56725274725275E+0000
 222 -1.43831501831502E+0000 -1.59545787545788E+0000
 223  5.21538461538462E-0001 -1.56322344322344E+0000
 224 -1.45282051282051E+0000 -1.55677655677656E+0000
 225  5.27179487179487E-0001 -1.58498168498168E+0000
 226 -2.00000000000000E+0000 -1.56322344322344E+0000
 227 -1.46813186813187E+0000 -1.56805860805861E+0000
 228  5.23150183150183E-0001 -1.59787545787546E+0000
 229  5.22344322344322E-0001 -1.55919413919414E+0000
 230 -1.45604395604396E+0000 -1.58981684981685E+0000
 231  5.22344322344322E-0001 -1.58981684981685E+0000
 232 -2.00000000000000E+0000 -1.56161172161172E+0000
 233  5.22344322344322E-0001 -1.58739926739927E+0000
 234 -2.00000000000000E+0000 -1.54871794871795E+0000
 235 -1.40608058608059E+0000 -1.59787545787546E+0000
 236  5.19120879120879E-0001 -1.54952380952381E+0000
 237 -1.39560439560440E+0000 -1.55677655677656E+0000
 238  5.27179487179487E-0001 -1.59706959706960E+0000
 239  5.16703296703297E-0001 -1.59304029304029E+0000
 240 -2.00000000000000E+0000 -1.56000000000000E+0000
 241  5.21538461538462E-0001 -1.59062271062271E+0000
 242 -2.00000000000000E+0000 -1.53663003663004E+0000
 243 -1.34483516483516E+0000 -1.59868131868132E+0000
 244  5.18315018315018E-0001 -1.53582417582418E+0000
 245 -1.32146520146520E+0000 -1.55758241758242E+0000
 246  5.21538461538462E-0001 -1.60271062271062E+0000
 247  5.15091575091575E-0001 -1.59706959706960E+0000
 248 -2.00000000000000E+0000 -1.52937728937729E+0000
 249 -1.30131868131868E+0000 -1.60109890109890E+0000
 250  5.15091575091575E-0001 -1.52615384615385E+0000
 251 -1.28439560439560E+0000 -1.56080586080586E+0000
 252 -5.79267399267399E-0001 -1.59706959706960E+0000
 253 -2.00000000000000E+0000 -1.55355311355311E+0000
 254 -2.00000000000000E+0000 -1.59626373626374E+0000
 255 -2.00000000000000E+0000 -1.52131868131868E+0000
 256 -1.24893772893773E+0000 -1.55677655677656E+0000
 257 -2.00000000000000E+0000 -1.56241758241758E+0000
 258  5.15897435897436E-0001 -1.52131868131868E+0000
 259 -1.20461538461538E+0000 -1.55838827838828E+0000
 260  5.14285714285714E-0001 -1.51970695970696E+0000
 261 -1.16432234432234E+0000 -1.55355311355311E+0000
 262  5.16703296703297E-0001 -1.51406593406593E+0000
 263 -1.13289377289377E+0000 -1.55597069597070E+0000
 264 -2.00000000000000E+0000 -1.55194139194139E+0000
 265  5.15091575091575E-0001 -1.59465201465201E+0000
 266 -2.00000000000000E+0000 -1.51326007326007E+0000
 267 -1.07487179487179E+0000 -1.55355311355311E+0000
 268 -2.00000000000000E+0000 -1.54871794871795E+0000
 269  5.15091575091575E-0001 -1.59626373626374E+0000
 270 -1.38351648351648E+0000 -1.55597069597070E+0000
 271 -2.00000000000000E+0000 -1.60029304029304E+0000
 272  2.91062271062271E-0001 -1.55919413919414E+0000
 273 -2.00000000000000E+0000 -1.59868131868132E+0000
 274  5.51355311355311E-0001 -1.55194139194139E+0000
 275 -2.00000000000000E+0000 -1.60271062271062E+0000
 276  5.48937728937729E-0001 -1.55435897435897E+0000
 277 -2.00000000000000E+0000 -1.59706959706960E+0000
 278  5.50549450549451E-0001 -1.55435897435897E+0000
 279 -2.00000000000000E+0000 -1.59948717948718E+0000
 280  5.49743589743590E-0001 -1.55758241758242E+0000
 281 -2.00000000000000E+0000 -1.60754578754579E+0000
 282  5.48131868131868E-0001 -1.55597069597070E+0000
 283 -2.00000000000000E+0000 -1.60351648351648E+0000
 284  5.45714285714286E-0001 -1.55113553113553E+0000
 285 -7.42857142857143E-0001 -1.55516483516484E+0000
 286 -2.00000000000000E+0000 -1.59868131868132E+0000
 287  5.45714285714286E-0001 -1.55435897435897E+0000
 288 -7.50915750915751E-0001 -1.55516483516484E+0000
 289 -2.00000000000000E+0000 -1.59465201465201E+0000
 290  5.46520146520147E-0001 -1.54871794871795E+0000
 291 -2.00000000000000E+0000 -1.58981684981685E+0000
 292  5.45714285714286E-0001 -1.54871794871795E+0000
 293 -2.00000000000000E+0000 -1.59142857142857E+0000
 294  5.44908424908425E-0001 -1.54630036630037E+0000
 295 -1.94197802197802E+0000 -1.58498168498168E+0000
 296  5.41684981684982E-0001 -1.54307692307692E+0000
 297 -1.74454212454212E+0000 -1.58578754578755E+0000
 298  5.37655677655678E-0001 -1.54227106227106E+0000
 299 -1.56483516483516E+0000 -1.58498168498168E+0000
 300  5.39267399267399E-0001 -1.54065934065934E+0000
 301 -1.40527472527473E+0000 -1.58659340659341E+0000
 302  5.37655677655678E-0001 -1.54549450549451E+0000
 303 -1.24329670329670E+0000 -1.58659340659341E+0000
 304  5.36849816849817E-0001 -1.54791208791209E+0000
 305 -1.07648351648352E+0000 -1.58498168498168E+0000
 306  5.36043956043956E-0001 -1.54388278388278E+0000
 307 -2.55311355311355E-0001 -1.53340659340659E+0000
 308  1.21831501831501E-0001 -1.54468864468864E+0000
 309 -1.99706959706960E-0001 -1.53501831501832E+0000
 310  1.20219780219780E-0001 -1.54871794871795E+0000
 311 -1.03809523809523E-0001 -1.53421245421245E+0000
 312  2.83516483516484E-0002 -1.54952380952381E+0000
 313 -5.62637362637363E-0002 -1.53743589743590E+0000
 314  6.59340659340659E-0003 -1.55274725274725E+0000
 315 -4.66446886446886E-0001 -1.58578754578755E+0000
 316  5.27179487179487E-0001 -1.52293040293040E+0000
 317 -3.30256410256410E-0001 -1.53260073260073E+0000
 318  5.24761904761905E-0001 -1.44153846153846E+0000
 319 -1.70695970695971E-0001 -1.45684981684982E+0000
 320  5.25567765567766E-0001 -1.40366300366300E+0000
 321 -3.20879120879121E-0002 -1.20542124542125E+0000
 322 -2.35164835164835E-0001 -1.42622710622711E+0000
 323  2.45934065934066E-0001 -1.13369963369963E+0000
 324 -3.41538461538462E-0001 -1.35772893772894E+0000
 325  3.07985347985348E-0001 -1.03135531135531E+0000
 326 -3.81831501831502E-0001 -1.27875457875458E+0000
 327  3.69230769230769E-0001 -1.16835164835165E+0000
 328  2.63663003663004E-0001 -1.20703296703297E+0000
 329  3.32967032967033E-0001 -1.10468864468864E+0000
 330  4.17582417582418E-0001 -1.13450549450549E+0000
 331  2.45128205128205E-0001 -8.75018315018315E-0001
 332 -6.17948717948718E-0001 -1.06197802197802E+0000
 333  5.21538461538462E-0001 -8.04908424908425E-0001
 334 -7.12234432234432E-0001 -1.00153846153846E+0000
 335  5.23956043956044E-0001 -9.45128205128205E-0001
 336 -5.62637362637363E-0002 -8.28278388278388E-0001
 337  5.20732600732601E-0001 -8.84688644688645E-0001
 338 -1.23956043956044E-0001 -7.76703296703297E-0001
 339  5.11062271062271E-0001 -8.16996336996337E-0001
 340  5.15091575091575E-0001 -5.31721611721612E-0001
 341 -9.58021978021978E-0001 -7.52527472527473E-0001
 342  5.13479853479853E-0001 -4.92234432234432E-0001
 343 -1.01604395604396E+0000 -6.93699633699634E-0001
 344 -4.14871794871795E-0001 -5.77655677655678E-0001
 345  5.12673992673993E-0001 -6.44542124542125E-0001
 346 -4.80146520146520E-0001 -3.71355311355311E-0001
 347 -1.10549450549451E+0000 -5.84908424908425E-0001
 348  5.13479853479853E-0001 -3.32673992673993E-0001
 349 -1.18366300366300E+0000 -4.33406593406593E-0001
 350  5.07838827838828E-0001 -4.69670329670330E-0001
 351 -7.21098901098901E-0001 -3.58461538461538E-0001
 352  5.07032967032967E-0001 -2.56923076923077E-0001
 353 -1.28439560439560E+0000 -4.24542124542125E-0001
 354  5.09450549450549E-0001 -1.83589743589744E-0001
 355 -1.34886446886447E+0000 -2.77069597069597E-0001
 356  5.03809523809524E-0001 -3.31868131868132E-0001
 357 -8.95164835164835E-0001 -2.31941391941392E-0001
 358  5.03003663003663E-0001 -8.68864468864469E-0002
 359 -1.46732600732601E+0000 -2.80293040293040E-0001
 360  5.07838827838828E-0001 -6.67399267399267E-0002
 361 -1.52857142857143E+0000 -1.36043956043956E-0001
 362  5.00586080586081E-0001 -2.09377289377289E-0001
 363 -1.07084249084249E+0000  3.36996336996337E-0003
 364 -1.62205128205128E+0000 -1.42490842490842E-0001
 365  5.03809523809524E-0001 -1.26373626373626E-0001
 366 -1.16754578754579E+0000 -1.11355311355311E-0002
 367  5.01391941391941E-0001 -8.93040293040293E-0002
 368 -1.22153846153846E+0000  1.38461538461538E-0002
 369 -1.80095238095238E+0000 -2.40293040293040E-0002
 370  5.00586080586081E-0001 -3.88278388278388E-0003
 371 -1.29809523809524E+0000  1.54578754578754E-0002
 372  5.00586080586081E-0001  2.91575091575092E-0002
 373  5.00586080586081E-0001  2.59340659340659E-0002
 374 -1.37384615384615E+0000  1.46520146520146E-0002
 375  5.01391941391941E-0001  2.67399267399267E-0002
 376  5.00586080586081E-0001  1.30402930402930E-0002
 377 -2.00000000000000E+0000  1.86813186813187E-0002
 378  4.98974358974359E-0001  3.23809523809524E-0002
 379 -1.44234432234432E+0000  1.46520146520146E-0002
 380 -2.00000000000000E+0000  3.56043956043956E-0002
 381  5.00586080586081E-0001  3.64102564102564E-0002
 382 -1.46571428571429E+0000  1.38461538461538E-0002
 383 -2.00000000000000E+0000  3.88278388278388E-0002
 384  5.00586080586081E-0001  3.64102564102564E-0002
 385 -1.49230769230769E+0000  1.38461538461538E-0002
 386  4.98168498168498E-0001  3.64102564102564E-0002
 387  5.00586080586081E-0001  4.44688644688645E-0002
 388 -1.52937728937729E+0000  1.54578754578754E-0002
 389  4.99780219780220E-0001  4.20512820512821E-0002
 390  5.00586080586081E-0001  1.46520146520146E-0002
 391 -2.00000000000000E+0000  1.78754578754579E-0002
 392  4.97362637362637E-0001  4.52747252747253E-0002
 393  4.96556776556777E-0001  1.38461538461538E-0002
 394 -2.00000000000000E+0000  1.70695970695971E-0002
 395  4.97362637362637E-0001  4.60805860805861E-0002
 396  4.98974358974359E-0001  1.22344322344322E-0002
 397 -2.00000000000000E+0000  1.70695970695971E-0002
 398  4.98974358974359E-0001  4.68864468864469E-0002
 399  5.00586080586081E-0001  9.81684981684982E-0003
 400 -2.00000000000000E+0000  1.06227106227106E-0002
 401  4.95750915750916E-0001  4.84981684981685E-0002
 402  5.00586080586081E-0001  1.22344322344322E-0002
 403 -2.00000000000000E+0000  1.30402930402930E-0002
 404  4.98974358974359E-0001  6.46153846153846E-0002
 405 -1.37706959706960E+0000  4.84981684981685E-0002
 406  4.97362637362637E-0001  1.22344322344322E-0002
 407 -2.00000000000000E+0000  1.62637362637363E-0002
 408  4.95750915750916E-0001  4.93040293040293E-0002
 409 -9.36263736263736E-0001  6.78388278388278E-0002
 410 -1.31985347985348E+0000  2.27106227106227E-0002
 411  4.94945054945055E-0001  5.17216117216117E-0002
 412 -2.00000000000000E+0000  6.78388278388278E-0002
 413 -1.27069597069597E+0000  4.20512820512821E-0002
 414  4.94945054945055E-0001  4.93040293040293E-0002
 415 -2.00000000000000E+0000  7.18681318681319E-0002
 416 -1.23040293040293E+0000  4.60805860805861E-0002
 417  4.94945054945055E-0001  1.38461538461538E-0002
 418 -2.00000000000000E+0000  4.93040293040293E-0002
 419 -2.00000000000000E+0000  4.84981684981685E-0002
 420  4.92527472527473E-0001  7.02564102564103E-0002
 421 -1.14417582417582E+0000  1.22344322344322E-0002
 422 -1.28197802197802E+0000  5.09157509157509E-0002
 423  4.94139194139194E-0001  4.93040293040293E-0002
 424 -2.00000000000000E+0000  4.93040293040293E-0002
 425 -1.06600732600733E+0000  5.33333333333333E-0002
 426  4.94139194139194E-0001  1.14285714285714E-0002
 427  5.30402930402930E-0001  4.93040293040293E-0002
 428 -2.00000000000000E+0000  4.93040293040293E-0002
 429  4.93333333333333E-0001  4.52747252747253E-0002
 430 -9.78974358974359E-0001  1.30402930402930E-0002
 431  5.27985347985348E-0001  5.33333333333333E-0002
 432  4.92527472527473E-0001  4.93040293040293E-0002
 433 -2.00000000000000E+0000  4.36630036630037E-0002
 434 -8.18608058608059E-0001  5.33333333333333E-0002
 435  4.92527472527473E-0001  1.06227106227106E-0002
 436  5.26373626373626E-0001  4.93040293040293E-0002
 437 -2.00000000000000E+0000  4.93040293040293E-0002
 438  4.98974358974359E-0001  3.96336996336996E-0002
 439 -7.34798534798535E-0001  4.93040293040293E-0002
 440 -2.00000000000000E+0000  1.22344322344322E-0002
 441  5.23150183150183E-0001  4.04395604395604E-0002
 442 -7.14652014652015E-0001  4.84981684981685E-0002
 443  4.91721611721612E-0001  9.01098901098901E-0003
 444  5.23956043956044E-0001  4.93040293040293E-0002
 445 -2.00000000000000E+0000  5.49450549450549E-0002
 446  4.87692307692308E-0001  3.47985347985348E-0002
 447 -5.80073260073260E-0001  4.93040293040293E-0002
 448 -2.00000000000000E+0000  3.64102564102564E-0002
 449 -5.39780219780220E-0001  1.38461538461538E-0002
 450  5.22344322344322E-0001  4.93040293040293E-0002
 451  3.45860805860806E-0001  5.33333333333333E-0002
 452 -1.58981684981685E+0000  3.47985347985348E-0002
 453 -4.44688644688645E-0001  6.59340659340659E-0003
 454  5.18315018315018E-0001  4.84981684981685E-0002
 455  1.87106227106227E-0001  3.64102564102564E-0002
 456 -3.37509157509158E-0001  4.84981684981685E-0002
 457 -1.14175824175824E+0000  3.64102564102564E-0002
 458 -2.60146520146520E-0001  4.60805860805861E-0002
 459  7.42857142857143E-0002  1.22344322344322E-0002
 460  5.16703296703297E-0001  4.93040293040293E-0002
 461  3.88278388278388E-0002  4.52747252747253E-0002
 462 -7.33992673992674E-0001  2.91575091575092E-0002
 463 -6.67399267399267E-0002  1.46520146520146E-0002
 464  5.14285714285714E-0001  4.68864468864469E-0002
 465 -1.32014652014652E-0001  4.52747252747253E-0002
 466 -3.83443223443223E-0001  3.23809523809524E-0002
 467  7.18681318681319E-0002  1.46520146520146E-0002
 468  5.11062271062271E-0001  4.28571428571429E-0002
 469 -3.26227106227106E-0001  4.20512820512821E-0002
 470  3.31868131868132E-0002  2.99633699633700E-0002
 471  2.53186813186813E-0001  2.10989010989011E-0002
 472  3.58754578754579E-0001  3.96336996336996E-0002
 473 -5.01098901098901E-0001  3.23809523809524E-0002
 474  2.94285714285714E-0001  3.15750915750916E-0002
 475  4.55457875457875E-0001  1.62637362637363E-0002
 476 -1.51648351648351E-0002  2.91575091575092E-0002
 477  5.13479853479853E-0001  1.54578754578754E-0002
 478 -9.65567765567766E-0002  3.64102564102564E-0002
 479 -7.84761904761905E-0001  3.39926739926740E-0002
 480  5.11062271062271E-0001  3.31868131868132E-0002
 481  5.11062271062271E-0001  2.02930402930403E-0002
 482 -4.01172161172161E-0001  3.23809523809524E-0002
 483 -9.79780219780220E-0001  3.23809523809524E-0002
 484  5.11868131868132E-0001  3.39926739926740E-0002
 485  5.15897435897436E-0001  2.27106227106227E-0002
 486 -6.68717948717949E-0001  3.96336996336996E-0002
 487 -1.18205128205128E+0000  2.99633699633700E-0002
 488  5.07838827838828E-0001  3.31868131868132E-0002
 489  5.07032967032967E-0001  2.99633699633700E-0002
 490  5.10256410256410E-0001  3.56043956043956E-0002
 491  5.11868131868132E-0001  2.59340659340659E-0002
 492 -9.59633699633700E-0001  2.91575091575092E-0002
 493 -1.48827838827839E+0000  2.83516483516484E-0002
 494  5.10256410256410E-0001  3.56043956043956E-0002
 495  5.08644688644689E-0001  3.07692307692308E-0002
 496 -1.13772893772894E+0000  3.56043956043956E-0002
 497  5.11868131868132E-0001  3.23809523809524E-0002
 498 -1.18608058608059E+0000  2.83516483516484E-0002
 499 -1.78322344322344E+0000  2.67399267399267E-0002
 500  5.05421245421245E-0001  3.64102564102564E-0002
 501  5.09450549450549E-0001  2.67399267399267E-0002
 502  5.08644688644689E-0001  4.20512820512821E-0002
 503  5.05421245421245E-0001  3.64102564102564E-0002
 504 -1.33113553113553E+0000  1.70695970695971E-0002
 505 -2.00000000000000E+0000  2.67399267399267E-0002
 506  5.07032967032967E-0001  4.12454212454212E-0002
 507  5.09450549450549E-0001  3.96336996336996E-0002
 508  5.06227106227106E-0001  3.96336996336996E-0002
 509 -1.44476190476190E+0000  2.19047619047619E-0002
 510 -2.00000000000000E+0000  1.86813186813187E-0002
 511  5.00586080586081E-0001  4.28571428571429E-0002
 512  5.05421245421245E-0001  4.84981684981685E-0002
 513  5.04615384615385E-0001  4.76923076923077E-0002
 514 -1.48586080586081E+0000  2.19047619047619E-0002
 515 -2.00000000000000E+0000  2.19047619047619E-0002
 516  5.00586080586081E-0001  4.68864468864469E-0002
 517  5.03003663003663E-0001  4.76923076923077E-0002
 518  5.03809523809524E-0001  5.25274725274725E-0002
 519 -1.53260073260073E+0000  1.94871794871795E-0002
 520 -2.00000000000000E+0000  2.02930402930403E-0002
 521  5.00586080586081E-0001  1.86813186813187E-0002
 522 -2.00000000000000E+0000  2.75457875457875E-0002
 523  4.98974358974359E-0001  5.01098901098901E-0002
 524  5.03003663003663E-0001  6.13919413919414E-0002
 525 -1.46893772893773E+0000  6.30036630036630E-0002
 526 -1.42461538461538E+0000  1.54578754578754E-0002
 527 -2.00000000000000E+0000  1.86813186813187E-0002
 528  4.96556776556777E-0001  5.09157509157509E-0002
 529  5.00586080586081E-0001  1.70695970695971E-0002
 530  4.98974358974359E-0001  5.17216117216117E-0002
 531 -4.25641025641026E-0002  6.70329670329670E-0002
 532 -1.34322344322344E+0000  6.30036630036630E-0002
 533 -1.33355311355311E+0000  1.46520146520146E-0002
 534 -2.00000000000000E+0000  3.72161172161172E-0002
 535  4.91721611721612E-0001  8.20512820512821E-0003
 536 -2.00000000000000E+0000  4.44688644688645E-0002
 537  4.95750915750916E-0001  5.01098901098901E-0002
 538 -2.00000000000000E+0000  6.86446886446886E-0002
 539 -1.18849816849817E+0000  5.49450549450549E-0002
 540 -2.00000000000000E+0000  6.38095238095238E-0002
 541 -1.11758241758242E+0000  1.22344322344322E-0002
 542  5.26373626373626E-0001  1.06227106227106E-0002
 543  5.29597069597070E-0001  4.76923076923077E-0002
 544  4.93333333333333E-0001  5.09157509157509E-0002
 545 -2.00000000000000E+0000  4.84981684981685E-0002
 546  4.90915750915751E-0001  5.17216117216117E-0002
 547 -2.00000000000000E+0000  4.12454212454212E-0002
 548 -9.06446886446886E-0001  3.96336996336996E-0002
 549 -8.73406593406593E-0001  9.81684981684982E-0003
 550  5.27179487179487E-0001  5.78754578754579E-0003
 551  5.21538461538462E-0001  4.68864468864469E-0002
 552  4.89304029304029E-0001  4.84981684981685E-0002
 553 -2.00000000000000E+0000  4.76923076923077E-0002
 554  4.88498168498168E-0001  4.76923076923077E-0002
 555 -2.00000000000000E+0000  3.64102564102564E-0002
 556 -6.52600732600733E-0001  4.36630036630037E-0002
 557 -6.21172161172161E-0001  5.78754578754579E-0003
 558  5.17509157509158E-0001  1.14285714285714E-0002
 559  5.13479853479853E-0001  4.44688644688645E-0002
 560  3.65201465201465E-0001  4.52747252747253E-0002
 561 -1.55597069597070E+0000  4.52747252747253E-0002
 562  2.91062271062271E-0001  4.36630036630037E-0002
 563 -1.40285714285714E+0000  3.96336996336996E-0002
 564 -1.25054945054945E+0000  3.39926739926740E-0002
 565 -3.08498168498168E-0001  2.99633699633700E-0002
 566 -2.53699633699634E-0001  1.75824175824176E-0003
 567  5.12673992673993E-0001  3.36996336996337E-0003
 568  5.10256410256410E-0001  4.93040293040293E-0002
 569  2.56410256410256E-0003  4.68864468864469E-0002
 570 -8.04395604395604E-0002  4.04395604395604E-0002
 571 -5.00293040293040E-0001  3.64102564102564E-0002
 572 -3.42344322344322E-0001  3.23809523809524E-0002
 573  8.79853479853480E-0002  2.35164835164835E-0002
 574  1.61318681318681E-0001  8.20512820512821E-0003
 575  5.05421245421245E-0001  2.35164835164835E-0002
 576  1.84688644688645E-0001  6.59340659340659E-0003
 577  5.06227106227106E-0001  8.20512820512821E-0003
 578  3.61978021978022E-0001  3.31868131868132E-0002
 579 -5.42197802197802E-0001  3.23809523809524E-0002
 580 -6.11501831501832E-0001  3.15750915750916E-0002
 581  4.15164835164835E-0001  2.99633699633700E-0002
 582  4.92527472527473E-0001  2.27106227106227E-0002
 583  5.10256410256410E-0001  2.35164835164835E-0002
 584  5.00586080586081E-0001  1.06227106227106E-0002
 585 -3.02051282051282E-0001  2.35164835164835E-0002
 586  5.08644688644689E-0001  1.22344322344322E-0002
 587 -3.89084249084249E-0001  1.62637362637363E-0002
 588 -4.57582417582418E-0001  2.67399267399267E-0002
 589 -1.04908424908425E+0000  2.35164835164835E-0002
 590 -1.13450549450549E+0000  2.27106227106227E-0002
 591  5.06227106227106E-0001  2.59340659340659E-0002
 592 -1.17479853479853E+0000  2.02930402930403E-0002
 593  5.10256410256410E-0001  2.35164835164835E-0002
 594  5.03809523809524E-0001  2.27106227106227E-0002
 595  5.01391941391941E-0001  2.91575091575092E-0002
 596  5.05421245421245E-0001  2.99633699633700E-0002
 597  5.05421245421245E-0001  2.75457875457875E-0002
 598  5.00586080586081E-0001  2.27106227106227E-0002
 599 -1.09340659340659E+0000  1.62637362637363E-0002
 600 -1.14578754578755E+0000  1.86813186813187E-0002
 601 -1.67120879120879E+0000  2.35164835164835E-0002
 602 -1.19816849816850E+0000  1.94871794871795E-0002
 603 -1.73406593406593E+0000  1.94871794871795E-0002
 604 -1.79047619047619E+0000  1.86813186813187E-0002
 605  5.06227106227106E-0001  2.43223443223443E-0002
 606 -1.86139194139194E+0000  1.86813186813187E-0002
 607  4.99780219780220E-0001  1.62637362637363E-0002
 608  4.98974358974359E-0001  3.31868131868132E-0002
 609  5.00586080586081E-0001  1.70695970695971E-0002
 610  4.97362637362637E-0001  3.39926739926740E-0002
 611  5.00586080586081E-0001  3.31868131868132E-0002
 612  5.00586080586081E-0001  3.64102564102564E-0002
 613  5.00586080586081E-0001  3.23809523809524E-0002
 614 -1.51567765567766E+0000  2.75457875457875E-0002
 615 -1.56725274725275E+0000  2.59340659340659E-0002
 616 -1.53179487179487E+0000  1.46520146520146E-0002
 617 -2.00000000000000E+0000  1.22344322344322E-0002
 618 -2.00000000000000E+0000  1.46520146520146E-0002
 619  4.94945054945055E-0001  1.06227106227106E-0002
 620 -2.00000000000000E+0000  1.38461538461538E-0002
 621  4.94945054945055E-0001  1.38461538461538E-0002
 622  4.94945054945055E-0001  4.20512820512821E-0002
 623  1.21025641025641E-0001  3.64102564102564E-0002
 624 -2.00000000000000E+0000  4.20512820512821E-0002
 625 -2.00000000000000E+0000  6.62271062271062E-0002
 626 -1.36014652014652E+0000  6.54212454212454E-0002
 627 -1.35208791208791E+0000  6.46153846153846E-0002
 628 -1.34322344322344E+0000  8.20512820512821E-0003
 629 -2.00000000000000E+0000  1.22344322344322E-0002
 630 -2.00000000000000E+0000  4.36630036630037E-0002
 631  4.90915750915751E-0001  4.28571428571429E-0002
 632  4.91721611721612E-0001  4.20512820512821E-0002
 633  4.92527472527473E-0001  4.28571428571429E-0002
 634 -2.00000000000000E+0000  4.44688644688645E-0002
 635 -2.00000000000000E+0000  4.36630036630037E-0002
 636 -2.00000000000000E+0000  6.62271062271062E-0002
 637 -1.19494505494505E+0000  6.54212454212454E-0002
 638 -1.13934065934066E+0000  6.59340659340659E-0003
 639 -1.70747252747253E+0000  4.93040293040293E-0002
 640 -1.13934065934066E+0000  3.36996336996337E-0003
 641  4.23223443223443E-0001  7.39926739926740E-0003
 642  5.22344322344322E-0001  8.20512820512821E-0003
 643  5.21538461538462E-0001  4.36630036630037E-0002
 644  4.87692307692308E-0001  4.52747252747253E-0002
 645  4.85274725274725E-0001  4.52747252747253E-0002
 646 -2.00000000000000E+0000  4.20512820512821E-0002
 647 -2.00000000000000E+0000  4.28571428571429E-0002
 648 -2.00000000000000E+0000  3.23809523809524E-0002
 649 -7.67838827838828E-0001  3.07692307692308E-0002
 650 -7.38827838827839E-0001  2.56410256410256E-0003
 651  5.14285714285714E-0001  2.56410256410256E-0003
 652  4.90915750915751E-0001  2.19047619047619E-0002
 653 -1.10549450549451E+0000 -1.67201465201465E+0000
 654  4.87692307692308E-0001 -1.66717948717949E+0000
 655  4.91721611721612E-0001 -1.65750915750916E+0000
 656  4.91721611721612E-0001  4.93040293040293E-0002
 657 -2.00000000000000E+0000  4.93040293040293E-0002
 658 -2.00000000000000E+0000  3.23809523809524E-0002
 659  6.30036630036630E-0002  3.47985347985348E-0002
 660 -3.88278388278388E-0003  3.64102564102564E-0002
 661 -1.59706959706960E-0002  2.35164835164835E-0002
 662  5.12673992673993E-0001  2.67399267399267E-0002
 663  5.15091575091575E-0001  6.70329670329670E-0002
 664  4.19194139194139E-0001  6.70329670329670E-0002
 665  3.28937728937729E-0001  7.18681318681319E-0002
 666 -1.25941391941392E+0000  6.38095238095238E-0002
 667  2.17728937728938E-0001  6.78388278388278E-0002
 668 -1.06761904761905E+0000  6.70329670329670E-0002
 669 -8.31501831501832E-0001  5.97802197802198E-0002
 670 -5.86813186813187E-0002 -1.58981684981685E+0000
 671  6.59340659340659E-0003 -1.59062271062271E+0000
 672  8.23443223443223E-0002 -1.61479853479853E+0000
 673  5.24761904761905E-0001 -1.61399267399267E+0000
 674  5.24761904761905E-0001 -1.56644688644689E+0000
 675 -3.39926739926740E-0001 -1.61076923076923E+0000
 676  5.24761904761905E-0001 -1.56725274725275E+0000
 677 -4.45494505494505E-0001 -1.56483516483516E+0000
 678 -5.11575091575092E-0001 -1.57772893772894E+0000
 679  4.37728937728938E-0001 -1.57853479853480E+0000
 680  5.26373626373626E-0001 -1.57208791208791E+0000
 681  3.40219780219780E-0001 -1.57450549450549E+0000
 682  4.02271062271062E-0001 -1.57289377289377E+0000
 683  4.35311355311355E-0001 -1.60673992673993E+0000
 684  4.74798534798535E-0001 -1.60512820512821E+0000
 685  3.65201465201465E-0001 -1.56564102564103E+0000
 686 -1.01604395604396E+0000 -1.59787545787546E+0000
 687  3.00732600732601E-0001 -1.57208791208791E+0000
 688 -1.08212454212454E+0000 -1.56564102564103E+0000
 689 -1.12080586080586E+0000 -1.57934065934066E+0000
 690  5.23150183150183E-0001 -1.57692307692308E+0000
 691  5.23150183150183E-0001 -1.56644688644689E+0000
 692  5.23150183150183E-0001 -1.57934065934066E+0000
 693  5.23150183150183E-0001 -1.56644688644689E+0000
 694  5.24761904761905E-0001 -1.56644688644689E+0000
 695  5.23956043956044E-0001 -1.58981684981685E+0000
 696 -2.74652014652015E-0001 -1.58901098901099E+0000
 697 -3.82637362637363E-0001 -1.57128205128205E+0000
 698 -1.51567765567766E+0000 -1.57692307692308E+0000
 699 -1.55435897435897E+0000 -1.58659340659341E+0000
 700  5.21538461538462E-0001 -1.57772893772894E+0000
 701 -1.63091575091575E+0000 -1.59142857142857E+0000
 702  5.15897435897436E-0001 -1.59545787545788E+0000
 703  5.21538461538462E-0001 -1.57450549450549E+0000
 704  5.21538461538462E-0001 -1.57450549450549E+0000
 705  5.20732600732601E-0001 -1.59062271062271E+0000
 706 -1.12805860805861E+0000 -1.57450549450549E+0000
 707  5.20732600732601E-0001 -1.58739926739927E+0000
 708 -1.16432234432234E+0000 -1.59142857142857E+0000
 709 -1.21106227106227E+0000 -1.58498168498168E+0000
 710 -1.87106227106227E+0000 -1.58336996336996E+0000
 711 -1.89926739926740E+0000 -1.60271062271062E+0000
 712  5.18315018315018E-0001 -1.60512820512821E+0000
 713  5.17509157509158E-0001 -1.60593406593407E+0000
 714  5.17509157509158E-0001 -1.57692307692308E+0000
 715  5.20732600732601E-0001 -1.58256410256410E+0000
 716  5.17509157509158E-0001 -1.57450549450549E+0000
 717  5.19120879120879E-0001 -1.58417582417582E+0000
 718 -1.45604395604396E+0000 -1.58175824175824E+0000
 719 -1.44798534798535E+0000 -1.59545787545788E+0000
 720 -2.00000000000000E+0000 -1.59304029304029E+0000
 721 -2.00000000000000E+0000 -1.60593406593407E+0000
 722  5.15091575091575E-0001 -1.59868131868132E+0000
 723 -2.00000000000000E+0000 -1.60593406593407E+0000
 724  5.13479853479853E-0001 -1.60754578754579E+0000
 725  5.13479853479853E-0001 -1.57289377289377E+0000
 726  5.13479853479853E-0001 -1.57772893772894E+0000
 727  5.13479853479853E-0001 -1.57128205128205E+0000
 728  5.13479853479853E-0001 -1.56483516483516E+0000
 729 -1.42864468864469E+0000 -1.55597069597070E+0000
 730 -1.39963369963370E+0000 -1.60351648351648E+0000
 731 -2.00000000000000E+0000 -1.59545787545788E+0000
 732 -2.00000000000000E+0000  4.28571428571429E-0002
 733  5.14285714285714E-0001  3.64102564102564E-0002
 734  5.15091575091575E-0001  7.58974358974359E-0002
 735  5.19926739926740E-0001  4.44688644688645E-0002
 736  5.15091575091575E-0001  7.75091575091575E-0002
 737  5.23956043956044E-0001 -1.10630036630037E+0000
 738  5.07032967032967E-0001  6.70329670329670E-0002
 739 -1.21831501831502E+0000  5.97802197802198E-0002
 740 -1.19897435897436E+0000  4.93040293040293E-0002
 741 -1.12322344322344E+0000 -1.61963369963370E+0000
 742  5.33626373626374E-0001 -1.58578754578755E+0000
 743 -1.03699633699634E+0000 -9.51575091575092E-0001
 744  5.24761904761905E-0001 -1.61399267399267E+0000
 745  5.31208791208791E-0001  5.57509157509158E-0002
 746  5.08644688644689E-0001  4.20512820512821E-0002
 747  5.07838827838828E-0001  7.50915750915751E-0002
 748 -2.00000000000000E+0000  6.70329670329670E-0002
 749  5.07838827838828E-0001 -1.60432234432234E+0000
 750 -2.00000000000000E+0000 -1.60512820512821E+0000
 751 -2.00000000000000E+0000 -1.61721611721612E+0000
 752 -4.96263736263736E-0001  2.35164835164835E-0002
 753 -4.14871794871795E-0001 -6.46959706959707E-0001
 754  5.09450549450549E-0001  2.35164835164835E-0002
 755 -3.52820512820513E-0001  7.39926739926740E-0003
 756  5.04615384615385E-0001 -1.63655677655678E+0000
 757  5.16703296703297E-0001 -1.57934065934066E+0000
 758  5.00586080586081E-0001 -1.57772893772894E+0000
 759  5.00586080586081E-0001 -1.59626373626374E+0000
 760 -2.00000000000000E+0000 -1.58659340659341E+0000
 761  4.99780219780220E-0001 -1.60109890109890E+0000
 762 -2.00000000000000E+0000 -1.59062271062271E+0000
 763 -1.88234432234432E+0000 -4.06007326007326E-0001
 764 -4.01465201465201E-0002  2.10989010989011E-0002
 765  3.07692307692308E-0002 -8.14578754578755E-0001
 766  5.11062271062271E-0001 -6.81611721611722E-0001
 767  4.35311355311355E-0001  3.96336996336996E-0002
 768  2.06446886446886E-0001 -1.63978021978022E+0000
 769  2.54798534798535E-0001  4.12454212454212E-0002
 770  1.76630036630037E-0001  3.80219780219780E-0002
 771  7.58974358974359E-0002  3.64102564102564E-0002
 772 -6.26007326007326E-0001  3.39926739926740E-0002
 773 -4.14871794871795E-0001  3.23809523809524E-0002
 774  4.48205128205128E-0001  5.25274725274725E-0002
 775 -2.29523809523810E-0001  4.04395604395604E-0002
 776  4.58681318681319E-0001  5.25274725274725E-0002
 777  5.32014652014652E-0001  3.47985347985348E-0002
 778 -3.43150183150183E-0001  2.91575091575092E-0002
 779 -4.66446886446886E-0001  5.81684981684982E-0002
 780 -5.30915750915751E-0001  3.64102564102564E-0002
 781 -5.72014652014652E-0001  6.30036630036630E-0002
 782 -6.13919413919414E-0001  5.73626373626374E-0002
 783 -7.11428571428571E-0001  5.57509157509158E-0002
 784  5.27985347985348E-0001  5.73626373626374E-0002
 785 -7.77509157509158E-0001  5.09157509157509E-0002
 786  5.25567765567766E-0001  5.81684981684982E-0002
 787  5.24761904761905E-0001  4.93040293040293E-0002
 788  5.27985347985348E-0001  5.33333333333333E-0002
 789  5.26373626373626E-0001  4.68864468864469E-0002
 790 -1.03538461538462E+0000  4.04395604395604E-0002
 791 -1.11274725274725E+0000  5.33333333333333E-0002
 792 -1.15545787545788E+0000  4.84981684981685E-0002
 793 -1.15545787545788E+0000  5.17216117216117E-0002
 794 -1.21912087912088E+0000  5.49450549450549E-0002
 795 -1.28761904761905E+0000  5.01098901098901E-0002
 796  5.23956043956044E-0001  5.09157509157509E-0002
 797  5.23956043956044E-0001  4.93040293040293E-0002
 798  5.24761904761905E-0001  6.13919413919414E-0002
 799  5.23150183150183E-0001  6.46153846153846E-0002
 800  5.22344322344322E-0001  5.33333333333333E-0002
 801 -1.48102564102564E+0000  5.89743589743590E-0002
 802 -1.51245421245421E+0000  4.52747252747253E-0002
 803 -1.80417582417582E+0000  5.89743589743590E-0002
 804 -1.54307692307692E+0000  4.93040293040293E-0002
 805 -1.87509157509158E+0000  4.44688644688645E-0002
 806 -1.95890109890110E+0000  4.68864468864469E-0002
 807  5.20732600732601E-0001  4.12454212454212E-0002
 808  5.19926739926740E-0001  6.86446886446886E-0002
 809  5.13479853479853E-0001  6.38095238095238E-0002
 810  5.10256410256410E-0001 -1.07890109890110E+0000
 811 -1.59062271062271E+0000 -5.88131868131868E-0001
 812 -1.58901098901099E+0000  4.12454212454212E-0002
 813 -2.00000000000000E+0000 -3.31868131868132E-0001
 814 -1.57934065934066E+0000  3.64102564102564E-0002
 815 -2.00000000000000E+0000  3.56043956043956E-0002
 816 -2.00000000000000E+0000 -4.70476190476190E-0001
 817  5.11062271062271E-0001 -5.13186813186813E-0001
 818  5.07838827838828E-0001  6.05860805860806E-0002
 819  5.05421245421245E-0001  5.81684981684982E-0002
 820  5.00586080586081E-0001  5.81684981684982E-0002
 821 -1.52212454212454E+0000  5.89743589743590E-0002
 822 -1.50761904761905E+0000  3.23809523809524E-0002
 823 -2.00000000000000E+0000  6.46153846153846E-0002
 824 -1.46652014652015E+0000  3.39926739926740E-0002
 825 -2.00000000000000E+0000  2.59340659340659E-0002
 826 -2.00000000000000E+0000 -6.02637362637363E-0001
 827  5.05421245421245E-0001 -5.97802197802198E-0001
 828  5.04615384615385E-0001 -1.59062271062271E+0000
 829  5.04615384615385E-0001 -1.58417582417582E+0000
 830  5.07838827838828E-0001  7.50915750915751E-0002
 831 -1.27472527472527E+0000  6.94505494505495E-0002
 832 -1.25135531135531E+0000 -5.29304029304029E-0001
 833  2.42710622710623E-0001  5.33333333333333E-0002
 834 -1.19978021978022E+0000 -1.65750915750916E+0000
 835  5.28791208791209E-0001 -1.63897435897436E+0000
 836  5.26373626373626E-0001 -3.51208791208791E-0001
 837  4.99780219780220E-0001 -3.06886446886447E-0001
 838  5.01391941391941E-0001  5.49450549450549E-0002
 839 -2.00000000000000E+0000 -2.73040293040293E-0001
 840  4.95750915750916E-0001  5.89743589743590E-0002
 841 -2.00000000000000E+0000  4.93040293040293E-0002
 842 -2.00000000000000E+0000  4.12454212454212E-0002
 843 -8.62124542124542E-0001  3.64102564102564E-0002
 844 -8.32307692307692E-0001 -1.62769230769231E+0000
 845  5.16703296703297E-0001 -1.62688644688645E+0000
 846  5.19120879120879E-0001 -9.73626373626374E-0002
 847  5.01391941391941E-0001 -1.42622710622711E+0000
 848  5.17509157509158E-0001 -9.49450549450549E-0002
 849  4.94945054945055E-0001 -6.35164835164835E-0002
 850  4.94139194139194E-0001  4.93040293040293E-0002
 851 -2.00000000000000E+0000 -2.56117216117216E-0001
 852 -2.00000000000000E+0000  3.07692307692308E-0002
 853 -4.36630036630037E-0001  2.67399267399267E-0002
 854 -3.96336996336996E-0001 -2.27106227106227E-0003
 855  5.12673992673993E-0001  2.75457875457875E-0002
 856 -3.27838827838828E-0001  5.78754578754579E-0003
 857  5.11062271062271E-0001  3.36996336996337E-0003
 858  5.09450549450549E-0001  4.04395604395604E-0002
 859  4.66739926739927E-0001 -7.72161172161172E-0002
 860  3.70842490842491E-0001  5.33333333333333E-0002
 861 -1.44717948717949E+0000  3.96336996336996E-0002
 862  3.37802197802198E-0001  3.96336996336996E-0002
 863 -1.33758241758242E+0000  3.96336996336996E-0002
 864 -1.19816849816850E+0000  4.04395604395604E-0002
 865  1.26666666666667E-0001  4.60805860805861E-0002
 866  1.60512820512821E-0001  2.35164835164835E-0002
 867  1.33919413919414E-0001  3.07692307692308E-0002
 868  6.59340659340659E-0003  5.81684981684982E-0002
 869 -1.19413919413919E-0002  6.21978021978022E-0002
 870 -6.10989010989011E-0002  6.21978021978022E-0002
 871 -3.17362637362637E-0001  4.93040293040293E-0002
 872 -2.37582417582418E-0001  5.01098901098901E-0002
 873  5.23150183150183E-0001  4.60805860805861E-0002
 874 -4.33699633699634E-0002  5.17216117216117E-0002
 875  5.28791208791209E-0001  4.60805860805861E-0002
 876  5.28791208791209E-0001  2.10989010989011E-0002
 877 -6.80000000000000E-0001 -1.63575091575092E+0000
 878 -7.09816849816850E-0001 -1.59304029304029E+0000
 879 -5.95384615384615E-0001 -1.59142857142857E+0000
 880 -6.86446886446886E-0001 -1.61318681318681E+0000
 881  5.14285714285714E-0001 -1.61238095238095E+0000
 882  5.18315018315018E-0001 -1.57853479853480E+0000
 883  5.18315018315018E-0001 -1.59626373626374E+0000
 884  5.26373626373626E-0001 -1.57369963369963E+0000
 885  5.23150183150183E-0001 -1.57208791208791E+0000
 886  5.23150183150183E-0001 -1.59545787545788E+0000
 887 -4.13260073260073E-0001 -1.59142857142857E+0000
 888 -5.04322344322344E-0001 -1.57369963369963E+0000
 889 -1.60351648351648E+0000 -1.58095238095238E+0000
 890 -1.67282051282051E+0000 -1.58981684981685E+0000
 891  5.27985347985348E-0001 -1.58739926739927E+0000
 892  5.20732600732601E-0001 -1.56725274725275E+0000
 893  5.22344322344322E-0001 -1.56967032967033E+0000
 894  5.22344322344322E-0001 -1.56644688644689E+0000
 895  5.20732600732601E-0001 -1.58498168498168E+0000
 896 -1.01684981684982E+0000 -1.58498168498168E+0000
 897 -1.06358974358974E+0000 -1.58417582417582E+0000
 898 -2.00000000000000E+0000 -1.59223443223443E+0000
 899  5.16703296703297E-0001 -1.58417582417582E+0000
 900 -2.00000000000000E+0000 -1.59223443223443E+0000
 901  5.16703296703297E-0001 -1.59384615384615E+0000
 902  5.19120879120879E-0001 -1.56402930402930E+0000
 903  5.20732600732601E-0001 -1.56967032967033E+0000
 904  5.20732600732601E-0001 -1.57934065934066E+0000
 905 -1.35047619047619E+0000 -1.57853479853480E+0000
 906 -1.40124542124542E+0000 -1.44637362637363E+0000
 907 -2.00000000000000E+0000 -2.09377289377289E-0001
 908 -1.44959706959707E+0000  4.28571428571429E-0002
 909 -2.00000000000000E+0000  4.68864468864469E-0002
 910  5.19120879120879E-0001  4.60805860805861E-0002
 911 -2.00000000000000E+0000  4.93040293040293E-0002
 912  5.19926739926740E-0001  7.67032967032967E-0002
 913  5.13479853479853E-0001  3.96336996336996E-0002
 914  5.14285714285714E-0001  7.42857142857143E-0002
 915  5.10256410256410E-0001  7.34798534798535E-0002
 916  5.11868131868132E-0001  3.80219780219780E-0002
 917 -1.24168498168498E+0000  3.80219780219780E-0002
 918 -1.29890109890110E+0000  3.64102564102564E-0002
 919  5.12673992673993E-0001  3.07692307692308E-0002
 920  5.18315018315018E-0001  2.99633699633700E-0002
 921  5.11062271062271E-0001  4.12454212454212E-0002
 922  5.11868131868132E-0001  7.50915750915751E-0002
 923  5.12673992673993E-0001  7.91208791208791E-0002
 924  5.13479853479853E-0001  4.93040293040293E-0002
 925 -1.28278388278388E+0000  5.25274725274725E-0002
 926 -1.25699633699634E+0000  3.64102564102564E-0002
 927  5.32820512820513E-0001  3.23809523809524E-0002
 928  5.22344322344322E-0001 -1.63897435897436E+0000
 929  5.06227106227106E-0001 -1.63494505494505E+0000
 930  5.07032967032967E-0001 -1.58981684981685E+0000
 931 -2.47252747252747E-0001 -4.80952380952381E-0001
 932 -2.00000000000000E+0000 -1.16109890109890E+0000
 933 -9.85421245421245E-0001 -1.58498168498168E+0000
 934 -2.00000000000000E+0000 -1.59706959706960E+0000
 935 -9.79780219780220E-0001 -1.59223443223443E+0000
 936 -8.80659340659341E-0001 -1.62366300366300E+0000
 937  5.32014652014652E-0001 -1.56805860805861E+0000
 938  5.07032967032967E-0001 -1.61721611721612E+0000
 939  5.34432234432234E-0001 -1.56564102564103E+0000
 940  5.07032967032967E-0001 -1.56000000000000E+0000
 941  5.00586080586081E-0001 -1.58014652014652E+0000
 942 -2.00000000000000E+0000 -1.57692307692308E+0000
 943 -2.00000000000000E+0000 -1.58095238095238E+0000
 944 -7.14652014652015E-0001 -1.61560439560440E+0000
 945  5.33626373626374E-0001 -1.57934065934066E+0000
 946 -7.05787545787546E-0001 -1.61721611721612E+0000
 947  5.33626373626374E-0001 -1.61802197802198E+0000
 948  5.32014652014652E-0001 -1.55919413919414E+0000
 949  5.05421245421245E-0001 -1.55838827838828E+0000
 950  5.00586080586081E-0001 -1.57128205128205E+0000
 951 -1.91054945054945E+0000 -1.56886446886447E+0000
 952 -1.70021978021978E+0000 -1.57692307692308E+0000
 953 -3.96336996336996E-0001 -1.57853479853480E+0000
 954 -3.53626373626374E-0001 -1.61479853479853E+0000
 955  5.30402930402930E-0001 -1.61318681318681E+0000
 956  5.30402930402930E-0001 -1.55758241758242E+0000
 957  1.64542124542125E-0001 -1.56080586080586E+0000
 958  1.14578754578754E-0001 -1.57369963369963E+0000
 959 -7.28351648351648E-0001 -1.58014652014652E+0000
 960 -8.04395604395604E-0002 -1.58095238095238E+0000
 961 -6.03443223443223E-0001 -1.58095238095238E+0000
 962  2.67399267399267E-0002 -9.52380952380952E-0003
 963  5.13479853479853E-0001  1.38461538461538E-0002
 964  5.13479853479853E-0001  4.20512820512821E-0002
 965 -2.06153846153846E-0001  3.88278388278388E-0002
 966 -2.79487179487179E-0001  5.49450549450549E-0002
 967  2.59340659340659E-0002  5.41391941391941E-0002
 968  1.21025641025641E-0001 -7.65421245421245E-0001
 969  3.97435897435897E-0001 -1.59223443223443E+0000
 970  4.58681318681319E-0001 -1.61479853479853E+0000
 971  1.21025641025641E-0001 -1.61238095238095E+0000
 972  4.93040293040293E-0002 -1.57531135531136E+0000
 973 -6.41318681318681E-0001 -1.57289377289377E+0000
 974 -7.13846153846154E-0001 -1.58981684981685E+0000
 975  5.23150183150183E-0001 -1.59142857142857E+0000
 976  5.23956043956044E-0001 -1.59465201465201E+0000
 977  5.20732600732601E-0001 -1.58981684981685E+0000
 978  5.23956043956044E-0001 -1.59223443223443E+0000
 979  5.22344322344322E-0001  2.02930402930403E-0002
 980 -8.22637362637363E-0001 -1.07970695970696E+0000
 981 -9.71721611721612E-0001  4.44688644688645E-0002
 982 -9.84615384615385E-0001  3.88278388278388E-0002
 983 -1.05875457875458E+0000  3.39926739926740E-0002
 984  5.13479853479853E-0001  5.33333333333333E-0002
 985  5.20732600732601E-0001  4.60805860805861E-0002
 986  5.22344322344322E-0001  5.57509157509158E-0002
 987  5.23150183150183E-0001  4.93040293040293E-0002
 988 -1.30857142857143E+0000  6.21978021978022E-0002
 989  5.24761904761905E-0001  5.01098901098901E-0002
 990 -1.33435897435897E+0000  4.76923076923077E-0002
 991 -1.34725274725275E+0000  4.60805860805861E-0002
 992 -1.52776556776557E+0000  5.01098901098901E-0002
 993 -1.59384615384615E+0000  5.49450549450549E-0002
 994  5.23150183150183E-0001  6.86446886446886E-0002
 995  5.25567765567766E-0001  5.25274725274725E-0002
 996  5.20732600732601E-0001  6.54212454212454E-0002
 997  5.23150183150183E-0001  5.57509157509158E-0002
 998 -1.48102564102564E+0000  6.94505494505495E-0002
 999  5.23956043956044E-0001  6.21978021978022E-0002
 1000 -1.49230769230769E+0000  4.93040293040293E-0002
 1001 -1.94036630036630E+0000  6.46153846153846E-0002
 1002 -1.51567765567766E+0000  4.93040293040293E-0002
 1003 -2.00000000000000E+0000  5.09157509157509E-0002
 1004  5.20732600732601E-0001  4.84981684981685E-0002
 1005 -2.00000000000000E+0000  5.09157509157509E-0002
 1006  5.21538461538462E-0001  7.42857142857143E-0002
 1007  5.25567765567766E-0001  5.17216117216117E-0002
 1008  5.20732600732601E-0001  7.02564102564103E-0002
 1009  5.25567765567766E-0001  7.50915750915751E-0002
 1010  5.27179487179487E-0001  6.46153846153846E-0002
 1011 -1.54388278388278E+0000 -7.53333333333333E-0001
 1012 -1.53501831501832E+0000  4.52747252747253E-0002
 1013 -2.00000000000000E+0000  4.12454212454212E-0002
 1014 -2.00000000000000E+0000  3.39926739926740E-0002
 1015  5.13479853479853E-0001  3.07692307692308E-0002
 1016  5.13479853479853E-0001  7.34798534798535E-0002
 1017  5.08644688644689E-0001 -1.12000000000000E+0000
 1018 -1.51648351648352E+0000  7.18681318681319E-0002
 1019  5.08644688644689E-0001 -8.21025641025641E-0001
 1020 -1.50197802197802E+0000  3.64102564102564E-0002
 1021 -2.00000000000000E+0000  3.47985347985348E-0002
 1022 -2.00000000000000E+0000  2.51282051282051E-0002
 1023  5.07838827838828E-0001 -8.68864468864469E-0002
 1024  5.06227106227106E-0001  6.78388278388278E-0002
 1025  5.00586080586081E-0001  7.10622710622711E-0002
 1026 -1.38593406593407E+0000  6.78388278388278E-0002
 1027  5.00586080586081E-0001  7.10622710622711E-0002
 1028 -1.35289377289377E+0000  3.15750915750916E-0002
 1029 -2.00000000000000E+0000  7.26739926739927E-0002
 1030 -1.32468864468864E+0000  2.67399267399267E-0002
 1031 -2.00000000000000E+0000  1.46520146520146E-0002
 1032  5.04615384615385E-0001  1.94871794871795E-0002
 1033  5.05421245421245E-0001  7.83150183150183E-0002
 1034 -1.31501831501832E+0000  7.58974358974359E-0002
 1035 -2.00000000000000E+0000  6.21978021978022E-0002
 1036 -1.07970695970696E+0000  2.99633699633700E-0002
 1037  5.36043956043956E-0001  6.05860805860806E-0002
 1038 -9.80586080586081E-0001  3.07692307692308E-0002
 1039  5.38461538461538E-0001  6.30036630036630E-0002
 1040  5.09450549450549E-0001  4.04395604395604E-0002
 1041  5.20732600732601E-0001  3.64102564102564E-0002
 1042  5.07032967032967E-0001  7.26739926739927E-0002
 1043 -2.00000000000000E+0000  6.70329670329670E-0002
 1044  4.94945054945055E-0001  6.05860805860806E-0002
 1045 -2.00000000000000E+0000  3.80219780219780E-0002
 1046 -4.62417582417582E-0001  4.20512820512821E-0002
 1047 -5.18827838827839E-0001  1.78754578754579E-0002
 1048  5.22344322344322E-0001 -1.82783882783883E-0001
 1049  5.23956043956044E-0001  4.76923076923077E-0002
 1050  4.91721611721612E-0001  5.17216117216117E-0002
 1051  4.89304029304029E-0001  5.57509157509158E-0002
 1052 -1.69941391941392E+0000 -1.58256410256410E+0000
 1053 -4.93846153846154E-0001  5.09157509157509E-0002
 1054 -1.44073260073260E+0000 -1.57772893772894E+0000
 1055 -4.47912087912088E-0001 -1.61318681318681E+0000
 1056  5.32014652014652E-0001 -1.60915750915751E+0000
 1057  5.32820512820513E-0001 -2.88351648351648E-0001
 1058  3.07692307692308E-0002 -4.84175824175824E-0001
 1059 -6.99633699633700E-0002 -1.58014652014652E+0000
 1060 -4.46300366300366E-0001 -1.57450549450549E+0000
 1061 -3.38315018315018E-0001 -1.56402930402930E+0000
 1062 -2.40000000000000E-0001 -1.60915750915751E+0000
 1063  5.33626373626374E-0001 -1.60835164835165E+0000
 1064  5.38461538461538E-0001 -6.49377289377289E-0001
 1065 -3.31062271062271E-0001 -5.22051282051282E-0001
 1066 -4.14871794871795E-0001 -1.57369963369963E+0000
 1067  2.00000000000000E-0001 -1.56644688644689E+0000
 1068  1.46520146520146E-0002 -1.56886446886447E+0000
 1069  1.04908424908424E-0001 -1.61479853479853E+0000
 1070  5.26373626373626E-0001 -1.61641025641026E+0000
 1071  5.23150183150183E-0001 -1.29597069597070E-0001
 1072 -6.68717948717949E-0001 -3.27838827838828E-0001
 1073 -7.21904761904762E-0001 -1.56886446886447E+0000
 1074  5.20732600732601E-0001 -1.56886446886447E+0000
 1075  5.23150183150183E-0001 -1.57692307692308E+0000
 1076  5.24761904761905E-0001 -1.57934065934066E+0000
 1077  5.25567765567766E-0001 -1.60835164835165E+0000
 1078 -1.60219780219780E-0001 -1.60673992673993E+0000
 1079 -4.27765567765568E-0001 -1.58095238095238E+0000
 1080 -8.08937728937729E-0001 -1.59706959706960E+0000
 1081  5.22344322344322E-0001 -1.57934065934066E+0000
 1082 -7.92014652014652E-0001 -1.59948717948718E+0000
 1083  5.22344322344322E-0001 -1.59787545787546E+0000
 1084  5.20732600732601E-0001 -1.60512820512821E+0000
 1085  5.19926739926740E-0001 -1.60271062271062E+0000
 1086  5.20732600732601E-0001 -1.62124542124542E+0000
 1087 -1.22153846153846E+0000 -1.60915750915751E+0000
 1088 -1.31179487179487E+0000  2.75457875457875E-0002
 1089 -9.16117216117216E-0001  4.93040293040293E-0002
 1090 -1.03216117216117E+0000  4.52747252747253E-0002
 1091  5.19926739926740E-0001  4.36630036630037E-0002
 1092  5.23956043956044E-0001  5.81684981684982E-0002
 1093  5.22344322344322E-0001  6.13919413919414E-0002
 1094  5.21538461538462E-0001  4.60805860805861E-0002
 1095 -1.60512820512821E+0000  4.76923076923077E-0002
 1096 -1.39963369963370E+0000  4.36630036630037E-0002
 1097 -1.49472527472527E+0000  4.76923076923077E-0002
 1098  5.15091575091575E-0001  4.36630036630037E-0002
 1099  5.19926739926740E-0001  6.21978021978022E-0002
 1100  5.22344322344322E-0001  5.17216117216117E-0002
 1101 -1.60351648351648E+0000  6.94505494505495E-0002
 1102  5.23150183150183E-0001  5.89743589743590E-0002
 1103 -1.60109890109890E+0000  4.60805860805861E-0002
 1104 -1.95406593406593E+0000  4.44688644688645E-0002
 1105 -2.00000000000000E+0000  4.36630036630037E-0002
 1106  5.19120879120879E-0001  4.93040293040293E-0002
 1107  5.21538461538462E-0001  7.42857142857143E-0002
 1108  5.23956043956044E-0001  7.67032967032967E-0002
 1109  5.24761904761905E-0001  7.34798534798535E-0002
 1110 -1.57208791208791E+0000  7.58974358974359E-0002
 1111 -1.56161172161172E+0000  4.36630036630037E-0002
 1112 -2.00000000000000E+0000  4.93040293040293E-0002
 1113  5.19926739926740E-0001  5.49450549450549E-0002
 1114  5.00586080586081E-0001  4.93040293040293E-0002
 1115 -2.00000000000000E+0000  4.84981684981685E-0002
 1116 -1.93311355311355E+0000  4.93040293040293E-0002
 1117  5.16703296703297E-0001  2.51282051282051E-0002
 1118 -1.52212454212454E+0000  2.91575091575092E-0002
 1119 -1.54791208791209E+0000  5.89743589743590E-0002
 1120  4.03076923076923E-0001  5.73626373626374E-0002
 1121  4.92527472527473E-0001  4.76923076923077E-0002
 1122 -1.71472527472527E+0000  6.05860805860806E-0002
 1123 -1.52937728937729E+0000  4.52747252747253E-0002
 1124  5.65567765567766E-0002  4.93040293040293E-0002
 1125 -9.97802197802198E-0002  3.31868131868132E-0002
 1126  5.23956043956044E-0001  6.38095238095238E-0002
 1127  1.68571428571429E-0001  2.99633699633700E-0002
 1128  5.28791208791209E-0001  6.62271062271062E-0002
 1129  2.02930402930403E-0002  7.18681318681319E-0002
 1130 -6.44542124542125E-0001  7.34798534798535E-0002
 1131 -1.42490842490842E-0001  6.94505494505495E-0002
 1132 -4.16483516483516E-0001  6.13919413919414E-0002
 1133 -1.48937728937729E-0001  6.46153846153846E-0002
 1134 -1.11355311355311E-0002  4.36630036630037E-0002
 1135  2.91575091575092E-0002  6.38095238095238E-0002
 1136 -9.34652014652015E-0001  5.09157509157509E-0002
 1137 -4.23736263736264E-0001  5.57509157509158E-0002
 1138 -1.29728937728938E+0000  5.97802197802198E-0002
 1139  5.28791208791209E-0001  5.57509157509158E-0002
 1140 -1.97582417582418E+0000  1.46007326007326E-0001
 1141 -2.00000000000000E+0000  1.69377289377289E-0001
 1142 -2.00000000000000E+0000  1.55677655677656E-0001
 1143 -2.00000000000000E+0000  1.77435897435897E-0001
 1144 -1.41172161172161E+0000  1.52454212454212E-0001
 1145 -2.00000000000000E+0000  1.24249084249084E-0001
 1146 -2.00000000000000E+0000  9.04029304029304E-0002
 1147 -2.00000000000000E+0000  1.09743589743589E-0001
 1148  5.56996336996337E-0001  1.03296703296703E-0001
 1149  5.56996336996337E-0001  1.39560439560440E-0001
 1150 -7.48498168498168E-0001  1.16190476190476E-0001
 1151 -7.00952380952381E-0001  6.05860805860806E-0002
 1152  5.76336996336996E-0001  8.15384615384615E-0002
 1153 -7.69450549450549E-0001  6.30036630036630E-0002
 1154  5.69084249084249E-0001  8.63736263736264E-0002
 1155 -6.48571428571429E-0001  8.79853479853480E-0002
 1156  1.00879120879120E-0001  8.39560439560440E-0002
 1157 -5.38168498168498E-0001  7.99267399267399E-0002
 1158 -1.08644688644688E-0001  7.50915750915751E-0002
 1159 -1.28791208791209E-0001  7.91208791208791E-0002
 1160 -2.38388278388278E-0001  7.02564102564103E-0002
 1161 -2.88644688644689E-0002  5.49450549450549E-0002
 1162  5.39267399267399E-0001  4.93040293040293E-0002
 1163  5.39267399267399E-0001  7.26739926739927E-0002
 1164 -2.21465201465201E-0001  8.55677655677656E-0002
 1165 -1.65860805860806E-0001  8.31501831501832E-0002
 1166 -3.84249084249084E-0001  6.94505494505495E-0002
 1167  5.03809523809524E-0001  7.58974358974359E-0002
 1168 -3.63296703296703E-0001  5.41391941391941E-0002
 1169  5.36849816849817E-0001  4.04395604395604E-0002
 1170  5.24761904761905E-0001  1.62637362637363E-0002
 1171 -7.41245421245421E-0001 -1.09450549450549E-0001
 1172 -8.66153846153846E-0001 -2.73040293040293E-0001
 1173 -9.01098901098901E-0002 -8.66153846153846E-0001
 1174 -1.31208791208791E-0001 -8.21831501831502E-0001
 1175 -1.25567765567766E-0001 -1.37545787545788E+0000
 1176 -4.57875457875458E-0002 -1.60109890109890E+0000
 1177  5.19926739926740E-0001 -1.60271062271062E+0000
 1178  2.35164835164835E-0002 -1.59706959706960E+0000
 1179  5.20732600732601E-0001 -1.61479853479853E+0000
 1180 -1.24571428571429E+0000 -1.63172161172161E+0000
 1181 -1.32952380952381E+0000 -1.59948717948718E+0000
 1182 -3.56043956043956E-0001 -1.60754578754579E+0000
 1183  4.98974358974359E-0001 -1.65831501831502E+0000
 1184 -2.00000000000000E+0000 -1.61399267399267E+0000
 1185 -7.29157509157509E-0001 -1.56967032967033E+0000
 1186 -3.93113553113553E-0001 -1.60915750915751E+0000
 1187  5.52161172161172E-0001 -1.52454212454212E+0000
 1188 -6.09890109890110E-0001 -1.59384615384615E+0000
 1189  5.52161172161172E-0001 -1.54065934065934E+0000
 1190 -1.23926739926740E+0000 -1.57853479853480E+0000
 1191 -2.00000000000000E+0000 -1.52212454212454E+0000
 1192 -1.73487179487179E+0000 -1.50600732600733E+0000
 1193  5.37655677655678E-0001 -1.50197802197802E+0000
 1194  5.36849816849817E-0001 -1.42622710622711E+0000
 1195 -6.34065934065934E-0001 -1.42300366300366E+0000
 1196 -6.28424908424908E-0001 -1.53582417582418E+0000
 1197  5.73113553113553E-0001 -1.54871794871795E+0000
 1198  5.71501831501832E-0001 -1.54146520146520E+0000
 1199 -1.69941391941392E+0000 -1.52776556776557E+0000
 1200  5.37655677655678E-0001 -1.52776556776557E+0000
 1201  5.33626373626374E-0001 -1.49714285714286E+0000
 1202 -2.00000000000000E+0000 -1.52937728937729E+0000
 1203 -2.00000000000000E+0000 -1.50681318681319E+0000
 1204 -7.31575091575092E-0001 -1.55435897435897E+0000
 1205 -2.00000000000000E+0000 -1.48505494505495E+0000
 1206 -9.07252747252747E-0001 -1.56080586080586E+0000
 1207 -2.00000000000000E+0000 -1.54952380952381E+0000
 1208  5.23956043956044E-0001 -1.56725274725275E+0000
 1209  5.22344322344322E-0001 -1.53743589743590E+0000
 1210  5.26373626373626E-0001 -1.54146520146520E+0000
 1211  5.23150183150183E-0001 -1.54146520146520E+0000
 1212 -1.31179487179487E+0000 -1.57450549450549E+0000
 1213 -2.00000000000000E+0000 -1.54791208791209E+0000
 1214 -1.37626373626374E+0000 -1.58336996336996E+0000
 1215 -2.00000000000000E+0000 -1.59465201465201E+0000
 1216  5.18315018315018E-0001 -1.58981684981685E+0000
 1217 -2.00000000000000E+0000 -1.60109890109890E+0000
 1218  5.17509157509158E-0001 -1.56805860805861E+0000
 1219  5.19926739926740E-0001 -1.60432234432234E+0000
 1220  5.19120879120879E-0001 -1.57208791208791E+0000
 1221  5.15091575091575E-0001 -1.57128205128205E+0000
 1222 -1.40446886446886E+0000 -1.57289377289377E+0000
 1223 -1.37868131868132E+0000 -1.61318681318681E+0000
 1224 -2.00000000000000E+0000 -1.57450549450549E+0000
 1225 -1.34967032967033E+0000 -1.60673992673993E+0000
 1226 -2.00000000000000E+0000 -1.61802197802198E+0000
 1227  5.13479853479853E-0001 -1.61963369963370E+0000
 1228  5.11868131868132E-0001 -1.58417582417582E+0000
 1229  5.15091575091575E-0001 -1.58417582417582E+0000
 1230  5.15091575091575E-0001 -1.60351648351648E+0000
 1231 -1.15948717948718E+0000 -1.61721611721612E+0000
 1232  5.23150183150183E-0001 -1.60835164835165E+0000
 1233 -1.12322344322344E+0000 -1.61560439560440E+0000
 1234  5.32820512820513E-0001 -1.62608058608059E+0000
 1235  5.07838827838828E-0001 -1.62769230769231E+0000
 1236  5.10256410256410E-0001 -1.58739926739927E+0000
 1237  5.12673992673993E-0001 -1.58981684981685E+0000
 1238  5.10256410256410E-0001 -1.61157509157509E+0000
 1239 -8.60512820512821E-0001 -1.62608058608059E+0000
 1240  5.23150183150183E-0001 -1.61399267399267E+0000
 1241 -8.46007326007326E-0001 -1.62446886446886E+0000
 1242  5.21538461538462E-0001 -1.62849816849817E+0000
 1243  5.06227106227106E-0001 -1.62849816849817E+0000
 1244 -2.00000000000000E+0000 -1.63978021978022E+0000
 1245  4.92527472527473E-0001 -1.60109890109890E+0000
 1246  5.09450549450549E-0001 -1.58417582417582E+0000
 1247 -1.38593406593407E+0000 -1.55032967032967E+0000
 1248 -1.30454212454212E+0000 -1.60351648351648E+0000
 1249 -2.00000000000000E+0000 -1.60271062271062E+0000
 1250 -2.00000000000000E+0000 -1.52534798534799E+0000
 1251  5.08644688644689E-0001 -1.51890109890110E+0000
 1252  5.10256410256410E-0001 -1.53582417582418E+0000
 1253 -2.00000000000000E+0000 -1.53421245421245E+0000
 1254 -2.00000000000000E+0000 -1.49553113553114E+0000
 1255 -1.14659340659341E+0000 -1.49472527472527E+0000
 1256 -1.13772893772894E+0000 -1.59142857142857E+0000
 1257 -2.00000000000000E+0000 -1.52373626373626E+0000
 1258 -3.45054945054945E-0002 -1.58578754578755E+0000
 1259  4.28058608058608E-0001 -1.56161172161172E+0000
 1260 -1.54578754578755E-0001 -1.54630036630037E+0000
 1261 -2.32234432234432E-0002 -1.54630036630037E+0000
 1262 -3.30256410256410E-0001 -1.54791208791209E+0000
 1263 -3.07692307692308E-0003 -1.55435897435897E+0000
 1264  9.01098901098901E-0003 -1.54065934065934E+0000
 1265 -2.47252747252747E-0001 -1.59787545787546E+0000
 1266  5.40073260073260E-0001 -1.54549450549451E+0000
 1267 -1.27985347985348E-0001 -1.59626373626374E+0000
 1268  5.39267399267399E-0001 -1.59626373626374E+0000
 1269  5.36043956043956E-0001 -1.55113553113553E+0000
 1270 -4.75311355311355E-0001 -1.55838827838828E+0000
 1271  2.34652014652015E-0001 -1.55274725274725E+0000
 1272 -4.81758241758242E-0001 -1.56402930402930E+0000
 1273  3.09597069597070E-0001 -1.56322344322344E+0000
 1274  2.66080586080586E-0001 -1.56402930402930E+0000
 1275  3.97435897435897E-0001 -1.56483516483516E+0000
 1276  3.45054945054945E-0001 -1.59868131868132E+0000
 1277  5.26373626373626E-0001 -1.59948717948718E+0000
 1278  3.69230769230769E-0001 -1.56080586080586E+0000
 1279 -7.38827838827839E-0001 -1.56000000000000E+0000
 1280 -8.25054945054945E-0001 -1.57611721611722E+0000
 1281  5.26373626373626E-0001 -1.58175824175824E+0000
 1282  5.27985347985348E-0001 -1.57531135531136E+0000
 1283  5.26373626373626E-0001 -1.57692307692308E+0000
 1284  5.27179487179487E-0001 -1.59787545787546E+0000
 1285 -5.21245421245421E-0001 -1.56805860805861E+0000
 1286 -1.14901098901099E+0000 -1.60029304029304E+0000
 1287 -6.11501831501832E-0001 -1.57128205128205E+0000
 1288 -1.19978021978022E+0000 -1.58578754578755E+0000
 1289  5.23956043956044E-0001 -1.58578754578755E+0000
 1290  5.19120879120879E-0001 -1.56725274725275E+0000
 1291  5.22344322344322E-0001 -1.56402930402930E+0000
 1292  5.22344322344322E-0001 -1.57934065934066E+0000
 1293 -1.03699633699634E+0000 -1.57611721611722E+0000
 1294 -1.12080586080586E+0000 -1.56483516483516E+0000
 1295 -1.64139194139194E+0000 -1.57772893772894E+0000
 1296  5.18315018315018E-0001 -1.56967032967033E+0000
 1297 -1.69860805860806E+0000 -1.58256410256410E+0000
 1298  5.23956043956044E-0001 -1.58095238095238E+0000
 1299  5.16703296703297E-0001 -1.55516483516484E+0000
 1300  5.19120879120879E-0001 -1.55677655677656E+0000
 1301  5.19926739926740E-0001 -1.56967032967033E+0000
 1302 -1.41091575091575E+0000 -1.56805860805861E+0000
 1303 -1.43106227106227E+0000 -1.57853479853480E+0000
 1304 -2.00000000000000E+0000 -1.57772893772894E+0000
 1305 -2.00000000000000E+0000 -1.55677655677656E+0000
 1306 -2.00000000000000E+0000 -1.58336996336996E+0000
 1307  5.12673992673993E-0001 -1.55597069597070E+0000
 1308  5.12673992673993E-0001 -1.51326007326007E+0000
 1309  5.08644688644689E-0001 -1.52454212454212E+0000
 1310  5.11868131868132E-0001 -1.44476190476190E+0000
 1311  5.10256410256410E-0001 -1.40366300366300E+0000
 1312 -1.46490842490842E+0000 -1.32871794871795E+0000
 1313 -1.46329670329670E+0000 -1.16190476190476E+0000
 1314 -2.00000000000000E+0000 -1.13369963369963E+0000
 1315 -2.00000000000000E+0000 -1.09582417582418E+0000
 1316  5.00586080586081E-0001 -1.12644688644689E+0000
 1317  4.97362637362637E-0001 -1.02087912087912E+0000
 1318  5.00586080586081E-0001 -1.05714285714286E+0000
 1319  5.03809523809524E-0001 -9.95897435897436E-0001
 1320  5.02197802197802E-0001 -9.51575091575092E-0001
 1321 -1.43267399267399E+0000 -8.80659340659341E-0001
 1322 -1.38996336996337E+0000 -7.50109890109890E-0001
 1323 -2.00000000000000E+0000 -7.24322344322344E-0001
 1324 -2.00000000000000E+0000 -6.66300366300366E-0001
 1325  4.94139194139194E-0001 -6.69523809523810E-0001
 1326  4.94945054945055E-0001 -6.08278388278388E-0001
 1327  4.91721611721612E-0001 -6.00219780219780E-0001
 1328 -1.96212454212454E+0000 -5.33333333333333E-0001
 1329 -2.00000000000000E+0000 -4.81758241758242E-0001
 1330 -1.20380952380952E+0000 -4.44688644688645E-0001
 1331 -1.10791208791209E+0000 -3.94725274725275E-0001
 1332 -4.17582417582418E-0002 -3.57655677655678E-0001
 1333  5.32014652014652E-0001 -2.12600732600733E-0001
 1334  4.87692307692308E-0001 -1.63443223443223E-0001
 1335  4.85274725274725E-0001 -1.87619047619048E-0001
 1336 -2.00000000000000E+0000 -1.48131868131868E-0001
 1337 -2.00000000000000E+0000 -1.89230769230769E-0001
 1338 -8.57289377289377E-0001 -1.47326007326007E-0001
 1339 -8.16190476190476E-0001 -1.29597069597070E-0001
 1340  5.13479853479853E-0001 -6.67399267399267E-0002
 1341  5.10256410256410E-0001  3.23809523809524E-0002
 1342  4.81245421245421E-0001  3.47985347985348E-0002
 1343  3.53919413919414E-0001  3.31868131868132E-0002
 1344 -1.60271062271062E+0000  3.56043956043956E-0002
 1345 -1.42139194139194E+0000  2.75457875457875E-0002
 1346 -4.84981684981685E-0001  2.27106227106227E-0002
 1347 -4.07619047619048E-0001 -2.27106227106227E-0003
 1348  5.09450549450549E-0001  3.39926739926740E-0002
 1349  2.83516483516484E-0002 -3.88278388278388E-0003
 1350  5.08644688644689E-0001  3.31868131868132E-0002
 1351 -5.62637362637363E-0002  2.99633699633700E-0002
 1352 -1.29597069597070E-0001  3.15750915750916E-0002
 1353 -4.55970695970696E-0001  3.23809523809524E-0002
 1354 -3.04468864468864E-0001  2.19047619047619E-0002
 1355 -6.83516483516484E-0002  2.10989010989011E-0002
 1356  4.36630036630037E-0002  9.52380952380952E-0004
 1357  5.08644688644689E-0001  2.83516483516484E-0002
 1358 -4.47106227106227E-0001  9.52380952380952E-0004
 1359  5.04615384615385E-0001  2.83516483516484E-0002
 1360 -5.13186813186813E-0001  2.75457875457875E-0002
 1361  3.25714285714286E-0001  2.35164835164835E-0002
 1362 -6.30842490842491E-0001  2.59340659340659E-0002
 1363  4.58681318681319E-0001  2.02930402930403E-0002
 1364  3.55531135531136E-0001  3.15750915750916E-0002
 1365  5.05421245421245E-0001  2.02930402930403E-0002
 1366  4.11941391941392E-0001  9.81684981684982E-0003
 1367  1.75018315018315E-0001  2.02930402930403E-0002
 1368  5.07032967032967E-0001  9.81684981684982E-0003
 1369  4.93040293040293E-0002  1.22344322344322E-0002
 1370 -8.52747252747253E-0002  2.35164835164835E-0002
 1371 -1.02732600732601E+0000  2.35164835164835E-0002
 1372 -1.07567765567766E+0000  2.27106227106227E-0002
 1373  5.03003663003663E-0001  2.35164835164835E-0002
 1374  5.06227106227106E-0001  2.51282051282051E-0002
 1375  5.04615384615385E-0001  2.27106227106227E-0002
 1376  5.04615384615385E-0001  2.43223443223443E-0002
 1377  5.05421245421245E-0001  1.86813186813187E-0002
 1378 -6.92087912087912E-0001  2.27106227106227E-0002
 1379 -7.72673992673993E-0001  2.27106227106227E-0002
 1380 -1.56080586080586E+0000  2.35164835164835E-0002
 1381  5.01391941391941E-0001  2.75457875457875E-0002
 1382  5.02197802197802E-0001  3.07692307692308E-0002
 1383  5.00586080586081E-0001  2.99633699633700E-0002
 1384  5.00586080586081E-0001  2.75457875457875E-0002
 1385 -1.14336996336996E+0000  3.47985347985348E-0002
 1386 -1.18043956043956E+0000  1.86813186813187E-0002
 1387 -1.96937728937729E+0000  1.94871794871795E-0002
 1388  5.00586080586081E-0001  2.02930402930403E-0002
 1389 -2.00000000000000E+0000  2.02930402930403E-0002
 1390  5.01391941391941E-0001  3.56043956043956E-0002
 1391  5.00586080586081E-0001  1.94871794871795E-0002
 1392  5.02197802197802E-0001  3.56043956043956E-0002
 1393  5.00586080586081E-0001  3.47985347985348E-0002
 1394 -1.38593406593407E+0000  3.64102564102564E-0002
 1395  4.95750915750916E-0001  2.99633699633700E-0002
 1396 -1.42219780219780E+0000  3.64102564102564E-0002
 1397 -1.44073260073260E+0000  1.86813186813187E-0002
 1398 -2.00000000000000E+0000  1.70695970695971E-0002
 1399 -2.00000000000000E+0000  1.70695970695971E-0002
 1400  4.98168498168498E-0001  1.78754578754579E-0002
 1401  4.98974358974359E-0001  4.28571428571429E-0002
 1402  5.00586080586081E-0001  4.36630036630037E-0002
 1403  5.00586080586081E-0001  4.93040293040293E-0002
 1404 -1.51809523809524E+0000  5.17216117216117E-0002
 1405 -1.52937728937729E+0000  1.54578754578754E-0002
 1406 -2.00000000000000E+0000  5.33333333333333E-0002
 1407 -1.51326007326007E+0000  1.54578754578754E-0002
 1408 -2.00000000000000E+0000  1.30402930402930E-0002
 1409 -2.00000000000000E+0000  1.54578754578754E-0002
 1410  4.96556776556777E-0001  1.54578754578754E-0002
 1411  4.94945054945055E-0001  4.76923076923077E-0002
 1412  4.96556776556777E-0001  5.89743589743590E-0002
 1413 -1.43025641025641E+0000  4.76923076923077E-0002
 1414  4.94139194139194E-0001  6.46153846153846E-0002
 1415 -1.38512820512821E+0000  1.06227106227106E-0002
 1416 -2.00000000000000E+0000  6.54212454212454E-0002
 1417 -1.34886446886447E+0000  1.38461538461538E-0002
 1418 -2.00000000000000E+0000  1.30402930402930E-0002
 1419 -2.00000000000000E+0000  3.64102564102564E-0002
 1420  4.91721611721612E-0001  4.20512820512821E-0002
 1421  4.87692307692308E-0001  4.76923076923077E-0002
 1422 -2.00000000000000E+0000  4.93040293040293E-0002
 1423 -2.00000000000000E+0000  4.93040293040293E-0002
 1424 -1.08857142857143E+0000  4.60805860805861E-0002
 1425 -1.04505494505495E+0000  1.06227106227106E-0002
 1426  5.20732600732601E-0001  5.78754578754579E-0003
 1427  5.23956043956044E-0001  5.17216117216117E-0002
 1428  4.87692307692308E-0001  5.17216117216117E-0002
 1429  4.84468864468864E-0001  4.93040293040293E-0002
 1430 -2.00000000000000E+0000  5.57509157509158E-0002
 1431 -2.00000000000000E+0000  3.64102564102564E-0002
 1432 -7.11428571428571E-0001  3.64102564102564E-0002
 1433 -6.43736263736264E-0001  5.78754578754579E-0003
 1434  5.17509157509158E-0001  1.06227106227106E-0002
 1435  5.16703296703297E-0001  4.60805860805861E-0002
 1436  3.49890109890110E-0001  4.12454212454212E-0002
 1437  3.01538461538462E-0001  4.52747252747253E-0002
 1438 -1.42219780219780E+0000  4.84981684981685E-0002
 1439  2.30622710622711E-0001  4.44688644688645E-0002
 1440 -1.26908424908425E+0000  4.36630036630037E-0002
 1441 -1.11838827838828E+0000  2.99633699633700E-0002
 1442 -2.23882783882784E-0001  3.07692307692308E-0002
 1443 -1.93260073260073E-0001  5.78754578754579E-0003
 1444  5.09450549450549E-0001  9.52380952380952E-0004
 1445  5.09450549450549E-0001  3.64102564102564E-0002
 1446 -1.16703296703296E-0001  3.88278388278388E-0002
 1447 -1.50549450549451E-0001  3.80219780219780E-0002
 1448 -2.75457875457875E-0001  4.20512820512821E-0002
 1449 -1.49743589743590E-0001  2.35164835164835E-0002
 1450  2.18534798534799E-0001  2.02930402930403E-0002
 1451  3.14432234432234E-0001  7.39926739926740E-0003
 1452  1.39560439560440E-0001  7.39926739926740E-0003
 1453  1.30402930402930E-0002  3.23809523809524E-0002
 1454 -4.95457875457875E-0001  3.07692307692308E-0002
 1455 -4.85787545787546E-0001  2.83516483516484E-0002
 1456  1.52454212454212E-0001  2.19047619047619E-0002
 1457  5.08644688644689E-0001  2.67399267399267E-0002
 1458  8.63736263736264E-0002  2.02930402930403E-0002
