 0  1.12967032967033E-0001 -4.27765567765568E-0001
 1 -1.71150183150183E+0000 -1.44556776556777E+0000
 2 -1.33758241758242E+0000 -6.93699633699634E-0001
 3  1.13772893772893E-0001 -4.21318681318681E-0001
 4  1.12967032967033E-0001 -4.27765567765568E-0001
 5 -1.72358974358974E+0000 -1.45765567765568E+0000
 6 -1.34967032967033E+0000 -6.99340659340659E-0001
 7  1.12161172161172E-0001 -4.34212454212454E-0001
 8 -1.73970695970696E+0000 -1.47377289377289E+0000
 9 -1.37948717948718E+0000 -7.10622710622711E-0001
 10  1.12967032967033E-0001 -4.22124542124542E-0001
 11  1.13772893772893E-0001 -4.27765567765568E-0001
 12 -1.74937728937729E+0000 -1.49794871794872E+0000
 13 -1.41010989010989E+0000 -7.05787545787546E-0001
 14  1.12967032967033E-0001 -4.22124542124542E-0001
 15  1.13772893772893E-0001 -4.27765567765568E-0001
 16 -1.74857142857143E+0000 -1.51245421245421E+0000
 17 -1.43347985347985E+0000 -4.22930402930403E-0001
 18  1.12161172161172E-0001 -4.27765567765568E-0001
 19 -1.75824175824176E+0000 -1.51567765567766E+0000
 20 -1.40769230769231E+0000 -6.52600732600733E-0001
 21  1.11355311355311E-0001 -4.22124542124542E-0001
 22  1.12967032967033E-0001 -4.27765567765568E-0001
 23 -1.83399267399267E+0000 -1.54871794871795E+0000
 24 -1.33838827838828E+0000 -6.21978021978022E-0001
 25  1.15384615384615E-0001 -4.19706959706960E-0001
 26  1.10549450549450E-0001 -4.30989010989011E-0001
 27 -1.90974358974359E+0000 -1.56483516483516E+0000
 28 -1.31743589743590E+0000 -6.34065934065934E-0001
 29  1.08131868131868E-0001 -4.27765567765568E-0001
 30  1.13772893772893E-0001 -1.55597069597070E+0000
 31 -1.33113553113553E+0000 -7.11428571428571E-0001
 32  1.12161172161172E-0001 -4.21318681318681E-0001
 33  1.07326007326007E-0001 -4.34212454212454E-0001
 34 -1.91699633699634E+0000 -1.55274725274725E+0000
 35 -1.34564102564103E+0000 -7.73479853479853E-0001
 36  1.13772893772893E-0001 -4.18901098901099E-0001
 37  1.12967032967033E-0001 -1.55838827838828E+0000
 38 -1.37868131868132E+0000 -8.36336996336996E-0001
 39  1.12161172161172E-0001 -4.22930402930403E-0001
 40  1.12967032967033E-0001 -4.27765567765568E-0001
 41 -1.89926739926740E+0000 -1.59545787545788E+0000
 42 -1.40285714285714E+0000 -8.44395604395604E-0001
 43  1.14578754578754E-0001 -4.11648351648352E-0001
 44  1.16190476190476E-0001 -4.22124542124542E-0001
 45 -1.89684981684982E+0000 -1.62849816849817E+0000
 46 -1.40124542124542E+0000 -8.27472527472527E-0001
 47  1.16996336996337E-0001 -4.12454212454212E-0001
 48  1.13772893772893E-0001 -4.27765567765568E-0001
 49 -1.92908424908425E+0000 -1.65589743589744E+0000
 50 -1.38996336996337E+0000 -8.14578754578755E-0001
 51  1.13772893772893E-0001 -4.21318681318681E-0001
 52  1.14578754578754E-0001 -4.25347985347985E-0001
 53 -1.93875457875458E+0000 -1.67201465201465E+0000
 54 -1.40769230769231E+0000 -8.29890109890110E-0001
 55  1.14578754578754E-0001 -4.12454212454212E-0001
 56  1.13772893772893E-0001 -4.24542124542125E-0001
 57 -1.93391941391941E+0000 -1.69135531135531E+0000
 58 -1.42058608058608E+0000 -8.37948717948718E-0001
 59  1.12161172161172E-0001 -4.22930402930403E-0001
 60  1.13772893772893E-0001 -4.24542124542125E-0001
 61 -1.94197802197802E+0000 -1.72439560439560E+0000
 62 -1.40769230769231E+0000 -8.18608058608059E-0001
 63  1.13772893772893E-0001 -4.11648351648352E-0001
 64  1.12967032967033E-0001 -4.27765567765568E-0001
 65 -1.96212454212454E+0000 -1.74534798534799E+0000
 66 -1.39479853479853E+0000 -7.86373626373626E-0001
 67  1.13772893772893E-0001 -4.20512820512821E-0001
 68  1.08937728937728E-0001 -4.27765567765568E-0001
 69 -1.96615384615385E+0000 -1.76146520146520E+0000
 70 -1.39479853479853E+0000 -7.66227106227106E-0001
 71  1.16996336996337E-0001 -4.16483516483516E-0001
 72  1.13772893772893E-0001 -4.27765567765568E-0001
 73 -1.96776556776557E+0000 -1.77516483516484E+0000
 74 -1.39238095238095E+0000 -7.49304029304029E-0001
 75  1.13772893772893E-0001 -4.21318681318681E-0001
 76  1.12967032967033E-0001 -4.27765567765568E-0001
 77 -1.98065934065934E+0000 -1.78967032967033E+0000
 78 -1.38029304029304E+0000 -7.34798534798535E-0001
 79  1.13772893772893E-0001 -4.21318681318681E-0001
 80  1.14578754578754E-0001 -4.27765567765568E-0001
 81 -1.98388278388278E+0000 -1.79128205128205E+0000
 82 -1.37062271062271E+0000 -7.20293040293040E-0001
 83  1.13772893772893E-0001 -4.14871794871795E-0001
 84  1.13772893772893E-0001 -4.27765567765568E-0001
 85 -1.98710622710623E+0000 -1.79047619047619E+0000
 86 -1.36498168498168E+0000 -7.06593406593407E-0001
 87  1.13772893772893E-0001 -4.21318681318681E-0001
 88  1.13772893772893E-0001 -4.27765567765568E-0001
 89 -1.99274725274725E+0000 -1.78080586080586E+0000
 90 -1.36417582417582E+0000 -6.93699633699634E-0001
 91  1.13772893772893E-0001 -4.14871794871795E-0001
 92  1.13772893772893E-0001 -4.24542124542125E-0001
 93 -1.98065934065934E+0000 -1.74857142857143E+0000
 94 -1.37062271062271E+0000 -6.88864468864469E-0001
 95  1.14578754578754E-0001 -4.18095238095238E-0001
 96  1.12967032967033E-0001 -4.27765567765568E-0001
 97 -1.96212454212454E+0000 -1.70747252747253E+0000
 98 -1.38029304029304E+0000 -6.67106227106227E-0001
 99  1.18608058608058E-0001 -4.14871794871795E-0001
 100  1.12967032967033E-0001 -4.27765567765568E-0001
 101 -1.95326007326007E+0000 -1.67443223443223E+0000
 102 -1.41655677655678E+0000 -6.69523809523810E-0001
 103  1.13772893772893E-0001 -4.18901098901099E-0001
 104  1.12967032967033E-0001 -4.26153846153846E-0001
 105 -1.92505494505495E+0000 -1.66879120879121E+0000
 106 -1.46410256410256E+0000 -6.88058608058608E-0001
 107  1.13772893772893E-0001 -4.18901098901099E-0001
 108  1.12161172161172E-0001 -4.30183150183150E-0001
 109 -1.85575091575092E+0000 -1.61802197802198E+0000
 110 -1.48424908424908E+0000 -7.20293040293040E-0001
 111  1.14578754578754E-0001 -4.18901098901099E-0001
 112  1.12161172161172E-0001 -4.27765567765568E-0001
 113 -1.86461538461538E+0000 -1.60432234432234E+0000
 114 -1.45362637362637E+0000 -7.09010989010989E-0001
 115  1.12967032967033E-0001 -4.22930402930403E-0001
 116  1.13772893772893E-0001 -1.63736263736264E+0000
 117 -1.41413919413919E+0000 -7.04175824175824E-0001
 118  1.14578754578754E-0001 -4.18901098901099E-0001
 119  1.13772893772893E-0001 -4.24542124542125E-0001
 120 -2.00000000000000E+0000 -1.63978021978022E+0000
 121 -1.37948717948718E+0000 -7.03369963369963E-0001
 122  1.11355311355311E-0001 -4.22930402930403E-0001
 123  1.12967032967033E-0001 -4.27765567765568E-0001
 124 -2.00000000000000E+0000 -1.66073260073260E+0000
 125 -1.32468864468864E+0000 -7.01758241758242E-0001
 126  1.15384615384615E-0001 -4.18901098901099E-0001
 127  1.16996336996337E-0001 -4.22930402930403E-0001
 128 -2.00000000000000E+0000 -1.67362637362637E+0000
 129 -1.31421245421245E+0000 -7.21904761904762E-0001
 130  1.13772893772893E-0001 -4.14871794871795E-0001
 131  1.13772893772893E-0001 -4.27765567765568E-0001
 132 -2.00000000000000E+0000 -1.68490842490842E+0000
 133 -1.30937728937729E+0000 -7.59780219780220E-0001
 134  1.13772893772893E-0001 -4.10842490842491E-0001
 135  1.15384615384615E-0001 -4.22930402930403E-0001
 136 -2.00000000000000E+0000 -1.68893772893773E+0000
 137 -1.32388278388278E+0000 -7.97655677655678E-0001
 138  1.12967032967033E-0001 -4.17289377289377E-0001
 139  1.13772893772893E-0001 -1.71875457875458E+0000
 140 -1.33919413919414E+0000 -8.27472527472527E-0001
 141  1.13772893772893E-0001 -4.18901098901099E-0001
 142  1.12967032967033E-0001 -4.27765567765568E-0001
 143 -2.00000000000000E+0000 -1.74857142857143E+0000
 144 -1.36256410256410E+0000 -8.44395604395604E-0001
 145  1.21025641025641E-0001 -4.07619047619048E-0001
 146  1.14578754578754E-0001 -1.77516483516484E+0000
 147 -1.38512820512821E+0000 -8.59706959706960E-0001
 148  1.12967032967033E-0001 -4.16483516483516E-0001
 149  1.15384615384615E-0001 -4.26153846153846E-0001
 150 -2.00000000000000E+0000 -1.80175824175824E+0000
 151 -1.42139194139194E+0000 -9.14505494505495E-0001
 152  1.17802197802197E-0001 -4.10842490842491E-0001
 153  1.14578754578754E-0001 -4.25347985347985E-0001
 154 -2.00000000000000E+0000 -1.82673992673993E+0000
 155 -1.45120879120879E+0000 -9.47545787545788E-0001
 156  1.14578754578754E-0001 -4.14065934065934E-0001
 157  1.14578754578754E-0001 -4.24542124542125E-0001
 158 -2.00000000000000E+0000 -1.87025641025641E+0000
 159 -1.45926739926740E+0000 -9.08864468864469E-0001
 160  1.16190476190476E-0001 -4.17289377289377E-0001
 161  1.14578754578754E-0001 -4.22930402930403E-0001
 162 -2.00000000000000E+0000 -1.92505494505495E+0000
 163 -1.45040293040293E+0000 -4.22124542124542E-0001
 164  1.12967032967033E-0001 -4.27765567765568E-0001
 165 -2.00000000000000E+0000 -1.96293040293040E+0000
 166 -1.45523809523810E+0000 -8.35531135531136E-0001
 167  1.16190476190476E-0001 -4.11648351648352E-0001
 168  1.15384615384615E-0001 -4.22930402930403E-0001
 169 -2.00000000000000E+0000 -1.99194139194139E+0000
 170 -1.46813186813187E+0000 -8.08937728937729E-0001
 171  1.13772893772893E-0001 -4.14871794871795E-0001
 172  1.12161172161172E-0001 -4.27765567765568E-0001
 173 -2.00000000000000E+0000 -2.00000000000000E+0000
 174 -1.47054945054945E+0000 -7.89597069597070E-0001
 175  1.15384615384615E-0001 -4.27765567765568E-0001
 176 -2.00000000000000E+0000 -2.00000000000000E+0000
 177 -1.48102564102564E+0000 -7.79120879120879E-0001
 178  1.15384615384615E-0001 -4.21318681318681E-0001
 179  1.12967032967033E-0001 -4.27765567765568E-0001
 180 -2.00000000000000E+0000 -2.00000000000000E+0000
 181 -1.48747252747253E+0000 -7.77509157509158E-0001
 182  1.12967032967033E-0001 -4.15677655677656E-0001
 183  1.12967032967033E-0001 -2.00000000000000E+0000
 184 -1.49553113553114E+0000 -7.78315018315018E-0001
 185  1.15384615384615E-0001 -4.18901098901099E-0001
 186  1.12967032967033E-0001 -4.27765567765568E-0001
 187 -2.00000000000000E+0000 -2.00000000000000E+0000
 188 -1.50036630036630E+0000 -7.80732600732601E-0001
 189  1.17802197802197E-0001 -4.22930402930403E-0001
 190 -2.00000000000000E+0000 -2.00000000000000E+0000
 191 -1.50358974358974E+0000 -7.88791208791209E-0001
 192  1.14578754578754E-0001 -4.14871794871795E-0001
 193  1.12161172161172E-0001 -4.27765567765568E-0001
 194 -2.00000000000000E+0000 -2.00000000000000E+0000
 195 -1.50681318681319E+0000 -7.86373626373626E-0001
 196  1.15384615384615E-0001 -4.14871794871795E-0001
 197  1.12967032967033E-0001 -4.27765567765568E-0001
 198 -2.00000000000000E+0000 -2.00000000000000E+0000
 199 -1.50600732600733E+0000 -7.86373626373626E-0001
 200  1.20219780219780E-0001 -4.14871794871795E-0001
 201  1.12967032967033E-0001 -4.27765567765568E-0001
 202 -2.00000000000000E+0000 -2.00000000000000E+0000
 203 -1.51084249084249E+0000 -7.92820512820513E-0001
 204  1.14578754578754E-0001 -4.22124542124542E-0001
 205  1.12967032967033E-0001 -4.26153846153846E-0001
 206 -2.00000000000000E+0000 -2.00000000000000E+0000
 207 -1.51487179487179E+0000 -7.97655677655678E-0001
 208  1.16190476190476E-0001 -4.21318681318681E-0001
 209  1.12967032967033E-0001 -4.27765567765568E-0001
 210 -2.00000000000000E+0000 -2.00000000000000E+0000
 211 -1.51809523809524E+0000 -8.08131868131868E-0001
 212  1.17802197802197E-0001 -4.11648351648352E-0001
 213  1.12161172161172E-0001 -4.27765567765568E-0001
 214 -2.00000000000000E+0000 -2.00000000000000E+0000
 215 -1.51245421245421E+0000 -8.04908424908425E-0001
 216  1.13772893772893E-0001 -4.15677655677656E-0001
 217  1.12967032967033E-0001 -4.24542124542125E-0001
 218 -2.00000000000000E+0000 -2.00000000000000E+0000
 219 -1.51164835164835E+0000 -8.00073260073260E-0001
 220  1.15384615384615E-0001 -4.14871794871795E-0001
 221  1.12967032967033E-0001 -4.27765567765568E-0001
 222 -2.00000000000000E+0000 -2.00000000000000E+0000
 223 -1.50761904761905E+0000 -8.05714285714286E-0001
 224  1.12967032967033E-0001 -4.14871794871795E-0001
 225  1.13772893772893E-0001 -4.25347985347985E-0001
 226 -2.00000000000000E+0000 -2.00000000000000E+0000
 227 -1.50842490842491E+0000 -8.08937728937729E-0001
 228  1.15384615384615E-0001 -4.13260073260073E-0001
 229  1.14578754578754E-0001 -4.27765567765568E-0001
 230 -2.00000000000000E+0000 -2.00000000000000E+0000
 231 -1.51890109890110E+0000 -8.09743589743590E-0001
 232  1.12161172161172E-0001 -4.16483516483516E-0001
 233  1.12967032967033E-0001 -4.27765567765568E-0001
 234 -2.00000000000000E+0000 -2.00000000000000E+0000
 235 -1.50842490842491E+0000 -8.06520146520147E-0001
 236  1.15384615384615E-0001 -4.21318681318681E-0001
 237  1.12967032967033E-0001 -4.27765567765568E-0001
 238 -2.00000000000000E+0000 -2.00000000000000E+0000
 239 -1.51245421245421E+0000 -8.04908424908425E-0001
 240  1.13772893772893E-0001 -4.16483516483516E-0001
 241  1.13772893772893E-0001 -4.27765567765568E-0001
 242 -2.00000000000000E+0000 -2.00000000000000E+0000
 243 -1.51970695970696E+0000 -8.12161172161172E-0001
 244  1.14578754578754E-0001 -4.27765567765568E-0001
 245 -2.00000000000000E+0000 -2.00000000000000E+0000
 246 -1.51245421245421E+0000 -8.14578754578755E-0001
 247  1.14578754578754E-0001 -4.12454212454212E-0001
 248  1.09743589743589E-0001 -4.30183150183150E-0001
 249 -2.00000000000000E+0000 -2.00000000000000E+0000
 250 -1.50600732600733E+0000 -8.06520146520147E-0001
 251  1.15384615384615E-0001 -4.13260073260073E-0001
 252  1.14578754578754E-0001 -4.25347985347985E-0001
 253 -2.00000000000000E+0000 -2.00000000000000E+0000
 254 -1.51164835164835E+0000 -8.06520146520147E-0001
 255  1.16190476190476E-0001 -4.12454212454212E-0001
 256  1.16996336996337E-0001 -4.22124542124542E-0001
 257 -2.00000000000000E+0000 -2.00000000000000E+0000
 258 -1.51890109890110E+0000 -8.14578754578755E-0001
 259  1.12967032967033E-0001 -4.22930402930403E-0001
 260  1.13772893772893E-0001 -4.27765567765568E-0001
 261 -2.00000000000000E+0000 -8.14578754578755E-0001
 262  1.16996336996337E-0001 -4.18901098901099E-0001
 263  1.12967032967033E-0001 -4.27765567765568E-0001
 264 -2.00000000000000E+0000 -2.00000000000000E+0000
 265 -1.51406593406593E+0000 -8.15384615384615E-0001
 266  1.15384615384615E-0001 -4.21318681318681E-0001
 267  1.13772893772893E-0001 -4.24542124542125E-0001
 268 -2.00000000000000E+0000 -2.00000000000000E+0000
 269 -1.51084249084249E+0000 -8.21025641025641E-0001
 270  1.13772893772893E-0001 -4.23736263736264E-0001
 271  1.20219780219780E-0001 -4.15677655677656E-0001
 272 -2.00000000000000E+0000 -2.00000000000000E+0000
 273 -1.50520146520147E+0000 -8.23443223443223E-0001
 274  1.15384615384615E-0001 -4.12454212454212E-0001
 275  1.13772893772893E-0001 -4.27765567765568E-0001
 276 -2.00000000000000E+0000 -2.00000000000000E+0000
 277 -1.50278388278388E+0000 -8.27472527472527E-0001
 278  1.13772893772893E-0001 -4.14065934065934E-0001
 279  1.12967032967033E-0001 -4.27765567765568E-0001
 280 -2.00000000000000E+0000 -2.00000000000000E+0000
 281 -1.49714285714286E+0000 -8.24249084249084E-0001
 282  1.17802197802197E-0001 -4.10842490842491E-0001
 283  1.14578754578754E-0001 -4.24542124542125E-0001
 284 -2.00000000000000E+0000 -2.00000000000000E+0000
 285 -1.49633699633700E+0000 -8.22637362637363E-0001
 286  1.16190476190476E-0001 -4.18901098901099E-0001
 287  1.12967032967033E-0001 -4.27765567765568E-0001
 288 -2.00000000000000E+0000 -2.00000000000000E+0000
 289 -1.49069597069597E+0000 -8.24249084249084E-0001
 290  1.13772893772893E-0001 -4.18901098901099E-0001
 291  1.12967032967033E-0001 -4.27765567765568E-0001
 292 -2.00000000000000E+0000 -2.00000000000000E+0000
 293 -1.49714285714286E+0000 -8.29890109890110E-0001
 294  1.14578754578754E-0001 -4.14871794871795E-0001
 295  1.12967032967033E-0001 -4.24542124542125E-0001
 296 -2.00000000000000E+0000 -2.00000000000000E+0000
 297 -1.48666666666667E+0000 -8.21025641025641E-0001
 298  1.15384615384615E-0001 -4.12454212454212E-0001
 299  1.14578754578754E-0001 -4.23736263736264E-0001
 300 -2.00000000000000E+0000 -2.00000000000000E+0000
 301 -1.49311355311355E+0000 -8.29890109890110E-0001
 302  1.12967032967033E-0001 -4.14871794871795E-0001
 303  1.13772893772893E-0001 -4.27765567765568E-0001
 304 -2.00000000000000E+0000 -2.00000000000000E+0000
 305 -1.48908424908425E+0000 -8.26666666666667E-0001
 306  1.15384615384615E-0001 -4.14871794871795E-0001
 307  1.13772893772893E-0001 -4.27765567765568E-0001
 308 -2.00000000000000E+0000 -2.00000000000000E+0000
 309 -1.48586080586081E+0000 -8.25860805860806E-0001
 310  1.15384615384615E-0001 -4.21318681318681E-0001
 311  1.12161172161172E-0001 -4.27765567765568E-0001
 312 -2.00000000000000E+0000 -2.00000000000000E+0000
 313 -1.48666666666667E+0000 -8.30695970695971E-0001
 314  1.09743589743589E-0001 -4.22930402930403E-0001
 315  1.13772893772893E-0001 -4.27765567765568E-0001
 316 -2.00000000000000E+0000 -2.00000000000000E+0000
 317 -1.49472527472527E+0000 -8.33919413919414E-0001
 318  1.13772893772893E-0001 -4.15677655677656E-0001
 319  1.08131868131868E-0001 -4.30183150183150E-0001
 320 -2.00000000000000E+0000 -2.00000000000000E+0000
 321 -1.50197802197802E+0000 -8.37142857142857E-0001
 322  1.16190476190476E-0001 -4.12454212454212E-0001
 323  1.12161172161172E-0001 -4.26153846153846E-0001
 324 -2.00000000000000E+0000 -2.00000000000000E+0000
 325 -1.50681318681319E+0000 -8.41978021978022E-0001
 326  1.15384615384615E-0001 -4.20512820512821E-0001
 327  1.13772893772893E-0001 -4.25347985347985E-0001
 328 -2.00000000000000E+0000 -2.00000000000000E+0000
 329 -1.50520146520147E+0000 -8.45201465201465E-0001
 330  1.13772893772893E-0001 -4.12454212454212E-0001
 331  1.13772893772893E-0001 -4.24542124542125E-0001
 332 -2.00000000000000E+0000 -2.00000000000000E+0000
 333 -1.50923076923077E+0000 -8.50842490842491E-0001
 334  1.14578754578754E-0001 -4.25347985347985E-0001
 335 -2.00000000000000E+0000 -2.00000000000000E+0000
 336 -1.52454212454212E+0000 -8.57289377289377E-0001
 337  1.13772893772893E-0001 -4.22930402930403E-0001
 338  1.12161172161172E-0001 -4.27765567765568E-0001
 339 -2.00000000000000E+0000 -2.00000000000000E+0000
 340 -1.55274725274725E+0000 -8.69377289377289E-0001
 341  1.19413919413919E-0001 -4.14065934065934E-0001
 342  1.11355311355311E-0001 -4.27765567765568E-0001
 343 -2.00000000000000E+0000 -2.00000000000000E+0000
 344 -1.57692307692308E+0000 -8.78241758241758E-0001
 345  1.15384615384615E-0001 -4.19706959706960E-0001
 346  1.12967032967033E-0001 -4.23736263736264E-0001
 347 -2.00000000000000E+0000 -2.00000000000000E+0000
 348 -1.60351648351648E+0000 -8.83882783882784E-0001
 349  1.15384615384615E-0001 -4.20512820512821E-0001
 350  1.12967032967033E-0001 -4.27765567765568E-0001
 351 -2.00000000000000E+0000 -2.00000000000000E+0000
 352 -1.61963369963370E+0000 -8.79853479853480E-0001
 353  1.15384615384615E-0001 -4.15677655677656E-0001
 354  1.12967032967033E-0001 -4.27765567765568E-0001
 355 -2.00000000000000E+0000 -2.00000000000000E+0000
 356 -1.62043956043956E+0000 -8.76630036630037E-0001
 357  1.16190476190476E-0001 -4.22124542124542E-0001
 358  1.13772893772893E-0001 -4.25347985347985E-0001
 359 -2.00000000000000E+0000 -2.00000000000000E+0000
 360 -1.63252747252747E+0000 -8.81465201465201E-0001
 361  1.13772893772893E-0001 -4.14871794871795E-0001
 362  1.12967032967033E-0001 -4.25347985347985E-0001
 363 -2.00000000000000E+0000 -2.00000000000000E+0000
 364 -1.63736263736264E+0000 -8.82271062271062E-0001
 365  1.14578754578754E-0001 -4.15677655677656E-0001
 366  1.08937728937728E-0001 -4.30989010989011E-0001
 367 -2.00000000000000E+0000 -2.00000000000000E+0000
 368 -1.63978021978022E+0000 -8.79853479853480E-0001
 369  1.13772893772893E-0001 -4.14871794871795E-0001
 370  1.13772893772893E-0001 -4.22930402930403E-0001
 371 -2.00000000000000E+0000 -2.00000000000000E+0000
 372 -1.63494505494505E+0000 -8.71794871794872E-0001
 373  1.13772893772893E-0001 -4.15677655677656E-0001
 374  1.11355311355311E-0001 -4.28571428571429E-0001
 375 -2.00000000000000E+0000 -2.00000000000000E+0000
 376 -1.62285714285714E+0000 -8.57289377289377E-0001
 377  1.15384615384615E-0001 -4.14871794871795E-0001
 378  1.12967032967033E-0001 -4.27765567765568E-0001
 379 -2.00000000000000E+0000 -2.00000000000000E+0000
 380 -1.60835164835165E+0000 -8.50036630036630E-0001
 381  1.14578754578754E-0001 -4.18095238095238E-0001
 382  1.13772893772893E-0001 -4.25347985347985E-0001
 383 -2.00000000000000E+0000 -2.00000000000000E+0000
 384 -1.60351648351648E+0000 -8.52454212454212E-0001
 385  1.16190476190476E-0001 -4.22930402930403E-0001
 386  1.12967032967033E-0001 -4.27765567765568E-0001
 387 -2.00000000000000E+0000 -2.00000000000000E+0000
 388 -1.59868131868132E+0000 -8.55677655677656E-0001
 389  1.11355311355311E-0001 -4.22124542124542E-0001
 390  1.11355311355311E-0001 -4.27765567765568E-0001
 391 -2.00000000000000E+0000 -2.00000000000000E+0000
 392 -1.58739926739927E+0000 -8.50842490842491E-0001
 393  1.15384615384615E-0001 -4.16483516483516E-0001
 394  1.12967032967033E-0001 -4.26153846153846E-0001
 395 -2.00000000000000E+0000 -2.00000000000000E+0000
 396 -1.58417582417582E+0000 -8.55677655677656E-0001
 397  1.13772893772893E-0001 -4.15677655677656E-0001
 398  1.12967032967033E-0001 -4.27765567765568E-0001
 399 -2.00000000000000E+0000 -2.00000000000000E+0000
 400 -1.57450549450549E+0000 -8.46813186813187E-0001
 401  1.14578754578754E-0001 -4.22124542124542E-0001
 402  1.13772893772893E-0001 -4.24542124542125E-0001
 403 -2.00000000000000E+0000 -2.00000000000000E+0000
 404 -1.56886446886447E+0000 -8.47619047619048E-0001
 405  1.16996336996337E-0001 -4.14871794871795E-0001
 406  1.06520146520146E-0001 -4.31794871794872E-0001
 407 -2.00000000000000E+0000 -2.00000000000000E+0000
 408 -1.55516483516484E+0000 -8.47619047619048E-0001
 409  1.14578754578754E-0001 -4.22124542124542E-0001
 410  1.14578754578754E-0001 -4.23736263736264E-0001
 411 -2.00000000000000E+0000 -2.00000000000000E+0000
 412 -1.54468864468864E+0000 -8.45201465201465E-0001
 413  1.23443223443223E-0001 -4.06007326007326E-0001
 414  1.12161172161172E-0001 -4.27765567765568E-0001
 415 -2.00000000000000E+0000 -2.00000000000000E+0000
 416 -1.54146520146520E+0000 -8.46007326007326E-0001
 417  1.15384615384615E-0001 -4.14871794871795E-0001
 418  1.10549450549450E-0001 -4.28571428571429E-0001
 419 -2.00000000000000E+0000 -2.00000000000000E+0000
 420 -1.54146520146520E+0000 -8.47619047619048E-0001
 421  1.15384615384615E-0001 -4.21318681318681E-0001
 422  1.12967032967033E-0001 -4.28571428571429E-0001
 423 -2.00000000000000E+0000 -2.00000000000000E+0000
 424 -1.53179487179487E+0000 -8.41978021978022E-0001
 425  1.23443223443223E-0001 -4.07619047619048E-0001
 426  1.15384615384615E-0001 -4.25347985347985E-0001
 427 -2.00000000000000E+0000 -2.00000000000000E+0000
 428 -1.52212454212454E+0000 -8.37948717948718E-0001
 429  1.12967032967033E-0001 -4.17289377289377E-0001
 430  1.12161172161172E-0001 -4.27765567765568E-0001
 431 -2.00000000000000E+0000 -2.00000000000000E+0000
 432 -1.51245421245421E+0000 -8.40366300366300E-0001
 433  1.18608058608058E-0001 -4.10842490842491E-0001
 434  1.08131868131868E-0001 -4.32600732600733E-0001
 435 -2.00000000000000E+0000 -2.00000000000000E+0000
 436 -1.51809523809524E+0000 -8.43589743589744E-0001
 437  1.16190476190476E-0001 -4.14871794871795E-0001
 438  1.11355311355311E-0001 -4.28571428571429E-0001
 439 -2.00000000000000E+0000 -2.00000000000000E+0000
 440 -1.50278388278388E+0000 -8.24249084249084E-0001
 441  1.16190476190476E-0001 -4.13260073260073E-0001
 442  1.07326007326007E-0001 -4.30183150183150E-0001
 443 -2.00000000000000E+0000 -2.00000000000000E+0000
 444 -1.47780219780220E+0000 -8.17802197802198E-0001
 445  1.16190476190476E-0001 -4.21318681318681E-0001
 446  1.14578754578754E-0001 -4.24542124542125E-0001
 447 -2.00000000000000E+0000 -2.00000000000000E+0000
 448 -1.46893772893773E+0000 -8.20219780219780E-0001
 449  1.16190476190476E-0001 -4.14871794871795E-0001
 450  1.12967032967033E-0001 -4.27765567765568E-0001
 451 -2.00000000000000E+0000 -2.00000000000000E+0000
 452 -1.46732600732601E+0000 -8.20219780219780E-0001
 453  1.24249084249084E-0001 -4.04395604395604E-0001
 454  1.12161172161172E-0001 -4.27765567765568E-0001
 455 -2.00000000000000E+0000 -2.00000000000000E+0000
 456 -1.47377289377289E+0000 -8.25054945054945E-0001
 457  1.16996336996337E-0001 -4.20512820512821E-0001
 458  1.12967032967033E-0001 -4.27765567765568E-0001
 459 -2.00000000000000E+0000 -2.00000000000000E+0000
 460 -1.47216117216117E+0000 -8.23443223443223E-0001
 461  1.15384615384615E-0001 -4.16483516483516E-0001
 462  1.08937728937728E-0001 -4.30989010989011E-0001
 463 -2.00000000000000E+0000 -2.00000000000000E+0000
 464 -2.00000000000000E+0000 -7.25934065934066E-0001
 465 -2.00000000000000E+0000 -1.88153846153846E+0000
 466 -2.00000000000000E+0000 -3.27838827838828E-0001
 467 -2.00000000000000E+0000 -1.85172161172161E+0000
 468 -2.00000000000000E+0000 -4.36630036630037E-0001
 469 -2.00000000000000E+0000 -1.83479853479853E+0000
 470 -2.00000000000000E+0000 -3.10915750915751E-0001
 471 -2.00000000000000E+0000 -1.82835164835165E+0000
 472 -2.00000000000000E+0000 -3.70549450549451E-0001
 473 -2.00000000000000E+0000 -1.82271062271062E+0000
 474 -2.00000000000000E+0000 -3.09304029304029E-0001
 475 -2.00000000000000E+0000 -1.81868131868132E+0000
 476 -2.00000000000000E+0000 -3.47985347985348E-0001
 477 -2.00000000000000E+0000 -1.81706959706960E+0000
 478 -2.00000000000000E+0000 -3.04468864468864E-0001
 479 -2.00000000000000E+0000 -1.81223443223443E+0000
 480 -2.00000000000000E+0000 -3.33479853479853E-0001
 481 -2.00000000000000E+0000 -1.81465201465201E+0000
 482 -2.00000000000000E+0000 -2.98827838827839E-0001
 483 -2.00000000000000E+0000 -1.80578754578755E+0000
 484 -2.00000000000000E+0000 -3.18168498168498E-0001
 485 -2.00000000000000E+0000 -1.80498168498168E+0000
 486 -2.00000000000000E+0000 -2.98021978021978E-0001
 487 -2.00000000000000E+0000 -1.41655677655678E+0000
 488 -2.00000000000000E+0000 -3.07692307692308E-0001
 489 -2.00000000000000E+0000 -1.80095238095238E+0000
 490 -2.00000000000000E+0000 -2.93992673992674E-0001
 491 -2.00000000000000E+0000 -2.97216117216117E-0001
 492 -2.00000000000000E+0000 -3.10109890109890E-0001
 493 -2.00000000000000E+0000 -1.79772893772894E+0000
 494 -2.00000000000000E+0000 -2.91575091575092E-0001
 495 -2.00000000000000E+0000 -2.99633699633700E-0001
 496 -2.00000000000000E+0000 -3.09304029304029E-0001
 497 -2.00000000000000E+0000 -1.79692307692308E+0000
 498 -2.00000000000000E+0000 -2.87545787545788E-0001
 499 -2.00000000000000E+0000 -2.88351648351648E-0001
 500 -2.00000000000000E+0000 -3.06080586080586E-0001
 501 -2.00000000000000E+0000 -1.79128205128205E+0000
 502 -2.00000000000000E+0000 -2.85128205128205E-0001
 503 -2.00000000000000E+0000 -2.89157509157509E-0001
 504 -2.00000000000000E+0000 -3.06886446886447E-0001
 505 -2.00000000000000E+0000 -1.78805860805861E+0000
 506 -2.00000000000000E+0000 -2.85128205128205E-0001
 507 -2.00000000000000E+0000 -2.89157509157509E-0001
 508 -2.00000000000000E+0000 -3.05274725274725E-0001
 509 -2.00000000000000E+0000 -1.78725274725275E+0000
 510 -2.00000000000000E+0000 -2.81904761904762E-0001
 511 -2.00000000000000E+0000 -2.80293040293040E-0001
 512 -2.00000000000000E+0000 -3.02051282051282E-0001
 513 -2.00000000000000E+0000 -1.78402930402930E+0000
 514 -2.00000000000000E+0000 -2.83516483516484E-0001
 515 -2.00000000000000E+0000 -2.85934065934066E-0001
 516 -2.00000000000000E+0000 -3.00439560439560E-0001
 517 -2.00000000000000E+0000 -1.78644688644689E+0000
 518 -2.00000000000000E+0000 -2.88351648351648E-0001
 519 -2.00000000000000E+0000 -2.97216117216117E-0001
 520 -1.58336996336996E+0000 -4.42271062271062E-0001
 521 -8.33113553113553E-0001 -1.91457875457875E+0000
 522 -1.03809523809523E-0001 -3.71355311355311E-0001
 523  1.41172161172161E-0001 -3.91501831501832E-0001
 524  1.27472527472527E-0001 -6.92893772893773E-0001
 525  1.35531135531136E-0001 -2.00000000000000E+0000
 526  1.21831501831501E-0001 -4.17289377289377E-0001
 527  1.18608058608058E-0001 -4.16483516483516E-0001
 528  1.13772893772893E-0001 -7.53333333333333E-0001
 529  1.13772893772893E-0001 -2.00000000000000E+0000
 530  1.11355311355311E-0001 -4.27765567765568E-0001
 531  1.06520146520146E-0001 -4.34212454212454E-0001
 532  1.04102564102564E-0001 -8.16190476190476E-0001
 533  1.06520146520146E-0001 -4.30989010989011E-0001
 534  1.04102564102564E-0001 -4.36630036630037E-0001
 535  1.00879120879120E-0001 -2.00000000000000E+0000
 536  9.84615384615385E-0002 -9.46739926739927E-0001
 537  1.00879120879120E-0001 -4.37435897435897E-0001
 538  9.92673992673993E-0002 -4.41465201465201E-0001
 539  9.68498168498168E-0002 -2.00000000000000E+0000
 540  9.52380952380952E-0002 -9.79780219780220E-0001
 541  9.52380952380952E-0002 -4.37435897435897E-0001
 542  9.52380952380952E-0002 -4.44688644688645E-0001
 543  9.36263736263736E-0002 -2.00000000000000E+0000
 544  9.12087912087912E-0002 -1.00637362637363E+0000
 545  9.36263736263736E-0002 -4.43882783882784E-0001
 546  9.12087912087912E-0002 -4.48717948717949E-0001
 547  9.20146520146520E-0002 -1.39802197802198E+0000
 548  8.79853479853480E-0002 -1.01846153846154E+0000
 549  8.79853479853480E-0002 -4.45494505494505E-0001
 550  9.12087912087912E-0002 -4.48717948717949E-0001
 551  8.87912087912088E-0002 -2.00000000000000E+0000
 552  8.63736263736264E-0002 -9.96703296703297E-0001
 553  8.95970695970696E-0002 -4.41465201465201E-0001
 554  8.47619047619048E-0002 -4.56776556776557E-0001
 555  8.79853479853480E-0002 -2.00000000000000E+0000
 556  8.63736263736264E-0002 -9.79780219780220E-0001
 557  8.95970695970696E-0002 -4.49523809523810E-0001
 558  8.79853479853480E-0002 -4.55164835164835E-0001
 559  8.71794871794872E-0002 -2.00000000000000E+0000
 560  8.23443223443223E-0002 -9.67692307692308E-0001
 561  8.63736263736264E-0002 -4.54358974358974E-0001
 562  8.07326007326007E-0002 -4.59194139194139E-0001
 563  9.04029304029304E-0002 -2.00000000000000E+0000
 564  7.99267399267399E-0002 -9.47545787545788E-0001
 565  8.47619047619048E-0002 -4.53553113553114E-0001
 566 -4.88205128205128E-0001 -4.56776556776557E-0001
 567  8.71794871794872E-0002 -2.00000000000000E+0000
 568  8.07326007326007E-0002 -9.40293040293040E-0001
 569  8.23443223443223E-0002 -4.50329670329670E-0001
 570 -1.16673992673993E+0000 -4.49523809523810E-0001
 571  8.79853479853480E-0002 -2.00000000000000E+0000
 572 -1.85201465201465E-0001 -4.53553113553114E-0001
 573 -1.84688644688645E+0000 -4.42271062271062E-0001
 574  8.71794871794872E-0002 -2.00000000000000E+0000
 575 -1.71501831501832E-0001 -9.09670329670330E-0001
 576  8.95970695970696E-0002 -4.47912087912088E-0001
 577 -1.48989010989011E+0000 -2.00000000000000E+0000
 578 -4.61611721611722E-0001 -9.03223443223443E-0001
 579  8.87912087912088E-0002 -4.44688644688645E-0001
 580 -7.59780219780220E-0001 -4.33406593406593E-0001
 581  8.55677655677656E-0002 -2.00000000000000E+0000
 582 -6.38095238095238E-0001 -9.08058608058608E-0001
 583  9.20146520146520E-0002 -4.35018315018315E-0001
 584 -6.28424908424908E-0001 -4.38241758241758E-0001
 585  8.55677655677656E-0002 -2.00000000000000E+0000
 586 -1.11062271062271E-0001 -9.26593406593407E-0001
 587  9.12087912087912E-0002 -4.43076923076923E-0001
 588 -2.00000000000000E+0000 -4.45494505494505E-0001
 589  8.71794871794872E-0002 -2.00000000000000E+0000
 590 -2.15824175824176E-0001 -9.45128205128205E-0001
 591  8.55677655677656E-0002 -4.47912087912088E-0001
 592 -5.97802197802198E-0001 -4.36630036630037E-0001
 593  8.55677655677656E-0002 -2.00000000000000E+0000
 594 -5.31721611721612E-0001 -9.78168498168498E-0001
 595  8.87912087912088E-0002 -4.42271062271062E-0001
 596 -2.00000000000000E+0000 -2.00000000000000E+0000
 597 -5.37362637362637E-0001 -9.89450549450549E-0001
 598  8.79853479853480E-0002 -4.30989010989011E-0001
 599  8.63736263736264E-0002 -2.00000000000000E+0000
 600 -8.03296703296703E-0001 -1.01362637362637E+0000
 601  9.84615384615385E-0002 -4.37435897435897E-0001
 602  9.04029304029304E-0002 -1.02329670329670E+0000
 603  9.52380952380952E-0002 -4.35824175824176E-0001
 604  8.15384615384615E-0002 -2.00000000000000E+0000
 605 -1.55919413919414E+0000 -4.39853479853480E-0001
 606  1.05714285714285E-0001 -9.54798534798535E-0001
 607  1.00879120879120E-0001 -4.37435897435897E-0001
 608  1.00879120879120E-0001 -2.00000000000000E+0000
 609 -1.64703296703297E+0000 -4.27765567765568E-0001
 610  1.04908424908424E-0001 -4.35824175824176E-0001
 611 -2.00000000000000E+0000 -8.81465201465201E-0001
 612  1.06520146520146E-0001 -2.00000000000000E+0000
 613 -1.67765567765568E+0000 -1.85494505494505E+0000
 614  1.04908424908424E-0001 -4.33406593406593E-0001
 615 -2.00000000000000E+0000 -2.00000000000000E+0000
 616  1.10549450549450E-0001 -2.00000000000000E+0000
 617 -1.61560439560440E+0000 -2.00000000000000E+0000
 618  1.13772893772893E-0001 -4.27765567765568E-0001
 619 -2.00000000000000E+0000 -2.00000000000000E+0000
 620 -1.57531135531136E+0000 -7.45274725274725E-0001
 621 -1.69538461538462E+0000 -2.00000000000000E+0000
 622  1.07326007326007E-0001 -2.00000000000000E+0000
 623 -1.53743589743590E+0000 -2.00000000000000E+0000
 624  1.12967032967033E-0001 -2.00000000000000E+0000
 625 -1.51487179487179E+0000 -7.12234432234432E-0001
 626 -2.00000000000000E+0000 -2.00000000000000E+0000
 627  1.09743589743589E-0001 -2.00000000000000E+0000
 628  1.08937728937728E-0001 -1.09179487179487E+0000
 629 -1.50197802197802E+0000 -2.00000000000000E+0000
 630  1.03296703296703E-0001 -4.37435897435897E-0001
 631 -2.00000000000000E+0000 -6.92087912087912E-0001
 632 -2.00000000000000E+0000 -3.94725274725275E-0001
 633 -1.49714285714286E+0000 -4.30183150183150E-0001
 634 -2.00000000000000E+0000 -2.00000000000000E+0000
 635  1.08937728937728E-0001 -6.75164835164835E-0001
 636 -2.00000000000000E+0000 -4.28571428571429E-0001
 637 -2.00000000000000E+0000 -6.63076923076923E-0001
 638 -2.00000000000000E+0000 -2.00000000000000E+0000
 639  1.09743589743589E-0001 -3.79413919413919E-0001
 640 -1.48586080586081E+0000 -4.31794871794872E-0001
 641 -2.00000000000000E+0000 -6.41318681318681E-0001
 642 -2.00000000000000E+0000 -2.00000000000000E+0000
 643  1.08937728937728E-0001 -3.76996336996337E-0001
 644 -1.46974358974359E+0000 -2.00000000000000E+0000
 645  1.11355311355311E-0001 -6.17142857142857E-0001
 646 -2.00000000000000E+0000 -4.30989010989011E-0001
 647 -2.00000000000000E+0000 -2.00000000000000E+0000
 648  1.08131868131868E-0001 -5.93772893772894E-0001
 649 -2.00000000000000E+0000 -4.31794871794872E-0001
 650 -2.00000000000000E+0000 -2.00000000000000E+0000
 651  1.06520146520146E-0001 -3.69743589743590E-0001
 652 -1.41494505494505E+0000 -2.00000000000000E+0000
 653  1.08131868131868E-0001 -4.30989010989011E-0001
 654 -2.00000000000000E+0000 -5.85714285714286E-0001
 655 -2.00000000000000E+0000 -3.78608058608059E-0001
 656 -1.40366300366300E+0000 -2.00000000000000E+0000
 657  1.07326007326007E-0001 -4.29377289377289E-0001
 658 -2.00000000000000E+0000 -5.88937728937729E-0001
 659 -2.00000000000000E+0000 -2.00000000000000E+0000
 660  1.01684981684981E-0001 -3.72967032967033E-0001
 661 -1.40769230769231E+0000 -4.38241758241758E-0001
 662 -2.00000000000000E+0000 -6.01831501831502E-0001
 663 -2.00000000000000E+0000 -2.00000000000000E+0000
 664  1.08131868131868E-0001 -3.71355311355311E-0001
 665 -1.40285714285714E+0000 -4.33406593406593E-0001
 666 -2.00000000000000E+0000 -6.24395604395604E-0001
 667 -2.00000000000000E+0000 -4.31794871794872E-0001
 668 -2.00000000000000E+0000 -3.72161172161172E-0001
 669 -1.39238095238095E+0000 -2.00000000000000E+0000
 670  1.06520146520146E-0001 -3.65714285714286E-0001
 671 -1.38271062271062E+0000 -4.32600732600733E-0001
 672 -2.00000000000000E+0000 -2.00000000000000E+0000
 673  1.01684981684981E-0001 -3.76996336996337E-0001
 674 -1.37545787545788E+0000 -4.32600732600733E-0001
 675 -2.00000000000000E+0000 -6.34065934065934E-0001
 676 -2.00000000000000E+0000 -3.73772893772894E-0001
 677 -1.35611721611722E+0000 -2.00000000000000E+0000
 678  1.05714285714285E-0001 -3.82637362637363E-0001
 679 -1.35450549450549E+0000 -6.30842490842491E-0001
 680 -2.00000000000000E+0000 -4.32600732600733E-0001
 681 -2.00000000000000E+0000 -3.76996336996337E-0001
 682 -1.34725274725275E+0000 -2.00000000000000E+0000
 683  1.06520146520146E-0001 -3.77802197802198E-0001
 684 -1.33919413919414E+0000 -4.34212454212454E-0001
 685 -2.00000000000000E+0000 -6.36483516483516E-0001
 686 -2.00000000000000E+0000 -2.00000000000000E+0000
 687  1.07326007326007E-0001 -3.75384615384615E-0001
 688 -1.33274725274725E+0000 -2.00000000000000E+0000
 689  1.06520146520146E-0001 -4.35018315018315E-0001
 690 -2.00000000000000E+0000 -6.34871794871795E-0001
 691 -2.00000000000000E+0000 -6.29230769230769E-0001
 692 -2.00000000000000E+0000 -2.00000000000000E+0000
 693  9.92673992673993E-0002 -3.93113553113553E-0001
 694 -1.29809523809524E+0000 -2.00000000000000E+0000
 695  1.04908424908424E-0001 -4.35018315018315E-0001
 696 -1.00234432234432E+0000 -6.21978021978022E-0001
 697 -2.00000000000000E+0000 -3.89084249084249E-0001
 698 -1.29164835164835E+0000 -2.00000000000000E+0000
 699  1.00879120879120E-0001 -2.00000000000000E+0000
 700  1.05714285714285E-0001 -3.96336996336996E-0001
 701 -1.26747252747253E+0000 -2.00000000000000E+0000
 702  1.06520146520146E-0001 -4.35824175824176E-0001
 703  1.29890109890110E-0001 -5.88131868131868E-0001
 704 -2.00000000000000E+0000 -3.96336996336996E-0001
 705 -1.22476190476190E+0000 -4.30989010989011E-0001
 706  1.26666666666667E-0001 -5.60732600732601E-0001
 707 -2.00000000000000E+0000 -2.00000000000000E+0000
 708  1.01684981684981E-0001 -3.99560439560440E-0001
 709 -1.16996336996337E+0000 -1.97904761904762E+0000
 710 -1.99194139194139E+0000 -4.38241758241758E-0001
 711  1.29890109890110E-0001 -5.18021978021978E-0001
 712 -2.00000000000000E+0000 -4.35824175824176E-0001
 713  1.26666666666667E-0001 -4.02783882783883E-0001
 714 -1.11435897435897E+0000 -1.99919413919414E+0000
 715  1.03296703296703E-0001 -4.95457875457875E-0001
 716 -2.00000000000000E+0000 -4.03589743589744E-0001
 717 -1.06197802197802E+0000 -1.88879120879121E+0000
 718  1.02490842490842E-0001 -4.60805860805861E-0001
 719 -2.00000000000000E+0000 -4.40659340659341E-0001
 720  1.25860805860806E-0001 -1.80659340659341E+0000
 721  9.76556776556777E-0002 -4.47106227106227E-0001
 722 -2.00000000000000E+0000 -4.46300366300366E-0001
 723  1.24249084249084E-0001 -1.81142857142857E+0000
 724  1.00879120879120E-0001 -4.06007326007326E-0001
 725 -9.97509157509158E-0001 -4.49523809523810E-0001
 726 -2.00000000000000E+0000 -4.47912087912088E-0001
 727  1.25054945054945E-0001 -4.02783882783883E-0001
 728 -9.82197802197802E-0001 -4.46300366300366E-0001
 729 -2.00000000000000E+0000 -4.46300366300366E-0001
 730 -2.00000000000000E+0000 -1.77758241758242E+0000
 731  1.00879120879120E-0001 -4.45494505494505E-0001
 732  1.21831501831501E-0001 -4.15677655677656E-0001
 733 -9.77362637362637E-0001 -1.77677655677656E+0000
 734  1.07326007326007E-0001 -4.15677655677656E-0001
 735 -9.81391941391941E-0001 -4.44688644688645E-0001
 736  1.21025641025641E-0001 -4.41465201465201E-0001
 737 -2.00000000000000E+0000 -1.74454212454212E+0000
 738  1.01684981684981E-0001 -4.06813186813187E-0001
 739 -9.70915750915751E-0001 -4.43076923076923E-0001
 740  1.24249084249084E-0001 -4.06007326007326E-0001
 741 -9.78974358974359E-0001 -1.71956043956044E+0000
 742  9.92673992673993E-0002 -4.23736263736264E-0001
 743 -2.00000000000000E+0000 -4.43882783882784E-0001
 744  1.25054945054945E-0001 -1.67765567765568E+0000
 745  9.84615384615385E-0002 -4.04395604395604E-0001
 746 -9.75750915750916E-0001 -4.49523809523810E-0001
 747  1.25860805860806E-0001 -1.64139194139194E+0000
 748  9.28205128205128E-0002 -4.02783882783883E-0001
 749 -9.59633699633700E-0001 -4.24542124542125E-0001
 750 -2.00000000000000E+0000 -4.43882783882784E-0001
 751  1.26666666666667E-0001 -1.59948717948718E+0000
 752  9.84615384615385E-0002 -3.99560439560440E-0001
 753 -9.22564102564103E-0001 -4.45494505494505E-0001
 754  1.27472527472527E-0001 -1.52857142857143E+0000
 755  9.92673992673993E-0002 -4.00366300366300E-0001
 756 -8.96776556776557E-0001 -4.44688644688645E-0001
 757  1.26666666666667E-0001 -4.19706959706960E-0001
 758 -2.00000000000000E+0000 -3.98754578754579E-0001
 759 -9.21758241758242E-0001 -1.50278388278388E+0000
 760  4.28571428571429E-0002 -4.20512820512821E-0001
 761 -2.00000000000000E+0000 -4.00366300366300E-0001
 762 -9.04835164835165E-0001 -1.46007326007326E+0000
 763  1.70695970695971E-0002 -4.01978021978022E-0001
 764 -8.84688644688645E-0001 -4.27765567765568E-0001
 765 -2.00000000000000E+0000 -4.42271062271062E-0001
 766  1.30695970695971E-0001 -4.19706959706960E-0001
 767 -2.00000000000000E+0000 -1.38512820512821E+0000
 768  9.52380952380952E-0004 -3.98754578754579E-0001
 769 -8.42783882783883E-0001 -1.36498168498168E+0000
 770 -1.91941391941392E-0002 -4.44688644688645E-0001
 771  1.30695970695971E-0001 -4.01978021978022E-0001
 772 -8.44395604395604E-0001 -4.22930402930403E-0001
 773 -1.87347985347985E+0000 -1.28278388278388E+0000
 774 -1.19120879120879E-0001 -4.44688644688645E-0001
 775  1.26666666666667E-0001 -4.19706959706960E-0001
 776 -1.71391941391941E+0000 -4.45494505494505E-0001
 777  1.31501831501832E-0001 -1.14175824175824E+0000
 778 -2.28717948717949E-0001 -4.18901098901099E-0001
 779 -1.41172161172161E+0000 -4.42271062271062E-0001
 780  1.31501831501832E-0001 -1.04102564102564E+0000
 781 -3.56849816849817E-0001 -3.95531135531136E-0001
 782 -7.17875457875458E-0001 -4.18901098901099E-0001
 783 -1.24652014652015E+0000 -4.43882783882784E-0001
 784  1.33113553113553E-0001 -4.01978021978022E-0001
 785 -7.21904761904762E-0001 -9.95091575091575E-0001
 786 -4.21318681318681E-0001 -4.18095238095238E-0001
 787 -1.10791208791209E+0000 -4.01978021978022E-0001
 788 -6.85641025641026E-0001 -9.59633699633700E-0001
 789 -3.99560439560440E-0001 -4.43882783882784E-0001
 790  1.32307692307692E-0001 -4.18901098901099E-0001
 791 -1.13289377289377E+0000 -4.44688644688645E-0001
 792  1.32307692307692E-0001 -4.00366300366300E-0001
 793 -6.72747252747253E-0001 -4.18095238095238E-0001
 794 -1.06520146520147E+0000 -4.18901098901099E-0001
 795 -1.07406593406593E+0000 -9.08058608058608E-0001
 796 -4.54358974358974E-0001 -4.02783882783883E-0001
 797 -6.59853479853480E-0001 -8.96776556776557E-0001
 798 -4.36630036630037E-0001 -4.01978021978022E-0001
 799 -6.26813186813187E-0001 -8.74212454212454E-0001
 800 -4.40659340659341E-0001 -4.45494505494505E-0001
 801  1.37142857142857E-0001 -3.98754578754579E-0001
 802 -6.19560439560440E-0001 -4.18095238095238E-0001
 803 -9.99926739926740E-0001 -8.58095238095238E-0001
 804 -4.71282051282051E-0001 -4.41465201465201E-0001
 805  1.31501831501832E-0001 -4.06007326007326E-0001
 806 -6.21172161172161E-0001 -8.36336996336996E-0001
 807 -4.92234432234432E-0001 -4.21318681318681E-0001
 808 -9.49157509157509E-0001 -4.43076923076923E-0001
 809  1.31501831501832E-0001 -4.06007326007326E-0001
 810 -5.90549450549451E-0001 -7.96043956043956E-0001
 811 -5.03516483516484E-0001 -4.21318681318681E-0001
 812 -9.20146520146520E-0001 -4.43882783882784E-0001
 813  1.32307692307692E-0001 -4.05201465201465E-0001
 814 -5.72820512820513E-0001 -7.54945054945055E-0001
 815 -5.60732600732601E-0001 -4.18095238095238E-0001
 816 -8.14578754578755E-0001 -4.43076923076923E-0001
 817  1.25054945054945E-0001 -4.10036630036630E-0001
 818 -5.34945054945055E-0001 -6.78388278388278E-0001
 819 -6.22783882783883E-0001 -4.22124542124542E-0001
 820 -6.80000000000000E-0001 -4.42271062271062E-0001
 821  1.26666666666667E-0001 -5.76849816849817E-0001
 822 -6.80805860805861E-0001 -4.21318681318681E-0001
 823 -5.72014652014652E-0001 -4.10842490842491E-0001
 824 -4.08424908424908E-0001 -4.91428571428571E-0001
 825 -7.41245421245421E-0001 -4.40659340659341E-0001
 826  1.29084249084249E-0001 -4.21318681318681E-0001
 827 -4.96263736263736E-0001 -4.14871794871795E-0001
 828 -3.42344322344322E-0001 -4.38241758241758E-0001
 829 -7.14652014652015E-0001 -4.14871794871795E-0001
 830 -3.15750915750916E-0001 -4.21318681318681E-0001
 831 -4.93846153846154E-0001 -4.43882783882784E-0001
 832  1.26666666666667E-0001 -4.21318681318681E-0001
 833 -4.66446886446886E-0001 -4.23736263736264E-0001
 834 -7.31575091575092E-0001 -4.45494505494505E-0001
 835  1.25054945054945E-0001 -4.16483516483516E-0001
 836 -2.73040293040293E-0001 -4.19706959706960E-0001
 837 -4.35018315018315E-0001 -4.22124542124542E-0001
 838 -7.46886446886447E-0001 -4.16483516483516E-0001
 839 -2.73846153846154E-0001 -4.44688644688645E-0001
 840  1.24249084249084E-0001 -4.21318681318681E-0001
 841 -3.79413919413919E-0001 -4.21318681318681E-0001
 842 -7.92014652014652E-0001 -4.16483516483516E-0001
 843 -2.57728937728938E-0001 -4.44688644688645E-0001
 844  1.25054945054945E-0001 -4.22124542124542E-0001
 845 -3.63296703296703E-0001 -4.14871794871795E-0001
 846 -2.60146520146520E-0001 -4.20512820512821E-0001
 847 -3.38315018315018E-0001 -4.23736263736264E-0001
 848 -3.54432234432234E-0001 -4.22930402930403E-0001
 849 -8.34725274725275E-0001 -4.39047619047619E-0001
 850  1.25860805860806E-0001 -4.46300366300366E-0001
 851  1.25054945054945E-0001 -4.16483516483516E-0001
 852 -2.81904761904762E-0001 -4.16483516483516E-0001
 853 -2.93186813186813E-0001 -4.14871794871795E-0001
 854 -2.93186813186813E-0001 -4.21318681318681E-0001
 855 -3.73772893772894E-0001 -4.21318681318681E-0001
 856 -8.06520146520147E-0001 -4.45494505494505E-0001
 857  1.26666666666667E-0001 -4.14871794871795E-0001
 858 -3.28644688644689E-0001 -4.20512820512821E-0001
 859 -4.00366300366300E-0001 -4.22930402930403E-0001
 860 -8.04908424908425E-0001 -4.14871794871795E-0001
 861 -3.27838827838828E-0001 -4.19706959706960E-0001
 862 -4.35018315018315E-0001 -4.43076923076923E-0001
 863  1.30695970695971E-0001 -4.21318681318681E-0001
 864 -3.98754578754579E-0001 -4.39047619047619E-0001
 865 -8.04908424908425E-0001 -4.14871794871795E-0001
 866 -3.66520146520147E-0001 -4.61611721611722E-0001
 867 -7.77509157509158E-0001 -4.43882783882784E-0001
 868  1.26666666666667E-0001 -4.22930402930403E-0001
 869 -4.18901098901099E-0001 -4.13260073260073E-0001
 870 -4.09230769230769E-0001 -4.43076923076923E-0001
 871  1.27472527472527E-0001 -4.14871794871795E-0001
 872 -3.50402930402930E-0001 -4.28571428571429E-0001
 873 -8.10549450549451E-0001 -4.19706959706960E-0001
 874 -3.89084249084249E-0001 -4.43076923076923E-0001
 875  1.25860805860806E-0001 -4.14871794871795E-0001
 876 -3.01245421245421E-0001 -4.14871794871795E-0001
 877 -7.83956043956044E-0001 -4.22124542124542E-0001
 878 -4.27765567765568E-0001 -4.45494505494505E-0001
 879  1.20219780219780E-0001 -4.22124542124542E-0001
 880 -2.00512820512821E-0001 -4.22124542124542E-0001
 881 -7.40439560439560E-0001 -4.22930402930403E-0001
 882 -7.37216117216117E-0001 -4.22124542124542E-0001
 883 -7.32380952380952E-0001 -4.23736263736264E-0001
 884 -4.29377289377289E-0001 -4.22124542124542E-0001
 885 -7.53333333333333E-0001 -4.22124542124542E-0001
 886 -4.86593406593407E-0001 -4.27765567765568E-0001
 887 -4.30989010989011E-0001 -4.27765567765568E-0001
 888 -4.57582417582418E-0001 -4.27765567765568E-0001
 889 -4.55970695970696E-0001 -4.23736263736264E-0001
 890 -4.18095238095238E-0001 -4.25347985347985E-0001
 891 -3.89084249084249E-0001 -4.47912087912088E-0001
 892  1.17802197802197E-0001 -4.24542124542125E-0001
 893 -9.33333333333333E-0002 -4.26959706959707E-0001
 894 -7.05787545787546E-0001 -4.27765567765568E-0001
 895 -4.73992673992674E-0002 -4.22930402930403E-0001
 896 -6.85641025641026E-0001 -4.28571428571429E-0001
 897 -1.59706959706960E-0002 -4.28571428571429E-0001
 898 -5.46227106227106E-0001 -4.52747252747253E-0001
 899  1.18608058608058E-0001 -4.23736263736264E-0001
 900 -1.51648351648351E-0002 -4.24542124542125E-0001
 901 -6.80805860805861E-0001 -4.30183150183150E-0001
 902 -4.88205128205128E-0001 -4.86593406593407E-0001
 903  1.09743589743589E-0001 -4.27765567765568E-0001
 904 -6.80000000000000E-0001 -4.32600732600733E-0001
 905  9.44322344322344E-0002 -5.55897435897436E-0001
 906  4.12454212454212E-0002 -4.29377289377289E-0001
 907 -2.49670329670330E-0001 -4.32600732600733E-0001
 908  1.10549450549450E-0001 -4.26153846153846E-0001
 909 -9.43516483516484E-0001 -5.92967032967033E-0001
 910  3.39926739926740E-0002 -4.27765567765568E-0001
 911 -1.27985347985348E-0001 -6.36483516483516E-0001
 912 -5.46520146520147E-0002 -4.34212454212454E-0001
 913  1.07326007326007E-0001 -4.27765567765568E-0001
 914 -9.73333333333333E-0001 -4.27765567765568E-0001
 915 -1.51648351648351E-0002 -4.30183150183150E-0001
 916 -1.05553113553114E+0000 -6.80000000000000E-0001
 917 -1.06227106227106E-0001 -4.24542124542125E-0001
 918  1.16190476190476E-0001 -4.27765567765568E-0001
 919  4.93040293040293E-0002 -7.18681318681319E-0001
 920 -2.08571428571429E-0001 -4.28571428571429E-0001
 921  2.27106227106227E-0002 -7.27545787545788E-0001
 922 -1.90036630036630E-0001 -4.27765567765568E-0001
 923  8.07326007326007E-0002 -4.27765567765568E-0001
 924 -1.11919413919414E+0000 -4.30183150183150E-0001
 925 -1.13772893772894E+0000 -4.30183150183150E-0001
 926 -1.14256410256410E+0000 -7.58974358974359E-0001
 927 -2.63369963369963E-0001 -7.47692307692308E-0001
 928 -2.98827838827839E-0001 -7.80732600732601E-0001
 929 -3.24615384615385E-0001 -4.30989010989011E-0001
 930  1.11355311355311E-0001 -4.34212454212454E-0001
 931  1.11355311355311E-0001 -4.27765567765568E-0001
 932  1.13772893772893E-0001 -4.27765567765568E-0001
 933  1.13772893772893E-0001 -4.27765567765568E-0001
 934  1.16190476190476E-0001 -4.30989010989011E-0001
 935 -1.25780219780220E+0000 -8.59706959706960E-0001
 936 -3.67326007326007E-0001 -4.29377289377289E-0001
 937 -1.32549450549451E+0000 -8.62124542124542E-0001
 938 -4.18095238095238E-0001 -8.50036630036630E-0001
 939 -4.39047619047619E-0001 -4.35824175824176E-0001
 940  1.05714285714285E-0001 -4.30183150183150E-0001
 941 -1.30454212454212E+0000 -8.90329670329670E-0001
 942 -4.92234432234432E-0001 -4.27765567765568E-0001
 943  1.12967032967033E-0001 -4.30183150183150E-0001
 944 -1.28520146520147E+0000 -9.21758241758242E-0001
 945 -5.60732600732601E-0001 -4.35018315018315E-0001
 946  1.08937728937728E-0001 -4.27765567765568E-0001
 947  1.12967032967033E-0001 -4.21318681318681E-0001
 948 -1.35531135531136E+0000 -4.27765567765568E-0001
 949  1.12967032967033E-0001 -4.30183150183150E-0001
 950 -1.37142857142857E+0000 -4.30183150183150E-0001
 951 -1.38673992673993E+0000 -4.25347985347985E-0001
 952  1.12967032967033E-0001 -4.29377289377289E-0001
 953 -1.38351648351648E+0000 -4.27765567765568E-0001
 954 -1.43589743589744E+0000 -4.30183150183150E-0001
 955 -1.42300366300366E+0000 -4.29377289377289E-0001
 956 -1.44153846153846E+0000 -1.00717948717949E+0000
 957 -6.51794871794872E-0001 -1.01604395604396E+0000
 958 -6.66300366300366E-0001 -4.33406593406593E-0001
 959  1.11355311355311E-0001 -4.24542124542125E-0001
 960  1.12967032967033E-0001 -1.07326007326007E+0000
 961 -7.45274725274725E-0001 -4.35824175824176E-0001
 962  1.12161172161172E-0001 -1.09824175824176E+0000
 963 -7.52527472527473E-0001 -4.25347985347985E-0001
 964  1.13772893772893E-0001 -4.27765567765568E-0001
 965 -1.62849816849817E+0000 -4.27765567765568E-0001
 966  1.11355311355311E-0001 -4.27765567765568E-0001
 967 -1.68410256410256E+0000 -1.15626373626374E+0000
 968 -8.20219780219780E-0001 -4.24542124542125E-0001
 969  1.12967032967033E-0001 -1.19736263736264E+0000
 970 -8.37948717948718E-0001 -4.34212454212454E-0001
 971  1.10549450549450E-0001 -4.30183150183150E-0001
 972 -1.76952380952381E+0000 -4.24542124542125E-0001
 973  1.14578754578754E-0001 -1.20219780219780E+0000
 974 -8.70183150183150E-0001 -4.31794871794872E-0001
 975  1.11355311355311E-0001 -4.24542124542125E-0001
 976  1.12967032967033E-0001 -4.24542124542125E-0001
 977  1.15384615384615E-0001 -4.27765567765568E-0001
 978  1.13772893772893E-0001 -4.26153846153846E-0001
 979 -1.76065934065934E+0000 -4.27765567765568E-0001
 980 -1.81384615384615E+0000 -1.26747252747253E+0000
 981 -9.70109890109890E-0001 -1.28036630036630E+0000
 982 -9.53992673992674E-0001 -1.27069597069597E+0000
 983 -9.45128205128205E-0001 -4.72893772893773E-0001
 984  1.07326007326007E-0001 -4.79340659340659E-0001
 985  1.12161172161172E-0001 -4.86593406593407E-0001
 986  1.18608058608058E-0001 -4.16483516483516E-0001
 987  1.12967032967033E-0001 -4.21318681318681E-0001
 988  1.13772893772893E-0001 -4.18901098901099E-0001
 989  1.10549450549450E-0001 -4.30989010989011E-0001
 990 -1.85413919413919E+0000 -4.28571428571429E-0001
 991 -1.89120879120879E+0000 -1.27230769230769E+0000
 992 -8.97582417582418E-0001 -1.27714285714286E+0000
 993 -8.85494505494505E-0001 -4.76117216117216E-0001
 994  1.10549450549450E-0001 -4.21318681318681E-0001
 995  1.13772893772893E-0001 -4.26153846153846E-0001
 996 -1.97904761904762E+0000 -1.28923076923077E+0000
 997 -9.18534798534799E-0001 -4.92234432234432E-0001
 998  1.15384615384615E-0001 -4.21318681318681E-0001
 999  1.13772893772893E-0001 -4.27765567765568E-0001
 1000 -1.96857142857143E+0000 -1.31340659340659E+0000
 1001 -9.34652014652015E-0001 -4.98681318681319E-0001
 1002  1.09743589743589E-0001 -4.21318681318681E-0001
 1003  1.16190476190476E-0001 -4.26153846153846E-0001
 1004 -1.98791208791209E+0000 -5.20439560439560E-0001
 1005  1.13772893772893E-0001 -1.35128205128205E+0000
 1006 -9.53992673992674E-0001 -4.24542124542125E-0001
 1007 -2.00000000000000E+0000 -5.32527472527473E-0001
 1008  1.21025641025641E-0001 -4.15677655677656E-0001
 1009  1.15384615384615E-0001 -1.37062271062271E+0000
 1010 -9.68498168498168E-0001 -4.23736263736264E-0001
 1011 -2.00000000000000E+0000 -5.26080586080586E-0001
 1012  1.17802197802197E-0001 -4.17289377289377E-0001
 1013  1.16996336996337E-0001 -1.37465201465201E+0000
 1014 -9.00000000000000E-0001 -4.21318681318681E-0001
 1015 -2.00000000000000E+0000 -4.19706959706960E-0001
 1016  1.16190476190476E-0001 -1.38593406593407E+0000
 1017 -9.49157509157509E-0001 -5.32527472527473E-0001
 1018  1.16190476190476E-0001 -4.20512820512821E-0001
 1019 -2.00000000000000E+0000 -4.17289377289377E-0001
 1020  1.19413919413919E-0001 -1.40446886446886E+0000
 1021 -9.47545787545788E-0001 -5.43809523809524E-0001
 1022  1.13772893772893E-0001 -4.23736263736264E-0001
 1023 -2.00000000000000E+0000 -1.42219780219780E+0000
 1024 -1.02571428571429E+0000 -4.18095238095238E-0001
 1025  1.17802197802197E-0001 -4.22930402930403E-0001
 1026 -2.00000000000000E+0000 -5.92967032967033E-0001
 1027  1.14578754578754E-0001 -4.21318681318681E-0001
 1028  1.16996336996337E-0001 -1.48263736263736E+0000
 1029 -1.10388278388278E+0000 -4.18901098901099E-0001
 1030  1.15384615384615E-0001 -1.50439560439560E+0000
 1031 -1.16512820512821E+0000 -6.26813186813187E-0001
 1032  1.15384615384615E-0001 -4.26153846153846E-0001
 1033 -2.00000000000000E+0000 -1.52454212454212E+0000
 1034 -1.19897435897436E+0000 -4.21318681318681E-0001
 1035  1.13772893772893E-0001 -6.63076923076923E-0001
 1036  1.10549450549450E-0001 -4.28571428571429E-0001
 1037 -2.00000000000000E+0000 -6.73553113553114E-0001
 1038  1.09743589743589E-0001 -4.27765567765568E-0001
 1039  1.10549450549450E-0001 -1.59142857142857E+0000
 1040 -1.23443223443223E+0000 -4.27765567765568E-0001
 1041  1.10549450549450E-0001 -4.29377289377289E-0001
 1042 -2.00000000000000E+0000 -6.81611721611722E-0001
 1043  1.12161172161172E-0001 -1.60996336996337E+0000
 1044 -1.28036630036630E+0000 -4.23736263736264E-0001
 1045  1.10549450549450E-0001 -7.04175824175824E-0001
 1046  1.09743589743589E-0001 -4.30183150183150E-0001
 1047 -2.00000000000000E+0000 -4.24542124542125E-0001
 1048  1.08937728937728E-0001 -1.67765567765568E+0000
 1049 -1.33677655677656E+0000 -4.24542124542125E-0001
 1050  1.08131868131868E-0001 -4.32600732600733E-0001
 1051 -2.00000000000000E+0000 -7.35604395604396E-0001
 1052  1.07326007326007E-0001 -4.27765567765568E-0001
 1053  1.09743589743589E-0001 -7.46080586080586E-0001
 1054  1.07326007326007E-0001 -4.34212454212454E-0001
 1055 -1.96293040293040E+0000 -7.47692307692308E-0001
 1056  1.07326007326007E-0001 -4.27765567765568E-0001
 1057  1.12967032967033E-0001 -1.68329670329670E+0000
 1058 -1.31743589743590E+0000 -4.27765567765568E-0001
 1059  1.08131868131868E-0001 -7.27545787545788E-0001
 1060  1.08937728937728E-0001 -1.66637362637363E+0000
 1061 -1.32549450549451E+0000 -4.27765567765568E-0001
 1062  1.07326007326007E-0001 -4.32600732600733E-0001
 1063 -2.00000000000000E+0000 -1.65992673992674E+0000
 1064 -1.32549450549451E+0000 -1.66637362637363E+0000
 1065 -1.31985347985348E+0000 -1.65912087912088E+0000
 1066 -1.32468864468864E+0000 -7.12234432234432E-0001
 1067  1.08131868131868E-0001 -4.27765567765568E-0001
 1068  1.08131868131868E-0001 -4.22124542124542E-0001
 1069  1.08131868131868E-0001 -4.27765567765568E-0001
 1070  1.08937728937728E-0001 -4.22124542124542E-0001
 1071  1.15384615384615E-0001 -4.25347985347985E-0001
 1072  1.08937728937728E-0001 -7.14652014652015E-0001
 1073  1.07326007326007E-0001 -7.06593406593407E-0001
 1074  1.11355311355311E-0001 -7.00952380952381E-0001
 1075  1.10549450549450E-0001 -7.00952380952381E-0001
 1076  1.11355311355311E-0001 -7.07399267399267E-0001
 1077  1.12967032967033E-0001 -1.64864468864469E+0000
 1078 -1.26908424908425E+0000 -7.00146520146520E-0001
 1079  1.10549450549450E-0001 -1.64139194139194E+0000
 1080 -1.28036630036630E+0000 -7.05787545787546E-0001
 1081  1.10549450549450E-0001 -1.64219780219780E+0000
 1082 -1.29406593406593E+0000 -7.06593406593407E-0001
 1083  1.09743589743589E-0001 -7.14652014652015E-0001
 1084  1.10549450549450E-0001 -4.24542124542125E-0001
 1085  1.17802197802197E-0001 -4.21318681318681E-0001
 1086 -2.00000000000000E+0000 -1.63091575091575E+0000
 1087 -1.27875457875458E+0000 -7.00952380952381E-0001
 1088  1.11355311355311E-0001 -4.25347985347985E-0001
 1089 -2.00000000000000E+0000 -1.63736263736264E+0000
 1090 -1.26505494505495E+0000 -6.98534798534799E-0001
 1091  1.11355311355311E-0001 -4.22930402930403E-0001
 1092  1.11355311355311E-0001 -4.27765567765568E-0001
 1093 -2.00000000000000E+0000 -1.61882783882784E+0000
 1094 -1.23362637362637E+0000 -4.23736263736264E-0001
 1095  1.11355311355311E-0001 -4.22124542124542E-0001
 1096  1.12967032967033E-0001 -4.25347985347985E-0001
 1097 -2.00000000000000E+0000 -4.26959706959707E-0001
 1098 -2.00000000000000E+0000 -4.27765567765568E-0001
 1099 -2.00000000000000E+0000 -4.23736263736264E-0001
 1100  1.12161172161172E-0001 -4.28571428571429E-0001
 1101 -2.00000000000000E+0000 -4.26959706959707E-0001
 1102 -2.00000000000000E+0000 -4.22930402930403E-0001
 1103  1.10549450549450E-0001 -4.20512820512821E-0001
 1104  1.12967032967033E-0001 -4.22124542124542E-0001
 1105  1.12161172161172E-0001 -4.18901098901099E-0001
 1106  1.16996336996337E-0001 -6.91282051282051E-0001
 1107  1.12967032967033E-0001 -4.21318681318681E-0001
 1108  1.21025641025641E-0001 -6.92893772893773E-0001
 1109  1.14578754578754E-0001 -6.96117216117216E-0001
 1110  1.12967032967033E-0001 -7.07399267399267E-0001
 1111  1.12161172161172E-0001 -7.00952380952381E-0001
 1112  1.08131868131868E-0001 -7.15457875457875E-0001
 1113  1.13772893772893E-0001 -7.19487179487179E-0001
 1114  1.12161172161172E-0001 -4.15677655677656E-0001
 1115  1.15384615384615E-0001 -4.25347985347985E-0001
 1116 -2.00000000000000E+0000 -1.67926739926740E+0000
 1117 -1.29648351648352E+0000 -7.12234432234432E-0001
 1118  1.12967032967033E-0001 -4.18901098901099E-0001
 1119  1.12161172161172E-0001 -4.28571428571429E-0001
 1120 -2.00000000000000E+0000 -1.67765567765568E+0000
 1121 -1.27553113553114E+0000 -7.17875457875458E-0001
 1122  1.12967032967033E-0001 -4.29377289377289E-0001
 1123 -2.00000000000000E+0000 -7.32380952380952E-0001
 1124  1.12967032967033E-0001 -1.73245421245421E+0000
 1125 -1.32146520146520E+0000 -4.14871794871795E-0001
 1126  1.12161172161172E-0001 -4.27765567765568E-0001
 1127 -2.00000000000000E+0000 -7.39633699633700E-0001
 1128  1.12967032967033E-0001 -4.21318681318681E-0001
 1129  1.12967032967033E-0001 -1.77355311355311E+0000
 1130 -1.31985347985348E+0000 -4.12454212454212E-0001
 1131  1.11355311355311E-0001 -1.80256410256410E+0000
 1132 -1.35692307692308E+0000 -4.27765567765568E-0001
 1133 -2.00000000000000E+0000 -1.81142857142857E+0000
 1134 -1.33758241758242E+0000 -4.16483516483516E-0001
 1135  1.19413919413919E-0001 -1.81465201465201E+0000
 1136 -1.34402930402930E+0000 -7.61391941391941E-0001
 1137  1.16190476190476E-0001 -4.30989010989011E-0001
 1138 -2.00000000000000E+0000 -4.14871794871795E-0001
 1139  1.12967032967033E-0001 -1.83560439560440E+0000
 1140 -1.33838827838828E+0000 -4.25347985347985E-0001
 1141 -2.00000000000000E+0000 -7.53333333333333E-0001
 1142  1.15384615384615E-0001 -4.16483516483516E-0001
 1143  1.12161172161172E-0001 -1.85978021978022E+0000
 1144 -1.37787545787546E+0000 -4.32600732600733E-0001
 1145 -2.00000000000000E+0000 -7.81538461538462E-0001
 1146  1.12967032967033E-0001 -4.16483516483516E-0001
 1147  1.11355311355311E-0001 -1.89040293040293E+0000
 1148 -1.39802197802198E+0000 -4.32600732600733E-0001
 1149 -2.00000000000000E+0000 -8.01684981684982E-0001
 1150  1.12161172161172E-0001 -4.22930402930403E-0001
 1151  1.08937728937728E-0001 -7.84761904761905E-0001
 1152  1.13772893772893E-0001 -4.18901098901099E-0001
 1153 -2.00000000000000E+0000 -1.88959706959707E+0000
 1154 -1.39882783882784E+0000 -4.21318681318681E-0001
 1155  1.07326007326007E-0001 -7.95238095238095E-0001
 1156  1.12967032967033E-0001 -4.27765567765568E-0001
 1157 -2.00000000000000E+0000 -7.89597069597070E-0001
 1158  1.12967032967033E-0001 -4.28571428571429E-0001
 1159 -2.00000000000000E+0000 -4.15677655677656E-0001
 1160  1.09743589743589E-0001 -7.97655677655678E-0001
 1161  1.12967032967033E-0001 -4.29377289377289E-0001
 1162 -2.00000000000000E+0000 -4.15677655677656E-0001
 1163  1.08937728937728E-0001 -4.28571428571429E-0001
 1164 -2.00000000000000E+0000 -1.90974358974359E+0000
 1165 -1.39479853479853E+0000 -7.95238095238095E-0001
 1166  1.14578754578754E-0001 -4.14065934065934E-0001
 1167  1.10549450549450E-0001 -4.29377289377289E-0001
 1168 -2.00000000000000E+0000 -1.94117216117216E+0000
 1169 -1.42058608058608E+0000 -8.01684981684982E-0001
 1170  1.14578754578754E-0001 -4.16483516483516E-0001
 1171  1.10549450549450E-0001 -4.17289377289377E-0001
 1172  1.09743589743589E-0001 -4.14871794871795E-0001
 1173  1.11355311355311E-0001 -4.29377289377289E-0001
 1174 -2.00000000000000E+0000 -2.00000000000000E+0000
 1175 -1.44637362637363E+0000 -2.00000000000000E+0000
 1176 -1.44637362637363E+0000 -8.24249084249084E-0001
 1177  1.11355311355311E-0001 -4.16483516483516E-0001
 1178  1.09743589743589E-0001 -4.28571428571429E-0001
 1179 -2.00000000000000E+0000 -4.30183150183150E-0001
 1180 -2.00000000000000E+0000 -2.00000000000000E+0000
 1181 -1.46329670329670E+0000 -8.28278388278388E-0001
 1182  1.12161172161172E-0001 -4.32600732600733E-0001
 1183 -2.00000000000000E+0000 -2.00000000000000E+0000
 1184 -1.46571428571429E+0000 -4.15677655677656E-0001
 1185  1.16190476190476E-0001 -8.33919413919414E-0001
 1186  1.09743589743589E-0001 -2.00000000000000E+0000
 1187 -1.46249084249084E+0000 -4.21318681318681E-0001
 1188  1.08131868131868E-0001 -4.30989010989011E-0001
 1189 -2.00000000000000E+0000 -8.29084249084249E-0001
 1190  1.10549450549450E-0001 -4.18095238095238E-0001
 1191  1.09743589743589E-0001 -2.00000000000000E+0000
 1192 -1.45040293040293E+0000 -4.29377289377289E-0001
 1193 -2.00000000000000E+0000 -4.22124542124542E-0001
 1194  1.05714285714285E-0001 -2.00000000000000E+0000
 1195 -1.43267399267399E+0000 -8.08937728937729E-0001
 1196  1.10549450549450E-0001 -8.12967032967033E-0001
 1197  1.12161172161172E-0001 -8.15384615384615E-0001
 1198  1.12967032967033E-0001 -8.14578754578755E-0001
 1199  1.13772893772893E-0001 -4.27765567765568E-0001
 1200 -2.00000000000000E+0000 -8.16190476190476E-0001
 1201  1.14578754578754E-0001 -1.98952380952381E+0000
 1202 -1.43025641025641E+0000 -4.19706959706960E-0001
 1203  1.10549450549450E-0001 -4.26959706959707E-0001
 1204 -2.00000000000000E+0000 -4.16483516483516E-0001
 1205  1.10549450549450E-0001 -1.99516483516484E+0000
 1206 -1.45362637362637E+0000 -4.29377289377289E-0001
 1207 -2.00000000000000E+0000 -8.33919413919414E-0001
 1208  1.10549450549450E-0001 -4.18095238095238E-0001
 1209  1.07326007326007E-0001 -1.99516483516484E+0000
 1210 -1.45604395604396E+0000 -8.31501831501832E-0001
 1211  1.11355311355311E-0001 -4.32600732600733E-0001
 1212 -2.00000000000000E+0000 -4.18095238095238E-0001
 1213  1.10549450549450E-0001 -8.29890109890110E-0001
 1214  1.08937728937728E-0001 -4.31794871794872E-0001
 1215 -2.00000000000000E+0000 -8.29890109890110E-0001
 1216  1.10549450549450E-0001 -4.23736263736264E-0001
 1217  1.09743589743589E-0001 -4.28571428571429E-0001
 1218 -2.00000000000000E+0000 -1.99516483516484E+0000
 1219 -1.45523809523810E+0000 -8.27472527472527E-0001
 1220  1.11355311355311E-0001 -4.18901098901099E-0001
 1221  1.15384615384615E-0001 -4.30183150183150E-0001
 1222 -2.00000000000000E+0000 -1.99274725274725E+0000
 1223 -2.00000000000000E+0000 -1.70424908424908E+0000
 1224 -2.00000000000000E+0000 -4.76923076923077E-0001
 1225 -2.00000000000000E+0000 -3.08498168498168E-0001
 1226 -2.00000000000000E+0000 -2.98021978021978E-0001
 1227 -2.00000000000000E+0000 -3.06080586080586E-0001
 1228 -2.00000000000000E+0000 -3.01245421245421E-0001
 1229 -2.00000000000000E+0000 -1.75985347985348E+0000
 1230 -2.00000000000000E+0000 -3.99560439560440E-0001
 1231 -2.00000000000000E+0000 -2.84322344322344E-0001
 1232 -2.00000000000000E+0000 -2.90769230769231E-0001
 1233 -2.00000000000000E+0000 -3.93113553113553E-0001
 1234 -2.00000000000000E+0000 -3.08498168498168E-0001
 1235 -1.56402930402930E+0000 -8.12967032967033E-0001
 1236 -8.52747252747253E-0002 -3.96336996336996E-0001
 1237  1.13772893772893E-0001 -2.00000000000000E+0000
 1238  9.84615384615385E-0002 -4.30989010989011E-0001
 1239  9.92673992673993E-0002 -2.00000000000000E+0000
 1240  8.79853479853480E-0002 -9.36263736263736E-0001
 1241  8.79853479853480E-0002 -4.57582417582418E-0001
 1242  8.79853479853480E-0002 -9.56410256410256E-0001
 1243  8.55677655677656E-0002 -4.59194139194139E-0001
 1244  7.50915750915751E-0002 -2.00000000000000E+0000
 1245  7.67032967032967E-0002 -4.56776556776557E-0001
 1246  7.67032967032967E-0002 -2.00000000000000E+0000
 1247  7.58974358974359E-0002 -4.60805860805861E-0001
 1248  7.42857142857143E-0002 -2.00000000000000E+0000
 1249  7.10622710622711E-0002 -9.94285714285714E-0001
 1250  7.50915750915751E-0002 -4.68864468864469E-0001
 1251  7.10622710622711E-0002 -9.99120879120879E-0001
 1252  7.02564102564103E-0002 -4.72087912087912E-0001
 1253  6.94505494505495E-0002 -9.95897435897436E-0001
 1254  6.86446886446886E-0002 -4.60000000000000E-0001
 1255  6.78388278388278E-0002 -4.79340659340659E-0001
 1256  6.62271062271062E-0002 -9.99120879120879E-0001
 1257  6.78388278388278E-0002 -4.64835164835165E-0001
 1258  6.62271062271062E-0002 -4.77728937728938E-0001
 1259  6.54212454212454E-0002 -4.76923076923077E-0001
 1260  6.46153846153846E-0002 -4.74505494505495E-0001
 1261  6.38095238095238E-0002 -4.77728937728938E-0001
 1262  6.54212454212454E-0002 -2.00000000000000E+0000
 1263  5.97802197802198E-0002 -9.98315018315018E-0001
 1264  6.21978021978022E-0002 -4.70476190476190E-0001
 1265  6.54212454212454E-0002 -9.93479853479853E-0001
 1266  6.46153846153846E-0002 -4.83369963369963E-0001
 1267  5.57509157509158E-0002 -2.00000000000000E+0000
 1268  5.49450549450549E-0002 -9.96703296703297E-0001
 1269  6.46153846153846E-0002 -4.65641025641026E-0001
 1270  6.13919413919414E-0002 -2.00000000000000E+0000
 1271  6.05860805860806E-0002 -9.99926739926740E-0001
 1272  6.46153846153846E-0002 -4.66446886446886E-0001
 1273  6.38095238095238E-0002 -4.79340659340659E-0001
 1274  6.38095238095238E-0002 -2.00000000000000E+0000
 1275  5.97802197802198E-0002 -2.00000000000000E+0000
 1276  5.73626373626374E-0002 -4.82564102564103E-0001
 1277  5.97802197802198E-0002 -2.00000000000000E+0000
 1278  5.89743589743590E-0002 -2.00000000000000E+0000
 1279  5.89743589743590E-0002 -4.82564102564103E-0001
 1280  5.97802197802198E-0002 -4.81758241758242E-0001
 1281  5.73626373626374E-0002 -2.00000000000000E+0000
 1282  5.41391941391941E-0002 -9.99926739926740E-0001
 1283  5.73626373626374E-0002 -2.00000000000000E+0000
 1284  4.93040293040293E-0002 -2.00000000000000E+0000
 1285  4.76923076923077E-0002 -9.95091575091575E-0001
 1286  5.17216117216117E-0002 -2.00000000000000E+0000
 1287  4.68864468864469E-0002 -2.00000000000000E+0000
 1288  4.52747252747253E-0002 -4.80952380952381E-0001
 1289  4.52747252747253E-0002 -4.93040293040293E-0001
 1290 -3.88278388278388E-0003 -9.83003663003663E-0001
 1291 -1.91648351648352E-0001 -4.72087912087912E-0001
 1292 -3.30256410256410E-0001 -4.79340659340659E-0001
 1293 -3.68131868131868E-0001 -9.58021978021978E-0001
 1294 -5.30915750915751E-0001 -4.52747252747253E-0001
 1295 -5.49450549450549E-0001 -2.00000000000000E+0000
 1296 -7.05787545787546E-0001 -4.34212454212454E-0001
 1297 -8.41172161172161E-0001 -4.41465201465201E-0001
 1298 -8.68571428571429E-0001 -9.23369963369963E-0001
 1299 -9.95897435897436E-0001 -2.00000000000000E+0000
 1300 -1.13531135531136E+0000 -3.98754578754579E-0001
 1301 -1.23362637362637E+0000 -8.91941391941392E-0001
 1302 -1.36659340659341E+0000 -2.00000000000000E+0000
 1303 -1.46571428571429E+0000 -3.64102564102564E-0001
 1304 -1.53985347985348E+0000 -3.74578754578755E-0001
 1305 -1.56000000000000E+0000 -8.61318681318681E-0001
 1306 -1.63172161172161E+0000 -3.52014652014652E-0001
 1307 -1.63252747252747E+0000 -1.99838827838828E+0000
 1308 -1.70424908424908E+0000 -3.42344322344322E-0001
 1309 -1.75824175824176E+0000 -3.51208791208791E-0001
 1310 -1.77274725274725E+0000 -8.33919413919414E-0001
 1311 -1.82351648351648E+0000 -1.97340659340659E+0000
 1312 -1.87025641025641E+0000 -3.18974358974359E-0001
 1313 -1.90168498168498E+0000 -3.37509157509158E-0001
 1314 -1.91135531135531E+0000 -8.21831501831502E-0001
 1315 -1.93875457875458E+0000 -3.23809523809524E-0001
 1316 -1.96454212454212E+0000 -1.95809523809524E+0000
 1317 -1.96937728937729E+0000 -3.07692307692308E-0001
 1318 -1.98227106227106E+0000 -1.95084249084249E+0000
 1319 -2.00000000000000E+0000 -8.04908424908425E-0001
 1320 -2.00000000000000E+0000 -3.04468864468864E-0001
 1321 -2.00000000000000E+0000 -3.14139194139194E-0001
 1322 -2.00000000000000E+0000 -7.98461538461538E-0001
 1323 -2.00000000000000E+0000 -3.05274725274725E-0001
 1324 -2.00000000000000E+0000 -2.99633699633700E-0001
 1325 -2.00000000000000E+0000 -2.96410256410256E-0001
 1326 -2.00000000000000E+0000 -3.12527472527473E-0001
 1327 -2.00000000000000E+0000 -3.01245421245421E-0001
 1328 -2.00000000000000E+0000 -3.11721611721612E-0001
 1329 -2.00000000000000E+0000 -1.93633699633700E+0000
 1330 -1.99597069597070E+0000 -1.93714285714286E+0000
 1331 -1.98710622710623E+0000 -7.89597069597070E-0001
 1332 -1.97824175824176E+0000 -2.90769230769231E-0001
 1333 -1.95728937728938E+0000 -3.06080586080586E-0001
 1334 -1.94439560439560E+0000 -1.93633699633700E+0000
 1335 -1.93069597069597E+0000 -7.93626373626374E-0001
 1336 -1.92989010989011E+0000 -2.91575091575092E-0001
 1337 -1.90652014652015E+0000 -3.04468864468864E-0001
 1338 -1.89040293040293E+0000 -1.93794871794872E+0000
 1339 -1.87428571428571E+0000 -3.02051282051282E-0001
 1340 -1.84285714285714E+0000 -3.11721611721612E-0001
 1341 -1.82835164835165E+0000 -1.94358974358974E+0000
 1342 -1.80498168498168E+0000 -7.94432234432234E-0001
 1343 -1.80256410256410E+0000 -3.02051282051282E-0001
 1344 -1.77355311355311E+0000 -3.11721611721612E-0001
 1345 -1.75340659340659E+0000 -1.94761904761905E+0000
 1346 -1.74776556776557E+0000 -1.94842490842491E+0000
 1347 -1.72600732600733E+0000 -7.95238095238095E-0001
 1348 -1.72761904761905E+0000 -3.10915750915751E-0001
 1349 -1.69941391941392E+0000 -3.13333333333333E-0001
