 0  1.35531135531136E-0001 -3.94725274725275E-0001
 1  1.31501831501832E-0001 -4.10036630036630E-0001
 2 -1.89846153846154E+0000 -2.00000000000000E+0000
 3 -1.41575091575092E+0000 -8.74212454212454E-0001
 4  1.37142857142857E-0001 -3.95531135531136E-0001
 5  1.33113553113553E-0001 -4.08424908424908E-0001
 6 -1.92021978021978E+0000 -2.00000000000000E+0000
 7 -1.42783882783883E+0000 -8.74212454212454E-0001
 8  1.35531135531136E-0001 -3.95531135531136E-0001
 9  1.34725274725275E-0001 -4.06007326007326E-0001
 10 -1.94117216117216E+0000 -2.00000000000000E+0000
 11 -1.43750915750916E+0000 -8.76630036630037E-0001
 12  1.34725274725275E-0001 -3.97948717948718E-0001
 13  1.33919413919414E-0001 -4.05201465201465E-0001
 14 -1.96454212454212E+0000 -2.00000000000000E+0000
 15 -1.45765567765568E+0000 -8.82271062271062E-0001
 16  1.33113553113553E-0001 -4.03589743589744E-0001
 17  1.33113553113553E-0001 -4.06813186813187E-0001
 18 -1.98549450549451E+0000 -2.00000000000000E+0000
 19 -1.47699633699634E+0000 -8.88717948717949E-0001
 20  1.35531135531136E-0001 -4.02783882783883E-0001
 21  1.30695970695971E-0001 -4.11648351648352E-0001
 22 -2.00000000000000E+0000 -2.00000000000000E+0000
 23 -1.47538461538462E+0000 -8.77435897435897E-0001
 24  1.34725274725275E-0001 -3.96336996336996E-0001
 25  1.33113553113553E-0001 -4.06813186813187E-0001
 26 -2.00000000000000E+0000 -2.00000000000000E+0000
 27 -1.48989010989011E+0000 -8.75824175824176E-0001
 28  1.34725274725275E-0001 -4.05201465201465E-0001
 29  1.32307692307692E-0001 -4.08424908424908E-0001
 30 -2.00000000000000E+0000 -2.00000000000000E+0000
 31 -1.49794871794872E+0000 -8.79047619047619E-0001
 32  1.33919413919414E-0001 -3.96336996336996E-0001
 33  1.37948717948718E-0001 -4.02783882783883E-0001
 34 -2.00000000000000E+0000 -2.00000000000000E+0000
 35 -1.51003663003663E+0000 -8.75824175824176E-0001
 36  1.32307692307692E-0001 -3.99560439560440E-0001
 37  1.31501831501832E-0001 -4.10036630036630E-0001
 38 -2.00000000000000E+0000 -2.00000000000000E+0000
 39 -1.51648351648352E+0000 -8.77435897435897E-0001
 40  1.31501831501832E-0001 -4.01978021978022E-0001
 41  1.32307692307692E-0001 -4.08424908424908E-0001
 42 -2.00000000000000E+0000 -2.00000000000000E+0000
 43 -1.52373626373626E+0000 -8.75824175824176E-0001
 44  1.35531135531136E-0001 -4.00366300366300E-0001
 45  1.32307692307692E-0001 -4.08424908424908E-0001
 46 -2.00000000000000E+0000 -2.00000000000000E+0000
 47 -1.53743589743590E+0000 -8.76630036630037E-0001
 48  1.33919413919414E-0001 -3.97948717948718E-0001
 49  1.32307692307692E-0001 -4.10036630036630E-0001
 50 -2.00000000000000E+0000 -2.00000000000000E+0000
 51 -1.54468864468864E+0000 -8.70183150183150E-0001
 52  1.34725274725275E-0001 -3.96336996336996E-0001
 53  1.32307692307692E-0001 -4.07619047619048E-0001
 54 -2.00000000000000E+0000 -2.00000000000000E+0000
 55 -1.56805860805861E+0000 -8.71794871794872E-0001
 56  1.35531135531136E-0001 -4.04395604395604E-0001
 57  1.29084249084249E-0001 -4.11648351648352E-0001
 58 -2.00000000000000E+0000 -2.00000000000000E+0000
 59 -1.57692307692308E+0000 -8.69377289377289E-0001
 60  1.33919413919414E-0001 -3.99560439560440E-0001
 61  1.32307692307692E-0001 -4.08424908424908E-0001
 62 -2.00000000000000E+0000 -2.00000000000000E+0000
 63 -1.58901098901099E+0000 -8.65347985347985E-0001
 64  1.33919413919414E-0001 -4.00366300366300E-0001
 65  1.31501831501832E-0001 -4.12454212454212E-0001
 66 -2.00000000000000E+0000 -2.00000000000000E+0000
 67 -1.60109890109890E+0000 -8.71794871794872E-0001
 68  1.39560439560440E-0001 -3.93113553113553E-0001
 69  1.31501831501832E-0001 -4.09230769230769E-0001
 70 -2.00000000000000E+0000 -2.00000000000000E+0000
 71 -1.59868131868132E+0000 -8.62930402930403E-0001
 72  1.33919413919414E-0001 -3.99560439560440E-0001
 73  1.30695970695971E-0001 -4.10842490842491E-0001
 74 -2.00000000000000E+0000 -2.00000000000000E+0000
 75 -1.59868131868132E+0000 -8.61318681318681E-0001
 76  1.33113553113553E-0001 -4.01978021978022E-0001
 77  1.33113553113553E-0001 -4.07619047619048E-0001
 78 -2.00000000000000E+0000 -2.00000000000000E+0000
 79 -1.60673992673993E+0000 -8.60512820512821E-0001
 80  1.29890109890110E-0001 -4.05201465201465E-0001
 81  1.30695970695971E-0001 -4.09230769230769E-0001
 82 -2.00000000000000E+0000 -2.00000000000000E+0000
 83 -1.61399267399267E+0000 -4.03589743589744E-0001
 84  1.31501831501832E-0001 -4.08424908424908E-0001
 85 -2.00000000000000E+0000 -8.51648351648352E-0001
 86  1.33919413919414E-0001 -4.06813186813187E-0001
 87  1.30695970695971E-0001 -4.10036630036630E-0001
 88 -2.00000000000000E+0000 -2.00000000000000E+0000
 89 -1.61721611721612E+0000 -8.50036630036630E-0001
 90  1.33919413919414E-0001 -3.99560439560440E-0001
 91  1.31501831501832E-0001 -4.07619047619048E-0001
 92 -2.00000000000000E+0000 -2.00000000000000E+0000
 93 -1.62930402930403E+0000 -8.46813186813187E-0001
 94  1.34725274725275E-0001 -3.98754578754579E-0001
 95  1.29890109890110E-0001 -4.11648351648352E-0001
 96 -2.00000000000000E+0000 -2.00000000000000E+0000
 97 -1.62688644688645E+0000 -8.41978021978022E-0001
 98  1.35531135531136E-0001 -4.04395604395604E-0001
 99  1.31501831501832E-0001 -4.10036630036630E-0001
 100 -2.00000000000000E+0000 -2.00000000000000E+0000
 101 -1.63655677655678E+0000 -8.41978021978022E-0001
 102  1.33919413919414E-0001 -4.11648351648352E-0001
 103 -2.00000000000000E+0000 -2.00000000000000E+0000
 104 -1.63413919413919E+0000 -8.35531135531136E-0001
 105  1.33113553113553E-0001 -3.97142857142857E-0001
 106  1.30695970695971E-0001 -4.11648351648352E-0001
 107 -2.00000000000000E+0000 -2.00000000000000E+0000
 108 -1.64219780219780E+0000 -8.32307692307692E-0001
 109  1.32307692307692E-0001 -4.01172161172161E-0001
 110  1.26666666666667E-0001 -2.00000000000000E+0000
 111 -1.65589743589744E+0000 -8.29890109890110E-0001
 112  1.34725274725275E-0001 -4.00366300366300E-0001
 113  1.31501831501832E-0001 -2.00000000000000E+0000
 114 -1.66959706959707E+0000 -8.24249084249084E-0001
 115  1.29890109890110E-0001 -4.11648351648352E-0001
 116  1.28278388278388E-0001 -2.00000000000000E+0000
 117 -1.69054945054945E+0000 -8.40366300366300E-0001
 118  1.32307692307692E-0001 -4.10842490842491E-0001
 119 -2.00000000000000E+0000 -2.00000000000000E+0000
 120 -1.68974358974359E+0000 -3.95531135531136E-0001
 121  1.29890109890110E-0001 -4.11648351648352E-0001
 122 -2.00000000000000E+0000 -8.37948717948718E-0001
 123  1.33113553113553E-0001 -4.12454212454212E-0001
 124 -2.00000000000000E+0000 -2.00000000000000E+0000
 125 -1.68732600732601E+0000 -4.05201465201465E-0001
 126  1.32307692307692E-0001 -2.00000000000000E+0000
 127 -1.68410256410256E+0000 -8.29084249084249E-0001
 128  1.33113553113553E-0001 -4.15677655677656E-0001
 129 -2.00000000000000E+0000 -2.00000000000000E+0000
 130 -1.68329670329670E+0000 -8.21831501831502E-0001
 131  1.33113553113553E-0001 -4.15677655677656E-0001
 132  1.29084249084249E-0001 -2.00000000000000E+0000
 133 -1.68087912087912E+0000 -4.20512820512821E-0001
 134  1.29084249084249E-0001 -2.00000000000000E+0000
 135 -1.67684981684982E+0000 -9.23369963369963E-0001
 136  1.30695970695971E-0001 -7.97655677655678E-0001
 137  1.30695970695971E-0001 -4.12454212454212E-0001
 138 -2.00000000000000E+0000 -1.05391941391941E+0000
 139 -1.67362637362637E+0000 -7.90402930402930E-0001
 140  1.31501831501832E-0001 -4.10842490842491E-0001
 141 -2.00000000000000E+0000 -7.84761904761905E-0001
 142  1.32307692307692E-0001 -4.13260073260073E-0001
 143 -2.00000000000000E+0000 -2.00000000000000E+0000
 144  1.28278388278388E-0001 -3.91501831501832E-0001
 145 -1.66637362637363E+0000 -2.00000000000000E+0000
 146  1.26666666666667E-0001 -3.84249084249084E-0001
 147 -1.66717948717949E+0000 -2.00000000000000E+0000
 148  1.26666666666667E-0001 -3.81831501831502E-0001
 149 -1.66476190476190E+0000 -7.52527472527473E-0001
 150  1.30695970695971E-0001 -4.17289377289377E-0001
 151 -2.00000000000000E+0000 -7.46886446886447E-0001
 152  1.32307692307692E-0001 -4.13260073260073E-0001
 153 -2.00000000000000E+0000 -3.85860805860806E-0001
 154 -1.65912087912088E+0000 -2.00000000000000E+0000
 155  1.29890109890110E-0001 -3.89084249084249E-0001
 156 -1.65750915750916E+0000 -2.00000000000000E+0000
 157  1.29084249084249E-0001 -4.13260073260073E-0001
 158 -2.00000000000000E+0000 -7.21904761904762E-0001
 159  1.30695970695971E-0001 -4.15677655677656E-0001
 160 -2.00000000000000E+0000 -2.00000000000000E+0000
 161  1.27472527472527E-0001 -3.76190476190476E-0001
 162 -1.64703296703297E+0000 -2.00000000000000E+0000
 163  1.32307692307692E-0001 -4.09230769230769E-0001
 164 -2.00000000000000E+0000 -6.98534798534799E-0001
 165  1.29890109890110E-0001 -4.16483516483516E-0001
 166 -2.00000000000000E+0000 -2.00000000000000E+0000
 167  1.32307692307692E-0001 -3.79413919413919E-0001
 168 -1.63575091575092E+0000 -2.00000000000000E+0000
 169  1.28278388278388E-0001 -4.15677655677656E-0001
 170 -2.00000000000000E+0000 -3.76190476190476E-0001
 171 -1.63494505494505E+0000 -6.80000000000000E-0001
 172  1.34725274725275E-0001 -2.00000000000000E+0000
 173  1.26666666666667E-0001 -3.68131868131868E-0001
 174 -1.62930402930403E+0000 -6.69523809523810E-0001
 175  1.33919413919414E-0001 -4.16483516483516E-0001
 176 -2.00000000000000E+0000 -3.67326007326007E-0001
 177 -1.63010989010989E+0000 -2.00000000000000E+0000
 178  1.26666666666667E-0001 -4.15677655677656E-0001
 179 -2.00000000000000E+0000 -6.48571428571429E-0001
 180  1.37142857142857E-0001 -2.00000000000000E+0000
 181  1.25860805860806E-0001 -3.64908424908425E-0001
 182 -1.62205128205128E+0000 -6.51794871794872E-0001
 183  1.29084249084249E-0001 -2.00000000000000E+0000
 184  1.28278388278388E-0001 -4.15677655677656E-0001
 185 -2.00000000000000E+0000 -6.42930402930403E-0001
 186  1.26666666666667E-0001 -4.14871794871795E-0001
 187 -2.00000000000000E+0000 -6.27619047619048E-0001
 188  1.37142857142857E-0001 -4.14065934065934E-0001
 189 -2.00000000000000E+0000 -6.21172161172161E-0001
 190  1.33113553113553E-0001 -2.00000000000000E+0000
 191  1.27472527472527E-0001 -4.14871794871795E-0001
 192 -2.00000000000000E+0000 -3.67326007326007E-0001
 193 -1.59787545787546E+0000 -2.00000000000000E+0000
 194  1.22637362637362E-0001 -3.69743589743590E-0001
 195 -1.59545787545788E+0000 -6.05054945054945E-0001
 196  1.31501831501832E-0001 -2.00000000000000E+0000
 197  1.26666666666667E-0001 -3.59267399267399E-0001
 198 -1.58659340659341E+0000 -2.00000000000000E+0000
 199  1.20219780219780E-0001 -3.63296703296703E-0001
 200 -1.57289377289377E+0000 -2.00000000000000E+0000
 201  1.26666666666667E-0001 -3.61684981684982E-0001
 202 -1.56967032967033E+0000 -2.00000000000000E+0000
 203  1.25860805860806E-0001 -5.49450549450549E-0001
 204  1.29084249084249E-0001 -3.63296703296703E-0001
 205 -1.56241758241758E+0000 -2.00000000000000E+0000
 206  1.25860805860806E-0001 -4.18901098901099E-0001
 207 -2.00000000000000E+0000 -2.00000000000000E+0000
 208  1.28278388278388E-0001 -5.23663003663004E-0001
 209  1.31501831501832E-0001 -3.66520146520147E-0001
 210 -1.53501831501832E+0000 -2.00000000000000E+0000
 211  1.25860805860806E-0001 -5.05128205128205E-0001
 212  1.26666666666667E-0001 -4.18901098901099E-0001
 213 -2.00000000000000E+0000 -3.60073260073260E-0001
 214 -1.51728937728938E+0000 -2.00000000000000E+0000
 215  1.26666666666667E-0001 -3.58461538461538E-0001
 216 -1.50923076923077E+0000 -4.18095238095238E-0001
 217 -2.00000000000000E+0000 -3.56849816849817E-0001
 218 -1.50842490842491E+0000 -1.98871794871795E+0000
 219  1.25054945054945E-0001 -4.38241758241758E-0001
 220 -2.00000000000000E+0000 -4.20512820512821E-0001
 221 -2.00000000000000E+0000 -4.01978021978022E-0001
 222 -2.00000000000000E+0000 -4.19706959706960E-0001
 223 -2.00000000000000E+0000 -3.51208791208791E-0001
 224 -1.43670329670330E+0000 -1.69377289377289E+0000
 225  1.25054945054945E-0001 -3.51208791208791E-0001
 226 -1.42380952380952E+0000 -4.21318681318681E-0001
 227 -2.00000000000000E+0000 -1.63736263736264E+0000
 228  1.26666666666667E-0001 -4.02783882783883E-0001
 229 -2.00000000000000E+0000 -3.51208791208791E-0001
 230 -1.39802197802198E+0000 -4.21318681318681E-0001
 231 -2.00000000000000E+0000 -1.52212454212454E+0000
 232  1.22637362637362E-0001 -4.01978021978022E-0001
 233 -2.00000000000000E+0000 -3.52014652014652E-0001
 234 -1.37142857142857E+0000 -1.47780219780220E+0000
 235  1.23443223443223E-0001 -4.22930402930403E-0001
 236 -2.00000000000000E+0000 -1.43750915750916E+0000
 237  1.22637362637362E-0001 -3.59267399267399E-0001
 238 -1.34805860805861E+0000 -3.98754578754579E-0001
 239 -2.00000000000000E+0000 -3.63296703296703E-0001
 240 -1.33758241758242E+0000 -1.38915750915751E+0000
 241  1.21831501831501E-0001 -3.98754578754579E-0001
 242 -2.00000000000000E+0000 -1.36578754578755E+0000
 243  1.22637362637362E-0001 -3.69743589743590E-0001
 244 -1.32388278388278E+0000 -4.24542124542125E-0001
 245  1.37142857142857E-0001 -3.72161172161172E-0001
 246 -1.31018315018315E+0000 -1.30051282051282E+0000
 247  1.22637362637362E-0001 -4.24542124542125E-0001
 248  1.52454212454212E-0001 -1.26263736263736E+0000
 249  1.22637362637362E-0001 -3.71355311355311E-0001
 250 -1.28520146520147E+0000 -1.22879120879121E+0000
 251  1.21025641025641E-0001 -3.79413919413919E-0001
 252 -1.26989010989011E+0000 -1.20380952380952E+0000
 253  1.22637362637362E-0001 -3.80219780219780E-0001
 254 -1.25941391941392E+0000 -1.17157509157509E+0000
 255  1.21831501831501E-0001 -3.81831501831502E-0001
 256 -1.24410256410256E+0000 -4.27765567765568E-0001
 257  1.50036630036630E-0001 -3.99560439560440E-0001
 258 -2.00000000000000E+0000 -3.82637362637363E-0001
 259 -1.21670329670330E+0000 -4.27765567765568E-0001
 260  1.47619047619048E-0001 -1.04424908424908E+0000
 261  1.21025641025641E-0001 -3.96336996336996E-0001
 262 -2.00000000000000E+0000 -4.27765567765568E-0001
 263  1.47619047619048E-0001 -9.83809523809524E-0001
 264  1.20219780219780E-0001 -3.98754578754579E-0001
 265 -2.00000000000000E+0000 -3.89084249084249E-0001
 266 -1.14175824175824E+0000 -3.98754578754579E-0001
 267 -2.00000000000000E+0000 -4.28571428571429E-0001
 268  1.50842490842491E-0001 -3.86666666666667E-0001
 269 -1.12161172161172E+0000 -4.27765567765568E-0001
 270  1.50036630036630E-0001 -8.27472527472527E-0001
 271  1.19413919413919E-0001 -7.98461538461538E-0001
 272  1.20219780219780E-0001 -3.97142857142857E-0001
 273 -2.00000000000000E+0000 -3.99560439560440E-0001
 274 -2.00000000000000E+0000 -3.93113553113553E-0001
 275 -1.03538461538462E+0000 -4.30989010989011E-0001
 276  1.48424908424908E-0001 -3.95531135531136E-0001
 277 -1.00959706959707E+0000 -4.29377289377289E-0001
 278  1.52454212454212E-0001 -6.13919413919414E-0001
 279  1.17802197802197E-0001 -4.32600732600733E-0001
 280  1.48424908424908E-0001 -5.81684981684982E-0001
 281  1.21025641025641E-0001 -3.97142857142857E-0001
 282 -2.00000000000000E+0000 -4.31794871794872E-0001
 283  1.46813186813187E-0001 -3.98754578754579E-0001
 284 -2.00000000000000E+0000 -4.31794871794872E-0001
 285  1.46813186813187E-0001 -3.97142857142857E-0001
 286 -2.00000000000000E+0000 -4.32600732600733E-0001
 287  1.45201465201465E-0001 -4.00366300366300E-0001
 288 -9.02417582417582E-0001 -4.69670329670330E-0001
 289  1.16190476190476E-0001 -3.97948717948718E-0001
 290 -2.00000000000000E+0000 -4.01978021978022E-0001
 291 -8.64542124542125E-0001 -3.97142857142857E-0001
 292 -2.00000000000000E+0000 -3.99560439560440E-0001
 293 -8.54871794871795E-0001 -4.01978021978022E-0001
 294 -8.34725274725275E-0001 -4.02783882783883E-0001
 295 -8.14578754578755E-0001 -4.35018315018315E-0001
 296  1.43589743589744E-0001 -4.02783882783883E-0001
 297 -7.98461538461538E-0001 -4.03589743589744E-0001
 298 -7.73479853479853E-0001 -4.35018315018315E-0001
 299  1.43589743589744E-0001 -4.38241758241758E-0001
 300  1.44395604395604E-0001 -4.05201465201465E-0001
 301 -7.40439560439560E-0001 -4.04395604395604E-0001
 302 -7.28351648351648E-0001 -4.36630036630037E-0001
 303  1.42783882783883E-0001 -4.35018315018315E-0001
 304  1.42783882783883E-0001 -4.35018315018315E-0001
 305  1.46007326007326E-0001 -4.35824175824176E-0001
 306  1.44395604395604E-0001 -4.01978021978022E-0001
 307 -5.38461538461538E-0002 -3.99560439560440E-0001
 308 -6.75457875457875E-0002 -3.97948717948718E-0001
 309 -8.60805860805861E-0002 -4.01978021978022E-0001
 310 -1.11868131868131E-0001 -3.97142857142857E-0001
 311 -1.43912087912088E+0000 -4.01978021978022E-0001
 312 -1.36849816849817E-0001 -4.01978021978022E-0001
 313 -1.56190476190476E-0001 -4.01978021978022E-0001
 314 -1.71501831501832E-0001 -3.99560439560440E-0001
 315 -1.94871794871795E-0001 -4.01978021978022E-0001
 316 -2.14212454212454E-0001 -3.99560439560440E-0001
 317 -2.36776556776557E-0001 -4.01978021978022E-0001
 318 -2.62564102564103E-0001 -3.99560439560440E-0001
 319 -2.85934065934066E-0001 -3.98754578754579E-0001
 320 -1.06439560439560E+0000 -3.99560439560440E-0001
 321 -2.93992673992674E-0001 -3.99560439560440E-0001
 322 -3.06886446886447E-0001 -3.99560439560440E-0001
 323 -9.95897435897436E-0001 -4.01978021978022E-0001
 324 -3.24615384615385E-0001 -3.96336996336996E-0001
 325 -9.63663003663004E-0001 -4.04395604395604E-0001
 326 -3.38315018315018E-0001 -3.99560439560440E-0001
 327 -3.50402930402930E-0001 -4.01978021978022E-0001
 328 -3.63296703296703E-0001 -3.98754578754579E-0001
 329 -3.83443223443223E-0001 -3.97142857142857E-0001
 330 -8.33113553113553E-0001 -4.15677655677656E-0001
 331 -2.62564102564103E-0001 -3.99560439560440E-0001
 332 -4.27765567765568E-0001 -3.97948717948718E-0001
 333 -7.41245421245421E-0001 -8.37948717948718E-0001
 334  1.33919413919414E-0001 -4.01978021978022E-0001
 335 -4.62417582417582E-0001 -4.18901098901099E-0001
 336 -2.09377289377289E-0001 -8.67765567765568E-0001
 337  1.37948717948718E-0001 -4.01978021978022E-0001
 338 -5.01904761904762E-0001 -3.96336996336996E-0001
 339 -5.95384615384615E-0001 -4.01978021978022E-0001
 340 -5.21245421245421E-0001 -4.01978021978022E-0001
 341 -5.53479853479853E-0001 -3.98754578754579E-0001
 342 -5.70402930402930E-0001 -4.03589743589744E-0001
 343 -5.96190476190476E-0001 -4.01978021978022E-0001
 344 -6.06666666666667E-0001 -9.89450549450549E-0001
 345  1.31501831501832E-0001 -1.00476190476190E+0000
 346  1.35531135531136E-0001 -1.01443223443223E+0000
 347 -1.03809523809523E-0001 -1.04666666666667E+0000
 348  4.93040293040293E-0002 -1.05633699633700E+0000
 349  1.75824175824176E-0003 -4.17289377289377E-0001
 350  4.98168498168498E-0003 -4.18901098901099E-0001
 351  2.27106227106227E-0002 -4.41465201465201E-0001
 352  4.36630036630037E-0002 -4.58388278388278E-0001
 353  5.97802197802198E-0002 -3.99560439560440E-0001
 354 -1.71501831501832E-0001 -3.99560439560440E-0001
 355 -1.52161172161172E-0001 -3.95531135531136E-0001
 356 -1.17509157509157E-0001 -3.98754578754579E-0001
 357 -7.07692307692308E-0002 -4.06813186813187E-0001
 358 -8.63736263736264E-0001 -4.05201465201465E-0001
 359 -8.85494505494505E-0001 -4.05201465201465E-0001
 360 -9.03223443223443E-0001 -1.30051282051282E+0000
 361 -4.34212454212454E-0001 -1.32065934065934E+0000
 362 -4.72087912087912E-0001 -1.35450549450549E+0000
 363 -5.09963369963370E-0001 -6.09084249084249E-0001
 364  1.37142857142857E-0001 -6.17142857142857E-0001
 365  1.36336996336996E-0001 -6.28424908424908E-0001
 366  1.35531135531136E-0001 -3.99560439560440E-0001
 367  1.36336996336996E-0001 -4.03589743589744E-0001
 368  1.35531135531136E-0001 -3.98754578754579E-0001
 369  1.29890109890110E-0001 -4.07619047619048E-0001
 370 -1.16271062271062E+0000 -4.04395604395604E-0001
 371 -1.19172161172161E+0000 -1.54791208791209E+0000
 372 -8.08937728937729E-0001 -1.57611721611722E+0000
 373 -8.43589743589744E-0001 -1.59868131868132E+0000
 374 -8.71794871794872E-0001 -7.41245421245421E-0001
 375  1.34725274725275E-0001 -7.44468864468864E-0001
 376  1.34725274725275E-0001 -7.56556776556777E-0001
 377  1.35531135531136E-0001 -3.96336996336996E-0001
 378  1.31501831501832E-0001 -3.96336996336996E-0001
 379  1.26666666666667E-0001 -3.93919413919414E-0001
 380  1.32307692307692E-0001 -4.08424908424908E-0001
 381 -1.37384615384615E+0000 -4.06007326007326E-0001
 382 -1.39399267399267E+0000 -4.08424908424908E-0001
 383 -1.41333333333333E+0000 -7.93626373626374E-0001
 384  1.34725274725275E-0001 -1.77597069597070E+0000
 385 -1.09018315018315E+0000 -4.10842490842491E-0001
 386 -1.45926739926740E+0000 -1.80095238095238E+0000
 387 -1.11194139194139E+0000 -4.06813186813187E-0001
 388 -1.47941391941392E+0000 -8.11355311355311E-0001
 389  1.34725274725275E-0001 -1.83641025641026E+0000
 390 -1.14739926739927E+0000 -4.01978021978022E-0001
 391 -1.52131868131868E+0000 -3.91501831501832E-0001
 392  1.32307692307692E-0001 -8.27472527472527E-0001
 393  1.36336996336996E-0001 -8.29890109890110E-0001
 394  1.34725274725275E-0001 -1.91538461538462E+0000
 395 -1.22153846153846E+0000 -4.09230769230769E-0001
 396 -1.61882783882784E+0000 -4.08424908424908E-0001
 397 -1.64703296703297E+0000 -4.07619047619048E-0001
 398 -1.66234432234432E+0000 -4.08424908424908E-0001
 399 -1.68732600732601E+0000 -3.99560439560440E-0001
 400  1.32307692307692E-0001 -3.95531135531136E-0001
 401  1.38754578754579E-0001 -3.93113553113553E-0001
 402  1.26666666666667E-0001 -3.95531135531136E-0001
 403  1.32307692307692E-0001 -8.72600732600733E-0001
 404  1.35531135531136E-0001 -3.93919413919414E-0001
 405  1.30695970695971E-0001 -3.96336996336996E-0001
 406  1.31501831501832E-0001 -3.93919413919414E-0001
 407  1.31501831501832E-0001 -3.98754578754579E-0001
 408  1.30695970695971E-0001 -3.94725274725275E-0001
 409  1.26666666666667E-0001 -3.99560439560440E-0001
 410  1.29890109890110E-0001 -3.93113553113553E-0001
 411  1.30695970695971E-0001 -4.10036630036630E-0001
 412 -1.96373626373626E+0000 -4.10036630036630E-0001
 413 -1.99032967032967E+0000 -2.00000000000000E+0000
 414 -1.52534798534799E+0000 -2.00000000000000E+0000
 415 -1.54227106227106E+0000 -8.87912087912088E-0001
 416  1.34725274725275E-0001 -2.00000000000000E+0000
 417 -1.54952380952381E+0000 -8.81465201465201E-0001
 418  1.34725274725275E-0001 -8.79853479853480E-0001
 419  1.33919413919414E-0001 -4.05201465201465E-0001
 420  1.29890109890110E-0001 -3.97948717948718E-0001
 421  1.29084249084249E-0001 -4.12454212454212E-0001
 422 -2.00000000000000E+0000 -2.00000000000000E+0000
 423 -1.58739926739927E+0000 -2.00000000000000E+0000
 424 -1.59465201465201E+0000 -8.72600732600733E-0001
 425  1.32307692307692E-0001 -2.00000000000000E+0000
 426 -1.60190476190476E+0000 -8.70183150183150E-0001
 427  1.34725274725275E-0001 -2.00000000000000E+0000
 428 -1.60673992673993E+0000 -3.97142857142857E-0001
 429  1.26666666666667E-0001 -8.62124542124542E-0001
 430  1.33919413919414E-0001 -8.60512820512821E-0001
 431  1.33113553113553E-0001 -2.00000000000000E+0000
 432 -1.61318681318681E+0000 -4.10842490842491E-0001
 433 -2.00000000000000E+0000 -4.10842490842491E-0001
 434 -2.00000000000000E+0000 -3.98754578754579E-0001
 435  1.26666666666667E-0001 -4.01978021978022E-0001
 436  1.26666666666667E-0001 -8.47619047619048E-0001
 437  1.33113553113553E-0001 -4.08424908424908E-0001
 438  1.29084249084249E-0001 -4.06007326007326E-0001
 439  1.29084249084249E-0001 -3.93113553113553E-0001
 440  1.26666666666667E-0001 -4.08424908424908E-0001
 441  1.26666666666667E-0001 -4.02783882783883E-0001
 442  1.29084249084249E-0001 -4.14065934065934E-0001
 443 -2.00000000000000E+0000 -2.00000000000000E+0000
 444 -1.64058608058608E+0000 -2.00000000000000E+0000
 445 -1.64461538461538E+0000 -8.04908424908425E-0001
 446  1.33919413919414E-0001 -4.18901098901099E-0001
 447  1.26666666666667E-0001 -4.14871794871795E-0001
 448 -2.00000000000000E+0000 -1.11113553113553E+0000
 449 -1.64783882783883E+0000 -7.74285714285714E-0001
 450  1.33113553113553E-0001 -2.00000000000000E+0000
 451  1.26666666666667E-0001 -4.16483516483516E-0001
 452 -2.00000000000000E+0000 -3.80219780219780E-0001
 453 -1.64703296703297E+0000 -7.37216117216117E-0001
 454  1.34725274725275E-0001 -2.00000000000000E+0000
 455  1.26666666666667E-0001 -4.06813186813187E-0001
 456 -2.00000000000000E+0000 -3.76190476190476E-0001
 457 -1.63333333333333E+0000 -6.86446886446886E-0001
 458  1.31501831501832E-0001 -2.00000000000000E+0000
 459  1.26666666666667E-0001 -4.18901098901099E-0001
 460 -2.00000000000000E+0000 -3.67326007326007E-0001
 461 -1.62366300366300E+0000 -6.59853479853480E-0001
 462  1.32307692307692E-0001 -2.00000000000000E+0000
 463  1.25860805860806E-0001 -4.17289377289377E-0001
 464 -2.00000000000000E+0000 -2.00000000000000E+0000
 465  1.31501831501832E-0001 -4.10842490842491E-0001
 466 -2.00000000000000E+0000 -2.00000000000000E+0000
 467  1.25860805860806E-0001 -6.09890109890110E-0001
 468  1.31501831501832E-0001 -3.70549450549451E-0001
 469 -1.59142857142857E+0000 -4.21318681318681E-0001
 470 -2.00000000000000E+0000 -3.67326007326007E-0001
 471 -1.58578754578755E+0000 -4.20512820512821E-0001
 472 -2.00000000000000E+0000 -2.00000000000000E+0000
 473  1.25860805860806E-0001 -5.71208791208791E-0001
 474  1.29890109890110E-0001 -2.00000000000000E+0000
 475  1.24249084249084E-0001 -4.20512820512821E-0001
 476 -2.00000000000000E+0000 -3.50402930402930E-0001
 477 -1.54952380952381E+0000 -5.36556776556777E-0001
 478  1.32307692307692E-0001 -2.00000000000000E+0000
 479  1.25054945054945E-0001 -4.18095238095238E-0001
 480 -2.00000000000000E+0000 -5.13992673992674E-0001
 481  1.30695970695971E-0001 -2.00000000000000E+0000
 482  1.23443223443223E-0001 -4.21318681318681E-0001
 483 -2.00000000000000E+0000 -3.64102564102564E-0001
 484 -1.50600732600733E+0000 -3.64102564102564E-0001
 485 -1.49714285714286E+0000 -4.22124542124542E-0001
 486 -2.00000000000000E+0000 -1.97340659340659E+0000
 487  1.21831501831501E-0001 -4.23736263736264E-0001
 488 -2.00000000000000E+0000 -1.93069597069597E+0000
 489  1.23443223443223E-0001 -4.29377289377289E-0001
 490 -1.48827838827839E+0000 -3.55238095238095E-0001
 491 -1.45684981684982E+0000 -3.53626373626374E-0001
 492 -1.44637362637363E+0000 -3.57655677655678E-0001
 493 -1.43589743589744E+0000 -3.60073260073260E-0001
 494 -1.42542124542125E+0000 -4.23736263736264E-0001
 495 -2.00000000000000E+0000 -3.55238095238095E-0001
 496 -1.41252747252747E+0000 -4.25347985347985E-0001
 497 -2.00000000000000E+0000 -3.59267399267399E-0001
 498 -1.38029304029304E+0000 -4.00366300366300E-0001
 499 -2.00000000000000E+0000 -1.51003663003663E+0000
 500  1.22637362637362E-0001 -3.72967032967033E-0001
 501 -1.34564102564103E+0000 -4.01172161172161E-0001
 502 -2.00000000000000E+0000 -1.39238095238095E+0000
 503  1.26666666666667E-0001 -4.26153846153846E-0001
 504  1.54065934065934E-0001 -4.02783882783883E-0001
 505 -2.00000000000000E+0000 -1.39157509157509E+0000
 506  1.19413919413919E-0001 -4.30183150183150E-0001
 507  1.48424908424908E-0001 -1.36981684981685E+0000
 508  1.19413919413919E-0001 -1.34080586080586E+0000
 509  1.20219780219780E-0001 -4.04395604395604E-0001
 510 -2.00000000000000E+0000 -1.27794871794872E+0000
 511  1.26666666666667E-0001 -4.27765567765568E-0001
 512  1.46813186813187E-0001 -3.85860805860806E-0001
 513 -1.25619047619048E+0000 -4.29377289377289E-0001
 514  1.47619047619048E-0001 -4.34212454212454E-0001
 515  1.43589743589744E-0001 -1.14981684981685E+0000
 516  1.22637362637362E-0001 -4.28571428571429E-0001
 517  1.47619047619048E-0001 -3.86666666666667E-0001
 518 -1.20300366300366E+0000 -3.85860805860806E-0001
 519 -1.19655677655678E+0000 -4.01978021978022E-0001
 520 -2.00000000000000E+0000 -4.00366300366300E-0001
 521 -2.00000000000000E+0000 -9.95091575091575E-0001
 522  1.17802197802197E-0001 -4.30183150183150E-0001
 523  1.49230769230769E-0001 -3.90695970695971E-0001
 524 -1.14256410256410E+0000 -3.99560439560440E-0001
 525 -2.00000000000000E+0000 -8.66959706959707E-0001
 526  1.21025641025641E-0001 -4.32600732600733E-0001
 527  1.52454212454212E-0001 -4.30183150183150E-0001
 528  1.56483516483516E-0001 -3.82637362637363E-0001
 529 -1.10307692307692E+0000 -4.30989010989011E-0001
 530  1.50036630036630E-0001 -4.32600732600733E-0001
 531  1.50842490842491E-0001 -7.58974358974359E-0001
 532  1.16996336996337E-0001 -4.33406593406593E-0001
 533  1.46007326007326E-0001 -7.32380952380952E-0001
 534  1.16996336996337E-0001 -4.33406593406593E-0001
 535  1.48424908424908E-0001 -6.94505494505495E-0001
 536  1.16996336996337E-0001 -6.89670329670330E-0001
 537  1.16996336996337E-0001 -6.78388278388278E-0001
 538  1.13772893772893E-0001 -6.54212454212454E-0001
 539  1.16996336996337E-0001 -4.03589743589744E-0001
 540 -2.00000000000000E+0000 -6.30036630036630E-0001
 541  1.16190476190476E-0001 -3.93919413919414E-0001
 542 -2.00000000000000E+0000 -3.98754578754579E-0001
 543 -2.00000000000000E+0000 -3.98754578754579E-0001
 544 -2.00000000000000E+0000 -3.97948717948718E-0001
 545 -9.66080586080586E-0001 -3.98754578754579E-0001
 546 -2.00000000000000E+0000 -3.98754578754579E-0001
 547 -9.52380952380952E-0001 -3.98754578754579E-0001
 548 -2.00000000000000E+0000 -3.95531135531136E-0001
 549 -9.32234432234432E-0001 -4.00366300366300E-0001
 550 -9.18534798534799E-0001 -4.60805860805861E-0001
 551  1.19413919413919E-0001 -4.35018315018315E-0001
 552  1.39560439560440E-0001 -3.97142857142857E-0001
 553 -8.74212454212454E-0001 -3.93113553113553E-0001
 554 -2.00000000000000E+0000 -4.04395604395604E-0001
 555  1.17802197802197E-0001 -4.35018315018315E-0001
 556  1.46007326007326E-0001 -4.08424908424908E-0001
 557  1.16190476190476E-0001 -4.00366300366300E-0001
 558 -1.75824175824176E-0002 -3.99560439560440E-0001
 559 -7.75897435897436E-0001 -3.99560439560440E-0001
 560 -1.77597069597070E+0000 -4.37435897435897E-0001
 561  1.46007326007326E-0001 -3.97948717948718E-0001
 562 -1.71230769230769E+0000 -4.38241758241758E-0001
 563  1.51648351648352E-0001 -3.96336996336996E-0001
 564 -7.04175824175824E-0001 -4.01978021978022E-0001
 565 -5.62637362637363E-0002 -3.99560439560440E-0001
 566 -1.64461538461538E+0000 -4.37435897435897E-0001
 567  1.43589743589744E-0001 -3.98754578754579E-0001
 568 -1.59706959706960E+0000 -4.00366300366300E-0001
 569 -7.23809523809524E-0002 -4.06813186813187E-0001
 570 -6.16336996336996E-0001 -4.02783882783883E-0001
 571 -1.05421245421245E-0001 -4.08424908424908E-0001
 572 -5.69597069597070E-0001 -5.45421245421245E-0001
 573  1.39560439560440E-0001 -5.69597069597070E-0001
 574  1.39560439560440E-0001 -3.99560439560440E-0001
 575 -1.33677655677656E+0000 -5.61538461538462E-0001
 576  1.38754578754579E-0001 -4.11648351648352E-0001
 577 -4.92234432234432E-0001 -3.97948717948718E-0001
 578 -1.88424908424908E-0001 -5.83296703296703E-0001
 579  1.38754578754579E-0001 -3.99560439560440E-0001
 580 -1.24410256410256E+0000 -4.14871794871795E-0001
 581 -4.56776556776557E-0001 -4.02783882783883E-0001
 582 -2.37582417582418E-0001 -3.97948717948718E-0001
 583 -1.13692307692308E+0000 -3.98754578754579E-0001
 584 -2.53699633699634E-0001 -4.11648351648352E-0001
 585 -3.95531135531136E-0001 -4.01172161172161E-0001
 586 -2.73846153846154E-0001 -6.66300366300366E-0001
 587  1.36336996336996E-0001 -3.98754578754579E-0001
 588 -1.06036630036630E+0000 -3.98754578754579E-0001
 589 -1.03377289377289E+0000 -3.99560439560440E-0001
 590 -1.01282051282051E+0000 -3.97948717948718E-0001
 591 -9.99926739926740E-0001 -3.97142857142857E-0001
 592 -9.91868131868132E-0001 -3.99560439560440E-0001
 593 -9.74945054945055E-0001 -3.98754578754579E-0001
 594 -9.66886446886447E-0001 -3.98754578754579E-0001
 595 -3.34285714285714E-0001 -4.06007326007326E-0001
 596 -3.31868131868132E-0001 -7.39633699633700E-0001
 597  1.36336996336996E-0001 -3.99560439560440E-0001
 598 -9.24981684981685E-0001 -3.99560439560440E-0001
 599 -9.04029304029304E-0001 -4.01978021978022E-0001
 600 -8.80659340659341E-0001 -4.01978021978022E-0001
 601 -3.69743589743590E-0001 -4.01978021978022E-0001
 602 -3.80219780219780E-0001 -7.79926739926740E-0001
 603  1.33919413919414E-0001 -4.15677655677656E-0001
 604 -2.52087912087912E-0001 -8.26666666666667E-0001
 605  1.33113553113553E-0001 -4.17289377289377E-0001
 606 -2.42417582417582E-0001 -4.17289377289377E-0001
 607 -2.34358974358974E-0001 -4.17289377289377E-0001
 608 -2.19853479853480E-0001 -4.18095238095238E-0001
 609 -2.19047619047619E-0001 -4.01172161172161E-0001
 610 -7.56556776556777E-0001 -3.98754578754579E-0001
 611 -7.33186813186813E-0001 -3.97948717948718E-0001
 612 -7.25934065934066E-0001 -4.00366300366300E-0001
 613 -4.45494505494505E-0001 -8.53260073260073E-0001
 614  1.32307692307692E-0001 -4.15677655677656E-0001
 615 -1.94065934065934E-0001 -3.99560439560440E-0001
 616 -7.11428571428571E-0001 -4.01978021978022E-0001
 617 -4.67252747252747E-0001 -4.17289377289377E-0001
 618 -1.76336996336996E-0001 -3.98754578754579E-0001
 619 -6.21978021978022E-0001 -4.01172161172161E-0001
 620 -5.06739926739927E-0001 -9.16923076923077E-0001
 621  1.31501831501832E-0001 -4.18095238095238E-0001
 622 -1.35238095238095E-0001 -3.99560439560440E-0001
 623 -5.51868131868132E-0001 -3.98754578754579E-0001
 624 -5.46227106227106E-0001 -4.01978021978022E-0001
 625 -5.41391941391941E-0001 -4.01978021978022E-0001
 626 -5.43003663003663E-0001 -4.03589743589744E-0001
 627 -5.41391941391941E-0001 -4.06007326007326E-0001
 628 -5.46227106227106E-0001 -4.22124542124542E-0001
 629 -7.15750915750916E-0002 -3.97948717948718E-0001
 630 -4.94652014652015E-0001 -4.03589743589744E-0001
 631 -5.73626373626374E-0001 -4.20512820512821E-0001
 632 -4.09523809523810E-0002 -4.01978021978022E-0001
 633 -4.35824175824176E-0001 -4.02783882783883E-0001
 634 -6.21172161172161E-0001 -1.02893772893773E+0000
 635 -4.65934065934066E-0002 -1.05230769230769E+0000
 636 -4.73992673992674E-0002 -4.21318681318681E-0001
 637  3.36996336996337E-0003 -4.20512820512821E-0001
 638  6.59340659340659E-0003 -4.20512820512821E-0001
 639  1.46520146520146E-0002 -4.19706959706960E-0001
 640  1.94871794871795E-0002 -1.08937728937729E+0000
 641 -8.04395604395604E-0002 -4.20512820512821E-0001
 642  3.47985347985348E-0002 -3.99560439560440E-0001
 643 -2.28717948717949E-0001 -4.02783882783883E-0001
 644 -7.50915750915751E-0001 -4.03589743589744E-0001
 645 -7.60586080586081E-0001 -4.04395604395604E-0001
 646 -7.72673992673993E-0001 -1.13369963369963E+0000
 647 -1.69890109890110E-0001 -4.00366300366300E-0001
 648 -1.29597069597070E-0001 -4.00366300366300E-0001
 649 -1.10256410256410E-0001 -3.98754578754579E-0001
 650 -1.07032967032967E-0001 -4.06007326007326E-0001
 651 -8.18608058608059E-0001 -4.02783882783883E-0001
 652 -8.31501831501832E-0001 -4.03589743589744E-0001
 653 -8.36336996336996E-0001 -1.18285714285714E+0000
 654 -2.30329670329670E-0001 -4.02783882783883E-0001
 655 -8.54065934065934E-0001 -1.20219780219780E+0000
 656 -2.46446886446886E-0001 -1.20058608058608E+0000
 657 -2.61758241758242E-0001 -4.02783882783883E-0001
 658 -8.68571428571429E-0001 -1.21750915750916E+0000
 659 -2.81098901098901E-0001 -1.22476190476190E+0000
 660 -3.10915750915751E-0001 -5.44615384615385E-0001
 661  1.37948717948718E-0001 -3.92307692307692E-0001
 662  2.35164835164835E-0002 -4.02783882783883E-0001
 663 -9.04835164835165E-0001 -5.57509157509158E-0001
 664  1.33919413919414E-0001 -4.00366300366300E-0001
 665  8.39560439560440E-0002 -1.31904761904762E+0000
 666 -4.87399267399267E-0001 -5.96190476190476E-0001
 667  1.33919413919414E-0001 -3.99560439560440E-0001
 668  1.35531135531136E-0001 -4.05201465201465E-0001
 669 -1.02410256410256E+0000 -1.40366300366300E+0000
 670 -6.12307692307692E-0001 -6.42124542124542E-0001
 671  1.34725274725275E-0001 -3.99560439560440E-0001
 672  1.34725274725275E-0001 -1.45201465201465E+0000
 673 -6.94505494505495E-0001 -6.80000000000000E-0001
 674  1.33113553113553E-0001 -1.50117216117216E+0000
 675 -7.58974358974359E-0001 -4.01978021978022E-0001
 676  1.35531135531136E-0001 -4.04395604395604E-0001
 677 -1.17802197802198E+0000 -7.12234432234432E-0001
 678  1.33919413919414E-0001 -1.56322344322344E+0000
 679 -8.62930402930403E-0001 -4.01172161172161E-0001
 680  1.35531135531136E-0001 -4.04395604395604E-0001
 681 -1.24652014652015E+0000 -7.43663003663004E-0001
 682  1.33919413919414E-0001 -3.97948717948718E-0001
 683  1.34725274725275E-0001 -1.62849816849817E+0000
 684 -9.34652014652015E-0001 -1.64461538461538E+0000
 685 -9.41904761904762E-0001 -1.65025641025641E+0000
 686 -9.57216117216117E-0001 -4.09230769230769E-0001
 687 -1.31098901098901E+0000 -1.65589743589744E+0000
 688 -9.68498168498168E-0001 -4.05201465201465E-0001
 689 -1.31098901098901E+0000 -4.06007326007326E-0001
 690 -1.30857142857143E+0000 -4.06007326007326E-0001
 691 -1.30937728937729E+0000 -4.08424908424908E-0001
 692 -1.30776556776557E+0000 -4.04395604395604E-0001
 693 -1.31340659340659E+0000 -4.06007326007326E-0001
 694 -1.31824175824176E+0000 -4.07619047619048E-0001
 695 -1.32468864468864E+0000 -4.04395604395604E-0001
 696 -1.33597069597070E+0000 -4.10036630036630E-0001
 697 -1.34402930402930E+0000 -4.06007326007326E-0001
 698 -1.34967032967033E+0000 -4.09230769230769E-0001
 699 -1.35853479853480E+0000 -4.07619047619048E-0001
 700 -1.37465201465201E+0000 -4.07619047619048E-0001
 701 -1.38754578754579E+0000 -1.74857142857143E+0000
 702 -1.09340659340659E+0000 -1.75501831501832E+0000
 703 -1.08615384615385E+0000 -8.02490842490842E-0001
 704  1.33113553113553E-0001 -3.94725274725275E-0001
 705  1.32307692307692E-0001 -4.06007326007326E-0001
 706 -1.42783882783883E+0000 -1.78725274725275E+0000
 707 -1.12805860805861E+0000 -8.12967032967033E-0001
 708  1.33113553113553E-0001 -3.94725274725275E-0001
 709  1.32307692307692E-0001 -4.06007326007326E-0001
 710 -1.49633699633700E+0000 -1.84849816849817E+0000
 711 -1.17721611721612E+0000 -8.34725274725275E-0001
 712  1.40366300366300E-0001 -3.89084249084249E-0001
 713  1.32307692307692E-0001 -3.93919413919414E-0001
 714  1.31501831501832E-0001 -3.94725274725275E-0001
 715  1.32307692307692E-0001 -8.40366300366300E-0001
 716  1.32307692307692E-0001 -4.09230769230769E-0001
 717 -1.59787545787546E+0000 -4.00366300366300E-0001
 718  1.30695970695971E-0001 -1.95003663003663E+0000
 719 -1.26344322344322E+0000 -4.07619047619048E-0001
 720 -1.65509157509158E+0000 -8.55677655677656E-0001
 721  1.33113553113553E-0001 -1.99355311355311E+0000
 722 -1.29728937728938E+0000 -4.06813186813187E-0001
 723 -1.69941391941392E+0000 -8.66153846153846E-0001
 724  1.33919413919414E-0001 -2.00000000000000E+0000
 725 -1.33516483516484E+0000 -3.97948717948718E-0001
 726  1.29890109890110E-0001 -4.10036630036630E-0001
 727 -1.72681318681319E+0000 -8.68571428571429E-0001
 728  1.33919413919414E-0001 -4.03589743589744E-0001
 729  1.29890109890110E-0001 -2.00000000000000E+0000
 730 -1.37223443223443E+0000 -8.71794871794872E-0001
 731  1.36336996336996E-0001 -3.93113553113553E-0001
 732  1.30695970695971E-0001 -4.01978021978022E-0001
 733  1.31501831501832E-0001 -4.11648351648352E-0001
 734 -1.78000000000000E+0000 -8.79047619047619E-0001
 735  1.33113553113553E-0001 -4.07619047619048E-0001
 736 -1.81142857142857E+0000 -2.00000000000000E+0000
 737 -1.43589743589744E+0000 -3.97142857142857E-0001
 738  1.26666666666667E-0001 -2.00000000000000E+0000
 739 -1.46732600732601E+0000 -8.94358974358974E-0001
 740  1.32307692307692E-0001 -4.10842490842491E-0001
 741 -1.86219780219780E+0000 -4.03589743589744E-0001
 742  1.25860805860806E-0001 -4.08424908424908E-0001
 743 -1.88556776556777E+0000 -2.00000000000000E+0000
 744 -1.48424908424908E+0000 -2.00000000000000E+0000
 745 -1.48747252747253E+0000 -8.80659340659341E-0001
 746  1.31501831501832E-0001 -3.99560439560440E-0001
 747  1.28278388278388E-0001 -4.11648351648352E-0001
 748 -1.92666666666667E+0000 -2.00000000000000E+0000
 749 -1.52534798534799E+0000 -8.87106227106227E-0001
 750  1.31501831501832E-0001 -3.98754578754579E-0001
 751  1.29084249084249E-0001 -4.11648351648352E-0001
 752 -2.00000000000000E+0000 -2.00000000000000E+0000
 753 -1.54710622710623E+0000 -2.00000000000000E+0000
 754 -1.54791208791209E+0000 -2.00000000000000E+0000
 755 -1.55355311355311E+0000 -2.00000000000000E+0000
 756 -1.55677655677656E+0000 -2.00000000000000E+0000
 757 -1.56161172161172E+0000 -4.11648351648352E-0001
 758 -2.00000000000000E+0000 -4.10842490842491E-0001
 759 -2.00000000000000E+0000 -2.00000000000000E+0000
 760 -1.57450549450549E+0000 -4.03589743589744E-0001
 761  1.28278388278388E-0001 -8.75824175824176E-0001
 762  1.31501831501832E-0001 -4.12454212454212E-0001
 763 -2.00000000000000E+0000 -2.00000000000000E+0000
 764 -1.58578754578755E+0000 -3.93113553113553E-0001
 765  1.21831501831501E-0001 -2.00000000000000E+0000
 766 -1.60351648351648E+0000 -8.76630036630037E-0001
 767  1.31501831501832E-0001 -4.11648351648352E-0001
 768 -2.00000000000000E+0000 -2.00000000000000E+0000
 769 -1.61560439560440E+0000 -4.01172161172161E-0001
 770  1.29890109890110E-0001 -8.58901098901099E-0001
 771  1.32307692307692E-0001 -4.10842490842491E-0001
 772 -2.00000000000000E+0000 -2.00000000000000E+0000
 773 -1.63413919413919E+0000 -4.06813186813187E-0001
 774  1.33919413919414E-0001 -2.00000000000000E+0000
 775 -1.64461538461538E+0000 -8.48424908424908E-0001
 776  1.31501831501832E-0001 -4.12454212454212E-0001
 777 -2.00000000000000E+0000 -2.00000000000000E+0000
 778 -1.65106227106227E+0000 -8.48424908424908E-0001
 779  1.29890109890110E-0001 -4.02783882783883E-0001
 780  1.27472527472527E-0001 -2.00000000000000E+0000
 781 -1.65106227106227E+0000 -4.12454212454212E-0001
 782 -2.00000000000000E+0000 -8.33919413919414E-0001
 783  1.30695970695971E-0001 -4.14065934065934E-0001
 784 -2.00000000000000E+0000 -4.06813186813187E-0001
 785  1.28278388278388E-0001 -2.00000000000000E+0000
 786 -1.66315018315018E+0000 -8.18608058608059E-0001
 787  1.32307692307692E-0001 -4.12454212454212E-0001
 788  1.27472527472527E-0001 -2.00000000000000E+0000
 789 -1.65750915750916E+0000 -4.12454212454212E-0001
 790  1.28278388278388E-0001 -4.14065934065934E-0001
 791 -2.00000000000000E+0000 -8.05714285714286E-0001
 792  1.30695970695971E-0001 -4.13260073260073E-0001
 793 -2.00000000000000E+0000 -7.98461538461538E-0001
 794  1.26666666666667E-0001 -4.15677655677656E-0001
 795 -2.00000000000000E+0000 -8.37948717948718E-0001
 796 -1.65912087912088E+0000 -6.34065934065934E-0001
 797 -1.65992673992674E+0000 -4.00366300366300E-0001
 798 -1.66073260073260E+0000 -7.85567765567766E-0001
 799  1.33919413919414E-0001 -7.76703296703297E-0001
 800  1.30695970695971E-0001 -7.78315018315018E-0001
 801  1.30695970695971E-0001 -2.00000000000000E+0000
 802  1.28278388278388E-0001 -2.00000000000000E+0000
 803  1.26666666666667E-0001 -4.14871794871795E-0001
 804 -2.00000000000000E+0000 -7.63809523809524E-0001
 805  1.33113553113553E-0001 -3.82637362637363E-0001
 806 -1.65589743589744E+0000 -2.00000000000000E+0000
 807  1.23443223443223E-0001 -3.76190476190476E-0001
 808 -1.65509157509158E+0000 -3.85054945054945E-0001
 809 -1.65589743589744E+0000 -2.00000000000000E+0000
 810  1.25054945054945E-0001 -4.16483516483516E-0001
 811 -2.00000000000000E+0000 -7.50915750915751E-0001
 812  1.30695970695971E-0001 -4.17289377289377E-0001
 813 -2.00000000000000E+0000 -3.86666666666667E-0001
 814 -1.65750915750916E+0000 -2.00000000000000E+0000
 815  1.25860805860806E-0001 -7.43663003663004E-0001
 816  1.31501831501832E-0001 -4.12454212454212E-0001
 817 -2.00000000000000E+0000 -3.87472527472527E-0001
 818 -1.65428571428571E+0000 -2.00000000000000E+0000
 819  1.25860805860806E-0001 -4.18095238095238E-0001
 820 -2.00000000000000E+0000 -3.89084249084249E-0001
 821 -1.65831501831502E+0000 -4.16483516483516E-0001
 822 -2.00000000000000E+0000 -4.18095238095238E-0001
 823 -2.00000000000000E+0000 -4.14871794871795E-0001
 824 -2.00000000000000E+0000 -4.14871794871795E-0001
 825 -2.00000000000000E+0000 -4.16483516483516E-0001
 826 -2.00000000000000E+0000 -4.17289377289377E-0001
 827 -2.00000000000000E+0000 -4.15677655677656E-0001
 828 -2.00000000000000E+0000 -4.21318681318681E-0001
 829 -2.00000000000000E+0000 -4.15677655677656E-0001
 830 -2.00000000000000E+0000 -2.00000000000000E+0000
 831  1.21025641025641E-0001 -2.00000000000000E+0000
 832  1.17802197802197E-0001 -2.00000000000000E+0000
 833  1.25054945054945E-0001 -2.00000000000000E+0000
 834  1.25860805860806E-0001 -2.00000000000000E+0000
 835  1.24249084249084E-0001 -4.18095238095238E-0001
 836 -2.00000000000000E+0000 -4.17289377289377E-0001
 837 -2.00000000000000E+0000 -3.76190476190476E-0001
 838 -1.64461538461538E+0000 -6.85641025641026E-0001
 839  1.31501831501832E-0001 -6.88864468864469E-0001
 840  1.29890109890110E-0001 -6.80805860805861E-0001
 841  1.26666666666667E-0001 -6.80805860805861E-0001
 842  1.26666666666667E-0001 -2.00000000000000E+0000
 843  1.27472527472527E-0001 -2.00000000000000E+0000
 844  1.25054945054945E-0001 -2.00000000000000E+0000
 845  1.22637362637362E-0001 -4.24542124542125E-0001
 846 -2.00000000000000E+0000 -4.19706959706960E-0001
 847 -2.00000000000000E+0000 -4.18095238095238E-0001
 848 -2.00000000000000E+0000 -4.18095238095238E-0001
 849 -2.00000000000000E+0000 -4.18095238095238E-0001
 850 -2.00000000000000E+0000 -3.67326007326007E-0001
 851 -1.61641025641026E+0000 -3.76190476190476E-0001
 852 -1.61479853479853E+0000 -3.65714285714286E-0001
 853 -1.61157509157509E+0000 -3.66520146520147E-0001
 854 -1.60915750915751E+0000 -3.75384615384615E-0001
 855 -1.60835164835165E+0000 -6.25201465201465E-0001
 856  1.38754578754579E-0001 -6.25201465201465E-0001
 857  1.26666666666667E-0001 -6.17948717948718E-0001
 858  1.26666666666667E-0001 -2.00000000000000E+0000
 859  1.25054945054945E-0001 -3.66520146520147E-0001
 860 -1.60512820512821E+0000 -2.00000000000000E+0000
 861  1.23443223443223E-0001 -3.68937728937729E-0001
 862 -1.60432234432234E+0000 -2.00000000000000E+0000
 863  1.20219780219780E-0001 -3.64102564102564E-0001
 864 -1.60190476190476E+0000 -6.21172161172161E-0001
 865  1.26666666666667E-0001 -4.18901098901099E-0001
 866 -2.00000000000000E+0000 -6.13919413919414E-0001
 867  1.38754578754579E-0001 -3.68131868131868E-0001
 868 -1.59304029304029E+0000 -4.20512820512821E-0001
 869 -2.00000000000000E+0000 -5.90549450549451E-0001
 870  1.26666666666667E-0001 -2.00000000000000E+0000
 871  1.24249084249084E-0001 -3.72967032967033E-0001
 872 -1.58739926739927E+0000 -4.22124542124542E-0001
 873 -2.00000000000000E+0000 -5.82490842490842E-0001
 874  1.30695970695971E-0001 -4.19706959706960E-0001
 875 -2.00000000000000E+0000 -3.60879120879121E-0001
 876 -1.57611721611722E+0000 -2.00000000000000E+0000
 877  1.23443223443223E-0001 -4.18901098901099E-0001
 878 -2.00000000000000E+0000 -4.19706959706960E-0001
 879 -2.00000000000000E+0000 -2.00000000000000E+0000
 880  1.24249084249084E-0001 -4.19706959706960E-0001
 881 -2.00000000000000E+0000 -2.00000000000000E+0000
 882  1.21831501831501E-0001 -4.22124542124542E-0001
 883 -2.00000000000000E+0000 -4.18095238095238E-0001
 884 -2.00000000000000E+0000 -4.19706959706960E-0001
 885 -2.00000000000000E+0000 -3.59267399267399E-0001
 886 -1.56000000000000E+0000 -2.00000000000000E+0000
 887  1.24249084249084E-0001 -5.34945054945055E-0001
 888  1.30695970695971E-0001 -3.60879120879121E-0001
 889 -1.54468864468864E+0000 -2.00000000000000E+0000
 890  1.23443223443223E-0001 -5.19633699633700E-0001
 891  1.26666666666667E-0001 -4.21318681318681E-0001
 892 -2.00000000000000E+0000 -5.06739926739927E-0001
 893  1.26666666666667E-0001 -4.21318681318681E-0001
 894 -2.00000000000000E+0000 -3.60073260073260E-0001
 895 -1.52615384615385E+0000 -2.00000000000000E+0000
 896  1.24249084249084E-0001 -2.00000000000000E+0000
 897  1.22637362637362E-0001 -2.00000000000000E+0000
 898  1.17802197802197E-0001 -2.00000000000000E+0000
 899  1.20219780219780E-0001 -2.00000000000000E+0000
 900  1.21831501831501E-0001 -4.86593406593407E-0001
 901  1.24249084249084E-0001 -4.79340659340659E-0001
 902  1.29890109890110E-0001 -4.73699633699634E-0001
 903  1.23443223443223E-0001 -2.00000000000000E+0000
 904  1.21831501831501E-0001 -1.98710622710623E+0000
 905  1.24249084249084E-0001 -4.21318681318681E-0001
 906 -2.00000000000000E+0000 -4.20512820512821E-0001
 907 -2.00000000000000E+0000 -4.23736263736264E-0001
 908 -2.00000000000000E+0000 -4.24542124542125E-0001
 909 -2.00000000000000E+0000 -4.16483516483516E-0001
 910 -2.00000000000000E+0000 -4.23736263736264E-0001
 911 -2.00000000000000E+0000 -4.22124542124542E-0001
 912 -2.00000000000000E+0000 -3.63296703296703E-0001
 913 -1.44717948717949E+0000 -3.58461538461538E-0001
 914 -1.43992673992674E+0000 -4.04395604395604E-0001
 915 -2.00000000000000E+0000 -1.73084249084249E+0000
 916  1.21025641025641E-0001 -4.24542124542125E-0001
 917 -2.00000000000000E+0000 -3.57655677655678E-0001
 918 -1.43025641025641E+0000 -4.06813186813187E-0001
 919 -2.00000000000000E+0000 -4.03589743589744E-0001
 920 -2.00000000000000E+0000 -1.67684981684982E+0000
 921  1.21831501831501E-0001 -1.66637362637363E+0000
 922  1.21831501831501E-0001 -4.23736263736264E-0001
 923 -2.00000000000000E+0000 -4.25347985347985E-0001
 924 -2.00000000000000E+0000 -3.59267399267399E-0001
 925 -1.40366300366300E+0000 -3.63296703296703E-0001
 926 -1.39721611721612E+0000 -4.01978021978022E-0001
 927 -2.00000000000000E+0000 -1.56564102564103E+0000
 928  1.21831501831501E-0001 -1.54388278388278E+0000
 929  1.21831501831501E-0001 -4.27765567765568E-0001
 930 -1.86380952380952E+0000 -3.70549450549451E-0001
 931 -1.35772893772894E+0000 -3.72161172161172E-0001
 932 -1.35128205128205E+0000 -4.01978021978022E-0001
 933 -2.00000000000000E+0000 -4.01978021978022E-0001
 934 -2.00000000000000E+0000 -1.42219780219780E+0000
 935  1.19413919413919E-0001 -1.38835164835165E+0000
 936  1.13772893772893E-0001 -4.31794871794872E-0001
 937  1.50842490842491E-0001 -4.27765567765568E-0001
 938  1.50842490842491E-0001 -3.79413919413919E-0001
 939 -1.31501831501832E+0000 -3.81025641025641E-0001
 940 -1.30454212454212E+0000 -4.01978021978022E-0001
 941 -2.00000000000000E+0000 -4.01978021978022E-0001
 942 -2.00000000000000E+0000 -1.28923076923077E+0000
 943  1.20219780219780E-0001 -1.26586080586081E+0000
 944  1.21025641025641E-0001 -4.28571428571429E-0001
 945  1.49230769230769E-0001 -4.25347985347985E-0001
 946  1.46007326007326E-0001 -3.79413919413919E-0001
 947 -1.24893772893773E+0000 -3.85054945054945E-0001
 948 -1.24490842490842E+0000 -4.27765567765568E-0001
 949  1.46813186813187E-0001 -3.84249084249084E-0001
 950 -1.23120879120879E+0000 -4.27765567765568E-0001
 951  1.47619047619048E-0001 -4.28571428571429E-0001
 952  1.46007326007326E-0001 -4.27765567765568E-0001
 953  1.40366300366300E-0001 -4.27765567765568E-0001
 954  1.46007326007326E-0001 -1.00959706959707E+0000
 955  1.18608058608058E-0001 -9.75750915750916E-0001
 956  1.17802197802197E-0001 -9.37875457875458E-0001
 957  1.16996336996337E-0001 -9.03223443223443E-0001
 958  1.13772893772893E-0001 -4.02783882783883E-0001
 959 -2.00000000000000E+0000 -3.99560439560440E-0001
 960 -2.00000000000000E+0000 -8.27472527472527E-0001
 961  1.17802197802197E-0001 -7.91208791208791E-0001
 962  1.13772893772893E-0001 -7.77509157509158E-0001
 963  1.12161172161172E-0001 -4.33406593406593E-0001
 964  1.45201465201465E-0001 -3.97142857142857E-0001
 965 -1.01684981684982E+0000 -3.96336996336996E-0001
 966 -1.00798534798535E+0000 -3.99560439560440E-0001
 967 -9.88644688644689E-0001 -4.34212454212454E-0001
 968  1.43589743589744E-0001 -4.31794871794872E-0001
 969  1.44395604395604E-0001 -3.99560439560440E-0001
 970 -9.63663003663004E-0001 -3.98754578754579E-0001
 971 -9.48351648351648E-0001 -4.00366300366300E-0001
 972 -2.00000000000000E+0000 -3.98754578754579E-0001
 973 -2.00000000000000E+0000 -4.79340659340659E-0001
 974  1.13772893772893E-0001 -4.40659340659341E-0001
 975  1.13772893772893E-0001 -4.32600732600733E-0001
 976  1.12967032967033E-0001 -4.03589743589744E-0001
 977 -8.40366300366300E-0001 -4.00366300366300E-0001
 978 -2.00000000000000E+0000 -4.06813186813187E-0001
 979  1.12967032967033E-0001 -4.37435897435897E-0001
 980  1.41172161172161E-0001 -4.06813186813187E-0001
 981 -7.73479853479853E-0001 -4.06007326007326E-0001
 982 -7.65421245421245E-0001 -4.06007326007326E-0001
 983 -7.51721611721612E-0001 -4.06813186813187E-0001
 984 -7.37216117216117E-0001 -4.01978021978022E-0001
 985 -1.93150183150183E+0000 -3.98754578754579E-0001
 986 -1.90410256410256E+0000 -4.04395604395604E-0001
 987  3.64102564102564E-0002 -4.38241758241758E-0001
 988  1.40366300366300E-0001 -4.09230769230769E-0001
 989 -6.72747252747253E-0001 -4.03589743589744E-0001
 990 -2.48351648351648E-0002 -4.10036630036630E-0001
 991 -6.37289377289377E-0001 -4.01978021978022E-0001
 992 -1.65750915750916E+0000 -4.79340659340659E-0001
 993  1.38754578754579E-0001 -4.01978021978022E-0001
 994 -1.54630036630037E+0000 -4.90622710622711E-0001
 995  1.41172161172161E-0001 -4.11648351648352E-0001
 996 -5.59120879120879E-0001 -4.01978021978022E-0001
 997 -1.46520146520147E-0001 -3.99560439560440E-0001
 998 -1.36256410256410E+0000 -5.72014652014652E-0001
 999  1.35531135531136E-0001 -4.15677655677656E-0001
 1000 -4.80146520146520E-0001 -3.98754578754579E-0001
 1001 -2.27912087912088E-0001 -4.16483516483516E-0001
 1002 -4.24542124542125E-0001 -3.99560439560440E-0001
 1003 -1.12483516483516E+0000 -6.97728937728938E-0001
 1004  1.34725274725275E-0001 -3.98754578754579E-0001
 1005 -9.83003663003663E-0001 -4.01978021978022E-0001
 1006 -3.39120879120879E-0001 -4.17289377289377E-0001
 1007 -3.31062271062271E-0001 -4.03589743589744E-0001
 1008 -3.83443223443223E-0001 -7.63003663003663E-0001
 1009  1.30695970695971E-0001 -4.00366300366300E-0001
 1010 -7.98461538461538E-0001 -8.23443223443223E-0001
 1011  1.31501831501832E-0001 -4.17289377289377E-0001
 1012 -2.43223443223443E-0001 -4.06007326007326E-0001
 1013 -4.59194139194139E-0001 -4.18901098901099E-0001
 1014 -2.23076923076923E-0001 -3.99560439560440E-0001
 1015 -6.87252747252747E-0001 -8.59706959706960E-0001
 1016  1.30695970695971E-0001 -3.97948717948718E-0001
 1017 -6.13113553113553E-0001 -4.03589743589744E-0001
 1018 -5.22857142857143E-0001 -4.22124542124542E-0001
 1019 -1.52967032967033E-0001 -4.04395604395604E-0001
 1020 -5.38974358974359E-0001 -4.19706959706960E-0001
 1021 -1.35238095238095E-0001 -4.20512820512821E-0001
 1022 -1.31208791208791E-0001 -4.14871794871795E-0001
 1023 -1.27179487179487E-0001 -4.24542124542125E-0001
 1024 -1.27179487179487E-0001 -4.14871794871795E-0001
 1025 -1.11868131868131E-0001 -4.02783882783883E-0001
 1026 -5.10769230769231E-0001 -4.08424908424908E-0001
 1027 -5.82490842490842E-0001 -4.04395604395604E-0001
 1028 -5.87326007326007E-0001 -4.06007326007326E-0001
 1029 -6.01831501831502E-0001 -9.90256410256410E-0001
 1030  1.30695970695971E-0001 -4.06007326007326E-0001
 1031 -6.06666666666667E-0001 -4.03589743589744E-0001
 1032 -6.09084249084249E-0001 -4.06007326007326E-0001
 1033 -6.10695970695971E-0001 -4.04395604395604E-0001
 1034 -6.19560439560440E-0001 -4.05201465201465E-0001
 1035 -6.24395604395604E-0001 -4.04395604395604E-0001
 1036 -4.05201465201465E-0001 -4.04395604395604E-0001
 1037 -6.38095238095238E-0001 -4.01978021978022E-0001
 1038 -3.94725274725275E-0001 -4.06813186813187E-0001
 1039 -6.41318681318681E-0001 -3.99560439560440E-0001
 1040 -3.80219780219780E-0001 -4.00366300366300E-0001
 1041 -3.76996336996337E-0001 -4.01978021978022E-0001
 1042 -3.76996336996337E-0001 -3.98754578754579E-0001
 1043 -3.56849816849817E-0001 -4.02783882783883E-0001
 1044 -3.49597069597070E-0001 -4.06007326007326E-0001
 1045 -6.72747252747253E-0001 -4.06007326007326E-0001
 1046 -6.75970695970696E-0001 -4.22124542124542E-0001
 1047 -3.85347985347985E-0002 -4.08424908424908E-0001
 1048 -3.27032967032967E-0001 -4.24542124542125E-0001
 1049 -3.20879120879121E-0002 -4.22124542124542E-0001
 1050 -2.88644688644689E-0002 -3.93113553113553E-0001
 1051 -3.23809523809524E-0001 -4.00366300366300E-0001
 1052 -3.19780219780220E-0001 -3.99560439560440E-0001
 1053 -3.11721611721612E-0001 -3.98754578754579E-0001
 1054 -3.03663003663004E-0001 -4.01978021978022E-0001
 1055 -2.93992673992674E-0001 -4.04395604395604E-0001
 1056 -7.03369963369963E-0001 -4.05201465201465E-0001
