 0  3.62783882783883E-0001 -3.36996336996337E-0002
 1  3.56336996336996E-0001 -3.28937728937729E-0002
 2  3.65201465201465E-0001 -3.20879120879121E-0002
 3  3.65201465201465E-0001 -3.20879120879121E-0002
 4  3.57948717948718E-0001 -3.04761904761905E-0002
 5  3.55531135531136E-0001 -3.28937728937729E-0002
 6  3.59560439560440E-0001 -3.45054945054945E-0002
 7  3.58754578754579E-0001 -3.28937728937729E-0002
 8  3.53113553113553E-0001 -3.28937728937729E-0002
 9  3.53113553113553E-0001 -3.20879120879121E-0002
 10  3.61172161172161E-0001 -3.28937728937729E-0002
 11  3.63589743589744E-0001 -3.28937728937729E-0002
 12  3.55531135531136E-0001 -3.20879120879121E-0002
 13  3.51501831501832E-0001 -3.28937728937729E-0002
 14  3.64395604395604E-0001 -2.88644688644689E-0002
 15  3.62783882783883E-0001 -3.28937728937729E-0002
 16  3.53919413919414E-0001 -3.20879120879121E-0002
 17  3.52307692307692E-0001 -3.28937728937729E-0002
 18  3.61172161172161E-0001 -3.36996336996337E-0002
 19  3.58754578754579E-0001 -3.45054945054945E-0002
 20  3.52307692307692E-0001 -3.20879120879121E-0002
 21  3.47472527472527E-0001 -3.53113553113553E-0002
 22  3.57948717948718E-0001 -3.20879120879121E-0002
 23  3.56336996336996E-0001 -4.09523809523810E-0002
 24  3.45860805860806E-0001 -3.12820512820513E-0002
 25  3.45054945054945E-0001 -3.20879120879121E-0002
 26  3.53113553113553E-0001 -3.28937728937729E-0002
 27  3.48278388278388E-0001 -3.36996336996337E-0002
 28  3.40219780219780E-0001 -3.28937728937729E-0002
 29  3.40219780219780E-0001 -3.28937728937729E-0002
 30  3.45860805860806E-0001 -3.28937728937729E-0002
 31  3.46666666666667E-0001 -3.20879120879121E-0002
 32  3.38608058608059E-0001 -2.96703296703297E-0002
 33  3.38608058608059E-0001 -3.12820512820513E-0002
 34  3.45860805860806E-0001 -3.28937728937729E-0002
 35  3.44249084249084E-0001 -3.45054945054945E-0002
 36  3.36190476190476E-0001 -3.20879120879121E-0002
 37  3.32967032967033E-0001 -3.20879120879121E-0002
 38  3.45054945054945E-0001 -3.20879120879121E-0002
 39  3.41831501831502E-0001 -3.28937728937729E-0002
 40  3.37802197802198E-0001 -3.12820512820513E-0002
 41  3.38608058608059E-0001 -3.20879120879121E-0002
 42  3.50695970695971E-0001 -3.20879120879121E-0002
 43  3.45860805860806E-0001 -3.12820512820513E-0002
 44  3.36996336996337E-0001 -3.28937728937729E-0002
 45  3.37802197802198E-0001 -3.36996336996337E-0002
 46  3.44249084249084E-0001 -3.77289377289377E-0002
 47  3.45860805860806E-0001 -3.28937728937729E-0002
 48  3.36190476190476E-0001 -3.28937728937729E-0002
 49  3.32967032967033E-0001 -3.20879120879121E-0002
 50  3.44249084249084E-0001 -3.12820512820513E-0002
 51  3.45054945054945E-0001 -3.20879120879121E-0002
 52  3.34578754578755E-0001 -3.20879120879121E-0002
 53  3.39413919413919E-0001 -3.20879120879121E-0002
 54  3.45860805860806E-0001 -3.04761904761905E-0002
 55  3.43443223443223E-0001 -3.12820512820513E-0002
 56  3.32967032967033E-0001 -3.61172161172161E-0002
 57  3.32967032967033E-0001 -3.04761904761905E-0002
 58  3.42637362637363E-0001 -3.28937728937729E-0002
 59  3.39413919413919E-0001 -3.20879120879121E-0002
 60  3.32161172161172E-0001 -3.04761904761905E-0002
 61  3.31355311355311E-0001 -3.36996336996337E-0002
 62  3.44249084249084E-0001 -3.12820512820513E-0002
 63  3.41025641025641E-0001 -3.20879120879121E-0002
 64  3.41831501831502E-0001 -2.48351648351648E-0002
 65  3.40219780219780E-0001 -3.12820512820513E-0002
 66  3.51501831501832E-0001 -3.53113553113553E-0002
 67  3.45860805860806E-0001 -2.88644688644689E-0002
 68  3.47472527472527E-0001 -3.45054945054945E-0002
 69  3.38608058608059E-0001 -3.20879120879121E-0002
 70  3.25714285714286E-0001 -3.20879120879121E-0002
 71  3.33772893772894E-0001 -3.04761904761905E-0002
 72  3.32967032967033E-0001 -3.36996336996337E-0002
 73  3.26520146520147E-0001 -3.28937728937729E-0002
 74  3.53919413919414E-0001 -3.36996336996337E-0002
 75  3.57948717948718E-0001 -3.20879120879121E-0002
 76  3.45860805860806E-0001 -3.45054945054945E-0002
 77  3.49084249084249E-0001 -3.28937728937729E-0002
 78  3.57142857142857E-0001 -3.20879120879121E-0002
 79  3.51501831501832E-0001 -3.20879120879121E-0002
 80  3.41831501831502E-0001 -3.45054945054945E-0002
 81  3.54725274725275E-0001 -3.20879120879121E-0002
 82  3.44249084249084E-0001 -2.88644688644689E-0002
 83  3.42637362637363E-0001 -3.20879120879121E-0002
 84  3.51501831501832E-0001 -3.20879120879121E-0002
 85  3.44249084249084E-0001 -3.28937728937729E-0002
 86  3.36996336996337E-0001 -3.36996336996337E-0002
 87  3.42637362637363E-0001 -3.20879120879121E-0002
 88  3.52307692307692E-0001 -3.20879120879121E-0002
 89  3.45860805860806E-0001 -3.20879120879121E-0002
 90  3.43443223443223E-0001 -3.28937728937729E-0002
 91  3.52307692307692E-0001 -3.12820512820513E-0002
 92  3.41831501831502E-0001 -3.53113553113553E-0002
 93  3.38608058608059E-0001 -3.28937728937729E-0002
 94  3.53113553113553E-0001 -3.20879120879121E-0002
 95  3.45860805860806E-0001 -3.36996336996337E-0002
 96  3.41025641025641E-0001 -3.12820512820513E-0002
 97  3.47472527472527E-0001 -3.20879120879121E-0002
 98  3.57142857142857E-0001 -3.20879120879121E-0002
 99  3.50695970695971E-0001 -3.20879120879121E-0002
 100  3.55531135531136E-0001 -3.20879120879121E-0002
 101  3.57948717948718E-0001 -3.28937728937729E-0002
 102  3.45860805860806E-0001 -3.53113553113553E-0002
 103  3.45860805860806E-0001 -3.20879120879121E-0002
 104  3.58754578754579E-0001 -3.36996336996337E-0002
 105  3.49084249084249E-0001 -3.36996336996337E-0002
 106  3.45860805860806E-0001 -3.28937728937729E-0002
 107  3.57142857142857E-0001 -3.04761904761905E-0002
 108  3.51501831501832E-0001 -3.20879120879121E-0002
 109  3.49084249084249E-0001 -3.36996336996337E-0002
 110  3.58754578754579E-0001 -3.04761904761905E-0002
 111  3.46666666666667E-0001 -3.53113553113553E-0002
 112  3.41025641025641E-0001 -3.28937728937729E-0002
 113  3.47472527472527E-0001 -3.36996336996337E-0002
 114  3.57948717948718E-0001 -3.28937728937729E-0002
 115  3.49084249084249E-0001 -3.20879120879121E-0002
 116  3.45860805860806E-0001 -3.36996336996337E-0002
 117  3.59560439560440E-0001 -3.36996336996337E-0002
 118  3.45860805860806E-0001 -3.12820512820513E-0002
 119  3.64395604395604E-0001 -3.28937728937729E-0002
 120  3.53113553113553E-0001 -3.45054945054945E-0002
 121  3.58754578754579E-0001 -3.53113553113553E-0002
 122  3.70036630036630E-0001 -3.28937728937729E-0002
 123  3.57142857142857E-0001 -3.20879120879121E-0002
 124  3.62783882783883E-0001 -3.36996336996337E-0002
 125  3.69230769230769E-0001 -3.20879120879121E-0002
 126  3.57948717948718E-0001 -3.36996336996337E-0002
 127  3.53113553113553E-0001 -3.36996336996337E-0002
 128  3.58754578754579E-0001 -3.36996336996337E-0002
 129  3.69230769230769E-0001 -3.20879120879121E-0002
 130  3.53113553113553E-0001 -3.45054945054945E-0002
 131  3.57948717948718E-0001 -3.28937728937729E-0002
 132  3.45860805860806E-0001 -3.36996336996337E-0002
 133  3.45054945054945E-0001 -3.45054945054945E-0002
 134  3.53113553113553E-0001 -3.28937728937729E-0002
 135  3.47472527472527E-0001 -3.45054945054945E-0002
 136  3.56336996336996E-0001 -3.20879120879121E-0002
 137  3.50695970695971E-0001 -3.45054945054945E-0002
 138  3.58754578754579E-0001 -3.61172161172161E-0002
 139  3.57948717948718E-0001 -3.12820512820513E-0002
 140  3.55531135531136E-0001 -3.20879120879121E-0002
 141  3.51501831501832E-0001 -3.28937728937729E-0002
 142  3.66007326007326E-0001 -3.61172161172161E-0002
 143  3.58754578754579E-0001 -3.28937728937729E-0002
 144  3.63589743589744E-0001 -3.36996336996337E-0002
 145  3.63589743589744E-0001 -3.36996336996337E-0002
 146  3.57142857142857E-0001 -3.36996336996337E-0002
 147  3.58754578754579E-0001 -3.36996336996337E-0002
 148  3.56336996336996E-0001 -3.28937728937729E-0002
 149  3.55531135531136E-0001 -3.28937728937729E-0002
 150  3.58754578754579E-0001 -3.36996336996337E-0002
 151  3.68424908424908E-0001 -4.17582417582418E-0002
 152  3.58754578754579E-0001 -3.45054945054945E-0002
 153  3.66813186813187E-0001 -3.28937728937729E-0002
 154  3.55531135531136E-0001 -3.61172161172161E-0002
 155  3.61978021978022E-0001 -3.28937728937729E-0002
 156  3.69230769230769E-0001 -4.09523809523810E-0002
 157  3.73260073260073E-0001 -3.45054945054945E-0002
 158  3.70036630036630E-0001 -3.53113553113553E-0002
 159  3.79706959706960E-0001 -3.36996336996337E-0002
 160  3.71648351648352E-0001 -3.69230769230769E-0002
 161  3.87765567765568E-0001 -3.61172161172161E-0002
 162  3.78901098901099E-0001 -3.61172161172161E-0002
 163  3.94212454212454E-0001 -4.09523809523810E-0002
 164  3.94212454212454E-0001 -3.77289377289377E-0002
 165  4.03076923076923E-0001 -3.69230769230769E-0002
 166  3.97435897435897E-0001 -3.28937728937729E-0002
 167  4.06300366300366E-0001 -3.69230769230769E-0002
 168  4.03882783882784E-0001 -4.09523809523810E-0002
 169  4.15164835164835E-0001 -3.69230769230769E-0002
 170  3.99853479853480E-0001 -3.69230769230769E-0002
 171  3.97435897435897E-0001 -4.41758241758242E-0002
 172  4.23223443223443E-0001 -3.85347985347985E-0002
 173  4.04688644688645E-0001 -3.77289377289377E-0002
 174  4.18388278388278E-0001 -3.77289377289377E-0002
 175  4.07912087912088E-0001 -3.85347985347985E-0002
 176  4.22417582417582E-0001 -3.53113553113553E-0002
 177  4.19194139194139E-0001 -3.45054945054945E-0002
 178  4.31282051282051E-0001 -3.77289377289377E-0002
 179  4.20805860805861E-0001 -3.77289377289377E-0002
 180  4.37728937728938E-0001 -3.69230769230769E-0002
 181  4.28058608058608E-0001 -4.09523809523810E-0002
 182  4.29670329670330E-0001 -4.09523809523810E-0002
 183  4.35311355311355E-0001 -4.09523809523810E-0002
 184  4.32893772893773E-0001 -3.77289377289377E-0002
 185  4.44175824175824E-0001 -3.69230769230769E-0002
 186  4.28864468864469E-0001 -3.69230769230769E-0002
 187  4.47399267399267E-0001 -4.09523809523810E-0002
 188  4.37728937728938E-0001 -4.09523809523810E-0002
 189  4.29670329670330E-0001 -4.09523809523810E-0002
 190  4.26446886446886E-0001 -3.85347985347985E-0002
 191  4.15970695970696E-0001 -3.69230769230769E-0002
 192  4.00659340659341E-0001 -3.61172161172161E-0002
 193  4.10329670329670E-0001 -3.45054945054945E-0002
 194  4.03882783882784E-0001 -3.53113553113553E-0002
 195  3.96630036630037E-0001 -3.77289377289377E-0002
 196  3.97435897435897E-0001 -3.69230769230769E-0002
 197  4.00659340659341E-0001 -3.53113553113553E-0002
 198  3.91794871794872E-0001 -3.61172161172161E-0002
 199  4.05494505494505E-0001 -3.53113553113553E-0002
 200  3.97435897435897E-0001 -4.01465201465201E-0002
 201  4.10329670329670E-0001 -4.09523809523810E-0002
 202  4.07106227106227E-0001 -4.09523809523810E-0002
 203  4.03882783882784E-0001 -3.69230769230769E-0002
 204  4.12747252747253E-0001 -4.09523809523810E-0002
 205  4.15970695970696E-0001 -4.09523809523810E-0002
 206  4.17582417582418E-0001 -4.09523809523810E-0002
 207  4.14358974358974E-0001 -3.85347985347985E-0002
 208  4.09523809523810E-0001 -3.85347985347985E-0002
 209  4.25641025641026E-0001 -3.69230769230769E-0002
 210  4.10329670329670E-0001 -4.09523809523810E-0002
 211  4.19194139194139E-0001 -3.77289377289377E-0002
 212  4.27252747252747E-0001 -4.09523809523810E-0002
 213  4.15970695970696E-0001 -4.09523809523810E-0002
 214  4.20000000000000E-0001 -4.09523809523810E-0002
 215  4.20805860805861E-0001 -4.01465201465201E-0002
 216  4.25641025641026E-0001 -3.85347985347985E-0002
 217  4.16776556776557E-0001 -3.77289377289377E-0002
 218  4.28864468864469E-0001 -4.33699633699634E-0002
 219  4.20805860805861E-0001 -4.09523809523810E-0002
 220  4.29670329670330E-0001 -4.01465201465201E-0002
 221  4.34505494505495E-0001 -3.85347985347985E-0002
 222  4.21611721611722E-0001 -3.77289377289377E-0002
 223  4.33699633699634E-0001 -3.93406593406593E-0002
 224  4.19194139194139E-0001 -3.93406593406593E-0002
 225  4.32893772893773E-0001 -3.85347985347985E-0002
 226  4.28864468864469E-0001 -4.09523809523810E-0002
 227  4.45787545787546E-0001 -4.09523809523810E-0002
 228  4.44981684981685E-0001 -4.17582417582418E-0002
 229  4.47399267399267E-0001 -3.93406593406593E-0002
 230  4.47399267399267E-0001 -4.09523809523810E-0002
 231  4.57069597069597E-0001 -4.09523809523810E-0002
 232  4.55457875457875E-0001 -4.09523809523810E-0002
 233  4.59487179487179E-0001 -3.93406593406593E-0002
 234  4.61904761904762E-0001 -4.17582417582418E-0002
 235  4.54652014652015E-0001 -4.09523809523810E-0002
 236  4.65934065934066E-0001 -4.57875457875458E-0002
 237  4.53846153846154E-0001 -4.17582417582418E-0002
 238  4.51428571428571E-0001 -4.33699633699634E-0002
 239  4.61098901098901E-0001 -4.09523809523810E-0002
 240  4.44175824175824E-0001 -3.20879120879121E-0002
 241  4.49010989010989E-0001 -4.09523809523810E-0002
 242  4.34505494505495E-0001 -4.09523809523810E-0002
 243  4.33699633699634E-0001 -4.17582417582418E-0002
 244  4.12747252747253E-0001 -3.45054945054945E-0002
 245  4.10329670329670E-0001 -4.09523809523810E-0002
 246  3.97435897435897E-0001 -3.93406593406593E-0002
 247  3.96630036630037E-0001 -4.09523809523810E-0002
 248  4.02271062271062E-0001 -4.09523809523810E-0002
 249  3.94212454212454E-0001 -4.09523809523810E-0002
 250  4.11941391941392E-0001 -4.09523809523810E-0002
 251  4.05494505494505E-0001 -4.09523809523810E-0002
 252  4.11941391941392E-0001 -4.09523809523810E-0002
 253  4.03076923076923E-0001 -4.09523809523810E-0002
 254  4.13553113553114E-0001 -4.57875457875458E-0002
 255  4.00659340659341E-0001 -4.09523809523810E-0002
 256  4.02271062271062E-0001 -4.09523809523810E-0002
 257  3.82930402930403E-0001 -3.77289377289377E-0002
 258  3.95824175824176E-0001 -3.77289377289377E-0002
 259  3.99047619047619E-0001 -3.77289377289377E-0002
 260  4.06300366300366E-0001 -4.09523809523810E-0002
 261  4.00659340659341E-0001 -3.85347985347985E-0002
 262  4.10329670329670E-0001 -3.93406593406593E-0002
 263  4.13553113553114E-0001 -3.93406593406593E-0002
 264  4.37728937728938E-0001 -3.85347985347985E-0002
 265  4.15970695970696E-0001 -3.93406593406593E-0002
 266  4.09523809523810E-0001 -4.09523809523810E-0002
 267  4.15164835164835E-0001 -4.09523809523810E-0002
 268  4.07106227106227E-0001 -4.09523809523810E-0002
 269  4.15164835164835E-0001 -3.53113553113553E-0002
 270  4.10329670329670E-0001 -4.01465201465201E-0002
 271  4.23223443223443E-0001 -3.93406593406593E-0002
 272  4.21611721611722E-0001 -4.09523809523810E-0002
 273  4.10329670329670E-0001 -4.09523809523810E-0002
 274  4.15970695970696E-0001 -4.33699633699634E-0002
 275  3.94212454212454E-0001 -4.09523809523810E-0002
 276  4.14358974358974E-0001 -3.61172161172161E-0002
 277  4.04688644688645E-0001 -2.96703296703297E-0002
 278  3.99047619047619E-0001 -3.85347985347985E-0002
 279  4.05494505494505E-0001 -4.01465201465201E-0002
 280  4.01465201465201E-0001 -4.17582417582418E-0002
 281  4.12747252747253E-0001 -4.09523809523810E-0002
 282  3.97435897435897E-0001 -4.09523809523810E-0002
 283  4.15970695970696E-0001 -4.09523809523810E-0002
 284  4.01465201465201E-0001 -4.09523809523810E-0002
 285  4.16776556776557E-0001 -3.85347985347985E-0002
 286  4.07912087912088E-0001 -3.69230769230769E-0002
 287  4.09523809523810E-0001 -3.61172161172161E-0002
 288  4.08717948717949E-0001 -4.09523809523810E-0002
 289  4.18388278388278E-0001 -4.09523809523810E-0002
 290  4.05494505494505E-0001 -4.01465201465201E-0002
 291  4.10329670329670E-0001 -3.69230769230769E-0002
 292  4.18388278388278E-0001 -3.93406593406593E-0002
 293  4.08717948717949E-0001 -4.09523809523810E-0002
 294  4.19194139194139E-0001 -3.77289377289377E-0002
 295  4.10329670329670E-0001 -4.09523809523810E-0002
 296  4.05494505494505E-0001 -3.93406593406593E-0002
 297  4.12747252747253E-0001 -4.33699633699634E-0002
 298  4.11941391941392E-0001 -4.09523809523810E-0002
 299  4.07106227106227E-0001 -3.77289377289377E-0002
 300  3.93406593406593E-0001 -4.09523809523810E-0002
 301  3.97435897435897E-0001 -3.85347985347985E-0002
 302  3.88571428571429E-0001 -3.93406593406593E-0002
 303  3.84542124542125E-0001 -4.25641025641026E-0002
 304  3.86153846153846E-0001 -4.09523809523810E-0002
 305  4.03882783882784E-0001 -3.69230769230769E-0002
 306  4.06300366300366E-0001 -4.01465201465201E-0002
 307  4.02271062271062E-0001 -4.09523809523810E-0002
 308  3.97435897435897E-0001 -4.09523809523810E-0002
 309  4.09523809523810E-0001 -3.85347985347985E-0002
 310  3.99853479853480E-0001 -4.01465201465201E-0002
 311  4.05494505494505E-0001 -4.09523809523810E-0002
 312  4.03076923076923E-0001 -4.09523809523810E-0002
 313  4.13553113553114E-0001 -3.85347985347985E-0002
 314  4.03882783882784E-0001 -3.85347985347985E-0002
 315  4.10329670329670E-0001 -4.09523809523810E-0002
 316  4.10329670329670E-0001 -4.09523809523810E-0002
 317  4.20805860805861E-0001 -3.77289377289377E-0002
 318  4.03076923076923E-0001 -3.77289377289377E-0002
 319  4.10329670329670E-0001 -4.09523809523810E-0002
 320  3.95018315018315E-0001 -3.61172161172161E-0002
 321  4.04688644688645E-0001 -4.09523809523810E-0002
 322  4.07106227106227E-0001 -4.09523809523810E-0002
 323  4.07106227106227E-0001 -3.77289377289377E-0002
 324  4.06300366300366E-0001 -3.93406593406593E-0002
 325  4.10329670329670E-0001 -3.93406593406593E-0002
 326  4.07912087912088E-0001 -4.33699633699634E-0002
 327  4.12747252747253E-0001 -4.25641025641026E-0002
 328  4.24835164835165E-0001 -4.09523809523810E-0002
 329  4.14358974358974E-0001 -4.01465201465201E-0002
 330  3.93406593406593E-0001 -4.09523809523810E-0002
 331  3.82124542124542E-0001 -3.85347985347985E-0002
 332  3.69230769230769E-0001 -4.09523809523810E-0002
 333  3.71648351648352E-0001 -3.93406593406593E-0002
 334  3.64395604395604E-0001 -3.61172161172161E-0002
 335  3.58754578754579E-0001 -3.69230769230769E-0002
 336  3.67619047619048E-0001 -3.77289377289377E-0002
 337  3.59560439560440E-0001 -3.77289377289377E-0002
 338  3.58754578754579E-0001 -3.77289377289377E-0002
 339  3.79706959706960E-0001 -3.85347985347985E-0002
 340  3.83736263736264E-0001 -4.09523809523810E-0002
 341  3.65201465201465E-0001 -3.69230769230769E-0002
 342  3.71648351648352E-0001 -3.85347985347985E-0002
 343  3.71648351648352E-0001 -3.69230769230769E-0002
 344  3.63589743589744E-0001 -4.41758241758242E-0002
 345  3.81318681318681E-0001 -3.69230769230769E-0002
 346  3.84542124542125E-0001 -3.85347985347985E-0002
 347  3.84542124542125E-0001 -3.69230769230769E-0002
 348  3.84542124542125E-0001 -4.25641025641026E-0002
 349  3.78095238095238E-0001 -4.09523809523810E-0002
 350  3.77289377289377E-0001 -3.69230769230769E-0002
 351  3.88571428571429E-0001 -4.09523809523810E-0002
 352  3.81318681318681E-0001 -4.25641025641026E-0002
 353  3.82124542124542E-0001 -3.85347985347985E-0002
 354  3.80512820512821E-0001 -4.09523809523810E-0002
 355  3.88571428571429E-0001 -3.93406593406593E-0002
 356  3.79706959706960E-0001 -3.93406593406593E-0002
 357  3.71648351648352E-0001 -3.85347985347985E-0002
 358  3.57142857142857E-0001 -3.85347985347985E-0002
 359  3.56336996336996E-0001 -4.01465201465201E-0002
 360  3.51501831501832E-0001 -3.61172161172161E-0002
 361  3.41831501831502E-0001 -3.61172161172161E-0002
 362  3.49890109890110E-0001 -3.77289377289377E-0002
 363  3.68424908424908E-0001 -4.09523809523810E-0002
 364  3.69230769230769E-0001 -3.85347985347985E-0002
 365  3.57142857142857E-0001 -3.36996336996337E-0002
 366  3.61978021978022E-0001 -3.93406593406593E-0002
 367  3.66007326007326E-0001 -3.77289377289377E-0002
 368  3.66813186813187E-0001 -3.36996336996337E-0002
 369  3.53113553113553E-0001 -4.09523809523810E-0002
 370  3.66813186813187E-0001 -3.69230769230769E-0002
 371  3.52307692307692E-0001 -3.45054945054945E-0002
 372  3.31355311355311E-0001 -3.36996336996337E-0002
 373  3.16043956043956E-0001 -3.36996336996337E-0002
 374  3.20073260073260E-0001 -3.45054945054945E-0002
 375  3.07179487179487E-0001 -3.53113553113553E-0002
 376  2.94285714285714E-0001 -3.28937728937729E-0002
 377  2.95091575091575E-0001 -3.36996336996337E-0002
 378  2.95897435897436E-0001 -3.36996336996337E-0002
 379  3.06373626373626E-0001 -3.28937728937729E-0002
 380  3.13626373626374E-0001 -3.36996336996337E-0002
 381  3.20073260073260E-0001 -4.09523809523810E-0002
 382  3.35384615384615E-0001 -4.09523809523810E-0002
 383  3.39413919413919E-0001 -3.61172161172161E-0002
 384  3.56336996336996E-0001 -4.09523809523810E-0002
 385  3.44249084249084E-0001 -3.69230769230769E-0002
 386  3.12820512820513E-0001 -3.28937728937729E-0002
 387  2.99926739926740E-0001 -3.45054945054945E-0002
 388  2.94285714285714E-0001 -3.04761904761905E-0002
 389  3.11208791208791E-0001 -3.45054945054945E-0002
 390  3.07179487179487E-0001 -3.45054945054945E-0002
 391  3.11208791208791E-0001 -3.36996336996337E-0002
 392  3.16043956043956E-0001 -3.36996336996337E-0002
 393  3.24102564102564E-0001 -3.45054945054945E-0002
 394  3.15238095238095E-0001 -3.69230769230769E-0002
 395  3.23296703296703E-0001 -3.53113553113553E-0002
 396  3.09597069597070E-0001 -3.61172161172161E-0002
 397  3.15238095238095E-0001 -3.28937728937729E-0002
 398  3.20073260073260E-0001 -3.53113553113553E-0002
 399  3.12014652014652E-0001 -3.36996336996337E-0002
 400  3.22490842490842E-0001 -3.45054945054945E-0002
 401  3.28131868131868E-0001 -3.53113553113553E-0002
 402  3.19267399267399E-0001 -3.53113553113553E-0002
 403  3.26520146520147E-0001 -3.45054945054945E-0002
 404  3.24908424908425E-0001 -3.61172161172161E-0002
 405  3.37802197802198E-0001 -3.53113553113553E-0002
 406  3.43443223443223E-0001 -3.77289377289377E-0002
 407  3.25714285714286E-0001 -3.28937728937729E-0002
 408  3.15238095238095E-0001 -3.36996336996337E-0002
 409  3.18461538461538E-0001 -3.28937728937729E-0002
 410  3.18461538461538E-0001 -3.45054945054945E-0002
 411  3.14432234432234E-0001 -3.45054945054945E-0002
 412  3.24908424908425E-0001 -3.61172161172161E-0002
 413  3.37802197802198E-0001 -3.53113553113553E-0002
 414  3.45054945054945E-0001 -3.61172161172161E-0002
 415  3.35384615384615E-0001 -3.61172161172161E-0002
 416  3.36190476190476E-0001 -3.69230769230769E-0002
 417  3.33772893772894E-0001 -3.93406593406593E-0002
 418  3.43443223443223E-0001 -3.85347985347985E-0002
 419  3.41831501831502E-0001 -3.61172161172161E-0002
 420  3.53919413919414E-0001 -4.09523809523810E-0002
 421  3.53919413919414E-0001 -3.77289377289377E-0002
 422  3.36996336996337E-0001 -3.36996336996337E-0002
 423  3.42637362637363E-0001 -3.77289377289377E-0002
 424  3.32967032967033E-0001 -3.20879120879121E-0002
 425  3.45860805860806E-0001 -3.53113553113553E-0002
 426  3.46666666666667E-0001 -4.09523809523810E-0002
 427  3.36996336996337E-0001 -3.53113553113553E-0002
 428  3.37802197802198E-0001 -2.72527472527473E-0002
 429  3.41831501831502E-0001 -3.53113553113553E-0002
 430  3.44249084249084E-0001 -3.69230769230769E-0002
 431  3.49890109890110E-0001 -3.61172161172161E-0002
 432  3.62783882783883E-0001 -3.69230769230769E-0002
 433  3.52307692307692E-0001 -4.09523809523810E-0002
 434  3.45860805860806E-0001 -3.77289377289377E-0002
 435  3.36190476190476E-0001 -3.53113553113553E-0002
 436  3.28937728937729E-0001 -3.61172161172161E-0002
 437  3.24908424908425E-0001 -3.45054945054945E-0002
 438  3.23296703296703E-0001 -3.69230769230769E-0002
 439  3.45860805860806E-0001 -3.93406593406593E-0002
 440  3.42637362637363E-0001 -3.69230769230769E-0002
 441  3.36996336996337E-0001 -3.77289377289377E-0002
 442  3.39413919413919E-0001 -4.09523809523810E-0002
 443  3.32967032967033E-0001 -3.53113553113553E-0002
 444  3.42637362637363E-0001 -3.53113553113553E-0002
 445  3.41831501831502E-0001 -4.09523809523810E-0002
 446  3.29743589743590E-0001 -3.45054945054945E-0002
 447  3.27326007326007E-0001 -3.45054945054945E-0002
 448  3.26520146520147E-0001 -4.09523809523810E-0002
 449  3.24102564102564E-0001 -3.85347985347985E-0002
 450  3.26520146520147E-0001 -3.69230769230769E-0002
 451  3.29743589743590E-0001 -3.61172161172161E-0002
 452  3.32967032967033E-0001 -3.77289377289377E-0002
 453  3.24102564102564E-0001 -3.53113553113553E-0002
 454  3.24102564102564E-0001 -3.53113553113553E-0002
 455  3.38608058608059E-0001 -3.53113553113553E-0002
 456  3.34578754578755E-0001 -3.36996336996337E-0002
 457  3.46666666666667E-0001 -4.25641025641026E-0002
 458  3.32161172161172E-0001 -3.69230769230769E-0002
 459  3.32967032967033E-0001 -3.69230769230769E-0002
 460  3.27326007326007E-0001 -3.45054945054945E-0002
 461  3.25714285714286E-0001 -4.09523809523810E-0002
 462  3.18461538461538E-0001 -3.36996336996337E-0002
 463  3.06373626373626E-0001 -3.36996336996337E-0002
 464  3.20073260073260E-0001 -3.53113553113553E-0002
 465  3.38608058608059E-0001 -4.09523809523810E-0002
 466  3.31355311355311E-0001 -3.28937728937729E-0002
 467  3.28937728937729E-0001 -3.53113553113553E-0002
 468  3.40219780219780E-0001 -3.53113553113553E-0002
 469  3.51501831501832E-0001 -4.09523809523810E-0002
 470  3.62783882783883E-0001 -3.61172161172161E-0002
 471  3.58754578754579E-0001 -3.69230769230769E-0002
 472  3.55531135531136E-0001 -4.09523809523810E-0002
 473  3.61978021978022E-0001 -3.85347985347985E-0002
 474  3.62783882783883E-0001 -3.69230769230769E-0002
 475  3.45860805860806E-0001 -3.69230769230769E-0002
 476  3.50695970695971E-0001 -4.09523809523810E-0002
 477  3.49084249084249E-0001 -3.69230769230769E-0002
 478  3.70842490842491E-0001 -4.09523809523810E-0002
 479  3.13626373626374E-0001 -3.45054945054945E-0002
 480  2.99926739926740E-0001 -3.53113553113553E-0002
 481  3.31355311355311E-0001 -4.09523809523810E-0002
 482  3.84542124542125E-0001 -4.09523809523810E-0002
 483  3.70036630036630E-0001 -3.93406593406593E-0002
 484  3.64395604395604E-0001 -4.09523809523810E-0002
 485  3.71648351648352E-0001 -3.69230769230769E-0002
 486  3.41025641025641E-0001 -3.69230769230769E-0002
 487  3.27326007326007E-0001 -3.77289377289377E-0002
 488  3.20879120879121E-0001 -3.77289377289377E-0002
 489  3.36996336996337E-0001 -3.77289377289377E-0002
 490  3.32967032967033E-0001 -3.77289377289377E-0002
 491  3.29743589743590E-0001 -4.09523809523810E-0002
 492  3.32967032967033E-0001 -3.77289377289377E-0002
 493  3.40219780219780E-0001 -3.69230769230769E-0002
 494  3.33772893772894E-0001 -3.61172161172161E-0002
 495  3.50695970695971E-0001 -3.69230769230769E-0002
 496  3.39413919413919E-0001 -3.53113553113553E-0002
 497  3.36996336996337E-0001 -3.61172161172161E-0002
 498  3.45860805860806E-0001 -3.20879120879121E-0002
 499  3.40219780219780E-0001 -3.69230769230769E-0002
 500  3.32967032967033E-0001 -3.36996336996337E-0002
 501  3.02344322344322E-0001 -3.53113553113553E-0002
 502  2.97509157509158E-0001 -3.61172161172161E-0002
 503  3.18461538461538E-0001 -3.61172161172161E-0002
 504  3.20073260073260E-0001 -3.61172161172161E-0002
 505  2.97509157509158E-0001 -3.36996336996337E-0002
 506  3.06373626373626E-0001 -3.61172161172161E-0002
 507  3.20073260073260E-0001 -3.45054945054945E-0002
 508  3.27326007326007E-0001 -3.61172161172161E-0002
 509  3.01538461538462E-0001 -3.36996336996337E-0002
 510  2.90256410256410E-0001 -3.36996336996337E-0002
 511  2.93479853479853E-0001 -2.80586080586081E-0002
 512  2.94285714285714E-0001 -3.45054945054945E-0002
 513  3.04761904761905E-0001 -2.80586080586081E-0002
 514  3.05567765567766E-0001 -3.36996336996337E-0002
 515  3.03150183150183E-0001 -3.04761904761905E-0002
 516  2.90256410256410E-0001 -3.36996336996337E-0002
 517  2.87838827838828E-0001 -3.45054945054945E-0002
 518  2.85421245421245E-0001 -3.69230769230769E-0002
 519  2.88644688644689E-0001 -3.12820512820513E-0002
 520  2.65274725274725E-0001 -3.28937728937729E-0002
 521  2.70915750915751E-0001 -3.28937728937729E-0002
 522  2.89450549450549E-0001 -3.20879120879121E-0002
 523  2.91062271062271E-0001 -3.61172161172161E-0002
 524  2.90256410256410E-0001 -3.61172161172161E-0002
 525  2.97509157509158E-0001 -3.53113553113553E-0002
 526  2.92673992673993E-0001 -3.45054945054945E-0002
 527  3.02344322344322E-0001 -3.53113553113553E-0002
 528  3.16043956043956E-0001 -2.80586080586081E-0002
 529  2.94285714285714E-0001 -3.53113553113553E-0002
 530  2.81391941391941E-0001 -3.45054945054945E-0002
 531  2.89450549450549E-0001 -3.28937728937729E-0002
 532  2.89450549450549E-0001 -3.45054945054945E-0002
 533  2.78974358974359E-0001 -3.28937728937729E-0002
 534  2.81391941391941E-0001 -3.53113553113553E-0002
 535  2.70915750915751E-0001 -2.48351648351648E-0002
 536  2.91062271062271E-0001 -3.53113553113553E-0002
 537  3.00732600732601E-0001 -3.45054945054945E-0002
 538  3.01538461538462E-0001 -3.53113553113553E-0002
 539  3.05567765567766E-0001 -3.45054945054945E-0002
 540  3.20073260073260E-0001 -3.69230769230769E-0002
 541  3.16043956043956E-0001 -3.61172161172161E-0002
 542  3.17655677655678E-0001 -3.36996336996337E-0002
 543  3.23296703296703E-0001 -3.61172161172161E-0002
 544  3.23296703296703E-0001 -3.69230769230769E-0002
 545  3.16849816849817E-0001 -3.36996336996337E-0002
 546  3.04761904761905E-0001 -3.61172161172161E-0002
 547  3.07179487179487E-0001 -3.77289377289377E-0002
 548  3.07179487179487E-0001 -3.36996336996337E-0002
 549  3.05567765567766E-0001 -3.61172161172161E-0002
 550  3.13626373626374E-0001 -3.53113553113553E-0002
 551  2.98315018315018E-0001 -3.36996336996337E-0002
 552  2.59633699633700E-0001 -3.04761904761905E-0002
 553  2.41098901098901E-0001 -2.32234432234432E-0002
 554  2.42710622710623E-0001 -3.12820512820513E-0002
 555  2.35457875457875E-0001 -3.04761904761905E-0002
 556  2.42710622710623E-0001 -3.04761904761905E-0002
 557  2.50769230769231E-0001 -2.56410256410256E-0002
 558  2.55604395604396E-0001 -3.36996336996337E-0002
 559  2.58827838827839E-0001 -3.36996336996337E-0002
 560  2.83003663003663E-0001 -4.09523809523810E-0002
 561  3.24102564102564E-0001 -3.36996336996337E-0002
 562  3.47472527472527E-0001 -3.77289377289377E-0002
 563  3.41831501831502E-0001 -3.53113553113553E-0002
 564  3.13626373626374E-0001 -3.45054945054945E-0002
 565  2.99926739926740E-0001 -3.45054945054945E-0002
 566  2.92673992673993E-0001 -3.69230769230769E-0002
 567  3.06373626373626E-0001 -3.77289377289377E-0002
 568  3.17655677655678E-0001 -4.09523809523810E-0002
 569  3.32161172161172E-0001 -3.93406593406593E-0002
 570  3.49890109890110E-0001 -3.93406593406593E-0002
 571  3.61978021978022E-0001 -4.25641025641026E-0002
 572  3.58754578754579E-0001 -4.09523809523810E-0002
 573  3.51501831501832E-0001 -4.09523809523810E-0002
 574  3.50695970695971E-0001 -4.09523809523810E-0002
 575  3.53113553113553E-0001 -4.41758241758242E-0002
 576  3.43443223443223E-0001 -3.69230769230769E-0002
 577  3.32967032967033E-0001 -3.61172161172161E-0002
 578  3.22490842490842E-0001 -3.69230769230769E-0002
 579  3.16043956043956E-0001 -3.61172161172161E-0002
 580  3.32161172161172E-0001 -4.09523809523810E-0002
 581  3.38608058608059E-0001 -3.69230769230769E-0002
 582  3.41025641025641E-0001 -3.69230769230769E-0002
 583  3.45860805860806E-0001 -3.69230769230769E-0002
 584  3.43443223443223E-0001 -4.09523809523810E-0002
 585  3.45860805860806E-0001 -3.20879120879121E-0002
 586  3.51501831501832E-0001 -4.09523809523810E-0002
 587  3.51501831501832E-0001 -3.77289377289377E-0002
 588  3.51501831501832E-0001 -3.93406593406593E-0002
 589  3.47472527472527E-0001 -3.93406593406593E-0002
 590  3.55531135531136E-0001 -4.09523809523810E-0002
 591  3.87765567765568E-0001 -3.93406593406593E-0002
 592  3.81318681318681E-0001 -3.93406593406593E-0002
 593  3.70036630036630E-0001 -4.09523809523810E-0002
 594  3.61978021978022E-0001 -3.12820512820513E-0002
 595  3.61172161172161E-0001 -4.09523809523810E-0002
 596  3.69230769230769E-0001 -3.69230769230769E-0002
 597  3.71648351648352E-0001 -4.09523809523810E-0002
 598  3.78095238095238E-0001 -3.77289377289377E-0002
 599  3.44249084249084E-0001 -3.61172161172161E-0002
 600  3.32161172161172E-0001 -3.61172161172161E-0002
 601  3.24908424908425E-0001 -3.69230769230769E-0002
 602  3.16849816849817E-0001 -4.09523809523810E-0002
 603  3.10402930402930E-0001 -4.09523809523810E-0002
 604  3.37802197802198E-0001 -4.09523809523810E-0002
 605  3.20879120879121E-0001 -3.69230769230769E-0002
 606  2.91062271062271E-0001 -4.09523809523810E-0002
 607  2.90256410256410E-0001 -3.53113553113553E-0002
 608  2.88644688644689E-0001 -3.36996336996337E-0002
 609  3.19267399267399E-0001 -3.93406593406593E-0002
 610  3.37802197802198E-0001 -4.09523809523810E-0002
 611  3.16849816849817E-0001 -3.53113553113553E-0002
 612  2.88644688644689E-0001 -3.69230769230769E-0002
 613  2.78974358974359E-0001 -3.61172161172161E-0002
 614  2.87838827838828E-0001 -3.85347985347985E-0002
 615  2.88644688644689E-0001 -3.53113553113553E-0002
 616  2.84615384615385E-0001 -3.53113553113553E-0002
 617  2.87838827838828E-0001 -3.69230769230769E-0002
 618  2.91868131868132E-0001 -4.01465201465201E-0002
 619  3.24102564102564E-0001 -4.09523809523810E-0002
 620  3.49890109890110E-0001 -3.69230769230769E-0002
 621  3.41025641025641E-0001 -3.69230769230769E-0002
 622  3.32967032967033E-0001 -3.69230769230769E-0002
 623  3.30549450549451E-0001 -3.77289377289377E-0002
 624  3.28937728937729E-0001 -3.93406593406593E-0002
 625  3.31355311355311E-0001 -3.93406593406593E-0002
 626  3.27326007326007E-0001 -3.61172161172161E-0002
 627  3.17655677655678E-0001 -3.61172161172161E-0002
 628  3.33772893772894E-0001 -3.77289377289377E-0002
 629  3.25714285714286E-0001 -3.77289377289377E-0002
 630  3.25714285714286E-0001 -3.36996336996337E-0002
 631  2.79780219780220E-0001 -3.28937728937729E-0002
 632  2.54798534798535E-0001 -2.96703296703297E-0002
 633  2.42710622710623E-0001 -3.28937728937729E-0002
 634  2.36263736263736E-0001 -3.28937728937729E-0002
 635  2.40293040293040E-0001 -3.36996336996337E-0002
 636  2.33040293040293E-0001 -3.20879120879121E-0002
 637  2.36263736263736E-0001 -3.20879120879121E-0002
 638  2.42710622710623E-0001 -2.80586080586081E-0002
 639  2.58021978021978E-0001 -3.20879120879121E-0002
 640  2.77362637362637E-0001 -3.12820512820513E-0002
 641  3.07179487179487E-0001 -3.53113553113553E-0002
 642  3.47472527472527E-0001 -4.25641025641026E-0002
 643  3.65201465201465E-0001 -3.85347985347985E-0002
 644  3.45054945054945E-0001 -3.93406593406593E-0002
 645  3.63589743589744E-0001 -3.93406593406593E-0002
 646  3.53919413919414E-0001 -3.85347985347985E-0002
 647  3.78095238095238E-0001 -3.85347985347985E-0002
 648  3.58754578754579E-0001 -3.69230769230769E-0002
 649  3.81318681318681E-0001 -3.85347985347985E-0002
 650  3.68424908424908E-0001 -4.09523809523810E-0002
 651  3.76483516483516E-0001 -4.25641025641026E-0002
 652  3.65201465201465E-0001 -3.69230769230769E-0002
 653  3.39413919413919E-0001 -4.17582417582418E-0002
 654  3.67619047619048E-0001 -4.33699633699634E-0002
 655  3.70842490842491E-0001 -4.09523809523810E-0002
 656  3.71648351648352E-0001 -4.09523809523810E-0002
 657  3.62783882783883E-0001 -4.09523809523810E-0002
 658  3.66007326007326E-0001 -4.17582417582418E-0002
 659  3.52307692307692E-0001 -4.09523809523810E-0002
 660  3.57948717948718E-0001 -4.33699633699634E-0002
 661  3.67619047619048E-0001 -4.33699633699634E-0002
 662  3.83736263736264E-0001 -4.17582417582418E-0002
 663  3.84542124542125E-0001 -3.53113553113553E-0002
 664  3.86153846153846E-0001 -4.01465201465201E-0002
 665  3.98241758241758E-0001 -4.33699633699634E-0002
 666  4.11941391941392E-0001 -4.33699633699634E-0002
 667  4.12747252747253E-0001 -4.33699633699634E-0002
 668  3.93406593406593E-0001 -4.09523809523810E-0002
 669  3.71648351648352E-0001 -4.41758241758242E-0002
 670  3.92600732600733E-0001 -4.25641025641026E-0002
 671  3.88571428571429E-0001 -4.09523809523810E-0002
 672  3.97435897435897E-0001 -4.49816849816850E-0002
 673  3.57948717948718E-0001 -4.33699633699634E-0002
 674  3.45860805860806E-0001 -4.09523809523810E-0002
 675  3.53919413919414E-0001 -4.25641025641026E-0002
 676  3.53113553113553E-0001 -4.09523809523810E-0002
 677  3.28131868131868E-0001 -4.09523809523810E-0002
 678  3.35384615384615E-0001 -3.85347985347985E-0002
 679  3.04761904761905E-0001 -4.09523809523810E-0002
 680  2.92673992673993E-0001 -3.53113553113553E-0002
 681  2.84615384615385E-0001 -3.61172161172161E-0002
 682  2.67692307692308E-0001 -3.61172161172161E-0002
 683  2.53992673992674E-0001 -3.53113553113553E-0002
 684  2.41098901098901E-0001 -3.77289377289377E-0002
 685  2.40293040293040E-0001 -3.28937728937729E-0002
 686  2.45934065934066E-0001 -3.45054945054945E-0002
 687  2.37069597069597E-0001 -3.45054945054945E-0002
 688  2.25787545787546E-0001 -3.12820512820513E-0002
 689  2.26593406593407E-0001 -3.20879120879121E-0002
 690  2.26593406593407E-0001 -3.12820512820513E-0002
 691  2.20146520146520E-0001 -3.53113553113553E-0002
 692  2.25787545787546E-0001 -3.20879120879121E-0002
 693  2.29816849816850E-0001 -3.20879120879121E-0002
 694  2.33846153846154E-0001 -2.48351648351648E-0002
 695  2.33846153846154E-0001 -3.20879120879121E-0002
 696  2.46739926739927E-0001 -3.28937728937729E-0002
 697  2.42710622710623E-0001 -3.61172161172161E-0002
 698  2.49963369963370E-0001 -3.45054945054945E-0002
 699  2.59633699633700E-0001 -3.45054945054945E-0002
 700  2.67692307692308E-0001 -3.69230769230769E-0002
 701  2.85421245421245E-0001 -3.53113553113553E-0002
 702  2.78974358974359E-0001 -3.53113553113553E-0002
 703  2.98315018315018E-0001 -3.61172161172161E-0002
 704  2.99120879120879E-0001 -3.61172161172161E-0002
 705  3.07179487179487E-0001 -4.09523809523810E-0002
 706  3.23296703296703E-0001 -4.09523809523810E-0002
 707  3.41025641025641E-0001 -3.85347985347985E-0002
 708  3.36190476190476E-0001 -3.85347985347985E-0002
 709  3.30549450549451E-0001 -3.69230769230769E-0002
 710  2.94285714285714E-0001 -3.61172161172161E-0002
 711  2.52380952380952E-0001 -3.36996336996337E-0002
 712  2.29816849816850E-0001 -3.04761904761905E-0002
 713  2.20952380952381E-0001 -3.12820512820513E-0002
 714  2.33846153846154E-0001 -3.20879120879121E-0002
 715  2.25787545787546E-0001 -3.69230769230769E-0002
 716  2.30622710622711E-0001 -3.36996336996337E-0002
 717  2.35457875457875E-0001 -3.28937728937729E-0002
 718  2.35457875457875E-0001 -3.53113553113553E-0002
 719  2.43516483516484E-0001 -3.04761904761905E-0002
 720  2.58021978021978E-0001 -3.45054945054945E-0002
 721  2.62051282051282E-0001 -3.36996336996337E-0002
 722  2.65274725274725E-0001 -3.45054945054945E-0002
 723  2.66080586080586E-0001 -3.53113553113553E-0002
 724  2.73333333333333E-0001 -3.28937728937729E-0002
 725  2.72527472527473E-0001 -3.69230769230769E-0002
 726  2.76556776556777E-0001 -3.53113553113553E-0002
 727  2.92673992673993E-0001 -3.69230769230769E-0002
 728  3.17655677655678E-0001 -4.09523809523810E-0002
 729  3.21684981684982E-0001 -3.93406593406593E-0002
 730  2.84615384615385E-0001 -3.28937728937729E-0002
 731  2.33846153846154E-0001 -5.22344322344322E-0002
 732  4.83663003663004E-0001 -2.48351648351648E-0002
 733  1.47619047619048E-0001 -1.03296703296703E-0002
 734 -1.81978021978022E-0001 -2.00000000000000E-0002
 735  5.09157509157509E-0002 -2.08058608058608E-0002
 736  8.79853479853480E-0002 -2.48351648351648E-0002
 737  1.11355311355311E-0001 -2.80586080586081E-0002
 738  1.66959706959707E-0001 -1.83882783882784E-0002
 739  1.69377289377289E-0001 -2.96703296703297E-0002
 740  2.16117216117216E-0001 -3.04761904761905E-0002
 741  2.41904761904762E-0001 -4.65934065934066E-0002
 742  4.87692307692308E-0001 -1.75824175824176E-0002
 743 -8.60805860805861E-0002 -1.11355311355311E-0002
 744 -1.61025641025641E-0001 -7.91208791208791E-0003
 745 -1.59413919413919E-0001 -1.51648351648351E-0002
 746 -1.66666666666667E-0001 -7.10622710622711E-0003
 747 -1.73919413919414E-0001 -3.88278388278388E-0003
 748 -1.58608058608059E-0001 -7.10622710622711E-0003
 749 -1.63443223443223E-0001 -7.10622710622711E-0003
 750 -1.47326007326007E-0001 -7.91208791208791E-0003
 751 -1.34432234432234E-0001 -7.91208791208791E-0003
 752 -1.34432234432234E-0001 -7.10622710622711E-0003
 753 -1.31208791208791E-0001 -3.88278388278388E-0003
 754 -1.09450549450549E-0001 -5.49450549450549E-0003
 755 -1.05421245421245E-0001 -7.10622710622711E-0003
 756 -1.10256410256410E-0001 -8.71794871794872E-0003
 757 -1.12673992673992E-0001 -8.71794871794872E-0003
 758 -1.07032967032967E-0001 -7.10622710622711E-0003
 759 -1.08644688644688E-0001 -8.71794871794872E-0003
 760 -1.09450549450549E-0001 -8.71794871794872E-0003
 761 -1.05421245421245E-0001 -7.10622710622711E-0003
 762 -8.12454212454212E-0002 -9.52380952380952E-0003
 763 -8.04395604395604E-0002 -8.71794871794872E-0003
 764 -8.28571428571429E-0002 -7.91208791208791E-0003
 765 -9.25274725274725E-0002 -7.91208791208791E-0003
 766 -8.12454212454212E-0002 -8.71794871794872E-0003
 767 -8.76923076923077E-0002 -7.10622710622711E-0003
 768 -8.28571428571429E-0002 -7.91208791208791E-0003
 769 -8.76923076923077E-0002 -5.49450549450549E-0003
 770 -8.52747252747253E-0002 -7.91208791208791E-0003
 771 -8.60805860805861E-0002 -7.91208791208791E-0003
 772 -8.68864468864469E-0002 -2.27106227106227E-0003
 773 -8.68864468864469E-0002 -8.71794871794872E-0003
 774 -7.23809523809524E-0002 -9.52380952380952E-0003
 775 -6.99633699633700E-0002 -6.30036630036630E-0003
 776 -7.56043956043956E-0002 -8.71794871794872E-0003
 777 -7.64102564102564E-0002 -8.71794871794872E-0003
 778 -8.52747252747253E-0002 -7.10622710622711E-0003
 779 -8.12454212454212E-0002 -7.91208791208791E-0003
 780 -7.96336996336996E-0002 -1.03296703296703E-0002
 781 -5.62637362637363E-0002 -1.11355311355311E-0002
 782 -5.54578754578755E-0002 -9.52380952380952E-0003
 783 -3.53113553113553E-0002 -9.52380952380952E-0003
 784 -4.65934065934066E-0002 -1.43589743589743E-0002
 785 -5.22344322344322E-0002 -1.03296703296703E-0002
 786 -3.20879120879121E-0002 -9.52380952380952E-0003
 787 -4.09523809523810E-0002 -1.03296703296703E-0002
 788 -4.41758241758242E-0002 -1.19413919413919E-0002
 789 -2.00000000000000E-0002 -1.11355311355311E-0002
 790 -3.36996336996337E-0002 -9.52380952380952E-0003
 791 -3.69230769230769E-0002 -1.11355311355311E-0002
 792 -2.80586080586081E-0002 -1.11355311355311E-0002
 793 -1.91941391941392E-0002 -1.27472527472527E-0002
 794  1.75824175824176E-0003 -1.27472527472527E-0002
 795 -1.67765567765568E-0002 -1.19413919413919E-0002
 796 -1.43589743589743E-0002 -1.11355311355311E-0002
 797  5.78754578754579E-0003 -1.51648351648351E-0002
 798  1.62637362637363E-0002 -1.19413919413919E-0002
 799  1.75824175824176E-0003 -1.51648351648351E-0002
 800  2.35164835164835E-0002 -1.51648351648351E-0002
 801  2.67399267399267E-0002 -1.51648351648351E-0002
 802  5.73626373626374E-0002 -1.91941391941392E-0002
 803  5.57509157509158E-0002 -1.83882783882784E-0002
 804  4.36630036630037E-0002 -1.59706959706960E-0002
 805  6.86446886446886E-0002 -1.91941391941392E-0002
 806  8.71794871794872E-0002 -1.91941391941392E-0002
 807  1.00879120879120E-0001 -1.67765567765568E-0002
 808  8.07326007326007E-0002 -1.59706959706960E-0002
 809  8.63736263736264E-0002 -1.83882783882784E-0002
 810  9.28205128205128E-0002 -1.91941391941392E-0002
 811  8.15384615384615E-0002 -1.91941391941392E-0002
 812  5.81684981684982E-0002 -1.75824175824176E-0002
 813  5.89743589743590E-0002 -1.67765567765568E-0002
 814  4.84981684981685E-0002 -1.83882783882784E-0002
 815  6.21978021978022E-0002 -1.83882783882784E-0002
 816  7.34798534798535E-0002 -1.75824175824176E-0002
 817  7.26739926739927E-0002 -1.83882783882784E-0002
 818  7.18681318681319E-0002 -1.67765567765568E-0002
 819  7.10622710622711E-0002 -1.83882783882784E-0002
 820  8.79853479853480E-0002 -2.24175824175824E-0002
 821  1.33919413919414E-0001 -2.16117216117216E-0002
 822  1.82271062271062E-0001 -2.32234432234432E-0002
 823  1.82271062271062E-0001 -2.32234432234432E-0002
 824  1.57289377289377E-0001 -2.40293040293040E-0002
 825  1.59706959706960E-0001 -2.40293040293040E-0002
 826  2.34652014652015E-0001 -2.88644688644689E-0002
 827  2.54798534798535E-0001 -2.56410256410256E-0002
 828  2.20146520146520E-0001 -2.96703296703297E-0002
 829  2.55604395604396E-0001 -2.96703296703297E-0002
 830  2.38681318681319E-0001 -2.96703296703297E-0002
 831  2.85421245421245E-0001 -3.45054945054945E-0002
 832  2.91062271062271E-0001 -3.45054945054945E-0002
 833  3.32967032967033E-0001 -3.53113553113553E-0002
 834  3.45054945054945E-0001 -3.53113553113553E-0002
 835  3.44249084249084E-0001 -4.09523809523810E-0002
 836  3.52307692307692E-0001 -3.93406593406593E-0002
 837  3.56336996336996E-0001 -3.12820512820513E-0002
 838  3.22490842490842E-0001 -3.53113553113553E-0002
 839  3.07179487179487E-0001 -3.45054945054945E-0002
 840  3.03956043956044E-0001 -3.53113553113553E-0002
 841  3.07179487179487E-0001 -3.28937728937729E-0002
 842  3.04761904761905E-0001 -3.28937728937729E-0002
 843  2.12087912087912E-0001 -3.36996336996337E-0002
 844  2.77362637362637E-0001 -3.36996336996337E-0002
 845  3.16043956043956E-0001 -3.53113553113553E-0002
 846  3.16849816849817E-0001 -3.69230769230769E-0002
 847  3.16849816849817E-0001 -3.53113553113553E-0002
 848  3.14432234432234E-0001 -3.28937728937729E-0002
 849  2.29816849816850E-0001 -3.12820512820513E-0002
 850  2.00000000000000E-0001 -3.20879120879121E-0002
 851  2.18534798534799E-0001 -3.45054945054945E-0002
 852  3.26520146520147E-0001 -3.85347985347985E-0002
 853  3.53919413919414E-0001 -4.09523809523810E-0002
 854  3.57948717948718E-0001 -3.77289377289377E-0002
 855  3.53113553113553E-0001 -4.09523809523810E-0002
 856  3.82124542124542E-0001 -4.17582417582418E-0002
 857  3.61978021978022E-0001 -4.09523809523810E-0002
 858  3.97435897435897E-0001 -4.17582417582418E-0002
 859  3.86959706959707E-0001 -4.09523809523810E-0002
 860  4.05494505494505E-0001 -4.73992673992674E-0002
 861  3.90989010989011E-0001 -4.25641025641026E-0002
 862  4.10329670329670E-0001 -4.33699633699634E-0002
 863  4.15970695970696E-0001 -4.57875457875458E-0002
 864  4.53040293040293E-0001 -4.17582417582418E-0002
 865  4.92527472527473E-0001 -2.88644688644689E-0002
 866  5.02197802197802E-0001 -2.72527472527473E-0002
 867  5.00586080586081E-0001 -1.35531135531135E-0002
 868  5.13479853479853E-0001  5.78754578754579E-0003
 869 -3.36703296703297E-0001  1.78754578754579E-0002
 870 -5.33333333333333E-0001  1.62637362637363E-0002
 871 -5.36556776556777E-0001  2.02930402930403E-0002
 872 -5.47032967032967E-0001  2.10989010989011E-0002
 873 -5.31721611721612E-0001  2.19047619047619E-0002
 874 -5.43809523809524E-0001  2.10989010989011E-0002
 875 -5.38974358974359E-0001  2.27106227106227E-0002
 876 -5.33333333333333E-0001  2.19047619047619E-0002
 877 -5.20439560439560E-0001  2.19047619047619E-0002
 878 -5.28498168498168E-0001  2.19047619047619E-0002
 879 -5.19633699633700E-0001  2.27106227106227E-0002
 880 -5.13186813186813E-0001  2.19047619047619E-0002
 881 -5.05934065934066E-0001  2.10989010989011E-0002
 882 -5.05128205128205E-0001  1.94871794871795E-0002
 883 -5.01904761904762E-0001  2.19047619047619E-0002
 884 -5.14798534798535E-0001  2.02930402930403E-0002
 885 -4.99487179487179E-0001  2.27106227106227E-0002
 886 -4.93846153846154E-0001  2.10989010989011E-0002
 887 -5.03516483516484E-0001  2.02930402930403E-0002
 888 -5.02710622710623E-0001  2.19047619047619E-0002
 889 -4.89816849816850E-0001  1.94871794871795E-0002
 890 -4.98681318681319E-0001  2.59340659340659E-0002
 891 -4.89010989010989E-0001  2.35164835164835E-0002
 892 -4.97875457875458E-0001  2.43223443223443E-0002
 893 -4.95457875457875E-0001  2.43223443223443E-0002
 894 -4.89010989010989E-0001  2.35164835164835E-0002
 895 -4.89010989010989E-0001  2.19047619047619E-0002
 896 -4.97069597069597E-0001  2.35164835164835E-0002
 897 -4.94652014652015E-0001  2.02930402930403E-0002
 898 -4.92234432234432E-0001  2.59340659340659E-0002
 899 -5.02710622710623E-0001  2.59340659340659E-0002
 900 -4.89816849816850E-0001  2.35164835164835E-0002
 901 -4.93040293040293E-0001  2.51282051282051E-0002
 902 -5.05934065934066E-0001  2.67399267399267E-0002
 903 -4.96263736263736E-0001  2.51282051282051E-0002
 904 -4.89010989010989E-0001  2.35164835164835E-0002
 905 -4.90622710622711E-0001  2.35164835164835E-0002
 906 -4.88205128205128E-0001  2.02930402930403E-0002
 907 -4.92234432234432E-0001  2.67399267399267E-0002
 908 -4.92234432234432E-0001  2.67399267399267E-0002
 909 -4.86593406593407E-0001  2.35164835164835E-0002
 910 -4.90622710622711E-0001  2.59340659340659E-0002
 911 -4.95457875457875E-0001  2.35164835164835E-0002
 912 -4.90622710622711E-0001  2.75457875457875E-0002
 913 -4.80952380952381E-0001  2.59340659340659E-0002
 914 -4.89010989010989E-0001  2.59340659340659E-0002
 915 -4.92234432234432E-0001  2.35164835164835E-0002
 916 -4.82564102564103E-0001  2.59340659340659E-0002
 917 -4.77728937728938E-0001  2.67399267399267E-0002
 918 -4.83369963369963E-0001  2.51282051282051E-0002
 919 -4.87399267399267E-0001  2.83516483516484E-0002
 920 -4.79340659340659E-0001  2.75457875457875E-0002
 921 -4.76117216117216E-0001  2.35164835164835E-0002
 922 -4.82564102564103E-0001  2.67399267399267E-0002
 923 -4.84981684981685E-0001  2.35164835164835E-0002
 924 -4.74505494505495E-0001  2.43223443223443E-0002
 925 -4.75311355311355E-0001  2.35164835164835E-0002
 926 -4.80952380952381E-0001  2.43223443223443E-0002
 927 -4.72893772893773E-0001  2.35164835164835E-0002
 928 -4.81758241758242E-0001  2.59340659340659E-0002
 929 -4.72893772893773E-0001  2.59340659340659E-0002
 930 -4.73699633699634E-0001  2.67399267399267E-0002
 931 -4.72893772893773E-0001  2.67399267399267E-0002
 932 -4.63223443223443E-0001  2.59340659340659E-0002
 933 -4.72087912087912E-0001  2.91575091575092E-0002
 934 -4.72087912087912E-0001  2.67399267399267E-0002
 935 -4.69670329670330E-0001  2.51282051282051E-0002
 936 -4.67252747252747E-0001  2.59340659340659E-0002
 937 -4.70476190476190E-0001  2.75457875457875E-0002
 938 -4.73699633699634E-0001  2.67399267399267E-0002
 939 -4.67252747252747E-0001  2.59340659340659E-0002
 940 -4.70476190476190E-0001  2.51282051282051E-0002
 941 -4.65641025641026E-0001  2.91575091575092E-0002
 942 -4.73699633699634E-0001  2.99633699633700E-0002
 943 -4.72087912087912E-0001  2.83516483516484E-0002
 944 -4.66446886446886E-0001  2.75457875457875E-0002
 945 -4.71282051282051E-0001  2.67399267399267E-0002
 946 -4.75311355311355E-0001  2.75457875457875E-0002
 947 -4.70476190476190E-0001  2.75457875457875E-0002
 948 -4.68864468864469E-0001  2.59340659340659E-0002
 949 -4.68864468864469E-0001  2.75457875457875E-0002
 950 -4.69670329670330E-0001  2.35164835164835E-0002
 951 -4.76117216117216E-0001  2.75457875457875E-0002
 952 -4.76117216117216E-0001  2.83516483516484E-0002
 953 -4.77728937728938E-0001  2.35164835164835E-0002
 954 -4.64835164835165E-0001  2.35164835164835E-0002
 955 -4.79340659340659E-0001  2.75457875457875E-0002
 956 -4.72893772893773E-0001  2.75457875457875E-0002
 957 -4.66446886446886E-0001  2.91575091575092E-0002
 958 -4.73699633699634E-0001  2.75457875457875E-0002
 959 -4.79340659340659E-0001  2.91575091575092E-0002
 960 -4.71282051282051E-0001  2.91575091575092E-0002
 961 -4.61611721611722E-0001  2.67399267399267E-0002
 962 -4.75311355311355E-0001  2.75457875457875E-0002
 963 -4.66446886446886E-0001  2.35164835164835E-0002
 964 -4.62417582417582E-0001  2.67399267399267E-0002
 965 -4.72893772893773E-0001  2.59340659340659E-0002
 966 -4.64029304029304E-0001  2.75457875457875E-0002
 967 -4.57582417582418E-0001  2.75457875457875E-0002
 968 -4.69670329670330E-0001  2.35164835164835E-0002
 969 -4.63223443223443E-0001  2.83516483516484E-0002
 970 -4.57582417582418E-0001  2.83516483516484E-0002
 971 -4.55970695970696E-0001  2.35164835164835E-0002
 972 -4.64029304029304E-0001  2.35164835164835E-0002
 973 -4.45494505494505E-0001  2.35164835164835E-0002
