 0 -1.01120879120879E+0000 -5.15604395604396E-0001
 1 -1.02490842490842E+0000 -4.91428571428571E-0001
 2 -1.00476190476190E+0000 -4.72893772893773E-0001
 3 -1.01362637362637E+0000 -4.76117216117216E-0001
 4 -1.05472527472527E+0000 -5.19633699633700E-0001
 5 -1.02410256410256E+0000 -4.86593406593407E-0001
 6 -1.00637362637363E+0000 -4.72087912087912E-0001
 7 -1.01443223443223E+0000 -4.76117216117216E-0001
 8 -1.05069597069597E+0000 -5.18021978021978E-0001
 9 -1.02329670329670E+0000 -4.89010989010989E-0001
 10 -1.00395604395604E+0000 -4.70476190476190E-0001
 11 -1.01846153846154E+0000 -4.80952380952381E-0001
 12 -1.04827838827839E+0000 -5.18021978021978E-0001
 13 -1.02249084249084E+0000 -4.84981684981685E-0001
 14 -1.00717948717949E+0000 -4.74505494505495E-0001
 15 -1.02087912087912E+0000 -4.86593406593407E-0001
 16 -1.04989010989011E+0000 -5.13992673992674E-0001
 17 -1.01604395604396E+0000 -4.82564102564103E-0001
 18 -1.00959706959707E+0000 -4.73699633699634E-0001
 19 -1.02410256410256E+0000 -4.85787545787546E-0001
 20 -1.05150183150183E+0000 -5.18021978021978E-0001
 21 -1.02410256410256E+0000 -4.88205128205128E-0001
 22 -1.00637362637363E+0000 -4.76117216117216E-0001
 23 -1.02571428571429E+0000 -4.92234432234432E-0001
 24 -1.04747252747253E+0000 -5.14798534798535E-0001
 25 -1.02168498168498E+0000 -4.79340659340659E-0001
 26 -1.02329670329670E+0000 -4.92234432234432E-0001
 27 -1.04827838827839E+0000 -4.88205128205128E-0001
 28 -1.00637362637363E+0000 -4.72893772893773E-0001
 29 -1.02007326007326E+0000 -4.88205128205128E-0001
 30 -1.04666666666667E+0000 -5.11575091575092E-0001
 31 -1.02490842490842E+0000 -4.92234432234432E-0001
 32 -1.00476190476190E+0000 -4.69670329670330E-0001
 33 -1.01846153846154E+0000 -4.83369963369963E-0001
 34 -1.04908424908425E+0000 -5.17216117216117E-0001
 35 -1.02571428571429E+0000 -4.92234432234432E-0001
 36 -1.00637362637363E+0000 -4.72893772893773E-0001
 37 -1.02329670329670E+0000 -4.86593406593407E-0001
 38 -1.05150183150183E+0000 -5.20439560439560E-0001
 39 -1.02087912087912E+0000 -4.75311355311355E-0001
 40 -1.02329670329670E+0000 -4.91428571428571E-0001
 41 -1.04747252747253E+0000 -4.89010989010989E-0001
 42 -1.00556776556777E+0000 -4.67252747252747E-0001
 43 -1.02490842490842E+0000 -4.93040293040293E-0001
 44 -1.05069597069597E+0000 -5.18827838827839E-0001
 45 -1.02087912087912E+0000 -4.85787545787546E-0001
 46 -9.97509157509158E-0001 -4.68058608058608E-0001
 47 -1.02893772893773E+0000 -4.94652014652015E-0001
 48 -1.04747252747253E+0000 -5.18021978021978E-0001
 49 -1.02087912087912E+0000 -4.85787545787546E-0001
 50 -1.00717948717949E+0000 -4.72893772893773E-0001
 51 -1.03135531135531E+0000 -4.98681318681319E-0001
 52 -1.04747252747253E+0000 -5.15604395604396E-0001
 53 -1.01684981684982E+0000 -4.84981684981685E-0001
 54 -1.00879120879121E+0000 -4.72087912087912E-0001
 55 -1.03054945054945E+0000 -4.93846153846154E-0001
 56 -1.04344322344322E+0000 -5.10769230769231E-0001
 57 -1.01846153846154E+0000 -4.83369963369963E-0001
 58 -1.00959706959707E+0000 -4.76117216117216E-0001
 59 -1.02249084249084E+0000 -4.89816849816850E-0001
 60 -1.04666666666667E+0000 -5.13992673992674E-0001
 61 -1.02249084249084E+0000 -4.85787545787546E-0001
 62 -1.00798534798535E+0000 -4.74505494505495E-0001
 63 -1.02490842490842E+0000 -4.92234432234432E-0001
 64 -1.04344322344322E+0000 -5.09157509157509E-0001
 65 -1.01765567765568E+0000 -4.76923076923077E-0001
 66 -1.02813186813187E+0000 -4.93040293040293E-0001
 67 -1.04424908424908E+0000 -5.09963369963370E-0001
 68 -1.02007326007326E+0000 -4.72893772893773E-0001
 69 -1.02813186813187E+0000 -4.94652014652015E-0001
 70 -1.04666666666667E+0000 -5.13186813186813E-0001
 71 -1.01926739926740E+0000 -4.82564102564103E-0001
 72 -1.00556776556777E+0000 -4.72087912087912E-0001
 73 -1.02974358974359E+0000 -4.94652014652015E-0001
 74 -1.04666666666667E+0000 -5.13186813186813E-0001
 75 -1.02168498168498E+0000 -4.87399267399267E-0001
 76 -1.00476190476190E+0000 -5.01904761904762E-0001
 77 -1.04908424908425E+0000 -5.16410256410256E-0001
 78 -1.02087912087912E+0000 -4.89816849816850E-0001
 79 -1.00556776556777E+0000 -4.67252747252747E-0001
 80 -1.02410256410256E+0000 -4.88205128205128E-0001
 81 -1.05391941391941E+0000 -5.22857142857143E-0001
 82 -1.02168498168498E+0000 -4.86593406593407E-0001
 83 -1.00959706959707E+0000 -4.72087912087912E-0001
 84 -1.03699633699634E+0000 -5.22051282051282E-0001
 85 -1.02087912087912E+0000 -4.84981684981685E-0001
 86 -1.00315018315018E+0000 -5.05128205128205E-0001
 87 -1.04989010989011E+0000 -5.18021978021978E-0001
 88 -1.01765567765568E+0000 -4.86593406593407E-0001
 89 -1.00315018315018E+0000 -4.68058608058608E-0001
 90 -1.04021978021978E+0000 -5.05934065934066E-0001
 91 -1.04827838827839E+0000 -4.85787545787546E-0001
 92 -1.00879120879121E+0000 -4.72893772893773E-0001
 93 -1.03457875457875E+0000 -5.03516483516484E-0001
 94 -1.04424908424908E+0000 -5.09963369963370E-0001
 95 -1.01765567765568E+0000 -4.80952380952381E-0001
 96 -1.01120879120879E+0000 -4.76923076923077E-0001
 97 -1.03780219780220E+0000 -5.18021978021978E-0001
 98 -1.02168498168498E+0000 -4.85787545787546E-0001
 99 -1.00315018315018E+0000 -4.68864468864469E-0001
 100 -1.04102564102564E+0000 -5.05934065934066E-0001
 101 -1.04747252747253E+0000 -4.80146520146520E-0001
 102 -1.00717948717949E+0000 -5.04322344322344E-0001
 103 -1.04827838827839E+0000 -4.83369963369963E-0001
 104 -1.00556776556777E+0000 -4.69670329670330E-0001
 105 -1.03860805860806E+0000 -5.15604395604396E-0001
 106 -1.01846153846154E+0000 -4.71282051282051E-0001
 107 -1.03538461538462E+0000 -5.01098901098901E-0001
 108 -1.04827838827839E+0000 -5.18021978021978E-0001
 109 -1.01926739926740E+0000 -4.80952380952381E-0001
 110 -1.00798534798535E+0000 -4.74505494505495E-0001
 111 -1.03699633699634E+0000 -5.04322344322344E-0001
 112 -1.04666666666667E+0000 -5.14798534798535E-0001
 113 -1.02007326007326E+0000 -4.83369963369963E-0001
 114 -1.00315018315018E+0000 -4.68058608058608E-0001
 115 -1.03054945054945E+0000 -4.93040293040293E-0001
 116 -1.04666666666667E+0000 -5.13186813186813E-0001
 117 -1.01846153846154E+0000 -4.63223443223443E-0001
 118 -1.03619047619048E+0000 -5.05128205128205E-0001
 119 -1.05069597069597E+0000 -5.15604395604396E-0001
 120 -1.01846153846154E+0000 -4.83369963369963E-0001
 121 -1.00798534798535E+0000 -5.05934065934066E-0001
 122 -1.04908424908425E+0000 -5.14798534798535E-0001
 123 -1.01846153846154E+0000 -4.82564102564103E-0001
 124 -1.00637362637363E+0000 -4.72893772893773E-0001
 125 -1.03780219780220E+0000 -5.11575091575092E-0001
 126 -1.01120879120879E+0000 -4.79340659340659E-0001
 127 -1.00395604395604E+0000 -4.68864468864469E-0001
 128 -1.03135531135531E+0000 -4.97069597069597E-0001
 129 -1.04666666666667E+0000 -5.11575091575092E-0001
 130 -1.01604395604396E+0000 -4.79340659340659E-0001
 131 -1.00315018315018E+0000 -4.69670329670330E-0001
 132 -1.03780219780220E+0000 -5.05128205128205E-0001
 133 -1.04666666666667E+0000 -5.13186813186813E-0001
 134 -1.01684981684982E+0000 -4.83369963369963E-0001
 135 -1.00315018315018E+0000 -4.68058608058608E-0001
 136 -1.04021978021978E+0000 -5.05934065934066E-0001
 137 -1.04827838827839E+0000 -5.12380952380952E-0001
 138 -1.01684981684982E+0000 -4.83369963369963E-0001
 139 -1.00798534798535E+0000 -4.73699633699634E-0001
 140 -1.03941391941392E+0000 -5.02710622710623E-0001
 141 -1.04666666666667E+0000 -4.81758241758242E-0001
 142 -1.00153846153846E+0000 -4.67252747252747E-0001
 143 -1.03619047619048E+0000 -5.02710622710623E-0001
 144 -1.04747252747253E+0000 -4.80952380952381E-0001
 145 -1.00395604395604E+0000 -4.68864468864469E-0001
 146 -1.03860805860806E+0000 -5.13186813186813E-0001
 147 -1.02410256410256E+0000 -4.66446886446886E-0001
 148 -1.03699633699634E+0000 -5.15604395604396E-0001
 149 -1.01362637362637E+0000 -4.73699633699634E-0001
 150 -1.03941391941392E+0000 -5.09963369963370E-0001
 151 -1.01604395604396E+0000 -4.78534798534799E-0001
 152 -1.00556776556777E+0000 -5.05128205128205E-0001
 153 -1.04505494505495E+0000 -4.80146520146520E-0001
 154 -1.00556776556777E+0000 -5.10769230769231E-0001
 155 -1.04586080586081E+0000 -4.79340659340659E-0001
 156 -1.00395604395604E+0000 -5.10769230769231E-0001
 157 -1.04263736263736E+0000 -5.10769230769231E-0001
 158 -1.02007326007326E+0000 -4.72893772893773E-0001
 159 -1.04747252747253E+0000 -5.10769230769231E-0001
 160 -1.01684981684982E+0000 -4.64029304029304E-0001
 161 -1.05150183150183E+0000 -5.16410256410256E-0001
 162 -1.04424908424908E+0000 -4.77728937728938E-0001
 163 -9.96703296703297E-0001 -5.18021978021978E-0001
 164 -1.04102564102564E+0000 -4.75311355311355E-0001
 165 -9.99120879120879E-0001 -5.15604395604396E-0001
 166 -1.03941391941392E+0000 -5.05128205128205E-0001
 167 -1.01443223443223E+0000 -4.60000000000000E-0001
 168 -1.04827838827839E+0000 -5.09157509157509E-0001
 169 -1.01604395604396E+0000 -5.12380952380952E-0001
 170 -1.04183150183150E+0000 -4.80952380952381E-0001
 171 -1.00073260073260E+0000 -5.10769230769231E-0001
 172 -1.04183150183150E+0000 -5.07545787545788E-0001
 173 -1.01765567765568E+0000 -4.64835164835165E-0001
 174 -1.04505494505495E+0000 -4.76923076923077E-0001
 175 -1.00717948717949E+0000 -5.14798534798535E-0001
 176 -1.04263736263736E+0000 -5.03516483516484E-0001
 177 -1.00798534798535E+0000 -4.69670329670330E-0001
 178 -1.00153846153846E+0000 -4.66446886446886E-0001
 179 -1.04747252747253E+0000 -5.18827838827839E-0001
 180 -1.04021978021978E+0000 -5.06739926739927E-0001
 181 -1.00959706959707E+0000 -4.72087912087912E-0001
 182 -1.00556776556777E+0000 -5.19633699633700E-0001
 183 -1.03699633699634E+0000 -5.04322344322344E-0001
 184 -1.01282051282051E+0000 -4.63223443223443E-0001
 185 -1.05230769230769E+0000 -5.09157509157509E-0001
 186 -1.01040293040293E+0000 -4.76923076923077E-0001
 187 -1.00395604395604E+0000 -5.22051282051282E-0001
 188 -1.03941391941392E+0000 -4.75311355311355E-0001
 189 -1.00879120879121E+0000 -4.75311355311355E-0001
 190 -1.05230769230769E+0000 -5.19633699633700E-0001
 191 -1.03377289377289E+0000 -5.01098901098901E-0001
 192 -1.01201465201465E+0000 -4.72893772893773E-0001
 193 -1.04424908424908E+0000 -5.02710622710623E-0001
 194 -1.01120879120879E+0000 -4.73699633699634E-0001
 195 -1.00798534798535E+0000 -4.75311355311355E-0001
 196 -1.05391941391941E+0000 -5.18827838827839E-0001
 197 -1.03699633699634E+0000 -4.74505494505495E-0001
 198 -1.01120879120879E+0000 -4.79340659340659E-0001
 199 -1.04989010989011E+0000 -5.01904761904762E-0001
 200 -1.01362637362637E+0000 -4.79340659340659E-0001
 201 -1.04989010989011E+0000 -5.01098901098901E-0001
 202 -1.01282051282051E+0000 -4.76117216117216E-0001
 203 -1.04747252747253E+0000 -4.72893772893773E-0001
 204 -1.00879120879121E+0000 -5.01904761904762E-0001
 205 -1.00798534798535E+0000 -4.75311355311355E-0001
 206 -1.05230769230769E+0000 -5.20439560439560E-0001
 207 -1.03457875457875E+0000 -4.72893772893773E-0001
 208 -1.00879120879121E+0000 -4.87399267399267E-0001
 209 -1.00959706959707E+0000 -4.73699633699634E-0001
 210 -1.05553113553114E+0000 -5.21245421245421E-0001
 211 -1.02732600732601E+0000 -4.70476190476190E-0001
 212 -1.01765567765568E+0000 -4.80146520146520E-0001
 213 -1.05391941391941E+0000 -4.87399267399267E-0001
 214 -1.00879120879121E+0000 -4.76117216117216E-0001
 215 -1.05391941391941E+0000 -5.21245421245421E-0001
 216 -1.02410256410256E+0000 -4.89010989010989E-0001
 217 -1.00395604395604E+0000 -4.82564102564103E-0001
 218 -1.05553113553114E+0000 -4.72087912087912E-0001
 219 -1.02087912087912E+0000 -4.81758241758242E-0001
 220 -1.00556776556777E+0000 -4.83369963369963E-0001
 221 -1.05311355311355E+0000 -5.19633699633700E-0001
 222 -1.01926739926740E+0000 -4.74505494505495E-0001
 223 -1.02087912087912E+0000 -4.84175824175824E-0001
 224 -1.01201465201465E+0000 -4.89010989010989E-0001
 225 -1.05150183150183E+0000 -4.83369963369963E-0001
 226 -1.00879120879121E+0000 -4.88205128205128E-0001
 227 -1.05150183150183E+0000 -5.18827838827839E-0001
 228 -1.02087912087912E+0000 -4.83369963369963E-0001
 229 -1.00879120879121E+0000 -4.73699633699634E-0001
 230 -1.01765567765568E+0000 -5.16410256410256E-0001
 231 -1.02007326007326E+0000 -4.72087912087912E-0001
 232 -1.02087912087912E+0000 -5.15604395604396E-0001
 233 -1.02087912087912E+0000 -4.71282051282051E-0001
 234 -1.02087912087912E+0000 -5.18827838827839E-0001
 235 -1.01926739926740E+0000 -4.72087912087912E-0001
 236 -1.02410256410256E+0000 -5.18021978021978E-0001
 237 -1.02007326007326E+0000 -4.71282051282051E-0001
 238 -1.02652014652015E+0000 -5.15604395604396E-0001
 239 -1.01926739926740E+0000 -4.84175824175824E-0001
 240 -1.00798534798535E+0000 -4.93846153846154E-0001
 241 -1.04989010989011E+0000 -5.18021978021978E-0001
 242 -1.02087912087912E+0000 -4.94652014652015E-0001
 243 -1.04827838827839E+0000 -4.76117216117216E-0001
 244 -1.02652014652015E+0000 -4.82564102564103E-0001
 245 -1.00315018315018E+0000 -4.97069597069597E-0001
 246 -1.04505494505495E+0000 -4.83369963369963E-0001
 247 -1.01201465201465E+0000 -4.93846153846154E-0001
 248 -1.05150183150183E+0000 -5.18021978021978E-0001
 249 -1.02087912087912E+0000 -4.71282051282051E-0001
 250 -1.02974358974359E+0000 -4.81758241758242E-0001
 251 -1.01120879120879E+0000 -4.94652014652015E-0001
 252 -1.04827838827839E+0000 -5.14798534798535E-0001
 253 -1.01684981684982E+0000 -4.96263736263736E-0001
 254 -1.05230769230769E+0000 -4.72087912087912E-0001
 255 -1.03296703296703E+0000 -4.79340659340659E-0001
 256 -1.00798534798535E+0000 -5.18021978021978E-0001
 257 -1.02007326007326E+0000 -4.82564102564103E-0001
 258 -1.00959706959707E+0000 -5.22051282051282E-0001
 259 -1.01604395604396E+0000 -4.99487179487179E-0001
 260 -1.05230769230769E+0000 -4.71282051282051E-0001
 261 -1.03377289377289E+0000 -4.97875457875458E-0001
 262 -1.05150183150183E+0000 -4.72893772893773E-0001
 263 -1.03457875457875E+0000 -4.79340659340659E-0001
 264 -1.00879120879121E+0000 -5.13992673992674E-0001
 265 -1.01765567765568E+0000 -4.99487179487179E-0001
 266 -1.04908424908425E+0000 -5.13186813186813E-0001
 267 -1.01765567765568E+0000 -5.02710622710623E-0001
 268 -1.05230769230769E+0000 -4.73699633699634E-0001
 269 -1.03619047619048E+0000 -4.68058608058608E-0001
 270 -1.03538461538462E+0000 -4.83369963369963E-0001
 271 -1.00798534798535E+0000 -5.15604395604396E-0001
 272 -1.01523809523810E+0000 -5.18827838827839E-0001
 273 -1.01523809523810E+0000 -5.05128205128205E-0001
 274 -1.05150183150183E+0000 -4.72087912087912E-0001
 275 -1.03780219780220E+0000 -4.80952380952381E-0001
 276 -1.00717948717949E+0000 -4.70476190476190E-0001
 277 -1.04102564102564E+0000 -4.79340659340659E-0001
 278 -1.00637362637363E+0000 -5.13186813186813E-0001
 279 -1.01684981684982E+0000 -4.71282051282051E-0001
 280 -1.04102564102564E+0000 -5.15604395604396E-0001
 281 -1.01684981684982E+0000 -4.70476190476190E-0001
 282 -1.03699633699634E+0000 -5.18021978021978E-0001
 283 -1.01604395604396E+0000 -4.71282051282051E-0001
 284 -1.04263736263736E+0000 -5.18021978021978E-0001
 285 -1.01523809523810E+0000 -4.79340659340659E-0001
 286 -9.99926739926740E-0001 -4.62417582417582E-0001
 287 -1.03780219780220E+0000 -5.02710622710623E-0001
 288 -1.04908424908425E+0000 -4.80146520146520E-0001
 289 -1.00879120879121E+0000 -5.05934065934066E-0001
 290 -1.04747252747253E+0000 -4.76117216117216E-0001
 291 -1.04021978021978E+0000 -4.75311355311355E-0001
 292 -1.00879120879121E+0000 -5.18021978021978E-0001
 293 -1.01523809523810E+0000 -4.80146520146520E-0001
 294 -1.00798534798535E+0000 -5.09157509157509E-0001
 295 -1.01684981684982E+0000 -5.15604395604396E-0001
 296 -1.01282051282051E+0000 -5.11575091575092E-0001
 297 -1.01120879120879E+0000 -5.11575091575092E-0001
 298 -1.04747252747253E+0000 -5.13186813186813E-0001
 299 -1.04666666666667E+0000 -4.65641025641026E-0001
 300 -1.04989010989011E+0000 -5.12380952380952E-0001
 301 -1.01201465201465E+0000 -4.66446886446886E-0001
 302 -1.04666666666667E+0000 -5.15604395604396E-0001
 303 -1.04586080586081E+0000 -4.75311355311355E-0001
 304 -1.00234432234432E+0000 -5.10769230769231E-0001
 305 -1.04586080586081E+0000 -4.76117216117216E-0001
 306 -1.00234432234432E+0000 -5.08351648351648E-0001
 307 -1.01282051282051E+0000 -4.63223443223443E-0001
 308 -1.04424908424908E+0000 -5.05128205128205E-0001
 309 -1.01282051282051E+0000 -4.66446886446886E-0001
 310 -1.04827838827839E+0000 -5.07545787545788E-0001
 311 -1.01604395604396E+0000 -4.80952380952381E-0001
 312 -1.00395604395604E+0000 -5.14798534798535E-0001
 313 -1.01201465201465E+0000 -5.13992673992674E-0001
 314 -1.04505494505495E+0000 -4.62417582417582E-0001
 315 -1.05069597069597E+0000 -4.70476190476190E-0001
 316 -1.00637362637363E+0000 -5.06739926739927E-0001
 317 -1.01120879120879E+0000 -5.18827838827839E-0001
 318 -1.04102564102564E+0000 -4.72893772893773E-0001
 319 -1.05391941391941E+0000 -4.76117216117216E-0001
 320 -1.01846153846154E+0000 -5.02710622710623E-0001
 321 -1.01684981684982E+0000 -4.78534798534799E-0001
 322 -1.04908424908425E+0000 -4.93846153846154E-0001
 323 -1.01765567765568E+0000 -5.11575091575092E-0001
 324 -1.03780219780220E+0000 -4.80146520146520E-0001
 325 -1.00798534798535E+0000 -5.14798534798535E-0001
 326 -1.03780219780220E+0000 -4.79340659340659E-0001
 327 -1.01523809523810E+0000 -4.80146520146520E-0001
 328 -1.04747252747253E+0000 -4.92234432234432E-0001
 329 -1.01201465201465E+0000 -4.74505494505495E-0001
 330 -1.04827838827839E+0000 -4.80952380952381E-0001
 331 -1.01523809523810E+0000 -4.85787545787546E-0001
 332 -1.01362637362637E+0000 -5.15604395604396E-0001
 333 -1.02168498168498E+0000 -4.85787545787546E-0001
 334 -1.01362637362637E+0000 -5.09963369963370E-0001
 335 -1.02410256410256E+0000 -5.15604395604396E-0001
 336 -1.02249084249084E+0000 -4.99487179487179E-0001
 337 -1.02329670329670E+0000 -5.08351648351648E-0001
 338 -1.02168498168498E+0000 -5.05934065934066E-0001
 339 -1.02168498168498E+0000 -5.09963369963370E-0001
 340 -1.02249084249084E+0000 -5.12380952380952E-0001
 341 -1.02652014652015E+0000 -5.13186813186813E-0001
 342 -1.02007326007326E+0000 -5.08351648351648E-0001
 343 -1.02410256410256E+0000 -5.10769230769231E-0001
 344 -1.02410256410256E+0000 -5.06739926739927E-0001
 345 -1.02410256410256E+0000 -5.11575091575092E-0001
 346 -1.02007326007326E+0000 -4.92234432234432E-0001
 347 -1.04263736263736E+0000 -5.09157509157509E-0001
 348 -1.02249084249084E+0000 -4.94652014652015E-0001
 349 -1.03860805860806E+0000 -4.87399267399267E-0001
 350 -1.02087912087912E+0000 -4.87399267399267E-0001
 351 -1.02813186813187E+0000 -5.06739926739927E-0001
 352 -1.02329670329670E+0000 -4.81758241758242E-0001
 353 -1.03135531135531E+0000 -4.85787545787546E-0001
 354 -1.01604395604396E+0000 -4.93040293040293E-0001
 355 -1.03699633699634E+0000 -4.84175824175824E-0001
 356 -1.01846153846154E+0000 -5.05934065934066E-0001
 357 -1.02329670329670E+0000 -4.96263736263736E-0001
 358 -1.04263736263736E+0000 -4.89010989010989E-0001
 359 -1.01604395604396E+0000 -5.08351648351648E-0001
 360 -1.01684981684982E+0000 -4.93846153846154E-0001
 361 -1.04424908424908E+0000 -4.84981684981685E-0001
 362 -1.01201465201465E+0000 -4.79340659340659E-0001
 363 -1.03377289377289E+0000 -4.87399267399267E-0001
 364 -1.00798534798535E+0000 -5.12380952380952E-0001
 365 -1.02087912087912E+0000 -4.98681318681319E-0001
 366 -1.04263736263736E+0000 -4.75311355311355E-0001
 367 -1.03538461538462E+0000 -5.01904761904762E-0001
 368 -1.04263736263736E+0000 -4.76117216117216E-0001
 369 -1.03699633699634E+0000 -4.79340659340659E-0001
 370 -1.03538461538462E+0000 -4.76117216117216E-0001
 371 -1.03377289377289E+0000 -4.79340659340659E-0001
 372 -1.03538461538462E+0000 -4.98681318681319E-0001
 373 -1.04183150183150E+0000 -5.01904761904762E-0001
 374 -1.04666666666667E+0000 -5.00293040293040E-0001
 375 -1.04908424908425E+0000 -5.02710622710623E-0001
 376 -1.04263736263736E+0000 -5.00293040293040E-0001
 377 -1.04183150183150E+0000 -5.07545787545788E-0001
 378 -1.02168498168498E+0000 -5.13186813186813E-0001
 379 -1.02249084249084E+0000 -5.07545787545788E-0001
 380 -1.01765567765568E+0000 -5.03516483516484E-0001
 381 -1.02571428571429E+0000 -4.88205128205128E-0001
 382 -1.01282051282051E+0000 -4.86593406593407E-0001
 383 -1.01040293040293E+0000 -4.82564102564103E-0001
 384 -1.01201465201465E+0000 -4.88205128205128E-0001
 385 -1.01362637362637E+0000 -4.80952380952381E-0001
 386 -1.03538461538462E+0000 -4.74505494505495E-0001
 387 -1.03457875457875E+0000 -4.75311355311355E-0001
 388 -1.03377289377289E+0000 -4.99487179487179E-0001
 389 -1.04183150183150E+0000 -5.05934065934066E-0001
 390 -1.04263736263736E+0000 -5.03516483516484E-0001
 391 -1.04183150183150E+0000 -5.07545787545788E-0001
 392 -1.02087912087912E+0000 -5.09963369963370E-0001
 393 -1.02249084249084E+0000 -4.84175824175824E-0001
 394 -1.00153846153846E+0000 -4.84175824175824E-0001
 395 -1.00073260073260E+0000 -4.66446886446886E-0001
 396 -1.04505494505495E+0000 -4.68864468864469E-0001
 397 -1.04263736263736E+0000 -5.13186813186813E-0001
 398 -1.04021978021978E+0000 -5.07545787545788E-0001
 399 -1.04183150183150E+0000 -5.06739926739927E-0001
 400 -1.02490842490842E+0000 -5.02710622710623E-0001
 401 -1.02168498168498E+0000 -4.83369963369963E-0001
 402 -1.00717948717949E+0000 -4.82564102564103E-0001
 403 -1.00637362637363E+0000 -4.75311355311355E-0001
 404 -1.04908424908425E+0000 -4.74505494505495E-0001
 405 -1.04827838827839E+0000 -5.11575091575092E-0001
 406 -1.03457875457875E+0000 -4.75311355311355E-0001
 407 -1.04505494505495E+0000 -5.09963369963370E-0001
 408 -1.03538461538462E+0000 -5.11575091575092E-0001
 409 -1.03457875457875E+0000 -4.97069597069597E-0001
 410 -1.02168498168498E+0000 -4.96263736263736E-0001
 411 -1.02007326007326E+0000 -4.80952380952381E-0001
 412 -1.01523809523810E+0000 -4.84175824175824E-0001
 413 -1.01362637362637E+0000 -4.79340659340659E-0001
 414 -1.04666666666667E+0000 -4.84175824175824E-0001
 415 -1.04586080586081E+0000 -5.10769230769231E-0001
 416 -1.02168498168498E+0000 -4.85787545787546E-0001
 417 -1.01604395604396E+0000 -4.88205128205128E-0001
 418 -1.01684981684982E+0000 -4.82564102564103E-0001
 419 -1.00879120879121E+0000 -4.80146520146520E-0001
 420 -1.01684981684982E+0000 -4.82564102564103E-0001
 421 -1.04908424908425E+0000 -4.86593406593407E-0001
 422 -1.04183150183150E+0000 -5.09157509157509E-0001
 423 -1.02490842490842E+0000 -4.85787545787546E-0001
 424 -1.04505494505495E+0000 -4.87399267399267E-0001
 425 -1.04586080586081E+0000 -5.13992673992674E-0001
 426 -1.02168498168498E+0000 -5.10769230769231E-0001
 427 -1.02490842490842E+0000 -4.87399267399267E-0001
 428 -1.01846153846154E+0000 -4.84175824175824E-0001
 429 -1.01684981684982E+0000 -4.78534798534799E-0001
 430 -1.02007326007326E+0000 -4.90622710622711E-0001
 431 -1.04505494505495E+0000 -4.88205128205128E-0001
 432 -1.04344322344322E+0000 -5.08351648351648E-0001
 433 -1.02652014652015E+0000 -5.13992673992674E-0001
 434 -1.02087912087912E+0000 -4.86593406593407E-0001
 435 -1.00879120879121E+0000 -4.82564102564103E-0001
 436 -1.02571428571429E+0000 -4.80952380952381E-0001
 437 -1.02571428571429E+0000 -4.92234432234432E-0001
 438 -1.04989010989011E+0000 -4.96263736263736E-0001
 439 -1.04263736263736E+0000 -5.07545787545788E-0001
 440 -1.02410256410256E+0000 -4.85787545787546E-0001
 441 -1.02007326007326E+0000 -4.73699633699634E-0001
 442 -1.01765567765568E+0000 -4.76117216117216E-0001
 443 -1.02974358974359E+0000 -4.85787545787546E-0001
 444 -1.00959706959707E+0000 -4.74505494505495E-0001
 445 -1.03135531135531E+0000 -4.97875457875458E-0001
 446 -1.05230769230769E+0000 -5.11575091575092E-0001
 447 -1.01926739926740E+0000 -5.15604395604396E-0001
 448 -1.02168498168498E+0000 -4.85787545787546E-0001
 449 -1.01282051282051E+0000 -4.77728937728938E-0001
 450 -1.03377289377289E+0000 -4.96263736263736E-0001
 451 -1.04263736263736E+0000 -5.09157509157509E-0001
 452 -1.02652014652015E+0000 -4.86593406593407E-0001
 453 -1.01604395604396E+0000 -4.77728937728938E-0001
 454 -1.03296703296703E+0000 -5.05128205128205E-0001
 455 -1.04666666666667E+0000 -5.14798534798535E-0001
 456 -1.02168498168498E+0000 -4.86593406593407E-0001
 457 -1.01523809523810E+0000 -4.84981684981685E-0001
 458 -1.01201465201465E+0000 -4.77728937728938E-0001
 459 -1.03457875457875E+0000 -4.98681318681319E-0001
 460 -1.04344322344322E+0000 -5.09157509157509E-0001
 461 -1.02007326007326E+0000 -4.86593406593407E-0001
 462 -1.01443223443223E+0000 -4.75311355311355E-0001
 463 -1.03619047619048E+0000 -5.00293040293040E-0001
 464 -1.04666666666667E+0000 -5.10769230769231E-0001
 465 -1.01926739926740E+0000 -4.86593406593407E-0001
 466 -1.01523809523810E+0000 -4.77728937728938E-0001
 467 -1.03780219780220E+0000 -5.05934065934066E-0001
 468 -1.04183150183150E+0000 -5.05128205128205E-0001
 469 -1.01765567765568E+0000 -4.85787545787546E-0001
 470 -1.00395604395604E+0000 -4.69670329670330E-0001
 471 -1.04263736263736E+0000 -5.07545787545788E-0001
 472 -1.04344322344322E+0000 -5.05128205128205E-0001
 473 -1.01684981684982E+0000 -4.81758241758242E-0001
 474 -1.00476190476190E+0000 -4.69670329670330E-0001
 475 -1.04183150183150E+0000 -5.10769230769231E-0001
 476 -1.03860805860806E+0000 -5.10769230769231E-0001
 477 -1.03860805860806E+0000 -5.05934065934066E-0001
 478 -1.00637362637363E+0000 -4.80146520146520E-0001
 479 -1.01362637362637E+0000 -4.80952380952381E-0001
 480 -1.04666666666667E+0000 -5.13992673992674E-0001
 481 -1.03457875457875E+0000 -5.01904761904762E-0001
 482 -1.01443223443223E+0000 -4.85787545787546E-0001
 483 -1.04666666666667E+0000 -5.12380952380952E-0001
 484 -1.03457875457875E+0000 -5.00293040293040E-0001
 485 -1.01443223443223E+0000 -4.76923076923077E-0001
 486 -1.01604395604396E+0000 -4.80146520146520E-0001
 487 -1.04424908424908E+0000 -5.11575091575092E-0001
 488 -1.02087912087912E+0000 -4.89010989010989E-0001
 489 -1.01604395604396E+0000 -4.81758241758242E-0001
 490 -1.02410256410256E+0000 -5.09157509157509E-0001
 491 -1.02087912087912E+0000 -4.92234432234432E-0001
 492 -1.04183150183150E+0000 -5.09963369963370E-0001
 493 -1.02007326007326E+0000 -4.89010989010989E-0001
 494 -1.04424908424908E+0000 -4.84175824175824E-0001
 495 -1.02410256410256E+0000 -4.86593406593407E-0001
 496 -1.01282051282051E+0000 -5.10769230769231E-0001
 497 -1.02571428571429E+0000 -4.90622710622711E-0001
 498 -1.01443223443223E+0000 -5.11575091575092E-0001
 499 -1.01604395604396E+0000 -5.13992673992674E-0001
 500 -1.02329670329670E+0000 -4.97875457875458E-0001
 501 -1.04183150183150E+0000 -4.80952380952381E-0001
 502 -1.03377289377289E+0000 -4.79340659340659E-0001
 503 -1.03296703296703E+0000 -4.92234432234432E-0001
 504 -1.00959706959707E+0000 -4.89010989010989E-0001
 505 -1.01523809523810E+0000 -5.08351648351648E-0001
 506 -1.02087912087912E+0000 -5.06739926739927E-0001
 507 -1.02249084249084E+0000 -5.05934065934066E-0001
 508 -1.01604395604396E+0000 -5.08351648351648E-0001
 509 -1.01926739926740E+0000 -4.88205128205128E-0001
 510 -1.01362637362637E+0000 -4.73699633699634E-0001
 511 -1.03699633699634E+0000 -5.07545787545788E-0001
 512 -1.04263736263736E+0000 -4.85787545787546E-0001
 513 -1.01604395604396E+0000 -4.82564102564103E-0001
 514 -1.03941391941392E+0000 -5.09157509157509E-0001
 515 -1.02329670329670E+0000 -4.76923076923077E-0001
 516 -1.03860805860806E+0000 -5.03516483516484E-0001
 517 -1.04424908424908E+0000 -4.76117216117216E-0001
 518 -1.03860805860806E+0000 -5.03516483516484E-0001
 519 -1.04505494505495E+0000 -4.79340659340659E-0001
 520 -1.04021978021978E+0000 -4.85787545787546E-0001
 521 -1.01362637362637E+0000 -4.84981684981685E-0001
 522 -1.01201465201465E+0000 -5.03516483516484E-0001
 523 -1.02410256410256E+0000 -5.04322344322344E-0001
 524 -1.04263736263736E+0000 -5.09157509157509E-0001
 525 -1.02249084249084E+0000 -5.01904761904762E-0001
 526 -1.04424908424908E+0000 -4.79340659340659E-0001
 527 -1.03780219780220E+0000 -4.79340659340659E-0001
 528 -1.04102564102564E+0000 -4.79340659340659E-0001
 529 -1.03619047619048E+0000 -5.07545787545788E-0001
 530 -1.02571428571429E+0000 -4.88205128205128E-0001
 531 -1.01282051282051E+0000 -4.76923076923077E-0001
 532 -1.03941391941392E+0000 -5.09157509157509E-0001
 533 -1.03941391941392E+0000 -4.92234432234432E-0001
 534 -1.00476190476190E+0000 -5.05934065934066E-0001
 535 -1.03538461538462E+0000 -4.94652014652015E-0001
 536 -1.01765567765568E+0000 -4.80146520146520E-0001
 537 -1.00395604395604E+0000 -4.73699633699634E-0001
 538 -1.04183150183150E+0000 -5.08351648351648E-0001
 539 -1.03860805860806E+0000 -5.02710622710623E-0001
 540 -1.02410256410256E+0000 -4.84175824175824E-0001
 541 -1.00879120879121E+0000 -5.09963369963370E-0001
 542 -1.03538461538462E+0000 -4.99487179487179E-0001
 543 -1.01926739926740E+0000 -4.84175824175824E-0001
 544 -1.01201465201465E+0000 -5.15604395604396E-0001
 545 -1.03699633699634E+0000 -4.83369963369963E-0001
 546 -1.01846153846154E+0000 -4.83369963369963E-0001
 547 -1.03699633699634E+0000 -5.14798534798535E-0001
 548 -1.03216117216117E+0000 -5.09963369963370E-0001
 549 -1.03296703296703E+0000 -5.10769230769231E-0001
 550 -1.03457875457875E+0000 -5.18021978021978E-0001
 551 -1.03619047619048E+0000 -5.12380952380952E-0001
 552 -1.02813186813187E+0000 -4.84175824175824E-0001
 553 -1.04908424908425E+0000 -5.15604395604396E-0001
 554 -1.02007326007326E+0000 -4.79340659340659E-0001
 555 -1.04827838827839E+0000 -4.81758241758242E-0001
 556 -1.04344322344322E+0000 -4.89010989010989E-0001
 557 -1.04505494505495E+0000 -4.82564102564103E-0001
 558 -1.02974358974359E+0000 -4.83369963369963E-0001
 559 -1.02893772893773E+0000 -4.82564102564103E-0001
 560 -1.02732600732601E+0000 -4.84175824175824E-0001
 561 -1.01926739926740E+0000 -4.85787545787546E-0001
 562 -1.02893772893773E+0000 -4.86593406593407E-0001
 563 -1.02168498168498E+0000 -4.82564102564103E-0001
 564 -1.02329670329670E+0000 -4.80146520146520E-0001
 565 -1.02410256410256E+0000 -4.90622710622711E-0001
 566 -1.04586080586081E+0000 -5.12380952380952E-0001
 567 -1.02652014652015E+0000 -4.84175824175824E-0001
 568 -1.03135531135531E+0000 -5.09157509157509E-0001
 569 -1.02087912087912E+0000 -4.81758241758242E-0001
 570 -1.03135531135531E+0000 -4.97069597069597E-0001
 571 -1.04666666666667E+0000 -5.09963369963370E-0001
 572 -1.02329670329670E+0000 -4.80146520146520E-0001
 573 -1.03699633699634E+0000 -5.12380952380952E-0001
 574 -1.02007326007326E+0000 -4.79340659340659E-0001
 575 -1.03780219780220E+0000 -5.05128205128205E-0001
 576 -1.04586080586081E+0000 -4.84981684981685E-0001
 577 -1.01765567765568E+0000 -4.85787545787546E-0001
 578 -1.01523809523810E+0000 -4.80146520146520E-0001
 579 -1.03619047619048E+0000 -4.82564102564103E-0001
 580 -1.01846153846154E+0000 -4.87399267399267E-0001
 581 -1.01523809523810E+0000 -4.79340659340659E-0001
 582 -1.03941391941392E+0000 -4.83369963369963E-0001
 583 -1.03457875457875E+0000 -5.04322344322344E-0001
 584 -1.04505494505495E+0000 -5.12380952380952E-0001
 585 -1.02007326007326E+0000 -4.82564102564103E-0001
 586 -1.03860805860806E+0000 -5.01098901098901E-0001
 587 -1.01926739926740E+0000 -4.80952380952381E-0001
 588 -1.03457875457875E+0000 -5.04322344322344E-0001
 589 -1.04344322344322E+0000 -4.84175824175824E-0001
 590 -1.01362637362637E+0000 -5.05128205128205E-0001
 591 -1.04666666666667E+0000 -5.10769230769231E-0001
 592 -1.02007326007326E+0000 -4.76923076923077E-0001
 593 -1.03619047619048E+0000 -5.07545787545788E-0001
 594 -1.01846153846154E+0000 -4.82564102564103E-0001
 595 -1.04102564102564E+0000 -5.06739926739927E-0001
 596 -1.04102564102564E+0000 -4.84175824175824E-0001
 597 -1.00476190476190E+0000 -5.12380952380952E-0001
 598 -1.04344322344322E+0000 -4.81758241758242E-0001
 599 -1.01040293040293E+0000 -4.74505494505495E-0001
 600 -1.04021978021978E+0000 -5.07545787545788E-0001
 601 -1.03860805860806E+0000 -5.09963369963370E-0001
 602 -1.04102564102564E+0000 -5.05128205128205E-0001
 603 -1.01765567765568E+0000 -4.81758241758242E-0001
 604 -1.01523809523810E+0000 -4.80952380952381E-0001
 605 -1.04827838827839E+0000 -5.13992673992674E-0001
 606 -1.03538461538462E+0000 -5.10769230769231E-0001
 607 -1.03619047619048E+0000 -5.01904761904762E-0001
 608 -1.01926739926740E+0000 -4.98681318681319E-0001
 609 -1.01604395604396E+0000 -4.81758241758242E-0001
 610 -1.02087912087912E+0000 -4.85787545787546E-0001
 611 -1.04666666666667E+0000 -5.01098901098901E-0001
 612 -1.01684981684982E+0000 -4.84981684981685E-0001
 613 -1.04666666666667E+0000 -5.11575091575092E-0001
 614 -1.02087912087912E+0000 -4.79340659340659E-0001
 615 -1.01846153846154E+0000 -4.82564102564103E-0001
 616 -1.04666666666667E+0000 -4.87399267399267E-0001
 617 -1.01765567765568E+0000 -4.94652014652015E-0001
 618 -1.04666666666667E+0000 -5.09963369963370E-0001
 619 -1.02410256410256E+0000 -4.80146520146520E-0001
 620 -1.03377289377289E+0000 -5.11575091575092E-0001
 621 -1.02087912087912E+0000 -4.82564102564103E-0001
 622 -1.01201465201465E+0000 -4.93040293040293E-0001
 623 -1.04424908424908E+0000 -4.92234432234432E-0001
 624 -1.01362637362637E+0000 -4.79340659340659E-0001
 625 -1.02974358974359E+0000 -5.10769230769231E-0001
 626 -1.02490842490842E+0000 -4.83369963369963E-0001
 627 -1.03377289377289E+0000 -4.95457875457875E-0001
 628 -1.04344322344322E+0000 -4.97875457875458E-0001
 629 -1.04344322344322E+0000 -5.09157509157509E-0001
 630 -1.02249084249084E+0000 -5.10769230769231E-0001
 631 -1.02490842490842E+0000 -4.89010989010989E-0001
 632 -1.01362637362637E+0000 -4.89816849816850E-0001
 633 -1.01282051282051E+0000 -4.79340659340659E-0001
 634 -1.03377289377289E+0000 -4.99487179487179E-0001
 635 -1.04102564102564E+0000 -4.92234432234432E-0001
 636 -1.01040293040293E+0000 -4.74505494505495E-0001
 637 -1.03699633699634E+0000 -5.18827838827839E-0001
 638 -1.02490842490842E+0000 -4.79340659340659E-0001
 639 -1.03860805860806E+0000 -5.12380952380952E-0001
 640 -1.02087912087912E+0000 -4.85787545787546E-0001
 641 -1.01201465201465E+0000 -5.06739926739927E-0001
 642 -1.04989010989011E+0000 -4.87399267399267E-0001
 643 -1.01443223443223E+0000 -4.79340659340659E-0001
 644 -1.03780219780220E+0000 -5.14798534798535E-0001
 645 -1.02329670329670E+0000 -4.71282051282051E-0001
 646 -1.03860805860806E+0000 -5.16410256410256E-0001
 647 -1.02168498168498E+0000 -4.88205128205128E-0001
 648 -1.00476190476190E+0000 -5.06739926739927E-0001
 649 -1.05391941391941E+0000 -4.84981684981685E-0001
 650 -1.00476190476190E+0000 -4.70476190476190E-0001
 651 -1.03860805860806E+0000 -5.08351648351648E-0001
 652 -1.04989010989011E+0000 -5.08351648351648E-0001
 653 -1.04827838827839E+0000 -4.68864468864469E-0001
 654 -1.04263736263736E+0000 -5.09157509157509E-0001
 655 -1.04989010989011E+0000 -4.69670329670330E-0001
 656 -1.05553113553114E+0000 -5.22857142857143E-0001
 657 -1.04747252747253E+0000 -4.65641025641026E-0001
 658 -1.04666666666667E+0000 -5.14798534798535E-0001
 659 -1.04908424908425E+0000 -4.66446886446886E-0001
 660 -1.04989010989011E+0000 -4.64029304029304E-0001
 661 -1.04827838827839E+0000 -5.18827838827839E-0001
 662 -1.04747252747253E+0000 -5.11575091575092E-0001
 663 -1.01443223443223E+0000 -5.08351648351648E-0001
 664 -1.01765567765568E+0000 -5.06739926739927E-0001
 665 -1.00879120879121E+0000 -5.09963369963370E-0001
 666 -1.01201465201465E+0000 -5.18827838827839E-0001
 667 -1.01282051282051E+0000 -5.04322344322344E-0001
 668 -1.01684981684982E+0000 -5.21245421245421E-0001
 669 -1.04102564102564E+0000 -5.05934065934066E-0001
 670 -1.01443223443223E+0000 -4.94652014652015E-0001
 671 -1.01926739926740E+0000 -5.01904761904762E-0001
 672 -1.01684981684982E+0000 -4.77728937728938E-0001
 673 -1.01120879120879E+0000 -4.75311355311355E-0001
 674 -1.01120879120879E+0000 -4.79340659340659E-0001
 675 -1.05553113553114E+0000 -4.90622710622711E-0001
 676 -1.01282051282051E+0000 -4.75311355311355E-0001
 677 -1.05714285714286E+0000 -5.23663003663004E-0001
 678 -1.02813186813187E+0000 -4.79340659340659E-0001
 679 -1.01604395604396E+0000 -5.22857142857143E-0001
 680 -1.02410256410256E+0000 -4.72087912087912E-0001
 681 -1.01926739926740E+0000 -4.87399267399267E-0001
 682 -1.05472527472527E+0000 -4.91428571428571E-0001
 683 -1.01040293040293E+0000 -4.86593406593407E-0001
 684 -1.05956043956044E+0000 -4.76117216117216E-0001
 685 -1.02249084249084E+0000 -5.13992673992674E-0001
 686 -1.02249084249084E+0000 -4.77728937728938E-0001
 687 -1.02813186813187E+0000 -5.18021978021978E-0001
 688 -1.02490842490842E+0000 -4.76923076923077E-0001
 689 -1.02974358974359E+0000 -5.22857142857143E-0001
 690 -1.02007326007326E+0000 -4.85787545787546E-0001
 691 -1.01443223443223E+0000 -5.01904761904762E-0001
 692 -1.05230769230769E+0000 -4.84981684981685E-0001
 693 -1.00798534798535E+0000 -5.05128205128205E-0001
 694 -1.05069597069597E+0000 -4.87399267399267E-0001
 695 -1.01120879120879E+0000 -4.76923076923077E-0001
 696 -1.04021978021978E+0000 -5.07545787545788E-0001
 697 -1.02087912087912E+0000 -4.83369963369963E-0001
 698 -1.01040293040293E+0000 -5.08351648351648E-0001
 699 -1.05311355311355E+0000 -4.80952380952381E-0001
 700 -1.00798534798535E+0000 -5.05934065934066E-0001
 701 -1.04908424908425E+0000 -4.81758241758242E-0001
 702 -1.01201465201465E+0000 -5.06739926739927E-0001
 703 -1.05311355311355E+0000 -5.18021978021978E-0001
 704 -1.01604395604396E+0000 -4.72087912087912E-0001
 705 -1.03941391941392E+0000 -5.06739926739927E-0001
 706 -1.04021978021978E+0000 -5.13186813186813E-0001
 707 -1.01604395604396E+0000 -4.83369963369963E-0001
 708 -1.00879120879121E+0000 -5.18021978021978E-0001
 709 -1.04666666666667E+0000 -4.82564102564103E-0001
 710 -1.00153846153846E+0000 -5.16410256410256E-0001
 711 -1.04586080586081E+0000 -5.10769230769231E-0001
 712 -1.01765567765568E+0000 -4.69670329670330E-0001
 713 -1.04989010989011E+0000 -5.08351648351648E-0001
 714 -1.01282051282051E+0000 -4.71282051282051E-0001
 715 -1.05714285714286E+0000 -4.99487179487179E-0001
 716 -1.01120879120879E+0000 -4.80952380952381E-0001
 717 -1.05069597069597E+0000 -5.20439560439560E-0001
 718 -1.04102564102564E+0000 -4.76117216117216E-0001
 719 -1.01523809523810E+0000 -5.19633699633700E-0001
 720 -1.03780219780220E+0000 -4.79340659340659E-0001
 721 -1.01604395604396E+0000 -5.21245421245421E-0001
 722 -1.02732600732601E+0000 -4.92234432234432E-0001
 723 -1.00959706959707E+0000 -4.81758241758242E-0001
 724 -1.05391941391941E+0000 -4.88205128205128E-0001
 725 -1.01201465201465E+0000 -4.92234432234432E-0001
 726 -1.05069597069597E+0000 -4.92234432234432E-0001
 727 -1.00556776556777E+0000 -4.92234432234432E-0001
 728 -1.05150183150183E+0000 -4.92234432234432E-0001
 729 -1.00717948717949E+0000 -4.73699633699634E-0001
 730 -1.02813186813187E+0000 -5.18021978021978E-0001
 731 -1.02571428571429E+0000 -4.81758241758242E-0001
 732 -1.03457875457875E+0000 -5.14798534798535E-0001
 733 -1.02249084249084E+0000 -4.79340659340659E-0001
 734 -1.03377289377289E+0000 -5.00293040293040E-0001
 735 -1.04989010989011E+0000 -4.85787545787546E-0001
 736 -1.00879120879121E+0000 -5.03516483516484E-0001
 737 -1.05311355311355E+0000 -4.86593406593407E-0001
 738 -1.00959706959707E+0000 -5.06739926739927E-0001
 739 -1.04989010989011E+0000 -5.18021978021978E-0001
 740 -1.02007326007326E+0000 -4.72893772893773E-0001
 741 -1.04263736263736E+0000 -5.17216117216117E-0001
 742 -1.01846153846154E+0000 -4.68864468864469E-0001
 743 -1.03860805860806E+0000 -5.20439560439560E-0001
 744 -1.02249084249084E+0000 -4.86593406593407E-0001
 745 -1.00879120879121E+0000 -5.07545787545788E-0001
 746 -1.05069597069597E+0000 -4.85787545787546E-0001
 747 -1.00637362637363E+0000 -5.04322344322344E-0001
 748 -1.04827838827839E+0000 -4.81758241758242E-0001
 749 -1.01120879120879E+0000 -4.75311355311355E-0001
 750 -1.04263736263736E+0000 -5.15604395604396E-0001
 751 -1.01926739926740E+0000 -4.69670329670330E-0001
 752 -1.05553113553114E+0000 -5.13992673992674E-0001
 753 -1.01684981684982E+0000 -4.70476190476190E-0001
 754 -1.04989010989011E+0000 -5.09963369963370E-0001
 755 -1.02571428571429E+0000 -4.92234432234432E-0001
 756 -1.00315018315018E+0000 -5.18021978021978E-0001
 757 -1.04183150183150E+0000 -4.76923076923077E-0001
 758 -1.00959706959707E+0000 -5.25274725274725E-0001
 759 -1.04183150183150E+0000 -4.80146520146520E-0001
 760 -1.01523809523810E+0000 -5.18021978021978E-0001
 761 -1.03780219780220E+0000 -4.79340659340659E-0001
 762 -1.05472527472527E+0000 -4.93040293040293E-0001
 763 -1.01201465201465E+0000 -4.80952380952381E-0001
 764 -1.05472527472527E+0000 -4.94652014652015E-0001
 765 -1.01040293040293E+0000 -5.19633699633700E-0001
 766 -1.02652014652015E+0000 -4.79340659340659E-0001
 767 -1.02329670329670E+0000 -4.90622710622711E-0001
 768 -1.05391941391941E+0000 -4.75311355311355E-0001
 769 -1.02490842490842E+0000 -4.92234432234432E-0001
 770 -1.05230769230769E+0000 -5.20439560439560E-0001
 771 -1.02087912087912E+0000 -5.15604395604396E-0001
 772 -1.02007326007326E+0000 -5.18021978021978E-0001
 773 -1.02329670329670E+0000 -4.85787545787546E-0001
 774 -1.01443223443223E+0000 -5.18021978021978E-0001
 775 -1.02571428571429E+0000 -4.90622710622711E-0001
 776 -1.01362637362637E+0000 -4.86593406593407E-0001
 777 -1.01523809523810E+0000 -5.18827838827839E-0001
 778 -1.02329670329670E+0000 -5.20439560439560E-0001
 779 -1.02732600732601E+0000 -4.86593406593407E-0001
 780 -1.01282051282051E+0000 -4.80952380952381E-0001
 781 -1.03538461538462E+0000 -5.07545787545788E-0001
 782 -1.05956043956044E+0000 -4.83369963369963E-0001
 783 -1.01201465201465E+0000 -5.06739926739927E-0001
 784 -1.05391941391941E+0000 -5.22051282051282E-0001
 785 -1.02087912087912E+0000 -4.76117216117216E-0001
 786 -1.04183150183150E+0000 -5.22857142857143E-0001
 787 -1.01765567765568E+0000 -4.83369963369963E-0001
 788 -1.01040293040293E+0000 -5.01904761904762E-0001
 789 -1.05311355311355E+0000 -4.82564102564103E-0001
 790 -1.00798534798535E+0000 -5.10769230769231E-0001
 791 -1.05391941391941E+0000 -4.81758241758242E-0001
 792 -1.01282051282051E+0000 -5.08351648351648E-0001
 793 -1.05230769230769E+0000 -5.17216117216117E-0001
 794 -1.01926739926740E+0000 -4.63223443223443E-0001
 795 -1.04102564102564E+0000 -5.08351648351648E-0001
 796 -1.01604395604396E+0000 -4.99487179487179E-0001
 797 -1.05150183150183E+0000 -4.81758241758242E-0001
 798 -1.00879120879121E+0000 -5.19633699633700E-0001
 799 -1.04666666666667E+0000 -4.82564102564103E-0001
 800 -1.00315018315018E+0000 -5.15604395604396E-0001
 801 -1.04505494505495E+0000 -4.82564102564103E-0001
 802 -1.00798534798535E+0000 -4.72087912087912E-0001
 803 -1.04908424908425E+0000 -5.12380952380952E-0001
 804 -1.01201465201465E+0000 -4.76923076923077E-0001
 805 -1.05472527472527E+0000 -5.08351648351648E-0001
 806 -1.01201465201465E+0000 -4.80146520146520E-0001
 807 -1.05311355311355E+0000 -5.22051282051282E-0001
 808 -1.04021978021978E+0000 -4.80952380952381E-0001
 809 -1.00959706959707E+0000 -5.22857142857143E-0001
 810 -1.04263736263736E+0000 -4.76923076923077E-0001
 811 -1.01362637362637E+0000 -5.23663003663004E-0001
 812 -1.03054945054945E+0000 -4.93846153846154E-0001
 813 -1.01201465201465E+0000 -4.88205128205128E-0001
 814 -1.05069597069597E+0000 -4.92234432234432E-0001
 815 -1.01040293040293E+0000 -4.89816849816850E-0001
 816 -1.05069597069597E+0000 -4.92234432234432E-0001
 817 -1.00798534798535E+0000 -4.73699633699634E-0001
 818 -1.02652014652015E+0000 -5.22857142857143E-0001
 819 -1.02652014652015E+0000 -4.79340659340659E-0001
 820 -1.03296703296703E+0000 -5.18021978021978E-0001
 821 -1.02249084249084E+0000 -4.92234432234432E-0001
 822 -1.01362637362637E+0000 -5.16410256410256E-0001
 823 -1.02571428571429E+0000 -4.89010989010989E-0001
 824 -1.01362637362637E+0000 -4.88205128205128E-0001
 825 -1.01282051282051E+0000 -4.89010989010989E-0001
 826 -1.00879120879121E+0000 -4.74505494505495E-0001
 827 -1.03860805860806E+0000 -5.06739926739927E-0001
 828 -1.05230769230769E+0000 -5.14798534798535E-0001
 829 -1.05391941391941E+0000 -4.92234432234432E-0001
 830 -1.00879120879121E+0000 -5.12380952380952E-0001
 831 -1.05391941391941E+0000 -5.16410256410256E-0001
 832 -1.02168498168498E+0000 -4.86593406593407E-0001
 833 -1.00959706959707E+0000 -5.20439560439560E-0001
 834 -1.02007326007326E+0000 -4.85787545787546E-0001
 835 -1.00959706959707E+0000 -5.25274725274725E-0001
 836 -1.02249084249084E+0000 -5.19633699633700E-0001
 837 -1.02329670329670E+0000 -5.19633699633700E-0001
 838 -1.02410256410256E+0000 -5.26080586080586E-0001
 839 -1.02571428571429E+0000 -5.18827838827839E-0001
 840 -1.01926739926740E+0000 -5.11575091575092E-0001
 841 -1.04989010989011E+0000 -5.18827838827839E-0001
 842 -1.02007326007326E+0000 -5.18827838827839E-0001
 843 -1.02168498168498E+0000 -5.03516483516484E-0001
 844 -1.04908424908425E+0000 -5.10769230769231E-0001
 845 -1.04989010989011E+0000 -5.09157509157509E-0001
 846 -1.05069597069597E+0000 -5.09963369963370E-0001
 847 -1.05150183150183E+0000 -5.09963369963370E-0001
 848 -1.04908424908425E+0000 -5.10769230769231E-0001
 849 -1.04747252747253E+0000 -5.12380952380952E-0001
 850 -1.01765567765568E+0000 -5.15604395604396E-0001
 851 -1.01765567765568E+0000 -5.20439560439560E-0001
 852 -1.02249084249084E+0000 -4.83369963369963E-0001
 853 -9.98315018315018E-0001 -4.72087912087912E-0001
 854 -1.05069597069597E+0000 -4.64835164835165E-0001
 855 -1.04827838827839E+0000 -5.10769230769231E-0001
 856 -1.01846153846154E+0000 -4.72087912087912E-0001
 857 -1.05391941391941E+0000 -5.19633699633700E-0001
 858 -1.04747252747253E+0000 -4.82564102564103E-0001
 859 -1.00798534798535E+0000 -5.24468864468864E-0001
 860 -1.04183150183150E+0000 -5.09963369963370E-0001
 861 -1.01523809523810E+0000 -4.79340659340659E-0001
 862 -1.05311355311355E+0000 -5.07545787545788E-0001
 863 -1.01604395604396E+0000 -4.79340659340659E-0001
 864 -1.01443223443223E+0000 -5.22857142857143E-0001
 865 -1.03619047619048E+0000 -4.75311355311355E-0001
 866 -1.01362637362637E+0000 -5.21245421245421E-0001
 867 -1.02410256410256E+0000 -4.79340659340659E-0001
 868 -1.02007326007326E+0000 -4.86593406593407E-0001
 869 -1.05553113553114E+0000 -4.90622710622711E-0001
 870 -1.01362637362637E+0000 -4.92234432234432E-0001
 871 -1.05311355311355E+0000 -5.21245421245421E-0001
 872 -1.02168498168498E+0000 -4.79340659340659E-0001
 873 -1.02329670329670E+0000 -5.13186813186813E-0001
 874 -1.02490842490842E+0000 -4.75311355311355E-0001
 875 -1.02732600732601E+0000 -4.94652014652015E-0001
 876 -1.05794871794872E+0000 -4.88205128205128E-0001
 877 -1.01443223443223E+0000 -4.97875457875458E-0001
 878 -1.05150183150183E+0000 -4.77728937728938E-0001
 879 -1.03296703296703E+0000 -5.20439560439560E-0001
 880 -1.01523809523810E+0000 -4.76923076923077E-0001
 881 -1.03054945054945E+0000 -4.89816849816850E-0001
 882 -1.01040293040293E+0000 -5.04322344322344E-0001
 883 -1.05553113553114E+0000 -4.89816849816850E-0001
 884 -1.01282051282051E+0000 -4.79340659340659E-0001
 885 -1.03619047619048E+0000 -5.18021978021978E-0001
 886 -1.02087912087912E+0000 -4.78534798534799E-0001
 887 -1.03941391941392E+0000 -5.22857142857143E-0001
 888 -1.01846153846154E+0000 -4.77728937728938E-0001
 889 -1.03860805860806E+0000 -5.25274725274725E-0001
 890 -1.02329670329670E+0000 -4.93846153846154E-0001
 891 -1.01120879120879E+0000 -5.14798534798535E-0001
 892 -1.05230769230769E+0000 -5.20439560439560E-0001
 893 -1.02249084249084E+0000 -5.27692307692308E-0001
 894 -1.02168498168498E+0000 -5.29304029304029E-0001
 895 -1.02249084249084E+0000 -4.93846153846154E-0001
 896 -1.01201465201465E+0000 -4.89816849816850E-0001
 897 -1.01040293040293E+0000 -5.12380952380952E-0001
 898 -1.02007326007326E+0000 -4.90622710622711E-0001
 899 -1.01120879120879E+0000 -4.84981684981685E-0001
 900 -1.00395604395604E+0000 -4.71282051282051E-0001
 901 -1.04505494505495E+0000 -5.15604395604396E-0001
 902 -1.05069597069597E+0000 -4.85787545787546E-0001
 903 -1.00637362637363E+0000 -4.76117216117216E-0001
 904 -1.04424908424908E+0000 -5.16410256410256E-0001
 905 -1.01282051282051E+0000 -4.83369963369963E-0001
 906 -1.00153846153846E+0000 -5.23663003663004E-0001
 907 -1.04747252747253E+0000 -4.84981684981685E-0001
 908 -1.00637362637363E+0000 -5.10769230769231E-0001
 909 -1.01523809523810E+0000 -4.80952380952381E-0001
 910 -1.05714285714286E+0000 -5.13186813186813E-0001
 911 -1.00959706959707E+0000 -4.80952380952381E-0001
 912 -1.01282051282051E+0000 -5.22857142857143E-0001
 913 -1.04021978021978E+0000 -4.84175824175824E-0001
 914 -1.01443223443223E+0000 -5.24468864468864E-0001
 915 -1.03457875457875E+0000 -4.82564102564103E-0001
 916 -1.01201465201465E+0000 -4.83369963369963E-0001
 917 -1.05553113553114E+0000 -5.01904761904762E-0001
 918 -1.01282051282051E+0000 -4.86593406593407E-0001
 919 -1.05633699633700E+0000 -4.96263736263736E-0001
 920 -1.01201465201465E+0000 -4.96263736263736E-0001
 921 -1.05069597069597E+0000 -4.95457875457875E-0001
 922 -1.01684981684982E+0000 -5.22857142857143E-0001
 923 -1.01846153846154E+0000 -4.79340659340659E-0001
 924 -1.02490842490842E+0000 -5.28498168498168E-0001
 925 -1.02652014652015E+0000 -4.83369963369963E-0001
 926 -1.03296703296703E+0000 -5.01098901098901E-0001
 927 -1.05311355311355E+0000 -4.95457875457875E-0001
 928 -1.02007326007326E+0000 -5.05934065934066E-0001
 929 -1.04908424908425E+0000 -4.93846153846154E-0001
 930 -1.01523809523810E+0000 -5.09157509157509E-0001
 931 -1.05230769230769E+0000 -5.24468864468864E-0001
 932 -1.02490842490842E+0000 -4.81758241758242E-0001
 933 -1.03780219780220E+0000 -5.22051282051282E-0001
 934 -1.02168498168498E+0000 -4.79340659340659E-0001
 935 -1.03941391941392E+0000 -5.23663003663004E-0001
 936 -1.02249084249084E+0000 -4.82564102564103E-0001
 937 -1.04747252747253E+0000 -5.18021978021978E-0001
 938 -1.05230769230769E+0000 -4.93846153846154E-0001
 939 -1.00556776556777E+0000 -5.14798534798535E-0001
 940 -1.05150183150183E+0000 -4.88205128205128E-0001
 941 -1.00879120879121E+0000 -5.19633699633700E-0001
 942 -1.05150183150183E+0000 -5.23663003663004E-0001
 943 -1.02007326007326E+0000 -4.79340659340659E-0001
 944 -1.04263736263736E+0000 -5.24468864468864E-0001
 945 -1.02168498168498E+0000 -4.76117216117216E-0001
 946 -1.04424908424908E+0000 -5.17216117216117E-0001
 947 -1.02168498168498E+0000 -4.87399267399267E-0001
 948 -1.01120879120879E+0000 -5.19633699633700E-0001
 949 -1.04989010989011E+0000 -4.87399267399267E-0001
 950 -1.00234432234432E+0000 -5.29304029304029E-0001
 951 -1.04908424908425E+0000 -5.20439560439560E-0001
 952 -1.01765567765568E+0000 -4.70476190476190E-0001
 953 -1.05069597069597E+0000 -5.17216117216117E-0001
 954 -1.02007326007326E+0000 -4.73699633699634E-0001
 955 -1.04989010989011E+0000 -5.22051282051282E-0001
 956 -1.01282051282051E+0000 -5.22051282051282E-0001
 957 -1.04183150183150E+0000 -4.84981684981685E-0001
 958 -1.01282051282051E+0000 -5.29304029304029E-0001
 959 -1.04021978021978E+0000 -4.85787545787546E-0001
 960 -1.01684981684982E+0000 -4.86593406593407E-0001
 961 -1.05553113553114E+0000 -5.13186813186813E-0001
 962 -1.01523809523810E+0000 -4.81758241758242E-0001
 963 -1.05633699633700E+0000 -4.99487179487179E-0001
 964 -1.01443223443223E+0000 -4.81758241758242E-0001
 965 -1.01523809523810E+0000 -5.26080586080586E-0001
 966 -1.02410256410256E+0000 -4.81758241758242E-0001
 967 -1.02571428571429E+0000 -5.27692307692308E-0001
 968 -1.02490842490842E+0000 -4.84175824175824E-0001
 969 -1.03135531135531E+0000 -5.26080586080586E-0001
 970 -1.02168498168498E+0000 -4.79340659340659E-0001
 971 -1.02974358974359E+0000 -5.21245421245421E-0001
 972 -1.02652014652015E+0000 -4.87399267399267E-0001
 973 -1.03296703296703E+0000 -5.05934065934066E-0001
 974 -1.05311355311355E+0000 -4.93846153846154E-0001
 975 -1.01362637362637E+0000 -5.02710622710623E-0001
 976 -1.05472527472527E+0000 -4.93846153846154E-0001
 977 -1.00959706959707E+0000 -4.79340659340659E-0001
 978 -1.03619047619048E+0000 -5.22051282051282E-0001
 979 -1.02410256410256E+0000 -4.80146520146520E-0001
 980 -1.04102564102564E+0000 -5.25274725274725E-0001
 981 -1.02168498168498E+0000 -4.84175824175824E-0001
 982 -1.03699633699634E+0000 -5.15604395604396E-0001
 983 -1.02490842490842E+0000 -4.79340659340659E-0001
 984 -1.03941391941392E+0000 -5.11575091575092E-0001
 985 -1.06036630036630E+0000 -4.84175824175824E-0001
 986 -1.01120879120879E+0000 -5.18827838827839E-0001
 987 -1.05150183150183E+0000 -4.93040293040293E-0001
 988 -1.01040293040293E+0000 -5.09963369963370E-0001
 989 -1.05391941391941E+0000 -5.22857142857143E-0001
 990 -1.02249084249084E+0000 -4.82564102564103E-0001
 991 -1.04666666666667E+0000 -5.24468864468864E-0001
 992 -1.01846153846154E+0000 -4.87399267399267E-0001
 993 -1.01120879120879E+0000 -5.21245421245421E-0001
 994 -1.04747252747253E+0000 -4.84175824175824E-0001
 995 -1.00315018315018E+0000 -5.24468864468864E-0001
 996 -1.04666666666667E+0000 -4.89816849816850E-0001
 997 -1.00556776556777E+0000 -4.76923076923077E-0001
 998 -1.04908424908425E+0000 -5.18827838827839E-0001
 999 -1.01604395604396E+0000 -4.78534798534799E-0001
 1000 -1.04908424908425E+0000 -5.22857142857143E-0001
 1001 -1.04344322344322E+0000 -4.84981684981685E-0001
 1002 -1.00073260073260E+0000 -5.30915750915751E-0001
 1003 -1.03860805860806E+0000 -4.84175824175824E-0001
 1004 -1.01765567765568E+0000 -4.87399267399267E-0001
 1005 -1.05230769230769E+0000 -5.11575091575092E-0001
 1006 -1.01282051282051E+0000 -4.86593406593407E-0001
 1007 -1.05391941391941E+0000 -5.18021978021978E-0001
 1008 -1.01362637362637E+0000 -5.30915750915751E-0001
 1009 -1.02813186813187E+0000 -4.80952380952381E-0001
 1010 -1.01523809523810E+0000 -5.28498168498168E-0001
 1011 -1.02813186813187E+0000 -4.82564102564103E-0001
 1012 -1.02410256410256E+0000 -4.93040293040293E-0001
 1013 -1.05311355311355E+0000 -4.92234432234432E-0001
 1014 -1.01040293040293E+0000 -4.97069597069597E-0001
 1015 -1.05069597069597E+0000 -4.97069597069597E-0001
 1016 -1.00959706959707E+0000 -5.24468864468864E-0001
 1017 -1.02490842490842E+0000 -4.79340659340659E-0001
 1018 -1.02571428571429E+0000 -5.26080586080586E-0001
 1019 -1.02410256410256E+0000 -4.84175824175824E-0001
 1020 -1.03377289377289E+0000 -5.06739926739927E-0001
 1021 -1.04827838827839E+0000 -5.06739926739927E-0001
 1022 -1.04827838827839E+0000 -5.22051282051282E-0001
