 0 -1.28036630036630E+0000  1.30000000000000E+0000
 1  1.23230769230769E+0000 -1.94871794871795E-0001
 2 -1.04827838827839E+0000  3.97435897435897E-0001
 3 -6.31648351648352E-0001  5.69084249084249E-0001
 4 -1.23765567765568E+0000  1.30000000000000E+0000
 5  1.24117216117216E+0000 -8.76923076923077E-0002
 6 -7.15457875457875E-0001  3.95018315018315E-0001
 7 -6.14725274725275E-0001  6.13406593406593E-0001
 8 -1.26747252747253E+0000  1.30000000000000E+0000
 9  1.22827838827839E+0000  2.38681318681319E-0001
 10 -7.04175824175824E-0001  4.01465201465201E-0001
 11 -6.13919413919414E-0001  7.95531135531136E-0001
 12 -1.47538461538462E+0000  1.30000000000000E+0000
 13  1.14527472527473E+0000  4.54652014652015E-0001
 14 -6.04249084249084E-0001  4.08717948717949E-0001
 15 -6.01831501831502E-0001  8.04395604395604E-0001
 16 -1.54388278388278E+0000  1.30000000000000E+0000
 17  1.10659340659341E+0000  2.55604395604396E-0001
 18 -4.80952380952381E-0001  3.97435897435897E-0001
 19 -5.86520146520147E-0001  5.69084249084249E-0001
 20 -1.57128205128205E+0000  1.30000000000000E+0000
 21  1.09369963369963E+0000  2.16923076923077E-0001
 22 -2.73040293040293E-0001  3.97435897435897E-0001
 23 -5.72014652014652E-0001  3.62783882783883E-0001
 24 -1.64622710622711E+0000  1.30000000000000E+0000
 25  1.05501831501832E+0000  2.11282051282051E-0001
 26  8.55677655677656E-0002  4.16776556776557E-0001
 27 -5.38974358974359E-0001  4.07106227106227E-0001
 28 -1.49311355311355E+0000  1.30000000000000E+0000
 29  1.11384615384615E+0000  3.42637362637363E-0001
 30 -9.73626373626374E-0002  4.18388278388278E-0001
 31 -5.58315018315018E-0001  4.04688644688645E-0001
 32 -1.65750915750916E+0000  1.30000000000000E+0000
 33  1.04776556776557E+0000  2.51575091575092E-0001
 34  6.30036630036630E-0002  4.17582417582418E-0001
 35 -5.39780219780220E-0001  3.27326007326007E-0001
 36 -1.65428571428571E+0000  2.87032967032967E-0001
 37  6.20659340659341E-0001  4.26446886446886E-0001
 38 -4.92234432234432E-0001  2.53186813186813E-0001
 39 -1.60029304029304E+0000  1.30000000000000E+0000
 40  1.04454212454212E+0000  3.65201465201465E-0001
 41  4.00659340659341E-0001  2.62857142857143E-0001
 42 -1.68490842490842E+0000  1.30000000000000E+0000
 43  1.02197802197802E+0000  3.39413919413919E-0001
 44  6.44029304029304E-0001  4.30476190476190E-0001
 45 -4.86593406593407E-0001  2.38681318681319E-0001
 46 -1.71472527472527E+0000  1.30000000000000E+0000
 47  9.86520146520147E-0001  4.34505494505495E-0001
 48 -4.66446886446886E-0001  2.76556776556777E-0001
 49 -1.70102564102564E+0000  1.30000000000000E+0000
 50  9.88131868131868E-0001  6.16630036630037E-0001
 51  1.28307692307692E+0000  4.49010989010989E-0001
 52 -4.27765567765568E-0001  1.30000000000000E+0000
 53  1.03890109890110E+0000  8.93040293040293E-0001
 54  1.30000000000000E+0000  4.65128205128205E-0001
 55 -3.89084249084249E-0001  6.08571428571429E-0001
 56 -1.44476190476190E+0000  1.30000000000000E+0000
 57  1.08725274725275E+0000  1.19684981684982E+0000
 58  1.30000000000000E+0000  4.74798534798535E-0001
 59 -3.77802197802198E-0001  6.12600732600733E-0001
 60 -1.58498168498168E+0000  1.24197802197802E+0000
 61  1.30000000000000E+0000  4.82857142857143E-0001
 62 -3.56849816849817E-0001  4.85274725274725E-0001
 63 -1.58739926739927E+0000  1.30000000000000E+0000
 64  1.02520146520147E+0000  1.11223443223443E+0000
 65  1.30000000000000E+0000  4.84468864468864E-0001
 66 -3.57655677655678E-0001  3.68424908424908E-0001
 67 -1.75904761904762E+0000  1.09772893772894E+0000
 68  1.30000000000000E+0000  4.86886446886447E-0001
 69 -3.43956043956044E-0001  1.30000000000000E+0000
 70  8.74505494505495E-0001  1.27179487179487E+0000
 71  1.30000000000000E+0000  5.12673992673993E-0001
 72 -3.26227106227106E-0001  3.25714285714286E-0001
 73 -1.78886446886447E+0000  1.30000000000000E+0000
 74  8.32600732600733E-0001  1.22102564102564E+0000
 75  1.30000000000000E+0000  5.15091575091575E-0001
 76 -2.81098901098901E-0001  8.39560439560440E-0002
 77 -1.79369963369963E+0000  1.30000000000000E+0000
 78  8.35824175824176E-0001  1.07032967032967E+0000
 79  1.30000000000000E+0000  5.18315018315018E-0001
 80 -3.04468864468864E-0001  1.54578754578754E-0002
 81 -1.69054945054945E+0000  1.30000000000000E+0000
 82  6.93992673992674E-0001  1.08080586080586E+0000
 83  1.30000000000000E+0000 -6.27106227106227E-0002
 84 -1.53501831501832E+0000  1.30000000000000E+0000
 85  6.29523809523810E-0001  1.13076923076923E+0000
 86  1.30000000000000E+0000  5.37655677655678E-0001
 87 -2.60146520146520E-0001 -7.31868131868132E-0002
 88 -1.45604395604396E+0000  1.30000000000000E+0000
 89  6.02124542124542E-0001  5.48131868131868E-0001
 90 -2.25494505494505E-0001 -1.13479853479853E-0001
 91 -1.41252747252747E+0000  1.30000000000000E+0000
 92  6.02124542124542E-0001  1.16461538461538E+0000
 93  1.30000000000000E+0000  5.63443223443223E-0001
 94 -1.73113553113553E-0001 -1.88424908424908E-0001
 95 -1.47941391941392E+0000  1.15575091575092E+0000
 96  1.30000000000000E+0000  5.65860805860806E-0001
 97 -1.56996336996337E-0001 -2.60146520146520E-0001
 98 -1.37626373626374E+0000  1.30000000000000E+0000
 99  6.20659340659341E-0001  1.19684981684982E+0000
 100  1.30000000000000E+0000 -2.64175824175824E-0001
 101 -1.34967032967033E+0000  1.30000000000000E+0000
 102  6.22271062271062E-0001  1.30000000000000E+0000
 103  1.30000000000000E+0000  6.29523809523810E-0001
 104 -7.96336996336996E-0002 -1.21538461538461E-0001
 105 -1.28600732600733E+0000  1.30000000000000E+0000
 106  6.04542124542125E-0001  1.30000000000000E+0000
 107  1.30000000000000E+0000  6.55311355311355E-0001
 108 -4.25641025641026E-0002 -6.91575091575092E-0002
 109 -1.21428571428571E+0000  1.30000000000000E+0000
 110  5.74725274725275E-0001  6.55311355311355E-0001
 111 -4.25641025641026E-0002  1.30000000000000E+0000
 112  5.03003663003663E-0001  1.30000000000000E+0000
 113  1.30000000000000E+0000 -3.76190476190476E-0001
 114 -9.70109890109890E-0001  1.30000000000000E+0000
 115  4.87692307692308E-0001  6.55311355311355E-0001
 116  3.39926739926740E-0002 -4.45494505494505E-0001
 117 -8.95970695970696E-0001  1.30000000000000E+0000
 118  4.61904761904762E-0001  1.30000000000000E+0000
 119  1.30000000000000E+0000  6.82710622710623E-0001
 120  6.30036630036630E-0002 -4.68058608058608E-0001
 121 -8.11355311355311E-0001  1.30000000000000E+0000
 122  4.19194139194139E-0001  1.30000000000000E+0000
 123  1.30000000000000E+0000  7.02857142857143E-0001
 124  1.14578754578754E-0001  1.30000000000000E+0000
 125  4.17582417582418E-0001  1.30000000000000E+0000
 126  1.30000000000000E+0000  7.14139194139194E-0001
 127  1.38754578754579E-0001 -5.69597069597070E-0001
 128 -7.70256410256410E-0001  1.30000000000000E+0000
 129  4.31282051282051E-0001  1.30000000000000E+0000
 130  1.30000000000000E+0000  7.46373626373626E-0001
 131  1.83076923076923E-0001 -4.41465201465201E-0001
 132 -7.27545787545788E-0001  1.30000000000000E+0000
 133  4.12747252747253E-0001  1.30000000000000E+0000
 134  1.30000000000000E+0000 -4.40659340659341E-0001
 135 -6.50183150183150E-0001  1.30000000000000E+0000
 136  3.82124542124542E-0001  1.30000000000000E+0000
 137  1.30000000000000E+0000  7.95531135531136E-0001
 138  2.34652014652015E-0001  1.30000000000000E+0000
 139  3.53113553113553E-0001  1.30000000000000E+0000
 140  1.30000000000000E+0000  8.03589743589744E-0001
 141  2.49963369963370E-0001  1.30000000000000E+0000
 142  2.72527472527473E-0001  1.30000000000000E+0000
 143  1.30000000000000E+0000 -4.53553113553114E-0001
 144 -3.77802197802198E-0001  1.27098901098901E+0000
 145  2.41098901098901E-0001  1.30000000000000E+0000
 146  1.30000000000000E+0000  8.55164835164835E-0001
 147  2.54798534798535E-0001  1.30000000000000E+0000
 148  1.52454212454212E-0001  1.30000000000000E+0000
 149  1.30000000000000E+0000 -3.91501831501832E-0001
 150 -1.81172161172161E-0001  1.30000000000000E+0000
 151  1.30000000000000E+0000  9.22857142857143E-0001
 152  3.82930402930403E-0001  1.29355311355311E+0000
 153  1.57289377289377E-0001  9.71208791208791E-0001
 154  4.03076923076923E-0001 -2.12600732600733E-0001
 155 -1.14285714285714E-0001  1.30000000000000E+0000
 156  1.30000000000000E+0000  1.10014652014652E+0000
 157  4.47399267399267E-0001  2.51282051282051E-0002
 158 -6.19047619047619E-0002  1.30000000000000E+0000
 159  9.28205128205128E-0002  1.09369963369963E+0000
 160  4.61098901098901E-0001 -1.88424908424908E-0001
 161  2.27106227106227E-0002  1.30000000000000E+0000
 162  1.30000000000000E+0000 -1.94065934065934E-0001
 163  1.29084249084249E-0001  1.26212454212454E+0000
 164 -3.20879120879121E-0002  1.30000000000000E+0000
 165  1.30000000000000E+0000  1.11384615384615E+0000
 166  5.21538461538462E-0001  1.15494505494505E+0000
 167 -8.20512820512821E-0002  1.11223443223443E+0000
 168  5.77948717948718E-0001 -4.09523809523810E-0002
 169  2.53186813186813E-0001  1.30000000000000E+0000
 170  1.30000000000000E+0000  3.07692307692308E-0002
 171  2.88644688644689E-0001  1.13641025641026E+0000
 172 -1.03003663003663E-0001  1.11948717948718E+0000
 173  6.40805860805861E-0001  1.34725274725275E-0001
 174  3.76483516483516E-0001  1.30000000000000E+0000
 175  1.30000000000000E+0000  1.78241758241758E-0001
 176  4.11135531135531E-0001  1.30000000000000E+0000
 177  1.21619047619048E+0000  1.17750915750916E+0000
 178  6.93992673992674E-0001  9.96190476190476E-0001
 179 -2.02930402930403E-0001  1.20571428571429E+0000
 180  7.54432234432234E-0001  2.96703296703297E-0001
 181  4.80439560439560E-0001  9.62344322344322E-0001
 182 -2.22271062271062E-0001  1.30000000000000E+0000
 183  1.18959706959707E+0000  3.23296703296703E-0001
 184  5.40073260073260E-0001  1.30000000000000E+0000
 185  1.13641025641026E+0000  3.32967032967033E-0001
 186  5.80366300366300E-0001  9.30109890109890E-0001
 187 -3.30256410256410E-0001  1.30000000000000E+0000
 188  1.03406593406593E+0000  1.24520146520147E+0000
 189  7.81025641025641E-0001  3.53919413919414E-0001
 190  6.03736263736264E-0001  8.87399267399267E-0001
 191 -3.29450549450549E-0001  1.30000000000000E+0000
 192  9.78461538461538E-0001  1.26695970695971E+0000
 193  8.08424908424908E-0001  8.73699633699634E-0001
 194 -3.54432234432234E-0001  1.27421245421245E+0000
 195  8.30183150183150E-0001  1.30000000000000E+0000
 196  8.60000000000000E-0001  8.35824175824176E-0001
 197 -4.30989010989011E-0001  1.30000000000000E+0000
 198  8.91428571428571E-0001  4.91721611721612E-0001
 199  7.74578754578755E-0001  1.30000000000000E+0000
 200  8.98681318681319E-0001  8.33406593406593E-0001
 201 -5.03516483516484E-0001  1.30000000000000E+0000
 202  7.28644688644689E-0001  8.38241758241758E-0001
 203 -5.31721611721612E-0001  5.77948717948718E-0001
 204  8.90622710622711E-0001  1.30000000000000E+0000
 205  6.25494505494505E-0001  1.30000000000000E+0000
 206  1.00989010989011E+0000  7.29450549450549E-0001
 207 -6.00219780219780E-0001  1.30000000000000E+0000
 208  5.60219780219780E-0001  6.81098901098901E-0001
 209  9.64761904761905E-0001  1.30000000000000E+0000
 210  1.04534798534799E+0000  7.61684981684982E-0001
 211  1.01633699633700E+0000  1.30000000000000E+0000
 212  4.45787545787546E-0001  6.42417582417582E-0001
 213 -6.80805860805861E-0001  8.22124542124542E-0001
 214  1.06791208791209E+0000  1.30000000000000E+0000
 215  1.20974358974359E+0000  1.30000000000000E+0000
 216  2.28205128205128E-0001  5.65860805860806E-0001
 217 -7.88791208791209E-0001  9.35750915750916E-0001
 218  1.18798534798535E+0000  1.30000000000000E+0000
 219  1.28307692307692E+0000  1.30000000000000E+0000
 220  1.00879120879120E-0001  5.08644688644689E-0001
 221 -8.71794871794872E-0001  1.02842490842491E+0000
 222  1.25164835164835E+0000  1.30000000000000E+0000
 223  1.30000000000000E+0000  1.30000000000000E+0000
 224  1.94871794871795E-0002  3.90989010989011E-0001
 225 -9.96703296703297E-0001  1.16300366300366E+0000
 226  1.30000000000000E+0000  1.30000000000000E+0000
 227  1.30000000000000E+0000  1.15816849816850E+0000
 228  1.30000000000000E+0000  1.30000000000000E+0000
 229  1.30000000000000E+0000  1.27179487179487E+0000
 230 -1.21538461538461E-0001  2.51575091575092E-0001
 231 -1.12967032967033E+0000  1.30000000000000E+0000
 232  1.30000000000000E+0000  1.30000000000000E+0000
 233  1.30000000000000E+0000  1.12996336996337E+0000
 234 -2.34358974358974E-0001  1.87912087912088E-0001
 235 -1.19413919413919E+0000  1.56483516483516E-0001
 236 -1.23443223443223E+0000  1.30000000000000E+0000
 237  1.30000000000000E+0000  1.30000000000000E+0000
 238  1.30000000000000E+0000  1.30000000000000E+0000
 239  1.30000000000000E+0000  1.30000000000000E+0000
 240  1.30000000000000E+0000  1.30000000000000E+0000
 241  1.30000000000000E+0000  9.55897435897436E-0001
 242 -4.08424908424908E-0001  2.51282051282051E-0002
 243 -1.32468864468864E+0000  1.30000000000000E+0000
 244  1.30000000000000E+0000  1.30000000000000E+0000
 245  1.30000000000000E+0000 -5.14285714285714E-0002
 246 -1.36659340659341E+0000  1.30000000000000E+0000
 247  1.30000000000000E+0000  1.30000000000000E+0000
 248  1.30000000000000E+0000  8.27765567765568E-0001
 249 -5.51062271062271E-0001  1.30000000000000E+0000
 250  1.30000000000000E+0000  8.04395604395604E-0001
 251 -5.77655677655678E-0001  1.30000000000000E+0000
 252  1.30000000000000E+0000  8.08424908424908E-0001
 253 -5.72820512820513E-0001  1.30000000000000E+0000
 254  1.30000000000000E+0000 -2.54505494505495E-0001
 255 -1.57611721611722E+0000  1.30000000000000E+0000
 256  1.30000000000000E+0000 -2.86739926739927E-0001
 257 -1.61641025641026E+0000  1.30000000000000E+0000
 258  1.30000000000000E+0000  7.60073260073260E-0001
 259 -6.16336996336996E-0001  1.30000000000000E+0000
 260  1.30000000000000E+0000  1.30000000000000E+0000
 261  1.30000000000000E+0000 -4.15677655677656E-0001
 262 -1.71633699633700E+0000  1.30000000000000E+0000
 263  1.30000000000000E+0000 -4.65641025641026E-0001
 264 -1.75098901098901E+0000  7.23809523809524E-0001
 265 -6.75164835164835E-0001  1.30000000000000E+0000
 266  1.30000000000000E+0000  6.89963369963370E-0001
 267 -6.88058608058608E-0001 -5.05934065934066E-0001
 268 -1.78725274725275E+0000  1.30000000000000E+0000
 269  1.30000000000000E+0000  1.30000000000000E+0000
 270  1.25809523809524E+0000  6.20659340659341E-0001
 271 -7.21098901098901E-0001 -5.82490842490842E-0001
 272 -1.78483516483516E+0000  1.30000000000000E+0000
 273  7.99560439560440E-0001  1.30000000000000E+0000
 274  1.30000000000000E+0000  5.59413919413919E-0001
 275 -7.48498168498168E-0001 -6.13919413919414E-0001
 276 -1.78483516483516E+0000  1.30000000000000E+0000
 277  1.25567765567766E+0000 -6.44542124542125E-0001
 278 -1.78483516483516E+0000  1.30000000000000E+0000
 279  1.30000000000000E+0000  1.30000000000000E+0000
 280  1.00344322344322E+0000  5.28791208791209E-0001
 281 -7.84761904761905E-0001 -6.42930402930403E-0001
 282 -1.78725274725275E+0000 -6.43736263736264E-0001
 283 -1.78322344322344E+0000 -6.41318681318681E-0001
 284 -1.77919413919414E+0000  1.30000000000000E+0000
 285  1.30000000000000E+0000 -6.42124542124542E-0001
 286 -1.78322344322344E+0000  1.30000000000000E+0000
 287  1.30000000000000E+0000  1.30000000000000E+0000
 288  1.30000000000000E+0000  1.30000000000000E+0000
 289  7.84249084249084E-0001  1.30000000000000E+0000
 290  8.97875457875458E-0001  1.30000000000000E+0000
 291  5.86007326007326E-0001  4.55457875457875E-0001
 292 -7.96043956043956E-0001  4.42564102564103E-0001
 293 -7.99267399267399E-0001  4.22417582417582E-0001
 294 -7.91208791208791E-0001  4.07912087912088E-0001
 295 -7.79926739926740E-0001 -6.45347985347985E-0001
 296 -1.78402930402930E+0000  4.07912087912088E-0001
 297 -7.59780219780220E-0001 -6.43736263736264E-0001
 298 -1.78483516483516E+0000  4.03882783882784E-0001
 299 -7.50915750915751E-0001 -6.43736263736264E-0001
 300 -1.78402930402930E+0000  3.90989010989011E-0001
 301 -7.48498168498168E-0001 -6.44542124542125E-0001
 302 -1.78402930402930E+0000  3.94212454212454E-0001
 303 -7.64615384615385E-0001  3.95824175824176E-0001
 304 -7.54139194139194E-0001 -6.43736263736264E-0001
 305 -1.77516483516484E+0000 -6.41318681318681E-0001
 306 -1.78161172161172E+0000 -5.46227106227106E-0001
 307 -1.78241758241758E+0000 -5.86520146520147E-0001
 308 -1.78241758241758E+0000 -3.68937728937729E-0001
 309 -1.78322344322344E+0000 -2.10989010989011E-0001
 310 -1.78644688644689E+0000 -5.46520146520147E-0002
 311 -1.78483516483516E+0000  4.98168498168498E-0003
 312 -1.78241758241758E+0000 -9.17216117216117E-0002
 313 -1.78322344322344E+0000 -1.80366300366300E-0001
 314 -1.78080586080586E+0000 -2.27106227106227E-0003
 315 -1.78161172161172E+0000  1.51648351648352E-0001
 316 -1.78322344322344E+0000  4.84981684981685E-0002
 317 -1.78000000000000E+0000  1.69377289377289E-0001
 318 -1.77919413919414E+0000  9.84615384615385E-0002
 319 -1.77919413919414E+0000  2.64468864468864E-0001
 320 -1.42300366300366E+0000  4.57069597069597E-0001
 321 -7.79120879120879E-0001  3.82930402930403E-0001
 322 -7.33992673992674E-0001  3.75677655677656E-0001
 323  2.27106227106227E-0002  1.30000000000000E+0000
 324  1.13479853479853E+0000  6.19047619047619E-0001
 325  3.71648351648352E-0001  5.78754578754579E-0001
 326 -1.79128205128205E+0000  1.30000000000000E+0000
 327  1.12351648351648E+0000  4.26446886446886E-0001
 328 -4.97069597069597E-0001  1.30000000000000E+0000
 329  1.14769230769231E+0000  1.16219780219780E+0000
 330  1.16864468864469E+0000  8.72087912087912E-0001
 331 -1.79369963369963E+0000  1.26695970695971E+0000
 332  1.30000000000000E+0000  4.51428571428571E-0001
 333 -4.61611721611722E-0001  1.30000000000000E+0000
 334  1.08000000000000E+0000  5.59413919413919E-0001
 335 -1.79289377289377E+0000  1.30000000000000E+0000
 336  1.09772893772894E+0000  3.80512820512821E-0001
 337 -1.79047619047619E+0000  4.70769230769231E-0001
 338 -4.18095238095238E-0001  4.56263736263736E-0001
 339 -3.70549450549451E-0001  1.05501831501832E+0000
 340  1.30000000000000E+0000  1.24036630036630E+0000
 341  1.30000000000000E+0000  1.30000000000000E+0000
 342  9.51868131868132E-0001  1.30000000000000E+0000
 343  9.44615384615385E-0001  1.30000000000000E+0000
 344  9.26080586080586E-0001  1.30000000000000E+0000
 345  9.27692307692308E-0001  1.30000000000000E+0000
 346  1.30000000000000E+0000  1.30000000000000E+0000
 347  1.30000000000000E+0000  1.30000000000000E+0000
 348  1.30000000000000E+0000  1.30000000000000E+0000
 349  1.30000000000000E+0000  1.30000000000000E+0000
 350  1.30000000000000E+0000  1.30000000000000E+0000
 351  1.30000000000000E+0000  1.30000000000000E+0000
 352  1.30000000000000E+0000  1.30000000000000E+0000
 353  1.30000000000000E+0000  1.30000000000000E+0000
 354  1.30000000000000E+0000  1.30000000000000E+0000
 355  1.30000000000000E+0000  1.30000000000000E+0000
 356  1.30000000000000E+0000  1.30000000000000E+0000
 357  1.30000000000000E+0000  7.41538461538462E-0001
 358  6.86446886446886E-0002  7.70549450549451E-0001
 359  4.93040293040293E-0002  7.87472527472527E-0001
 360  4.36630036630037E-0002 -4.22930402930403E-0001
 361 -6.21172161172161E-0001 -4.04395604395604E-0001
 362 -5.77655677655678E-0001 -4.39047619047619E-0001
 363 -4.72087912087912E-0001  1.30000000000000E+0000
 364  2.62857142857143E-0001  1.30000000000000E+0000
 365  2.42710622710623E-0001  1.30000000000000E+0000
 366  2.56410256410256E-0001  1.30000000000000E+0000
 367  1.30000000000000E+0000  1.30000000000000E+0000
 368  1.30000000000000E+0000  1.30000000000000E+0000
 369  1.30000000000000E+0000  1.30000000000000E+0000
 370  1.30000000000000E+0000  1.30000000000000E+0000
 371  1.30000000000000E+0000  1.04534798534799E+0000
 372  4.38534798534799E-0001  1.06710622710623E+0000
 373  4.68351648351648E-0001  1.09934065934066E+0000
 374  4.86886446886447E-0001  1.50036630036630E-0001
 375  3.54725274725275E-0001  1.74212454212454E-0001
 376  4.07912087912088E-0001  1.91135531135531E-0001
 377  4.36117216117216E-0001  1.04857142857143E+0000
 378 -2.31135531135531E-0001  9.97802197802198E-0001
 379 -3.54432234432234E-0001  1.30000000000000E+0000
 380  1.30000000000000E+0000  1.30000000000000E+0000
 381  1.20410256410256E+0000  1.30000000000000E+0000
 382  1.19120879120879E+0000  1.26131868131868E+0000
 383  7.02857142857143E-0001  1.28710622710623E+0000
 384  7.58461538461538E-0001  5.49743589743590E-0001
 385  7.84249084249084E-0001  5.84395604395604E-0001
 386  8.18095238095238E-0001  7.84249084249084E-0001
 387 -5.76043956043956E-0001  7.06886446886447E-0001
 388 -5.76849816849817E-0001  1.30000000000000E+0000
 389  8.03589743589744E-0001  1.30000000000000E+0000
 390  7.00439560439560E-0001  6.48058608058608E-0001
 391 -6.13113553113553E-0001  1.30000000000000E+0000
 392  5.90842490842491E-0001  1.30000000000000E+0000
 393  5.34432234432234E-0001  1.30000000000000E+0000
 394  5.70695970695971E-0001  1.30000000000000E+0000
 395  1.12835164835165E+0000  1.30000000000000E+0000
 396  1.18073260073260E+0000  1.04534798534799E+0000
 397  1.20974358974359E+0000  4.07106227106227E-0001
 398 -7.93626373626374E-0001  1.30000000000000E+0000
 399  1.22637362637362E-0001  1.30000000000000E+0000
 400  2.35164835164835E-0002  1.30000000000000E+0000
 401  1.30000000000000E+0000  1.30000000000000E+0000
 402  1.30000000000000E+0000  1.30000000000000E+0000
 403  1.30000000000000E+0000  1.74212454212454E-0001
 404 -1.07326007326007E+0000  1.14043956043956E+0000
 405 -2.03736263736264E-0001  1.09692307692308E+0000
 406 -2.37582417582418E-0001  1.30000000000000E+0000
 407  1.30000000000000E+0000  1.30000000000000E+0000
 408  1.30000000000000E+0000  1.30000000000000E+0000
 409  1.30000000000000E+0000  1.30000000000000E+0000
 410  1.30000000000000E+0000  4.84981684981685E-0002
 411 -1.31904761904762E+0000  7.12527472527473E-0001
 412 -5.18021978021978E-0001  6.85128205128205E-0001
 413 -5.51868131868132E-0001  1.30000000000000E+0000
 414  1.30000000000000E+0000  1.30000000000000E+0000
 415  1.30000000000000E+0000  1.30000000000000E+0000
 416  1.30000000000000E+0000  1.30000000000000E+0000
 417  1.30000000000000E+0000 -1.92454212454212E-0001
 418 -1.56967032967033E+0000  6.48864468864469E-0001
 419 -6.57435897435897E-0001  6.71428571428571E-0001
 420 -6.68717948717949E-0001  1.30000000000000E+0000
 421  1.30000000000000E+0000  1.30000000000000E+0000
 422  1.30000000000000E+0000  1.30000000000000E+0000
 423  1.30000000000000E+0000  1.30000000000000E+0000
 424  1.30000000000000E+0000 -6.40512820512821E-0001
 425 -1.78241758241758E+0000  6.52087912087912E-0001
 426 -7.35604395604396E-0001  1.30000000000000E+0000
 427  1.30000000000000E+0000  1.30000000000000E+0000
 428  1.30000000000000E+0000  1.30000000000000E+0000
 429  1.30000000000000E+0000 -6.40512820512821E-0001
 430 -1.78161172161172E+0000  5.51355311355311E-0001
 431 -7.97655677655678E-0001  1.30000000000000E+0000
 432  1.30000000000000E+0000  1.30000000000000E+0000
 433  1.30000000000000E+0000 -6.41318681318681E-0001
 434 -1.78483516483516E+0000  4.42564102564103E-0001
 435 -8.20219780219780E-0001  1.30000000000000E+0000
 436  1.22827838827839E+0000  1.30000000000000E+0000
 437  1.30000000000000E+0000 -6.42124542124542E-0001
 438 -1.78241758241758E+0000  3.65201465201465E-0001
 439 -8.21025641025641E-0001  1.30000000000000E+0000
 440 -1.58608058608059E-0001  1.30000000000000E+0000
 441  1.30000000000000E+0000 -6.40512820512821E-0001
 442 -1.78000000000000E+0000  3.45860805860806E-0001
 443 -8.01684981684982E-0001  1.30000000000000E+0000
 444 -3.29450549450549E-0001  1.30000000000000E+0000
 445  1.30000000000000E+0000 -5.69597069597070E-0001
 446 -1.77919413919414E+0000  3.45860805860806E-0001
 447 -7.69450549450549E-0001 -2.63369963369963E-0001
 448 -1.77919413919414E+0000  1.30000000000000E+0000
 449  1.30000000000000E+0000  1.17670329670330E+0000
 450 -1.43428571428571E+0000  1.16461538461538E+0000
 451 -1.24007326007326E+0000  3.54725274725275E-0001
 452 -6.82417582417582E-0001  4.73992673992674E-0001
 453 -1.77194139194139E+0000  1.30000000000000E+0000
 454  1.30000000000000E+0000  3.81318681318681E-0001
 455 -1.21750915750916E+0000  1.30000000000000E+0000
 456  1.30000000000000E+0000  8.51941391941392E-0001
 457 -1.31018315018315E+0000  3.68424908424908E-0001
 458 -5.88937728937729E-0001  8.41465201465201E-0001
 459  1.39560439560440E-0001  1.00183150183150E+0000
 460  3.86153846153846E-0001  1.30000000000000E+0000
 461  1.30000000000000E+0000  1.10256410256410E+0000
 462  8.27765567765568E-0001  1.30000000000000E+0000
 463  1.27340659340659E+0000  1.30000000000000E+0000
 464  1.24761904761905E+0000  3.24102564102564E-0001
 465 -1.79369963369963E+0000  4.46593406593407E-0001
 466 -4.55164835164835E-0001  1.30000000000000E+0000
 467  1.30000000000000E+0000  4.55457875457875E-0001
 468 -4.23736263736264E-0001  1.30000000000000E+0000
 469  1.30000000000000E+0000  4.82051282051282E-0001
 470 -3.85054945054945E-0001  1.30000000000000E+0000
 471  1.30000000000000E+0000  1.30000000000000E+0000
 472  1.30000000000000E+0000  5.75531135531136E-0001
 473 -2.85934065934066E-0001  5.85201465201465E-0001
 474 -2.40000000000000E-0001  5.87619047619048E-0001
 475 -2.17435897435897E-0001 -1.35531135531135E-0002
 476 -1.79369963369963E+0000 -1.62637362637363E-0001
 477 -1.73003663003663E+0000 -2.56410256410256E-0002
 478 -1.55435897435897E+0000  1.30000000000000E+0000
 479  7.11721611721612E-0001  1.30000000000000E+0000
 480  6.57728937728938E-0001  1.30000000000000E+0000
 481  1.30000000000000E+0000  7.17362637362637E-0001
 482 -3.28937728937729E-0002 -6.21172161172161E-0001
 483 -1.04747252747253E+0000  1.30000000000000E+0000
 484  5.77142857142857E-0001  1.30000000000000E+0000
 485  1.30000000000000E+0000  8.55164835164835E-0001
 486  1.38754578754579E-0001 -5.83296703296703E-0001
 487 -6.89670329670330E-0001  1.30000000000000E+0000
 488  3.76483516483516E-0001  1.30000000000000E+0000
 489  1.30000000000000E+0000  9.64761904761905E-0001
 490  2.92673992673993E-0001 -3.26227106227106E-0001
 491 -1.03003663003663E-0001  1.26373626373626E+0000
 492  9.84615384615385E-0002  1.30000000000000E+0000
 493  1.30000000000000E+0000  1.02923076923077E+0000
 494  4.45787545787546E-0001  7.99267399267399E-0002
 495  2.05641025641026E-0001  1.10981684981685E+0000
 496 -2.80586080586081E-0002  1.30000000000000E+0000
 497  1.30000000000000E+0000  1.20410256410256E+0000
 498  6.12600732600733E-0001  2.81391941391941E-0001
 499  4.52234432234432E-0001  1.30000000000000E+0000
 500  1.10095238095238E+0000  1.30000000000000E+0000
 501  7.45567765567766E-0001  1.30000000000000E+0000
 502  7.69743589743590E-0001  8.40659340659341E-0001
 503 -3.55238095238095E-0001  1.30000000000000E+0000
 504  8.72087912087912E-0001  7.72967032967033E-0001
 505 -4.53553113553114E-0001  7.95531135531136E-0001
 506 -5.47838827838828E-0001  7.50402930402930E-0001
 507  9.55897435897436E-0001  1.30000000000000E+0000
 508  9.97802197802198E-0001  8.05201465201465E-0001
 509  9.97802197802198E-0001  1.30000000000000E+0000
 510  1.07758241758242E+0000  1.30000000000000E+0000
 511  1.08805860805861E+0000  8.80146520146520E-0001
 512  1.12835164835165E+0000  9.00293040293040E-0001
 513  1.14043956043956E+0000  6.42417582417582E-0001
 514 -7.05787545787546E-0001  1.30000000000000E+0000
 515  1.78241758241758E-0001  1.30000000000000E+0000
 516  1.38754578754579E-0001  1.30000000000000E+0000
 517  1.30000000000000E+0000  1.30000000000000E+0000
 518  1.30000000000000E+0000  4.26446886446886E-0001
 519 -8.67765567765568E-0001  1.30000000000000E+0000
 520  1.30000000000000E+0000  2.78168498168498E-0001
 521 -9.53992673992674E-0001  1.12432234432234E+0000
 522 -1.70695970695971E-0001  1.30000000000000E+0000
 523  1.30000000000000E+0000  1.30000000000000E+0000
 524  1.30000000000000E+0000  2.31428571428571E-0001
 525 -1.01362637362637E+0000  1.03970695970696E+0000
 526 -2.73846153846154E-0001  1.30000000000000E+0000
 527  1.30000000000000E+0000  1.36336996336996E-0001
 528 -1.13934065934066E+0000  1.30000000000000E+0000
 529  1.30000000000000E+0000  4.68864468864469E-0002
 530 -1.26021978021978E+0000  8.93040293040293E-0001
 531 -4.50329670329670E-0001  1.30000000000000E+0000
 532  1.30000000000000E+0000  1.30000000000000E+0000
 533  1.30000000000000E+0000 -1.05421245421245E-0001
 534 -1.33758241758242E+0000  1.30000000000000E+0000
 535  1.30000000000000E+0000  1.30000000000000E+0000
 536  1.30000000000000E+0000  7.45567765567766E-0001
 537 -5.76849816849817E-0001  1.30000000000000E+0000
 538  1.30000000000000E+0000  6.85934065934066E-0001
 539 -6.34065934065934E-0001  1.30000000000000E+0000
 540  1.30000000000000E+0000 -3.83443223443223E-0001
 541 -1.68329670329670E+0000  5.77142857142857E-0001
 542 -6.96117216117216E-0001  1.30000000000000E+0000
 543  1.30000000000000E+0000 -4.80952380952381E-0001
 544 -1.77597069597070E+0000  5.61025641025641E-0001
 545 -7.37216117216117E-0001  1.30000000000000E+0000
 546  1.30000000000000E+0000  1.30000000000000E+0000
 547  1.30000000000000E+0000 -6.45347985347985E-0001
 548 -1.78402930402930E+0000  1.30000000000000E+0000
 549  1.30000000000000E+0000  1.30000000000000E+0000
 550  1.30000000000000E+0000 -6.43736263736264E-0001
 551 -1.78644688644689E+0000  4.28058608058608E-0001
 552 -8.14578754578755E-0001  1.30000000000000E+0000
 553  1.30000000000000E+0000 -6.42124542124542E-0001
 554 -1.78402930402930E+0000 -6.37289377289377E-0001
 555 -1.78080586080586E+0000 -6.42930402930403E-0001
 556 -1.77435897435897E+0000  1.30000000000000E+0000
 557  1.30000000000000E+0000 -5.47838827838828E-0001
 558 -1.77516483516484E+0000 -4.79340659340659E-0001
 559 -1.78402930402930E+0000 -6.42124542124542E-0001
 560 -1.78322344322344E+0000  3.41025641025641E-0001
 561 -7.96043956043956E-0001  1.30000000000000E+0000
 562 -4.91428571428571E-0001  1.30000000000000E+0000
 563  1.30000000000000E+0000 -2.19047619047619E-0001
 564 -1.78241758241758E+0000  3.41025641025641E-0001
 565 -7.61391941391941E-0001  1.30000000000000E+0000
 566  1.30000000000000E+0000  3.61978021978022E-0001
 567 -7.06593406593407E-0001  1.30000000000000E+0000
 568  1.30000000000000E+0000  7.89890109890110E-0001
 569 -1.79047619047619E+0000  3.09597069597070E-0001
 570 -1.40285714285714E+0000  9.48644688644689E-0001
 571 -1.79208791208791E+0000  9.25274725274725E-0001
 572 -1.05421245421245E-0001  3.98241758241758E-0001
 573 -5.62344322344322E-0001  1.30000000000000E+0000
 574  1.18395604395604E+0000  1.13963369963370E+0000
 575  4.20000000000000E-0001  1.30000000000000E+0000
 576  7.10915750915751E-0001  1.30000000000000E+0000
 577  9.55897435897436E-0001  1.30000000000000E+0000
 578  1.06065934065934E+0000  1.30000000000000E+0000
 579  1.06388278388278E+0000  4.87692307692308E-0001
 580 -4.51135531135531E-0001  1.30000000000000E+0000
 581  1.30000000000000E+0000 -3.88278388278388E-0003
 582 -1.79128205128205E+0000  1.30000000000000E+0000
 583  1.30000000000000E+0000  2.19047619047619E-0002
 584 -1.79047619047619E+0000  1.30000000000000E+0000
 585  9.01098901098901E-0001  5.39267399267399E-0001
 586 -2.60952380952381E-0001  1.30000000000000E+0000
 587  1.30000000000000E+0000 -3.99560439560440E-0001
 588 -1.45926739926740E+0000  6.23882783882784E-0001
 589 -1.41684981684982E-0001  6.29523809523810E-0001
 590 -1.41684981684982E-0001 -6.42124542124542E-0001
 591 -1.25054945054945E+0000  6.52087912087912E-0001
 592 -1.15897435897435E-0001 -6.37289377289377E-0001
 593 -1.18285714285714E+0000  6.84322344322344E-0001
 594 -8.20512820512821E-0002  6.89963369963370E-0001
 595 -8.04395604395604E-0002  7.26227106227106E-0001
 596 -5.22344322344322E-0002  7.25421245421245E-0001
 597 -4.41758241758242E-0002 -6.34871794871795E-0001
 598 -9.42710622710623E-0001 -6.36483516483516E-0001
 599 -8.47619047619048E-0001  1.30000000000000E+0000
 600  4.53040293040293E-0001  1.30000000000000E+0000
 601  4.03882783882784E-0001  1.30000000000000E+0000
 602  3.66813186813187E-0001  1.30000000000000E+0000
 603  3.78901098901099E-0001  1.30000000000000E+0000
 604  3.85347985347985E-0001  1.30000000000000E+0000
 605  1.30000000000000E+0000 -4.83369963369963E-0001
 606 -5.22051282051282E-0001  1.30000000000000E+0000
 607  1.30000000000000E+0000 -2.60146520146520E-0001
 608 -2.85934065934066E-0001 -2.16630036630037E-0001
 609 -2.47252747252747E-0001  1.27179487179487E+0000
 610  2.46739926739927E-0001  1.27098901098901E+0000
 611  2.29010989010989E-0001  1.30000000000000E+0000
 612  1.30000000000000E+0000  1.18395604395604E+0000
 613  1.91135531135531E-0001  1.30000000000000E+0000
 614  1.30000000000000E+0000  1.30000000000000E+0000
 615  1.30000000000000E+0000  1.30000000000000E+0000
 616  1.30000000000000E+0000  1.30000000000000E+0000
 617  1.30000000000000E+0000  1.07677655677656E+0000
 618  4.90915750915751E-0001  1.09611721611722E+0000
 619  5.29597069597070E-0001  1.80659340659341E-0001
 620  3.13626373626374E-0001  1.90329670329670E-0001
 621  3.77289377289377E-0001  1.05501831501832E+0000
 622 -1.11868131868131E-0001  1.10659340659341E+0000
 623 -9.81684981684982E-0002  1.30000000000000E+0000
 624  1.13157509157509E+0000  3.74871794871795E-0001
 625  5.39267399267399E-0001  1.01633699633700E+0000
 626 -2.51282051282051E-0001  1.30000000000000E+0000
 627  9.05934065934066E-0001  5.18315018315018E-0001
 628  6.77069597069597E-0001  1.30000000000000E+0000
 629  7.39926739926740E-0001  6.28717948717949E-0001
 630  7.79413919413919E-0001  6.51282051282051E-0001
 631  8.09230769230769E-0001  7.01245421245421E-0001
 632  8.74505494505495E-0001  7.38315018315018E-0001
 633  9.16410256410256E-0001  7.95531135531136E-0001
 634  9.80073260073260E-0001  8.39853479853480E-0001
 635  1.02923076923077E+0000  6.93186813186813E-0001
 636 -6.17142857142857E-0001  1.30000000000000E+0000
 637  3.91794871794872E-0001  1.30000000000000E+0000
 638  1.17992673992674E+0000  9.63956043956044E-0001
 639  1.12754578754579E+0000  1.30000000000000E+0000
 640  1.26857142857143E+0000  1.30000000000000E+0000
 641  1.22637362637362E-0001  1.14285714285714E+0000
 642  1.30000000000000E+0000  1.23311355311355E+0000
 643 -3.28937728937729E-0002  1.24520146520147E+0000
 644 -4.17582417582418E-0002  1.30000000000000E+0000
 645  1.30000000000000E+0000  1.30000000000000E+0000
 646  1.30000000000000E+0000  1.19040293040293E+0000
 647 -9.89743589743590E-0002  1.30000000000000E+0000
 648  1.30000000000000E+0000  1.30000000000000E+0000
 649  1.30000000000000E+0000  1.30000000000000E+0000
 650  1.30000000000000E+0000  1.30000000000000E+0000
 651  1.30000000000000E+0000  1.30000000000000E+0000
 652  1.30000000000000E+0000  1.30000000000000E+0000
 653  1.30000000000000E+0000  1.30000000000000E+0000
 654  1.30000000000000E+0000  1.30000000000000E+0000
 655  1.30000000000000E+0000  1.30000000000000E+0000
 656  1.30000000000000E+0000  9.44615384615385E-0001
 657 -3.42344322344322E-0001  1.30000000000000E+0000
 658  1.30000000000000E+0000  8.39560439560440E-0002
 659 -1.31501831501832E+0000  1.30000000000000E+0000
 660  1.30000000000000E+0000  8.06813186813187E-0001
 661 -4.89816849816850E-0001  1.30000000000000E+0000
 662  1.30000000000000E+0000  1.30000000000000E+0000
 663  1.30000000000000E+0000 -1.20732600732600E-0001
 664 -1.41010989010989E+0000  1.30000000000000E+0000
 665  1.30000000000000E+0000  1.30000000000000E+0000
 666  1.30000000000000E+0000 -2.06153846153846E-0001
 667 -1.42461538461538E+0000  6.85934065934066E-0001
 668 -5.84908424908425E-0001  1.30000000000000E+0000
 669  1.30000000000000E+0000  1.30000000000000E+0000
 670  1.30000000000000E+0000 -2.85934065934066E-0001
 671 -1.60835164835165E+0000  5.97289377289377E-0001
 672 -6.72747252747253E-0001  1.30000000000000E+0000
 673  1.30000000000000E+0000  1.30000000000000E+0000
 674  1.30000000000000E+0000 -4.03589743589744E-0001
 675 -1.70827838827839E+0000  1.30000000000000E+0000
 676  1.30000000000000E+0000  1.30000000000000E+0000
 677  1.30000000000000E+0000  5.15897435897436E-0001
 678 -7.53333333333333E-0001  1.30000000000000E+0000
 679  1.30000000000000E+0000  1.30000000000000E+0000
 680  1.30000000000000E+0000  4.49010989010989E-0001
 681 -7.92014652014652E-0001  1.30000000000000E+0000
 682  1.30000000000000E+0000  1.30000000000000E+0000
 683  1.30000000000000E+0000  6.03736263736264E-0001
 684 -8.14578754578755E-0001  1.30000000000000E+0000
 685  1.30000000000000E+0000  1.30000000000000E+0000
 686  1.30000000000000E+0000  1.30000000000000E+0000
 687 -1.79369963369963E+0000  1.30000000000000E+0000
 688  1.30000000000000E+0000  1.30000000000000E+0000
 689  1.30000000000000E+0000  3.71648351648352E-0001
 690 -1.78967032967033E+0000  4.10329670329670E-0001
 691 -8.27472527472527E-0001  1.30000000000000E+0000
 692  1.30000000000000E+0000  3.86153846153846E-0001
 693 -8.29890109890110E-0001  1.30000000000000E+0000
 694  1.30000000000000E+0000  1.30000000000000E+0000
 695  8.52747252747253E-0001 -6.41318681318681E-0001
 696 -1.78322344322344E+0000  3.45054945054945E-0001
 697 -8.31501831501832E-0001  1.30000000000000E+0000
 698  1.30000000000000E+0000  3.45860805860806E-0001
 699 -8.16996336996337E-0001  1.30000000000000E+0000
 700  1.30000000000000E+0000 -6.38901098901099E-0001
 701 -1.77919413919414E+0000  1.18798534798535E+0000
 702 -3.63296703296703E-0001 -6.38095238095238E-0001
 703 -1.77838827838828E+0000  3.57142857142857E-0001
 704 -7.82344322344322E-0001  1.30000000000000E+0000
 705  1.30000000000000E+0000  3.65201465201465E-0001
 706 -7.63003663003663E-0001  4.74798534798535E-0001
 707 -9.71721611721612E-0001 -6.42930402930403E-0001
 708 -1.77677655677656E+0000  3.53113553113553E-0001
 709 -1.15384615384615E+0000 -1.83882783882784E-0002
 710 -1.27633699633700E+0000  9.01098901098901E-0003
 711 -1.41655677655678E+0000 -2.00000000000000E-0002
 712 -1.11838827838828E+0000  1.30000000000000E+0000
 713  1.30000000000000E+0000  1.30000000000000E+0000
 714  1.30000000000000E+0000  1.30000000000000E+0000
 715  1.30000000000000E+0000  1.30000000000000E+0000
 716  1.30000000000000E+0000  1.30000000000000E+0000
 717  1.28710622710623E+0000 -6.34065934065934E-0001
 718 -1.78161172161172E+0000 -6.30842490842491E-0001
 719 -1.78080586080586E+0000 -6.28424908424908E-0001
 720 -1.78080586080586E+0000  1.30000000000000E+0000
 721  1.18395604395604E+0000  1.24842490842491E+0000
 722  1.16380952380952E+0000  1.24278388278388E+0000
 723  1.13802197802198E+0000 -6.34871794871795E-0001
 724 -1.47699633699634E+0000 -6.33260073260073E-0001
 725 -6.49377289377289E-0001 -6.33260073260073E-0001
 726 -5.22051282051282E-0001  6.10989010989011E-0001
 727 -5.24468864468864E-0001  5.50549450549451E-0001
 728 -5.01098901098901E-0001  1.30000000000000E+0000
 729  1.05098901098901E+0000  4.91721611721612E-0001
 730 -4.59194139194139E-0001 -6.29230769230769E-0001
 731 -1.77838827838828E+0000 -6.29230769230769E-0001
 732 -1.77838827838828E+0000 -6.29230769230769E-0001
 733 -1.77758241758242E+0000  4.69963369963370E-0001
 734  1.30000000000000E+0000  1.30000000000000E+0000
 735  8.48717948717949E-0001  5.36043956043956E-0001
 736 -2.75457875457875E-0001  1.30000000000000E+0000
 737  1.30000000000000E+0000 -3.37509157509158E-0001
 738 -1.43267399267399E+0000  1.30000000000000E+0000
 739  1.30000000000000E+0000  6.64175824175824E-0001
 740 -1.38461538461538E-0001  1.30000000000000E+0000
 741  6.42417582417582E-0001 -1.34432234432234E-0001
 742 -1.04344322344322E+0000  1.30000000000000E+0000
 743  1.30000000000000E+0000  1.30000000000000E+0000
 744  5.27179487179487E-0001  9.33333333333333E-0001
 745  6.13919413919414E-0002  1.30000000000000E+0000
 746  4.41758241758242E-0001  1.30000000000000E+0000
 747  1.30000000000000E+0000  7.50915750915751E-0002
 748 -5.76849816849817E-0001  1.30000000000000E+0000
 749  1.30000000000000E+0000  1.30000000000000E+0000
 750  3.41025641025641E-0001  1.13238095238095E+0000
 751  3.12014652014652E-0001 -4.90109890109890E-0002
 752 -2.36776556776557E-0001  1.30000000000000E+0000
 753  1.30000000000000E+0000 -3.35091575091575E-0001
 754  3.64102564102564E-0002  1.30000000000000E+0000
 755  7.99267399267399E-0002  1.30000000000000E+0000
 756  1.30000000000000E+0000  1.30000000000000E+0000
 757  5.75531135531136E-0001  1.30000000000000E+0000
 758  5.77948717948718E-0001 -1.01391941391941E-0001
 759  3.07179487179487E-0001 -9.81684981684982E-0002
 760  3.45860805860806E-0001  1.26293040293040E+0000
 761 -6.75457875457875E-0002  1.30000000000000E+0000
 762  1.10336996336996E+0000  1.30000000000000E+0000
 763  7.77802197802198E-0001  1.30000000000000E+0000
 764  7.76190476190476E-0001  1.30000000000000E+0000
 765  8.17289377289377E-0001  3.28937728937729E-0001
 766  6.32747252747253E-0001  9.92967032967033E-0001
 767 -2.40000000000000E-0001  9.64761904761905E-0001
 768 -2.64175824175824E-0001  9.50256410256410E-0001
 769 -3.14945054945055E-0001  9.09157509157509E-0001
 770 -3.57655677655678E-0001  1.30000000000000E+0000
 771  6.13406593406593E-0001  1.30000000000000E+0000
 772  1.04695970695971E+0000  6.02930402930403E-0001
 773  8.87399267399267E-0001  7.92307692307692E-0001
 774 -4.54358974358974E-0001  8.18901098901099E-0001
 775 -4.84175824175824E-0001  7.52014652014652E-0001
 776 -5.09963369963370E-0001  1.30000000000000E+0000
 777  2.97509157509158E-0001  1.30000000000000E+0000
 778  2.71721611721612E-0001  1.30000000000000E+0000
 779  2.13699633699634E-0001  1.30000000000000E+0000
 780  1.27421245421245E+0000  8.42271062271062E-0001
 781  1.15172161172161E+0000  6.09377289377289E-0001
 782 -7.16263736263736E-0001  1.25406593406593E+0000
 783  5.57509157509158E-0002  1.30000000000000E+0000
 784  1.30000000000000E+0000  1.30000000000000E+0000
 785  1.30000000000000E+0000  1.19523809523810E+0000
 786  1.30000000000000E+0000  3.05567765567766E-0001
 787 -9.95091575091575E-0001  2.99926739926740E-0001
 788 -1.02974358974359E+0000  2.57216117216117E-0001
 789 -1.06197802197802E+0000  1.02439560439560E+0000
 790 -1.94065934065934E-0001  1.30000000000000E+0000
 791  1.30000000000000E+0000  1.30000000000000E+0000
 792  1.30000000000000E+0000 -6.59340659340659E-0004
 793 -1.30454212454212E+0000  1.30000000000000E+0000
 794  1.30000000000000E+0000  1.30000000000000E+0000
 795  1.30000000000000E+0000  8.53553113553114E-0001
 796 -4.90622710622711E-0001  1.30000000000000E+0000
 797  1.30000000000000E+0000 -2.55311355311355E-0001
 798 -1.42783882783883E+0000  1.30000000000000E+0000
 799  1.30000000000000E+0000 -2.02930402930403E-0001
 800 -1.56161172161172E+0000  1.30000000000000E+0000
 801  1.30000000000000E+0000  6.28717948717949E-0001
 802 -6.61465201465201E-0001 -3.50402930402930E-0001
 803 -1.74293040293040E+0000  1.30000000000000E+0000
 804  1.30000000000000E+0000 -5.51062271062271E-0001
 805 -1.78161172161172E+0000  5.35238095238095E-0001
 806 -7.42051282051282E-0001  1.30000000000000E+0000
 807  1.30000000000000E+0000  1.30000000000000E+0000
 808  1.30000000000000E+0000 -6.40512820512821E-0001
 809 -1.78161172161172E+0000  1.30000000000000E+0000
 810  1.30000000000000E+0000  1.30000000000000E+0000
 811  1.30000000000000E+0000  4.21611721611722E-0001
 812 -8.09743589743590E-0001  1.30000000000000E+0000
 813  1.30000000000000E+0000  1.30000000000000E+0000
 814  1.30000000000000E+0000  1.30000000000000E+0000
 815  1.30000000000000E+0000 -6.40512820512821E-0001
 816 -1.78241758241758E+0000  3.58754578754579E-0001
 817 -8.20219780219780E-0001  1.30000000000000E+0000
 818  1.19684981684982E+0000  1.30000000000000E+0000
 819  1.30000000000000E+0000  3.42637362637363E-0001
 820 -8.21831501831502E-0001  1.30000000000000E+0000
 821  2.79780219780220E-0001 -6.40512820512821E-0001
 822 -1.78564102564103E+0000  1.30000000000000E+0000
 823 -3.20879120879121E-0002  3.37802197802198E-0001
 824 -7.89597069597070E-0001  1.30000000000000E+0000
 825 -3.52820512820513E-0001  1.30000000000000E+0000
 826 -5.80073260073260E-0001  1.30000000000000E+0000
 827  1.30000000000000E+0000  1.30000000000000E+0000
 828  1.30000000000000E+0000  1.30000000000000E+0000
 829  1.30000000000000E+0000  1.30000000000000E+0000
 830  1.30000000000000E+0000  7.39926739926740E-0003
 831 -1.77838827838828E+0000  7.83150183150183E-0002
 832 -1.78000000000000E+0000  2.03223443223443E-0001
 833 -1.77758241758242E+0000  3.44249084249084E-0001
 834 -7.07399267399267E-0001  3.45860805860806E-0001
 835 -6.85641025641026E-0001  1.19201465201465E+0000
 836 -1.79047619047619E+0000  1.25728937728938E+0000
 837 -1.79047619047619E+0000  1.30000000000000E+0000
 838  1.30000000000000E+0000  1.30000000000000E+0000
 839  1.30000000000000E+0000  3.14432234432234E-0001
 840 -1.40527472527473E+0000  3.04761904761905E-0001
 841 -1.12725274725275E+0000  6.19047619047619E-0001
 842 -4.79340659340659E-0001  1.09289377289377E+0000
 843 -9.57509157509158E-0002  4.08717948717949E-0001
 844 -5.59926739926740E-0001  4.06300366300366E-0001
 845 -5.41391941391941E-0001  4.00659340659341E-0001
 846 -5.13992673992674E-0001  1.58095238095238E-0001
 847 -1.79047619047619E+0000  4.11941391941392E-0001
 848 -5.10769230769231E-0001  2.30622710622711E-0001
 849 -1.78967032967033E+0000  4.35311355311355E-0001
 850 -5.03516483516484E-0001  2.94285714285714E-0001
 851 -1.78725274725275E+0000  1.30000000000000E+0000
 852  1.05098901098901E+0000 -1.08644688644688E-0001
 853 -1.78886446886447E+0000  1.30000000000000E+0000
 854  1.30000000000000E+0000  1.30000000000000E+0000
 855  8.84981684981685E-0001  5.77948717948718E-0001
 856 -2.31135531135531E-0001  1.30000000000000E+0000
 857  7.32673992673993E-0001  1.30000000000000E+0000
 858  1.30000000000000E+0000 -6.34871794871795E-0001
 859 -1.28842490842491E+0000  1.30000000000000E+0000
 860  1.30000000000000E+0000  6.93992673992674E-0001
 861 -6.67399267399267E-0002  1.30000000000000E+0000
 862  6.16630036630037E-0001  7.15750915750916E-0001
 863  6.94505494505495E-0002 -6.34065934065934E-0001
 864 -9.25787545787546E-0001  1.30000000000000E+0000
 865  1.30000000000000E+0000 -6.20366300366300E-0001
 866 -6.94505494505495E-0001  8.60000000000000E-0001
 867  2.13699633699634E-0001  1.30000000000000E+0000
 868  3.52307692307692E-0001 -3.02051282051282E-0001
 869 -1.98095238095238E-0001  1.30000000000000E+0000
 870  1.30000000000000E+0000  1.19684981684982E+0000
 871  8.07326007326007E-0002  1.07758241758242E+0000
 872  4.44981684981685E-0001  1.17428571428571E+0000
 873 -3.28937728937729E-0002  1.68571428571429E-0001
 874  3.77289377289377E-0001  1.30000000000000E+0000
 875  1.30000000000000E+0000  1.21619047619048E+0000
 876  6.27912087912088E-0001  1.00344322344322E+0000
 877 -1.38461538461538E-0001  1.30000000000000E+0000
 878  7.56043956043956E-0001  4.32893772893773E-0001
 879  5.77948717948718E-0001  1.30000000000000E+0000
 880  9.19633699633700E-0001  5.81978021978022E-0001
 881  7.70549450549451E-0001  1.30000000000000E+0000
 882  6.83516483516484E-0001  7.44761904761905E-0001
 883 -5.22051282051282E-0001  1.30000000000000E+0000
 884  1.12512820512821E+0000  6.81904761904762E-0001
 885 -6.12307692307692E-0001  1.30000000000000E+0000
 886  2.93479853479853E-0001  1.30000000000000E+0000
 887  1.25084249084249E+0000  1.00666666666667E+0000
 888  1.17106227106227E+0000  1.13076923076923E+0000
 889  1.22263736263736E+0000  1.30000000000000E+0000
 890  1.30000000000000E+0000  1.11787545787546E+0000
 891  1.27179487179487E+0000  1.20490842490842E+0000
 892  1.30000000000000E+0000  1.20490842490842E+0000
 893  1.30000000000000E+0000  1.28307692307692E+0000
 894  1.30000000000000E+0000  1.27421245421245E+0000
 895  1.30000000000000E+0000  1.30000000000000E+0000
 896  1.30000000000000E+0000  1.30000000000000E+0000
 897  1.30000000000000E+0000  9.71208791208791E-0001
 898 -2.91575091575092E-0001  1.30000000000000E+0000
 899  1.30000000000000E+0000  1.30000000000000E+0000
 900  1.30000000000000E+0000  1.30000000000000E+0000
 901  1.30000000000000E+0000 -7.31868131868132E-0002
 902 -1.30212454212454E+0000 -4.90109890109890E-0002
 903 -1.34402930402930E+0000  7.36703296703297E-0001
 904 -5.18021978021978E-0001  6.49670329670330E-0001
 905 -5.67179487179487E-0001  1.30000000000000E+0000
 906  1.30000000000000E+0000  1.30000000000000E+0000
 907  1.30000000000000E+0000  1.30000000000000E+0000
 908  1.30000000000000E+0000  1.30000000000000E+0000
 909  1.30000000000000E+0000  1.30000000000000E+0000
 910  1.30000000000000E+0000  1.30000000000000E+0000
 911  1.30000000000000E+0000 -2.63369963369963E-0001
 912 -1.72923076923077E+0000 -3.11721611721612E-0001
 913 -1.78161172161172E+0000  5.00586080586081E-0001
 914 -7.45274725274725E-0001 -4.26153846153846E-0001
 915 -1.78402930402930E+0000 -4.84981684981685E-0001
 916 -1.78967032967033E+0000  4.37728937728938E-0001
 917 -7.92014652014652E-0001  1.30000000000000E+0000
 918  1.30000000000000E+0000 -6.21172161172161E-0001
 919 -1.78483516483516E+0000  3.92600732600733E-0001
 920 -8.16996336996337E-0001  3.90989010989011E-0001
 921 -8.25054945054945E-0001  3.85347985347985E-0001
 922 -8.29084249084249E-0001  1.30000000000000E+0000
 923  1.30000000000000E+0000  1.30000000000000E+0000
 924  1.30000000000000E+0000  3.78095238095238E-0001
 925 -8.21831501831502E-0001 -6.38901098901099E-0001
 926 -1.78000000000000E+0000  4.61904761904762E-0001
 927 -1.70695970695971E-0001 -6.36483516483516E-0001
 928 -1.77194139194139E+0000  5.07032967032967E-0001
 929 -8.01684981684982E-0001  1.30000000000000E+0000
 930  1.30000000000000E+0000  6.64981684981685E-0001
 931 -7.75897435897436E-0001 -6.31648351648352E-0001
 932 -1.77597069597070E+0000 -6.32454212454212E-0001
 933 -1.76710622710623E+0000 -6.30842490842491E-0001
 934 -1.77435897435897E+0000  1.30000000000000E+0000
 935  1.30000000000000E+0000  5.59413919413919E-0001
 936 -7.09010989010989E-0001  1.30000000000000E+0000
 937  1.27663003663004E+0000 -6.32454212454212E-0001
 938 -1.76630036630037E+0000 -6.27619047619048E-0001
 939 -1.78000000000000E+0000 -6.33260073260073E-0001
 940 -1.76710622710623E+0000  4.44981684981685E-0001
 941 -6.13113553113553E-0001  1.30000000000000E+0000
 942  1.19684981684982E+0000  4.10329670329670E-0001
 943 -5.04322344322344E-0001  1.30000000000000E+0000
 944  1.13963369963370E+0000  1.30000000000000E+0000
 945  1.08805860805861E+0000 -6.30036630036630E-0001
 946 -1.78725274725275E+0000  1.30000000000000E+0000
 947  1.05501831501832E+0000  1.30000000000000E+0000
 948  1.02842490842491E+0000  1.30000000000000E+0000
 949  9.72820512820513E-0001 -5.74432234432234E-0001
 950 -1.77758241758242E+0000  1.30000000000000E+0000
 951  9.51868131868132E-0001 -6.34065934065934E-0001
 952 -1.77355311355311E+0000  1.30000000000000E+0000
 953  9.33333333333333E-0001  1.30000000000000E+0000
 954  9.05934065934066E-0001  1.30000000000000E+0000
 955  8.60805860805861E-0001  1.30000000000000E+0000
 956  7.97142857142857E-0001  1.30000000000000E+0000
 957  1.30000000000000E+0000  1.30000000000000E+0000
 958  1.30000000000000E+0000  1.30000000000000E+0000
 959  1.30000000000000E+0000  1.30000000000000E+0000
 960  1.30000000000000E+0000  1.30000000000000E+0000
 961  6.40805860805861E-0001  1.30000000000000E+0000
 962  5.61831501831502E-0001  1.30000000000000E+0000
 963  5.11062271062271E-0001  1.30000000000000E+0000
 964  1.30000000000000E+0000  1.30000000000000E+0000
 965  1.30000000000000E+0000  8.70476190476190E-0001
 966  1.15384615384615E-0001 -3.04468864468864E-0001
 967 -6.50183150183150E-0001  1.30000000000000E+0000
 968  4.03076923076923E-0001  1.30000000000000E+0000
 969  1.30000000000000E+0000  1.01553113553114E+0000
 970  2.94285714285714E-0001 -4.30183150183150E-0001
 971 -2.32747252747253E-0001  1.30000000000000E+0000
 972  1.30000000000000E+0000 -1.90842490842491E-0001
 973  4.12454212454212E-0002  1.30000000000000E+0000
 974  1.30000000000000E+0000  1.22183150183150E+0000
 975 -3.77289377289377E-0002  1.30000000000000E+0000
 976  6.75457875457875E-0001  1.08564102564103E+0000
 977 -1.60219780219780E-0001  1.30000000000000E+0000
 978  1.00344322344322E+0000  3.53919413919414E-0001
 979  6.29523809523810E-0001  1.30000000000000E+0000
 980  7.35091575091575E-0001  1.30000000000000E+0000
 981  9.26080586080586E-0001  8.84175824175824E-0001
 982 -3.11721611721612E-0001  1.30000000000000E+0000
 983  1.04131868131868E+0000  6.53699633699634E-0001
 984  8.93846153846154E-0001  1.30000000000000E+0000
 985  3.36996336996337E-0001  8.80952380952381E-0001
 986  1.06791208791209E+0000  6.16630036630037E-0001
 987 -5.57509157509158E-0001  1.30000000000000E+0000
 988  1.30000000000000E+0000  1.06146520146520E+0000
 989  1.21377289377289E+0000  1.07597069597070E+0000
 990  1.25648351648352E+0000  1.30000000000000E+0000
 991  1.30000000000000E+0000  1.09611721611722E+0000
 992  1.30000000000000E+0000  1.30000000000000E+0000
 993  1.30000000000000E+0000  1.30000000000000E+0000
 994  1.30000000000000E+0000  1.30000000000000E+0000
 995  1.30000000000000E+0000  1.30000000000000E+0000
 996  1.30000000000000E+0000  1.30000000000000E+0000
 997  1.30000000000000E+0000  9.05934065934066E-0001
 998 -2.79487179487179E-0001  1.30000000000000E+0000
 999  1.30000000000000E+0000  1.30000000000000E+0000
 1000  1.30000000000000E+0000  1.30000000000000E+0000
 1001  1.30000000000000E+0000  1.30000000000000E+0000
 1002  1.30000000000000E+0000 -1.83882783882784E-0002
 1003 -1.38190476190476E+0000  6.66593406593407E-0001
 1004 -5.71208791208791E-0001  1.30000000000000E+0000
 1005  1.30000000000000E+0000 -2.68205128205128E-0001
 1006 -1.59223443223443E+0000  1.30000000000000E+0000
 1007  1.30000000000000E+0000 -4.45494505494505E-0001
 1008 -1.73567765567766E+0000  1.30000000000000E+0000
 1009  1.30000000000000E+0000 -5.95384615384615E-0001
 1010 -1.78241758241758E+0000  1.30000000000000E+0000
 1011  1.30000000000000E+0000  1.30000000000000E+0000
 1012  1.30000000000000E+0000  4.60293040293040E-0001
 1013 -8.07326007326007E-0001  4.25641025641026E-0001
 1014 -8.08937728937729E-0001  1.30000000000000E+0000
 1015  1.30000000000000E+0000  1.30000000000000E+0000
 1016  1.30000000000000E+0000  1.30000000000000E+0000
 1017  1.30000000000000E+0000 -6.31648351648352E-0001
 1018 -1.77597069597070E+0000  1.30000000000000E+0000
 1019  2.94285714285714E-0001  1.30000000000000E+0000
 1020  1.30000000000000E+0000  1.30000000000000E+0000
 1021  1.30000000000000E+0000  1.30000000000000E+0000
 1022  1.30000000000000E+0000  1.30000000000000E+0000
 1023  1.30000000000000E+0000  1.24600732600733E+0000
 1024 -1.23040293040293E+0000  1.29919413919414E+0000
 1025 -1.35531135531136E+0000  7.78608058608059E-0001
 1026 -1.45926739926740E+0000  8.39853479853480E-0001
 1027 -1.77032967032967E+0000  3.45860805860806E-0001
 1028 -6.99340659340659E-0001  8.17289377289377E-0001
 1029 -1.77597069597070E+0000  1.00666666666667E+0000
 1030 -1.78402930402930E+0000  1.30000000000000E+0000
 1031  1.30000000000000E+0000  1.30000000000000E+0000
 1032  1.30000000000000E+0000  1.30000000000000E+0000
 1033  1.28468864468864E+0000  1.30000000000000E+0000
 1034  1.28791208791209E+0000  4.28864468864469E-0001
 1035 -5.19633699633700E-0001  4.49010989010989E-0001
 1036 -4.72087912087912E-0001  4.52234432234432E-0001
 1037 -4.44688644688645E-0001  4.80439560439560E-0001
 1038 -4.14065934065934E-0001  5.11062271062271E-0001
 1039 -3.99560439560440E-0001  5.31208791208791E-0001
 1040 -3.71355311355311E-0001  5.45714285714286E-0001
 1041 -3.50402930402930E-0001  1.30000000000000E+0000
 1042  1.30000000000000E+0000  5.94065934065934E-0001
