 0  8.07326007326007E-0002 -4.70476190476190E-0001
 1  7.99267399267399E-0002 -1.24007326007326E+0000
 2 -1.94520146520147E+0000 -4.48717948717949E-0001
 3 -1.63897435897436E+0000 -4.22124542124542E-0001
 4  8.07326007326007E-0002 -4.66446886446886E-0001
 5  8.39560439560440E-0002 -1.21428571428571E+0000
 6 -1.96857142857143E+0000 -4.47912087912088E-0001
 7 -1.65025641025641E+0000 -4.16483516483516E-0001
 8  8.87912087912088E-0002 -4.54358974358974E-0001
 9  8.39560439560440E-0002 -4.47912087912088E-0001
 10 -1.66153846153846E+0000 -4.16483516483516E-0001
 11  8.55677655677656E-0002 -4.57582417582418E-0001
 12  8.55677655677656E-0002 -1.29567765567766E+0000
 13 -2.00000000000000E+0000 -4.45494505494505E-0001
 14 -1.67926739926740E+0000 -4.22124542124542E-0001
 15  8.39560439560440E-0002 -1.25699633699634E+0000
 16 -2.00000000000000E+0000 -4.43882783882784E-0001
 17 -1.68893772893773E+0000 -4.18095238095238E-0001
 18  8.55677655677656E-0002 -4.57582417582418E-0001
 19  8.39560439560440E-0002 -1.18285714285714E+0000
 20 -2.00000000000000E+0000 -4.44688644688645E-0001
 21 -1.69699633699634E+0000 -4.63223443223443E-0001
 22  8.23443223443223E-0002 -4.43882783882784E-0001
 23 -1.70344322344322E+0000 -4.63223443223443E-0001
 24  8.39560439560440E-0002 -1.15545787545788E+0000
 25 -2.00000000000000E+0000 -4.12454212454212E-0001
 26  7.99267399267399E-0002 -4.63223443223443E-0001
 27  8.63736263736264E-0002 -1.13772893772894E+0000
 28 -2.00000000000000E+0000 -4.14871794871795E-0001
 29  7.91208791208791E-0002 -4.66446886446886E-0001
 30  8.31501831501832E-0002 -4.45494505494505E-0001
 31 -1.72197802197802E+0000 -4.18095238095238E-0001
 32  8.15384615384615E-0002 -4.61611721611722E-0001
 33  8.23443223443223E-0002 -1.07084249084249E+0000
 34 -2.00000000000000E+0000 -4.21318681318681E-0001
 35  8.15384615384615E-0002 -4.43076923076923E-0001
 36 -1.73890109890110E+0000 -4.18901098901099E-0001
 37  8.15384615384615E-0002 -4.63223443223443E-0001
 38  8.31501831501832E-0002 -9.53186813186813E-0001
 39 -2.00000000000000E+0000 -4.43076923076923E-0001
 40 -1.74131868131868E+0000 -4.13260073260073E-0001
 41  7.91208791208791E-0002 -4.64835164835165E-0001
 42  8.31501831501832E-0002 -9.44322344322344E-0001
 43 -2.00000000000000E+0000 -4.42271062271062E-0001
 44 -1.74534798534799E+0000 -4.17289377289377E-0001
 45  7.50915750915751E-0002 -4.66446886446886E-0001
 46  8.31501831501832E-0002 -8.80659340659341E-0001
 47 -2.00000000000000E+0000 -4.47106227106227E-0001
 48 -1.74937728937729E+0000 -4.14871794871795E-0001
 49  7.91208791208791E-0002 -4.62417582417582E-0001
 50  8.15384615384615E-0002 -7.79120879120879E-0001
 51 -2.00000000000000E+0000 -4.41465201465201E-0001
 52 -1.74776556776557E+0000 -4.62417582417582E-0001
 53  7.67032967032967E-0002 -6.90476190476190E-0001
 54 -2.00000000000000E+0000 -4.43882783882784E-0001
 55 -1.75340659340659E+0000 -4.15677655677656E-0001
 56  7.91208791208791E-0002 -4.63223443223443E-0001
 57  8.23443223443223E-0002 -6.70329670329670E-0001
 58 -2.00000000000000E+0000 -4.40659340659341E-0001
 59 -1.75501831501832E+0000 -4.18095238095238E-0001
 60  7.91208791208791E-0002 -4.61611721611722E-0001
 61  8.07326007326007E-0002 -6.21978021978022E-0001
 62 -2.00000000000000E+0000 -4.37435897435897E-0001
 63 -1.75663003663004E+0000 -4.18095238095238E-0001
 64  7.50915750915751E-0002 -4.66446886446886E-0001
 65  8.07326007326007E-0002 -4.43076923076923E-0001
 66 -1.75260073260073E+0000 -4.15677655677656E-0001
 67  7.67032967032967E-0002 -5.51868131868132E-0001
 68 -2.00000000000000E+0000 -4.40659340659341E-0001
 69 -1.75582417582418E+0000 -4.55970695970696E-0001
 70  8.63736263736264E-0002 -5.84102564102564E-0001
 71 -2.00000000000000E+0000 -4.16483516483516E-0001
 72  7.91208791208791E-0002 -4.64029304029304E-0001
 73  7.83150183150183E-0002 -4.42271062271062E-0001
 74 -1.75743589743590E+0000 -4.21318681318681E-0001
 75  7.91208791208791E-0002 -4.60805860805861E-0001
 76  7.91208791208791E-0002 -4.92234432234432E-0001
 77 -2.00000000000000E+0000 -4.44688644688645E-0001
 78 -1.75501831501832E+0000 -4.67252747252747E-0001
 79  7.34798534798535E-0002 -4.66446886446886E-0001
 80 -1.75340659340659E+0000 -4.19706959706960E-0001
 81  7.83150183150183E-0002 -4.64029304029304E-0001
 82 -2.00000000000000E+0000 -4.22124542124542E-0001
 83  7.75091575091575E-0002 -4.67252747252747E-0001
 84 -2.00000000000000E+0000 -4.40659340659341E-0001
 85 -1.74857142857143E+0000 -4.19706959706960E-0001
 86  7.50915750915751E-0002 -4.63223443223443E-0001
 87  7.83150183150183E-0002 -4.64029304029304E-0001
 88 -2.00000000000000E+0000 -4.50329670329670E-0001
 89 -1.74695970695971E+0000 -4.62417582417582E-0001
 90  7.75091575091575E-0002 -5.88937728937729E-0001
 91 -1.74051282051282E+0000 -4.59194139194139E-0001
 92  7.83150183150183E-0002 -6.52600732600733E-0001
 93 -1.73890109890110E+0000 -4.23736263736264E-0001
 94  7.50915750915751E-0002 -4.60805860805861E-0001
 95  7.83150183150183E-0002 -4.63223443223443E-0001
 96 -2.00000000000000E+0000 -6.39706959706960E-0001
 97 -1.73245421245421E+0000 -4.22124542124542E-0001
 98  7.50915750915751E-0002 -4.64835164835165E-0001
 99 -2.00000000000000E+0000 -6.74358974358974E-0001
 100 -1.72761904761905E+0000 -4.20512820512821E-0001
 101  7.83150183150183E-0002 -4.62417582417582E-0001
 102  7.58974358974359E-0002 -4.64835164835165E-0001
 103 -2.00000000000000E+0000 -7.20293040293040E-0001
 104 -1.72520146520147E+0000 -4.27765567765568E-0001
 105  7.75091575091575E-0002 -4.61611721611722E-0001
 106  7.83150183150183E-0002 -4.59194139194139E-0001
 107 -2.00000000000000E+0000 -7.74285714285714E-0001
 108 -1.71230769230769E+0000 -4.61611721611722E-0001
 109  7.75091575091575E-0002 -4.63223443223443E-0001
 110 -2.00000000000000E+0000 -4.24542124542125E-0001
 111  7.83150183150183E-0002 -4.61611721611722E-0001
 112  7.75091575091575E-0002 -7.80732600732601E-0001
 113 -1.70021978021978E+0000 -4.27765567765568E-0001
 114  7.83150183150183E-0002 -4.60000000000000E-0001
 115  7.67032967032967E-0002 -4.64835164835165E-0001
 116 -2.00000000000000E+0000 -7.34798534798535E-0001
 117 -1.69457875457875E+0000 -4.22124542124542E-0001
 118  7.91208791208791E-0002 -4.56776556776557E-0001
 119  7.58974358974359E-0002 -4.64029304029304E-0001
 120 -2.00000000000000E+0000 -4.24542124542125E-0001
 121  7.83150183150183E-0002 -4.61611721611722E-0001
 122  7.50915750915751E-0002 -7.93626373626374E-0001
 123 -1.68490842490842E+0000 -4.22124542124542E-0001
 124  7.50915750915751E-0002 -4.63223443223443E-0001
 125 -2.00000000000000E+0000 -7.67032967032967E-0001
 126 -1.68168498168498E+0000 -4.61611721611722E-0001
 127  7.75091575091575E-0002 -4.62417582417582E-0001
 128 -2.00000000000000E+0000 -4.25347985347985E-0001
 129  7.75091575091575E-0002 -4.62417582417582E-0001
 130 -2.00000000000000E+0000 -7.76703296703297E-0001
 131 -1.67120879120879E+0000 -4.29377289377289E-0001
 132  7.50915750915751E-0002 -4.63223443223443E-0001
 133  7.75091575091575E-0002 -4.62417582417582E-0001
 134 -2.00000000000000E+0000 -8.04908424908425E-0001
 135 -1.65831501831502E+0000 -4.27765567765568E-0001
 136  7.50915750915751E-0002 -4.63223443223443E-0001
 137 -2.00000000000000E+0000 -4.27765567765568E-0001
 138  7.50915750915751E-0002 -4.63223443223443E-0001
 139 -2.00000000000000E+0000 -4.30989010989011E-0001
 140  8.15384615384615E-0002 -4.62417582417582E-0001
 141 -2.00000000000000E+0000 -9.04835164835165E-0001
 142 -1.63413919413919E+0000 -4.57582417582418E-0001
 143  7.67032967032967E-0002 -8.62930402930403E-0001
 144 -1.62366300366300E+0000 -4.58388278388278E-0001
 145  7.50915750915751E-0002 -8.83882783882784E-0001
 146 -1.61641025641026E+0000 -4.59194139194139E-0001
 147  7.67032967032967E-0002 -4.60000000000000E-0001
 148 -2.00000000000000E+0000 -4.34212454212454E-0001
 149  7.50915750915751E-0002 -4.60805860805861E-0001
 150  7.67032967032967E-0002 -9.63663003663004E-0001
 151 -1.59706959706960E+0000 -4.55164835164835E-0001
 152  8.07326007326007E-0002 -4.55970695970696E-0001
 153 -2.00000000000000E+0000 -9.91868131868132E-0001
 154 -1.58981684981685E+0000 -4.27765567765568E-0001
 155  7.91208791208791E-0002 -4.58388278388278E-0001
 156  7.42857142857143E-0002 -9.82197802197802E-0001
 157 -1.58095238095238E+0000 -4.58388278388278E-0001
 158  7.50915750915751E-0002 -4.60000000000000E-0001
 159 -2.00000000000000E+0000 -9.99926739926740E-0001
 160 -1.57289377289377E+0000 -4.57582417582418E-0001
 161  7.18681318681319E-0002 -4.63223443223443E-0001
 162 -2.00000000000000E+0000 -1.04344322344322E+0000
 163 -1.56080586080586E+0000 -4.30183150183150E-0001
 164  7.50915750915751E-0002 -4.58388278388278E-0001
 165  7.34798534798535E-0002 -1.07084249084249E+0000
 166 -1.55032967032967E+0000 -4.28571428571429E-0001
 167  7.50915750915751E-0002 -4.58388278388278E-0001
 168  7.58974358974359E-0002 -1.08131868131868E+0000
 169 -1.54065934065934E+0000 -4.29377289377289E-0001
 170  7.67032967032967E-0002 -4.60000000000000E-0001
 171 -2.00000000000000E+0000 -1.09824175824176E+0000
 172 -1.52695970695971E+0000 -4.58388278388278E-0001
 173  7.50915750915751E-0002 -4.60805860805861E-0001
 174 -2.00000000000000E+0000 -4.35824175824176E-0001
 175  7.75091575091575E-0002 -4.53553113553114E-0001
 176  7.58974358974359E-0002 -1.13208791208791E+0000
 177 -1.50439560439560E+0000 -4.29377289377289E-0001
 178  7.50915750915751E-0002 -4.60000000000000E-0001
 179 -2.00000000000000E+0000 -1.11194139194139E+0000
 180 -1.49633699633700E+0000 -4.55164835164835E-0001
 181  7.50915750915751E-0002 -4.58388278388278E-0001
 182 -2.00000000000000E+0000 -4.30989010989011E-0001
 183  7.50915750915751E-0002 -4.60000000000000E-0001
 184 -1.33194139194139E+0000 -1.15948717948718E+0000
 185 -1.46893772893773E+0000 -4.53553113553114E-0001
 186  7.50915750915751E-0002 -1.18849816849817E+0000
 187 -1.45765567765568E+0000 -4.47106227106227E-0001
 188  7.42857142857143E-0002 -1.25054945054945E+0000
 189 -1.44556776556777E+0000 -4.43882783882784E-0001
 190  7.26739926739927E-0002 -1.29084249084249E+0000
 191 -1.42622710622711E+0000 -4.31794871794872E-0001
 192 -2.00000000000000E+0000 -4.64029304029304E-0001
 193  1.00073260073260E-0001 -4.31794871794872E-0001
 194 -2.00000000000000E+0000 -4.57582417582418E-0001
 195  9.68498168498168E-0002 -4.30989010989011E-0001
 196 -2.00000000000000E+0000 -4.59194139194139E-0001
 197  9.68498168498168E-0002 -4.31794871794872E-0001
 198 -2.00000000000000E+0000 -4.28571428571429E-0001
 199  7.42857142857143E-0002 -1.41252747252747E+0000
 200 -1.36820512820513E+0000 -4.29377289377289E-0001
 201  7.58974358974359E-0002 -1.43267399267399E+0000
 202 -1.34967032967033E+0000 -4.31794871794872E-0001
 203  7.83150183150183E-0002 -1.34161172161172E+0000
 204 -1.33758241758242E+0000 -4.28571428571429E-0001
 205  7.50915750915751E-0002 -4.56776556776557E-0001
 206  9.12087912087912E-0002 -1.27553113553114E+0000
 207 -1.32468864468864E+0000 -4.85787545787546E-0001
 208 -2.00000000000000E+0000 -4.60000000000000E-0001
 209  9.28205128205128E-0002 -4.76117216117216E-0001
 210 -2.00000000000000E+0000 -4.24542124542125E-0001
 211  7.34798534798535E-0002 -4.57582417582418E-0001
 212  9.44322344322344E-0002 -1.54630036630037E+0000
 213 -1.28278388278388E+0000 -4.20512820512821E-0001
 214  7.18681318681319E-0002 -1.57772893772894E+0000
 215 -1.26424908424908E+0000 -5.33333333333333E-0001
 216 -2.00000000000000E+0000 -4.59194139194139E-0001
 217  8.87912087912088E-0002 -5.37362637362637E-0001
 218 -2.00000000000000E+0000 -4.21318681318681E-0001
 219  7.26739926739927E-0002 -4.59194139194139E-0001
 220  9.52380952380952E-0002 -1.57853479853480E+0000
 221 -1.23201465201465E+0000 -5.36556776556777E-0001
 222 -2.00000000000000E+0000 -4.22124542124542E-0001
 223  7.26739926739927E-0002 -4.56776556776557E-0001
 224  1.00879120879120E-0001 -1.67443223443223E+0000
 225 -1.21186813186813E+0000 -5.51062271062271E-0001
 226 -2.00000000000000E+0000 -4.21318681318681E-0001
 227  7.42857142857143E-0002 -1.76065934065934E+0000
 228 -1.20139194139194E+0000 -4.21318681318681E-0001
 229  7.34798534798535E-0002 -1.76065934065934E+0000
 230 -1.17802197802198E+0000 -6.29230769230769E-0001
 231 -2.00000000000000E+0000 -4.20512820512821E-0001
 232  6.86446886446886E-0002 -4.60000000000000E-0001
 233  9.36263736263736E-0002 -6.26007326007326E-0001
 234 -2.00000000000000E+0000 -4.60805860805861E-0001
 235  9.52380952380952E-0002 -6.20366300366300E-0001
 236 -2.00000000000000E+0000 -4.58388278388278E-0001
 237  9.60439560439560E-0002 -6.29230769230769E-0001
 238 -2.00000000000000E+0000 -4.60805860805861E-0001
 239  9.44322344322344E-0002 -6.52600732600733E-0001
 240 -2.00000000000000E+0000 -1.89201465201465E+0000
 241 -1.08695970695971E+0000 -4.14871794871795E-0001
 242  7.10622710622711E-0002 -1.85575091575092E+0000
 243 -1.06358974358974E+0000 -7.13846153846154E-0001
 244 -2.00000000000000E+0000 -4.59194139194139E-0001
 245  9.36263736263736E-0002 -4.15677655677656E-0001
 246  7.02564102564103E-0002 -1.90329670329670E+0000
 247 -1.02168498168498E+0000 -4.15677655677656E-0001
 248  7.02564102564103E-0002 -1.97824175824176E+0000
 249 -9.89450549450549E-0001 -4.06813186813187E-0001
 250  6.62271062271062E-0002 -1.93875457875458E+0000
 251 -9.62857142857143E-0001 -4.09230769230769E-0001
 252  7.10622710622711E-0002 -1.92424908424908E+0000
 253 -9.43516483516484E-0001 -4.11648351648352E-0001
 254  6.94505494505495E-0002 -2.00000000000000E+0000
 255 -9.13699633699634E-0001 -4.60000000000000E-0001
 256  9.44322344322344E-0002 -7.32380952380952E-0001
 257 -2.00000000000000E+0000 -4.56776556776557E-0001
 258  9.12087912087912E-0002 -7.47692307692308E-0001
 259 -2.00000000000000E+0000 -4.59194139194139E-0001
 260  8.79853479853480E-0002 -2.00000000000000E+0000
 261 -8.49230769230769E-0001 -4.21318681318681E-0001
 262  6.86446886446886E-0002 -2.00000000000000E+0000
 263 -8.29084249084249E-0001 -4.18095238095238E-0001
 264  6.94505494505495E-0002 -2.00000000000000E+0000
 265 -8.08937728937729E-0001 -4.16483516483516E-0001
 266  6.94505494505495E-0002 -4.60000000000000E-0001
 267  9.60439560439560E-0002 -7.54945054945055E-0001
 268 -2.00000000000000E+0000 -4.60805860805861E-0001
 269  8.63736263736264E-0002 -7.66227106227106E-0001
 270 -2.00000000000000E+0000 -4.60805860805861E-0001
 271  8.87912087912088E-0002 -4.14871794871795E-0001
 272  6.78388278388278E-0002 -2.00000000000000E+0000
 273 -7.44468864468864E-0001 -7.67032967032967E-0001
 274 -2.00000000000000E+0000 -4.60805860805861E-0001
 275  9.68498168498168E-0002 -7.75897435897436E-0001
 276 -2.00000000000000E+0000 -4.06007326007326E-0001
 277  6.86446886446886E-0002 -2.00000000000000E+0000
 278 -7.14652014652015E-0001 -7.92820512820513E-0001
 279 -2.00000000000000E+0000 -4.59194139194139E-0001
 280  8.95970695970696E-0002 -4.14871794871795E-0001
 281  2.75457875457875E-0002 -4.14871794871795E-0001
 282  1.14285714285714E-0002 -8.02490842490842E-0001
 283 -1.93391941391941E+0000 -4.18901098901099E-0001
 284  1.46520146520147E-0004 -8.05714285714286E-0001
 285 -1.91296703296703E+0000 -8.16190476190476E-0001
 286 -1.87267399267399E+0000 -8.21831501831502E-0001
 287 -1.84285714285714E+0000 -2.00000000000000E+0000
 288 -6.08278388278388E-0001 -8.27472527472527E-0001
 289 -1.81142857142857E+0000 -2.00000000000000E+0000
 290 -5.97802197802198E-0001 -2.00000000000000E+0000
 291 -5.80073260073260E-0001 -4.63223443223443E-0001
 292  8.71794871794872E-0002 -4.63223443223443E-0001
 293  8.71794871794872E-0002 -4.59194139194139E-0001
 294  8.55677655677656E-0002 -4.24542124542125E-0001
 295 -1.25567765567766E-0001 -4.62417582417582E-0001
 296  8.39560439560440E-0002 -4.18095238095238E-0001
 297 -1.40879120879121E-0001 -8.50036630036630E-0001
 298 -1.48263736263736E+0000 -2.00000000000000E+0000
 299 -4.70476190476190E-0001 -2.00000000000000E+0000
 300 -4.64029304029304E-0001 -2.00000000000000E+0000
 301 -4.55164835164835E-0001 -4.58388278388278E-0001
 302  8.55677655677656E-0002 -4.60000000000000E-0001
 303  8.63736263736264E-0002 -4.59194139194139E-0001
 304  8.47619047619048E-0002 -2.00000000000000E+0000
 305 -4.27765567765568E-0001 -2.00000000000000E+0000
 306 -4.18901098901099E-0001 -2.00000000000000E+0000
 307 -3.97142857142857E-0001 -4.60805860805861E-0001
 308  9.36263736263736E-0002 -4.60000000000000E-0001
 309  8.31501831501832E-0002 -4.60000000000000E-0001
 310  8.39560439560440E-0002 -4.60000000000000E-0001
 311  8.31501831501832E-0002 -4.58388278388278E-0001
 312  8.31501831501832E-0002 -4.57582417582418E-0001
 313  8.15384615384615E-0002 -4.36630036630037E-0001
 314 -3.24615384615385E-0001 -4.60000000000000E-0001
 315  8.15384615384615E-0002 -4.42271062271062E-0001
 316 -3.33479853479853E-0001 -4.40659340659341E-0001
 317 -3.50402930402930E-0001 -4.60805860805861E-0001
 318  9.04029304029304E-0002 -4.37435897435897E-0001
 319 -3.60073260073260E-0001 -4.60805860805861E-0001
 320  8.31501831501832E-0002 -4.35824175824176E-0001
 321 -3.72967032967033E-0001 -4.58388278388278E-0001
 322  8.23443223443223E-0002 -4.60805860805861E-0001
 323  8.23443223443223E-0002 -4.58388278388278E-0001
 324  8.39560439560440E-0002 -4.60000000000000E-0001
 325  8.15384615384615E-0002 -4.56776556776557E-0001
 326  7.50915750915751E-0002 -4.61611721611722E-0001
 327  7.39926739926740E-0003 -4.57582417582418E-0001
 328 -5.49450549450549E-0003 -4.57582417582418E-0001
 329 -2.16117216117216E-0002 -4.58388278388278E-0001
 330 -2.80586080586081E-0002 -4.58388278388278E-0001
 331 -3.45054945054945E-0002 -4.58388278388278E-0001
 332 -5.86813186813187E-0002 -4.57582417582418E-0001
 333 -7.96336996336996E-0002 -4.56776556776557E-0001
 334 -8.68864468864469E-0002 -4.57582417582418E-0001
 335 -9.01098901098901E-0002 -4.55164835164835E-0001
 336 -1.12673992673992E-0001 -2.00000000000000E+0000
 337 -1.00586080586080E-0001 -2.00000000000000E+0000
 338 -9.33333333333333E-0002 -9.00805860805861E-0001
 339 -6.67106227106227E-0001 -9.27399267399267E-0001
 340 -6.54212454212454E-0001 -9.28205128205128E-0001
 341 -6.46959706959707E-0001 -8.97582417582418E-0001
 342 -6.21172161172161E-0001 -8.72600732600733E-0001
 343 -6.08278388278388E-0001 -8.61318681318681E-0001
 344 -5.76849816849817E-0001 -4.43882783882784E-0001
 345 -5.96190476190476E-0001 -8.41172161172161E-0001
 346 -5.41391941391941E-0001 -4.14871794871795E-0001
 347 -6.10695970695971E-0001 -4.34212454212454E-0001
 348 -6.27619047619048E-0001 -4.30989010989011E-0001
 349 -6.41318681318681E-0001 -2.00000000000000E+0000
 350  3.36996336996337E-0003 -4.55164835164835E-0001
 351 -2.98021978021978E-0001 -4.28571428571429E-0001
 352 -6.58241758241758E-0001 -9.30622710622711E-0001
 353  3.07692307692308E-0002 -4.55970695970696E-0001
 354 -3.58461538461538E-0001 -8.69377289377289E-0001
 355 -4.02783882783883E-0001 -2.00000000000000E+0000
 356  7.10622710622711E-0002 -4.53553113553114E-0001
 357 -4.22124542124542E-0001 -4.59194139194139E-0001
 358 -4.27765567765568E-0001 -2.00000000000000E+0000
 359  8.79853479853480E-0002 -2.00000000000000E+0000
 360  8.79853479853480E-0002 -2.00000000000000E+0000
 361  8.79853479853480E-0002 -7.98461538461538E-0001
 362 -2.09377289377289E-0001 -8.08131868131868E-0001
 363 -1.87619047619048E-0001 -2.00000000000000E+0000
 364 -8.40366300366300E-0001 -4.60000000000000E-0001
 365 -5.76043956043956E-0001 -4.59194139194139E-0001
 366 -6.14725274725275E-0001 -2.00000000000000E+0000
 367  8.79853479853480E-0002 -2.00000000000000E+0000
 368  8.79853479853480E-0002 -7.93626373626374E-0001
 369 -3.53113553113553E-0002 -7.75897435897436E-0001
 370 -6.30036630036630E-0003 -7.60586080586081E-0001
 371  1.62637362637363E-0002 -2.00000000000000E+0000
 372 -9.50769230769231E-0001 -2.00000000000000E+0000
 373 -9.89450549450549E-0001 -2.00000000000000E+0000
 374 -9.95091575091575E-0001 -4.55970695970696E-0001
 375 -1.83589743589744E-0001 -4.55164835164835E-0001
 376 -3.63296703296703E-0001 -4.42271062271062E-0001
 377  8.79853479853480E-0002 -4.41465201465201E-0001
 378  8.63736263736264E-0002 -7.61391941391941E-0001
 379 -1.87619047619048E-0001 -7.40439560439560E-0001
 380 -1.73113553113553E-0001 -2.00000000000000E+0000
 381 -8.42783882783883E-0001 -2.00000000000000E+0000
 382 -8.58095238095238E-0001 -4.57582417582418E-0001
 383 -7.03369963369963E-0001 -4.63223443223443E-0001
 384 -9.82197802197802E-0001 -2.00000000000000E+0000
 385  8.47619047619048E-0002 -6.99340659340659E-0001
 386  8.47619047619048E-0002 -1.25619047619048E+0000
 387 -1.17963369963370E+0000 -1.35853479853480E+0000
 388 -1.20703296703297E+0000 -4.60000000000000E-0001
 389 -1.14095238095238E+0000 -2.00000000000000E+0000
 390  8.47619047619048E-0002 -1.74857142857143E+0000
 391  7.83150183150183E-0002 -6.17948717948718E-0001
 392  8.71794871794872E-0002 -4.37435897435897E-0001
 393  8.47619047619048E-0002 -4.58388278388278E-0001
 394 -1.24168498168498E+0000 -1.78886446886447E+0000
 395 -1.35853479853480E+0000 -5.98608058608059E-0001
 396  8.63736263736264E-0002 -1.84446886446886E+0000
 397 -1.36820512820513E+0000 -1.76710622710623E+0000
 398 -1.38109890109890E+0000 -4.55164835164835E-0001
 399 -1.31018315018315E+0000 -4.27765567765568E-0001
 400  8.39560439560440E-0002 -5.48644688644689E-0001
 401  8.71794871794872E-0002 -5.72820512820513E-0001
 402  8.55677655677656E-0002 -1.83318681318681E+0000
 403 -1.42380952380952E+0000 -4.51135531135531E-0001
 404 -1.33758241758242E+0000 -4.60000000000000E-0001
 405 -1.34322344322344E+0000 -4.26959706959707E-0001
 406  7.83150183150183E-0002 -4.24542124542125E-0001
 407  8.39560439560440E-0002 -5.39780219780220E-0001
 408  9.28205128205128E-0002 -5.33333333333333E-0001
 409  8.71794871794872E-0002 -1.78483516483516E+0000
 410 -1.49633699633700E+0000 -4.49523809523810E-0001
 411 -1.38915750915751E+0000 -4.51135531135531E-0001
 412 -1.40930402930403E+0000 -4.22930402930403E-0001
 413  8.39560439560440E-0002 -4.30183150183150E-0001
 414  8.39560439560440E-0002 -4.72087912087912E-0001
 415  8.55677655677656E-0002 -1.65750915750916E+0000
 416 -1.58659340659341E+0000 -4.50329670329670E-0001
 417 -1.47054945054945E+0000 -4.16483516483516E-0001
 418  8.23443223443223E-0002 -4.64029304029304E-0001
 419  8.47619047619048E-0002 -1.62930402930403E+0000
 420 -1.67040293040293E+0000 -4.40659340659341E-0001
 421 -1.59062271062271E+0000 -4.32600732600733E-0001
 422  7.99267399267399E-0002 -4.61611721611722E-0001
 423  9.52380952380952E-0002 -2.00000000000000E+0000
 424 -1.48747252747253E+0000 -4.48717948717949E-0001
 425 -1.42542124542125E+0000 -4.28571428571429E-0001
 426  8.39560439560440E-0002 -4.57582417582418E-0001
 427  8.55677655677656E-0002 -1.08212454212454E+0000
 428 -1.75663003663004E+0000 -4.53553113553114E-0001
 429 -1.60271062271062E+0000 -4.30183150183150E-0001
 430  8.23443223443223E-0002 -4.60805860805861E-0001
 431  7.91208791208791E-0002 -4.61611721611722E-0001
 432 -2.00000000000000E+0000 -5.49450549450549E-0001
 433 -1.61479853479853E+0000 -4.19706959706960E-0001
 434  8.15384615384615E-0002 -4.60805860805861E-0001
 435  8.07326007326007E-0002 -4.60805860805861E-0001
 436 -2.00000000000000E+0000 -5.41391941391941E-0001
 437 -1.66959706959707E+0000 -4.22124542124542E-0001
 438  7.91208791208791E-0002 -4.60000000000000E-0001
 439  7.99267399267399E-0002 -6.30842490842491E-0001
 440 -2.00000000000000E+0000 -4.46300366300366E-0001
 441 -1.69941391941392E+0000 -4.24542124542125E-0001
 442  7.99267399267399E-0002 -4.62417582417582E-0001
 443  7.83150183150183E-0002 -6.28424908424908E-0001
 444 -2.00000000000000E+0000 -4.50329670329670E-0001
 445 -1.72439560439560E+0000 -4.23736263736264E-0001
 446  7.99267399267399E-0002 -4.60000000000000E-0001
 447  8.31501831501832E-0002 -6.34065934065934E-0001
 448 -2.00000000000000E+0000 -4.25347985347985E-0001
 449  7.91208791208791E-0002 -4.60805860805861E-0001
 450  7.99267399267399E-0002 -5.84908424908425E-0001
 451 -2.00000000000000E+0000 -4.42271062271062E-0001
 452 -1.75904761904762E+0000 -4.25347985347985E-0001
 453  7.58974358974359E-0002 -5.71208791208791E-0001
 454 -2.00000000000000E+0000 -4.40659340659341E-0001
 455 -1.76468864468864E+0000 -4.63223443223443E-0001
 456  7.99267399267399E-0002 -2.00000000000000E+0000
 457 -1.82673992673993E+0000 -4.51135531135531E-0001
 458 -1.86461538461538E+0000 -4.60000000000000E-0001
 459  8.23443223443223E-0002 -7.59780219780220E-0001
 460 -2.00000000000000E+0000 -4.41465201465201E-0001
 461 -1.74373626373626E+0000 -4.32600732600733E-0001
 462  7.42857142857143E-0002 -4.58388278388278E-0001
 463  8.31501831501832E-0002 -5.43809523809524E-0001
 464 -2.00000000000000E+0000 -4.42271062271062E-0001
 465 -1.73728937728938E+0000 -4.29377289377289E-0001
 466  7.91208791208791E-0002 -4.30183150183150E-0001
 467  7.91208791208791E-0002 -4.40659340659341E-0001
 468 -1.74212454212454E+0000 -4.40659340659341E-0001
 469 -1.74212454212454E+0000 -4.59194139194139E-0001
 470 -2.00000000000000E+0000 -4.57582417582418E-0001
 471  8.07326007326007E-0002 -4.60000000000000E-0001
 472 -2.00000000000000E+0000 -4.60000000000000E-0001
 473  7.50915750915751E-0002 -4.30183150183150E-0001
 474  7.99267399267399E-0002 -5.18021978021978E-0001
 475 -1.75179487179487E+0000 -5.18827838827839E-0001
 476 -1.74373626373626E+0000 -6.09084249084249E-0001
 477 -1.75179487179487E+0000 -4.62417582417582E-0001
 478 -2.00000000000000E+0000 -6.49377289377289E-0001
 479 -1.74615384615385E+0000 -4.63223443223443E-0001
 480 -2.00000000000000E+0000 -4.62417582417582E-0001
 481 -2.00000000000000E+0000 -4.64029304029304E-0001
 482 -2.00000000000000E+0000 -4.63223443223443E-0001
 483 -2.00000000000000E+0000 -4.66446886446886E-0001
 484 -2.00000000000000E+0000 -4.66446886446886E-0001
 485 -2.00000000000000E+0000 -7.63809523809524E-0001
 486 -1.74212454212454E+0000 -4.33406593406593E-0001
 487  7.83150183150183E-0002 -4.55970695970696E-0001
 488  7.58974358974359E-0002 -4.61611721611722E-0001
 489 -2.00000000000000E+0000 -4.57582417582418E-0001
 490  7.75091575091575E-0002 -4.59194139194139E-0001
 491  7.50915750915751E-0002 -4.27765567765568E-0001
 492  7.75091575091575E-0002 -4.29377289377289E-0001
 493  8.07326007326007E-0002 -9.44322344322344E-0001
 494 -1.72761904761905E+0000 -9.75750915750916E-0001
 495 -1.72036630036630E+0000 -9.79780219780220E-0001
 496 -1.71553113553114E+0000 -1.01362637362637E+0000
 497 -1.70989010989011E+0000 -1.06278388278388E+0000
 498 -1.70586080586081E+0000 -4.61611721611722E-0001
 499 -2.00000000000000E+0000 -1.06358974358974E+0000
 500 -1.70021978021978E+0000 -1.11838827838828E+0000
 501 -1.69457875457875E+0000 -4.26959706959707E-0001
 502  7.58974358974359E-0002 -4.60000000000000E-0001
 503 -2.00000000000000E+0000 -4.30183150183150E-0001
 504  7.91208791208791E-0002 -4.61611721611722E-0001
 505 -2.00000000000000E+0000 -1.17721611721612E+0000
 506 -1.63575091575092E+0000 -4.28571428571429E-0001
 507  7.75091575091575E-0002 -4.53553113553114E-0001
 508  7.42857142857143E-0002 -1.16835164835165E+0000
 509 -1.60109890109890E+0000 -4.32600732600733E-0001
 510  7.18681318681319E-0002 -1.17479853479853E+0000
 511 -1.57853479853480E+0000 -1.13450549450549E+0000
 512 -1.57047619047619E+0000 -4.56776556776557E-0001
 513 -2.00000000000000E+0000 -4.60805860805861E-0001
 514 -2.00000000000000E+0000 -4.64029304029304E-0001
 515  7.42857142857143E-0002 -4.54358974358974E-0001
 516  7.50915750915751E-0002 -4.33406593406593E-0001
 517  7.75091575091575E-0002 -4.83369963369963E-0001
 518  7.75091575091575E-0002 -8.73406593406593E-0001
 519 -1.50358974358974E+0000 -4.31794871794872E-0001
 520  7.42857142857143E-0002 -4.30989010989011E-0001
 521  7.02564102564103E-0002 -4.57582417582418E-0001
 522  7.26739926739927E-0002 -4.61611721611722E-0001
 523  9.76556776556777E-0002 -4.55164835164835E-0001
 524  7.34798534798535E-0002 -4.43882783882784E-0001
 525  7.42857142857143E-0002 -4.34212454212454E-0001
 526 -2.00000000000000E+0000 -4.30989010989011E-0001
 527 -2.00000000000000E+0000 -4.31794871794872E-0001
 528 -2.00000000000000E+0000 -1.42058608058608E+0000
 529 -1.39238095238095E+0000 -4.60805860805861E-0001
 530  9.44322344322344E-0002 -1.41816849816850E+0000
 531 -1.38029304029304E+0000 -4.59194139194139E-0001
 532  9.44322344322344E-0002 -4.61611721611722E-0001
 533  9.36263736263736E-0002 -4.28571428571429E-0001
 534  7.18681318681319E-0002 -4.61611721611722E-0001
 535  9.36263736263736E-0002 -4.29377289377289E-0001
 536  7.10622710622711E-0002 -4.66446886446886E-0001
 537  8.79853479853480E-0002 -4.37435897435897E-0001
 538 -2.00000000000000E+0000 -4.62417582417582E-0001
 539  9.44322344322344E-0002 -4.40659340659341E-0001
 540 -2.00000000000000E+0000 -4.60805860805861E-0001
 541  9.52380952380952E-0002 -4.68058608058608E-0001
 542 -2.00000000000000E+0000 -4.60000000000000E-0001
 543  9.52380952380952E-0002 -5.48644688644689E-0001
 544 -2.00000000000000E+0000 -4.60805860805861E-0001
 545  9.36263736263736E-0002 -5.98608058608059E-0001
 546 -2.00000000000000E+0000 -4.21318681318681E-0001
 547  6.86446886446886E-0002 -1.77838827838828E+0000
 548 -1.07326007326007E+0000 -4.18095238095238E-0001
 549  7.26739926739927E-0002 -1.80256410256410E+0000
 550 -1.03135531135531E+0000 -4.14065934065934E-0001
 551  6.86446886446886E-0002 -4.60805860805861E-0001
 552  9.28205128205128E-0002 -4.60805860805861E-0001
 553  9.20146520146520E-0002 -4.60805860805861E-0001
 554  9.12087912087912E-0002 -4.10842490842491E-0001
 555  7.02564102564103E-0002 -4.60000000000000E-0001
 556  9.12087912087912E-0002 -8.21025641025641E-0001
 557 -2.00000000000000E+0000 -4.62417582417582E-0001
 558  8.79853479853480E-0002 -4.57582417582418E-0001
 559  9.12087912087912E-0002 -1.74776556776557E+0000
 560 -8.70989010989011E-0001 -6.98534798534799E-0001
 561 -2.00000000000000E+0000 -4.27765567765568E-0001
 562  6.78388278388278E-0002 -4.59194139194139E-0001
 563  8.63736263736264E-0002 -1.82915750915751E+0000
 564 -7.21098901098901E-0001 -6.71135531135531E-0001
 565 -2.00000000000000E+0000 -4.59194139194139E-0001
 566  8.71794871794872E-0002 -6.98534798534799E-0001
 567 -1.94439560439560E+0000 -4.35824175824176E-0001
 568 -6.30036630036630E-0003 -2.00000000000000E+0000
 569 -6.17142857142857E-0001 -4.14871794871795E-0001
 570  2.27106227106227E-0002 -2.00000000000000E+0000
 571 -6.60659340659341E-0001 -7.72673992673993E-0001
 572 -1.90490842490842E+0000 -4.59194139194139E-0001
 573  8.15384615384615E-0002 -8.69377289377289E-0001
 574 -1.74373626373626E+0000 -2.00000000000000E+0000
 575 -5.28498168498168E-0001 -4.62417582417582E-0001
 576  8.47619047619048E-0002 -2.00000000000000E+0000
 577 -4.72893772893773E-0001 -2.00000000000000E+0000
 578 -4.47106227106227E-0001 -2.00000000000000E+0000
 579 -4.25347985347985E-0001 -2.00000000000000E+0000
 580 -3.92307692307692E-0001 -2.00000000000000E+0000
 581 -3.60879120879121E-0001 -8.66959706959707E-0001
 582 -1.11435897435897E+0000 -4.16483516483516E-0001
 583 -3.65714285714286E-0001 -2.00000000000000E+0000
 584 -2.35970695970696E-0001 -8.66959706959707E-0001
 585 -8.66959706959707E-0001 -4.60805860805861E-0001
 586  4.98168498168498E-0003 -2.00000000000000E+0000
 587 -1.58608058608059E-0001 -4.30183150183150E-0001
 588 -5.22051282051282E-0001 -2.00000000000000E+0000
 589 -8.04395604395604E-0002 -4.38241758241758E-0001
 590 -6.11501831501832E-0001 -2.00000000000000E+0000
 591  1.30402930402930E-0002 -8.79047619047619E-0001
 592 -4.53553113553114E-0001 -4.57582417582418E-0001
 593 -4.03589743589744E-0001 -2.00000000000000E+0000
 594  8.31501831501832E-0002 -1.59384615384615E+0000
 595 -7.50109890109890E-0001 -2.00000000000000E+0000
 596  8.71794871794872E-0002 -2.00000000000000E+0000
 597  8.79853479853480E-0002 -2.00000000000000E+0000
 598  8.71794871794872E-0002 -2.00000000000000E+0000
 599  9.12087912087912E-0002 -2.00000000000000E+0000
 600  8.87912087912088E-0002 -2.00000000000000E+0000
 601  8.63736263736264E-0002 -2.00000000000000E+0000
 602  8.71794871794872E-0002 -2.00000000000000E+0000
 603  8.47619047619048E-0002 -2.00000000000000E+0000
 604  8.47619047619048E-0002 -2.00000000000000E+0000
 605  8.47619047619048E-0002 -2.00000000000000E+0000
 606  8.55677655677656E-0002 -2.00000000000000E+0000
 607 -1.05472527472527E+0000 -4.54358974358974E-0001
 608 -9.27399267399267E-0001 -2.00000000000000E+0000
 609  8.55677655677656E-0002 -8.46813186813187E-0001
 610  8.79853479853480E-0002 -2.00000000000000E+0000
 611 -1.12805860805861E+0000 -4.55164835164835E-0001
 612 -1.05311355311355E+0000 -2.00000000000000E+0000
 613  8.55677655677656E-0002 -8.32307692307692E-0001
 614  8.79853479853480E-0002 -2.00000000000000E+0000
 615 -1.21750915750916E+0000 -2.00000000000000E+0000
 616  8.39560439560440E-0002 -8.08937728937729E-0001
 617  8.79853479853480E-0002 -4.50329670329670E-0001
 618 -1.20622710622711E+0000 -1.96776556776557E+0000
 619  8.23443223443223E-0002 -2.00000000000000E+0000
 620 -1.34080586080586E+0000 -4.54358974358974E-0001
 621 -1.24732600732601E+0000 -7.78315018315018E-0001
 622  8.79853479853480E-0002 -4.39047619047619E-0001
 623  8.39560439560440E-0002 -2.00000000000000E+0000
 624 -1.43831501831502E+0000 -4.49523809523810E-0001
 625 -1.34000000000000E+0000 -7.30769230769231E-0001
 626  8.71794871794872E-0002 -4.53553113553114E-0001
 627 -1.39882783882784E+0000 -4.31794871794872E-0001
 628  8.15384615384615E-0002 -2.00000000000000E+0000
 629 -1.55274725274725E+0000 -4.29377289377289E-0001
 630  8.71794871794872E-0002 -6.92087912087912E-0001
 631  9.44322344322344E-0002 -4.49523809523810E-0001
 632 -1.47296703296703E+0000 -2.00000000000000E+0000
 633 -1.66959706959707E+0000 -6.51794871794872E-0001
 634  8.71794871794872E-0002 -4.45494505494505E-0001
 635 -1.54710622710623E+0000 -4.20512820512821E-0001
 636  8.15384615384615E-0002 -2.00000000000000E+0000
 637 -1.79369963369963E+0000 -4.24542124542125E-0001
 638  8.15384615384615E-0002 -6.01831501831502E-0001
 639  8.47619047619048E-0002 -4.45494505494505E-0001
 640 -1.61560439560440E+0000 -5.61538461538462E-0001
 641  8.47619047619048E-0002 -4.47106227106227E-0001
 642 -1.73648351648352E+0000 -4.28571428571429E-0001
 643  8.15384615384615E-0002 -1.61238095238095E+0000
 644 -1.99677655677656E+0000 -4.44688644688645E-0001
 645 -1.69377289377289E+0000 -4.45494505494505E-0001
 646 -1.69619047619048E+0000 -4.47106227106227E-0001
 647 -1.69941391941392E+0000 -4.43076923076923E-0001
 648 -1.70505494505495E+0000 -4.44688644688645E-0001
 649 -1.70827838827839E+0000 -4.16483516483516E-0001
 650  7.99267399267399E-0002 -4.18901098901099E-0001
 651  7.99267399267399E-0002 -4.66446886446886E-0001
 652  8.15384615384615E-0002 -4.66446886446886E-0001
 653  8.39560439560440E-0002 -1.27150183150183E+0000
 654 -2.00000000000000E+0000 -1.25780219780220E+0000
 655 -2.00000000000000E+0000 -4.41465201465201E-0001
 656 -1.73326007326007E+0000 -4.41465201465201E-0001
 657 -1.74051282051282E+0000 -4.15677655677656E-0001
 658  7.91208791208791E-0002 -4.44688644688645E-0001
 659 -1.68410256410256E+0000 -1.37706959706960E+0000
 660 -2.00000000000000E+0000 -4.19706959706960E-0001
 661  7.50915750915751E-0002 -4.67252747252747E-0001
 662  8.23443223443223E-0002 -4.40659340659341E-0001
 663 -1.75663003663004E+0000 -1.11113553113553E+0000
 664 -2.00000000000000E+0000 -4.17289377289377E-0001
 665  7.75091575091575E-0002 -4.40659340659341E-0001
 666 -1.76307692307692E+0000 -9.29010989010989E-0001
 667 -2.00000000000000E+0000 -4.63223443223443E-0001
 668  8.15384615384615E-0002 -4.15677655677656E-0001
 669  8.07326007326007E-0002 -8.21831501831502E-0001
 670 -2.00000000000000E+0000 -4.41465201465201E-0001
 671 -1.76871794871795E+0000 -4.66446886446886E-0001
 672  7.75091575091575E-0002 -4.19706959706960E-0001
 673  7.50915750915751E-0002 -6.99340659340659E-0001
 674 -2.00000000000000E+0000 -6.60659340659341E-0001
 675 -2.00000000000000E+0000 -4.08424908424908E-0001
 676  7.18681318681319E-0002 -4.64029304029304E-0001
 677 -2.00000000000000E+0000 -5.70402930402930E-0001
 678 -1.73890109890110E+0000 -4.66446886446886E-0001
 679  8.23443223443223E-0002 -4.21318681318681E-0001
 680  7.26739926739927E-0002 -4.67252747252747E-0001
 681 -2.00000000000000E+0000 -4.63223443223443E-0001
 682  7.58974358974359E-0002 -4.84981684981685E-0001
 683 -1.70505494505495E+0000 -4.22930402930403E-0001
 684  7.50915750915751E-0002 -4.64835164835165E-0001
 685 -2.00000000000000E+0000 -4.32600732600733E-0001
 686 -1.70424908424908E+0000 -4.66446886446886E-0001
 687  7.50915750915751E-0002 -4.68864468864469E-0001
 688 -2.00000000000000E+0000 -4.22930402930403E-0001
 689  7.50915750915751E-0002 -4.28571428571429E-0001
 690 -1.69377289377289E+0000 -4.69670329670330E-0001
 691 -2.00000000000000E+0000 -4.66446886446886E-0001
 692  7.58974358974359E-0002 -4.26153846153846E-0001
 693 -1.66315018315018E+0000 -4.64835164835165E-0001
 694 -2.00000000000000E+0000 -4.27765567765568E-0001
 695  7.50915750915751E-0002 -8.82271062271062E-0001
 696 -1.60996336996337E+0000 -4.63223443223443E-0001
 697  7.34798534798535E-0002 -4.60805860805861E-0001
 698  7.02564102564103E-0002 -4.27765567765568E-0001
 699  7.34798534798535E-0002 -4.64835164835165E-0001
 700  7.99267399267399E-0002 -4.66446886446886E-0001
 701  7.34798534798535E-0002 -4.59194139194139E-0001
 702  7.42857142857143E-0002 -4.60805860805861E-0001
 703  7.18681318681319E-0002 -4.64835164835165E-0001
 704 -7.39633699633700E-0001 -8.16996336996337E-0001
 705 -1.46732600732601E+0000 -4.27765567765568E-0001
 706 -1.62124542124542E+0000 -4.53553113553114E-0001
 707  6.54212454212454E-0002 -1.04424908424908E+0000
 708 -1.40769230769231E+0000 -4.29377289377289E-0001
 709 -2.00000000000000E+0000 -4.35824175824176E-0001
 710  7.26739926739927E-0002 -4.64029304029304E-0001
 711  9.20146520146520E-0002 -1.08776556776557E+0000
 712 -1.36256410256410E+0000 -4.29377289377289E-0001
 713 -2.00000000000000E+0000 -4.37435897435897E-0001
 714  7.10622710622711E-0002 -1.12564102564103E+0000
 715 -1.31098901098901E+0000 -4.30989010989011E-0001
 716 -2.00000000000000E+0000 -4.30183150183150E-0001
 717  7.02564102564103E-0002 -1.12080586080586E+0000
 718 -1.24087912087912E+0000 -4.32600732600733E-0001
 719 -2.00000000000000E+0000 -4.61611721611722E-0001
 720  9.52380952380952E-0002 -1.09421245421245E+0000
 721 -1.18366300366300E+0000 -4.33406593406593E-0001
 722 -2.00000000000000E+0000 -4.22124542124542E-0001
 723  6.62271062271062E-0002 -4.67252747252747E-0001
 724  9.20146520146520E-0002 -1.26102564102564E+0000
 725 -1.12080586080586E+0000 -4.21318681318681E-0001
 726  6.94505494505495E-0002 -4.34212454212454E-0001
 727 -2.00000000000000E+0000 -1.30454212454212E+0000
 728 -1.04021978021978E+0000 -4.21318681318681E-0001
 729  6.78388278388278E-0002 -4.64835164835165E-0001
 730 -2.00000000000000E+0000 -1.43428571428571E+0000
 731 -9.58021978021978E-0001 -4.21318681318681E-0001
 732  6.70329670329670E-0002 -5.20439560439560E-0001
 733 -2.00000000000000E+0000 -1.60271062271062E+0000
 734 -8.62124542124542E-0001 -4.27765567765568E-0001
 735  6.70329670329670E-0002 -6.46153846153846E-0001
 736 -2.00000000000000E+0000 -1.53904761904762E+0000
 737 -7.54139194139194E-0001 -4.27765567765568E-0001
 738  6.86446886446886E-0002 -7.04981684981685E-0001
 739 -2.00000000000000E+0000 -1.67604395604396E+0000
 740 -6.55018315018315E-0001 -4.22124542124542E-0001
 741 -2.48351648351648E-0002 -4.61611721611722E-0001
 742  8.63736263736264E-0002 -7.40439560439560E-0001
 743 -1.76549450549451E+0000 -4.18095238095238E-0001
 744 -6.75457875457875E-0002 -1.96937728937729E+0000
 745 -5.51868131868132E-0001 -4.23736263736264E-0001
 746 -1.28791208791209E-0001 -4.65641025641026E-0001
 747  8.31501831501832E-0002 -7.52527472527473E-0001
 748 -1.49714285714286E+0000 -2.00000000000000E+0000
 749 -4.60805860805861E-0001 -4.16483516483516E-0001
 750 -2.17435897435897E-0001 -4.60805860805861E-0001
 751  8.39560439560440E-0002 -8.53260073260073E-0001
 752 -1.28036630036630E+0000 -2.00000000000000E+0000
 753 -3.60073260073260E-0001 -4.23736263736264E-0001
 754 -3.25421245421245E-0001 -4.66446886446886E-0001
 755  8.07326007326007E-0002 -7.92820512820513E-0001
 756 -1.01926739926740E+0000 -2.00000000000000E+0000
 757 -2.23076923076923E-0001 -1.74373626373626E+0000
 758 -4.53553113553114E-0001 -4.63223443223443E-0001
 759  9.01098901098901E-0003 -7.52527472527473E-0001
 760 -7.20293040293040E-0001 -9.09670329670330E-0001
 761 -5.18021978021978E-0001 -2.00000000000000E+0000
 762 -7.72161172161172E-0002 -7.75897435897436E-0001
 763 -6.24395604395604E-0001 -4.60805860805861E-0001
 764 -2.41611721611722E-0001 -4.29377289377289E-0001
 765 -6.28424908424908E-0001 -2.00000000000000E+0000
 766  2.83516483516484E-0002 -8.71794871794872E-0001
 767 -4.37435897435897E-0001 -4.60000000000000E-0001
 768 -3.97142857142857E-0001 -2.00000000000000E+0000
 769  6.38095238095238E-0002 -4.24542124542125E-0001
 770 -7.21098901098901E-0001 -8.81465201465201E-0001
 771 -2.76263736263736E-0001 -8.84688644688645E-0001
 772 -2.50476190476190E-0001 -4.25347985347985E-0001
 773 -7.88791208791209E-0001 -4.55164835164835E-0001
 774 -5.95384615384615E-0001 -4.56776556776557E-0001
 775 -6.15531135531136E-0001 -4.53553113553114E-0001
 776 -6.46959706959707E-0001 -4.24542124542125E-0001
 777 -8.61318681318681E-0001 -4.56776556776557E-0001
 778 -6.77582417582418E-0001 -4.55970695970696E-0001
 779 -7.09010989010989E-0001 -4.55970695970696E-0001
 780 -7.34798534798535E-0001 -4.54358974358974E-0001
 781 -7.65421245421245E-0001 -2.00000000000000E+0000
 782  8.63736263736264E-0002 -8.91941391941392E-0001
 783  4.04395604395604E-0002 -4.35018315018315E-0001
 784 -1.01443223443223E+0000 -4.52747252747253E-0001
 785 -9.02417582417582E-0001 -2.00000000000000E+0000
 786  8.55677655677656E-0002 -2.00000000000000E+0000
 787  8.39560439560440E-0002 -8.95164835164835E-0001
 788  9.52380952380952E-0002 -4.34212454212454E-0001
 789 -1.10146520146520E+0000 -4.55164835164835E-0001
 790 -9.70109890109890E-0001 -7.82344322344322E-0001
 791  8.55677655677656E-0002 -4.39047619047619E-0001
 792 -9.45934065934066E-0001 -4.53553113553114E-0001
 793 -9.74945054945055E-0001 -9.05641025641026E-0001
 794  8.63736263736264E-0002 -4.53553113553114E-0001
 795 -9.93479853479853E-0001 -8.63736263736264E-0001
 796  8.63736263736264E-0002 -1.93472527472527E+0000
 797 -1.19494505494505E+0000 -2.00000000000000E+0000
 798  8.47619047619048E-0002 -8.53260073260073E-0001
 799  8.63736263736264E-0002 -4.55970695970696E-0001
 800 -1.15706959706960E+0000 -2.00000000000000E+0000
 801 -1.36659340659341E+0000 -2.00000000000000E+0000
 802  8.55677655677656E-0002 -8.19413919413919E-0001
 803  8.47619047619048E-0002 -2.00000000000000E+0000
 804  8.23443223443223E-0002 -8.07326007326007E-0001
 805  8.55677655677656E-0002 -2.00000000000000E+0000
 806 -1.46974358974359E+0000 -1.83076923076923E+0000
 807  8.23443223443223E-0002 -7.92820512820513E-0001
 808  8.39560439560440E-0002 -2.00000000000000E+0000
 809  8.31501831501832E-0002 -2.00000000000000E+0000
 810 -1.62285714285714E+0000 -6.98534798534799E-0001
 811  8.31501831501832E-0002 -7.33186813186813E-0001
 812  8.47619047619048E-0002 -2.00000000000000E+0000
 813 -1.82673992673993E+0000 -4.47912087912088E-0001
 814 -1.65992673992674E+0000 -4.22124542124542E-0001
 815  7.91208791208791E-0002 -6.75164835164835E-0001
 816  8.23443223443223E-0002 -6.64688644688645E-0001
 817  8.07326007326007E-0002 -1.97421245421245E+0000
 818 -1.93875457875458E+0000 -4.47912087912088E-0001
 819 -1.67120879120879E+0000 -4.23736263736264E-0001
 820  7.91208791208791E-0002 -6.01831501831502E-0001
 821  8.15384615384615E-0002 -1.55516483516484E+0000
 822 -2.00000000000000E+0000 -4.44688644688645E-0001
 823 -1.71150183150183E+0000 -4.21318681318681E-0001
 824  7.83150183150183E-0002 -5.30915750915751E-0001
 825  7.91208791208791E-0002 -1.25860805860806E+0000
 826 -2.00000000000000E+0000 -4.42271062271062E-0001
 827 -1.74051282051282E+0000 -4.45494505494505E-0001
 828 -1.75018315018315E+0000 -4.15677655677656E-0001
 829  7.75091575091575E-0002 -4.64029304029304E-0001
 830  7.83150183150183E-0002 -1.06842490842491E+0000
 831 -2.00000000000000E+0000 -4.40659340659341E-0001
 832 -1.76146520146520E+0000 -4.17289377289377E-0001
 833  7.67032967032967E-0002 -4.62417582417582E-0001
 834  7.50915750915751E-0002 -9.44322344322344E-0001
 835 -2.00000000000000E+0000 -4.35018315018315E-0001
 836 -1.75421245421245E+0000 -4.14871794871795E-0001
 837  7.50915750915751E-0002 -9.38681318681319E-0001
 838 -2.00000000000000E+0000 -4.66446886446886E-0001
 839  7.50915750915751E-0002 -4.17289377289377E-0001
 840  7.58974358974359E-0002 -7.98461538461538E-0001
 841 -2.00000000000000E+0000 -4.31794871794872E-0001
 842 -1.72036630036630E+0000 -7.58974358974359E-0001
 843 -2.00000000000000E+0000 -7.14652014652015E-0001
 844 -2.00000000000000E+0000 -6.92893772893773E-0001
 845 -2.00000000000000E+0000 -7.05787545787546E-0001
 846 -2.00000000000000E+0000 -6.80000000000000E-0001
 847 -2.00000000000000E+0000 -4.20512820512821E-0001
 848  7.50915750915751E-0002 -4.58388278388278E-0001
 849  7.42857142857143E-0002 -4.24542124542125E-0001
 850 -1.61963369963370E+0000 -4.62417582417582E-0001
 851  7.50915750915751E-0002 -4.22930402930403E-0001
 852  7.34798534798535E-0002 -4.69670329670330E-0001
 853 -2.00000000000000E+0000 -5.46227106227106E-0001
 854 -1.54952380952381E+0000 -4.64835164835165E-0001
 855  6.62271062271062E-0002 -7.19487179487179E-0001
 856 -1.48827838827839E+0000 -4.26153846153846E-0001
 857  6.86446886446886E-0002 -4.68058608058608E-0001
 858  9.28205128205128E-0002 -4.43076923076923E-0001
 859  7.10622710622711E-0002 -4.67252747252747E-0001
 860  8.79853479853480E-0002 -4.26959706959707E-0001
 861 -2.00000000000000E+0000 -1.27069597069597E+0000
 862 -1.24652014652015E+0000 -4.31794871794872E-0001
 863  7.26739926739927E-0002 -4.29377289377289E-0001
 864 -2.00000000000000E+0000 -4.68864468864469E-0001
 865  8.79853479853480E-0002 -1.26424908424908E+0000
 866 -1.13289377289377E+0000 -4.30183150183150E-0001
 867  6.46153846153846E-0002 -4.35018315018315E-0001
 868 -2.00000000000000E+0000 -6.68717948717949E-0001
 869 -1.09582417582418E+0000 -4.27765567765568E-0001
 870  6.70329670329670E-0002 -4.70476190476190E-0001
 871  8.79853479853480E-0002 -4.36630036630037E-0001
 872 -2.00000000000000E+0000 -4.69670329670330E-0001
 873  9.04029304029304E-0002 -1.00798534798535E+0000
 874 -1.03941391941392E+0000 -4.22930402930403E-0001
 875  6.54212454212454E-0002 -1.35047619047619E+0000
 876 -9.68498168498168E-0001 -1.37384615384615E+0000
 877 -9.35457875457875E-0001 -1.46571428571429E+0000
 878 -9.01611721611722E-0001 -1.53743589743590E+0000
 879 -8.79047619047619E-0001 -1.54065934065934E+0000
 880 -8.48424908424908E-0001 -4.35824175824176E-0001
 881 -2.00000000000000E+0000 -4.35824175824176E-0001
 882 -2.00000000000000E+0000 -4.40659340659341E-0001
 883 -2.00000000000000E+0000 -4.28571428571429E-0001
 884  6.46153846153846E-0002 -4.29377289377289E-0001
 885  7.34798534798535E-0002 -4.68864468864469E-0001
 886  8.79853479853480E-0002 -4.63223443223443E-0001
 887  8.63736263736264E-0002 -1.58981684981685E+0000
 888 -6.75164835164835E-0001 -1.58578754578755E+0000
 889 -6.55824175824176E-0001 -5.94578754578755E-0001
 890 -1.80578754578755E+0000 -6.15531135531136E-0001
 891 -1.73406593406593E+0000 -4.24542124542125E-0001
 892 -7.64102564102564E-0002 -4.27765567765568E-0001
 893 -9.73626373626374E-0002 -4.27765567765568E-0001
 894 -1.86007326007326E-0001 -4.60805860805861E-0001
 895  7.91208791208791E-0002 -4.64835164835165E-0001
 896  7.91208791208791E-0002 -2.00000000000000E+0000
 897 -2.92380952380952E-0001 -7.74285714285714E-0001
 898 -4.25347985347985E-0001 -5.06739926739927E-0001
 899 -7.42051282051282E-0001 -2.00000000000000E+0000
 900 -5.07545787545788E-0001 -2.00000000000000E+0000
 901 -1.05421245421245E-0001 -4.60805860805861E-0001
 902 -1.98901098901099E-0001 -4.22930402930403E-0001
 903 -6.68717948717949E-0001 -1.73245421245421E+0000
 904  6.62271062271062E-0002 -4.58388278388278E-0001
 905 -5.40586080586081E-0001 -1.10065934065934E+0000
 906 -2.02124542124542E-0001 -4.34212454212454E-0001
 907 -8.25054945054945E-0001 -2.00000000000000E+0000
 908  8.87912087912088E-0002 -2.00000000000000E+0000
 909 -7.33992673992674E-0001 -2.00000000000000E+0000
 910 -9.56410256410256E-0001 -2.00000000000000E+0000
 911  9.20146520146520E-0002 -1.52373626373626E+0000
 912 -9.37875457875458E-0001 -4.53553113553114E-0001
 913  8.63736263736264E-0002 -2.00000000000000E+0000
 914  8.63736263736264E-0002 -4.71282051282051E-0001
 915 -1.13450549450549E+0000 -2.00000000000000E+0000
 916 -1.28036630036630E+0000 -4.58388278388278E-0001
 917 -1.23604395604396E+0000 -8.31501831501832E-0001
 918  8.15384615384615E-0002 -6.39706959706960E-0001
 919 -1.37304029304029E+0000 -2.00000000000000E+0000
 920  8.23443223443223E-0002 -8.56483516483516E-0001
 921  8.47619047619048E-0002 -4.53553113553114E-0001
 922 -1.37545787545788E+0000 -4.41465201465201E-0001
 923 -1.52615384615385E+0000 -4.30989010989011E-0001
 924  8.23443223443223E-0002 -9.39487179487179E-0001
 925  8.55677655677656E-0002 -4.55970695970696E-0001
 926 -1.49391941391941E+0000 -4.27765567765568E-0001
 927  8.15384615384615E-0002 -4.35018315018315E-0001
 928 -1.66315018315018E+0000 -9.21758241758242E-0001
 929  8.47619047619048E-0002 -4.27765567765568E-0001
 930  8.07326007326007E-0002 -4.27765567765568E-0001
 931  7.99267399267399E-0002 -4.38241758241758E-0001
 932 -1.45201465201465E+0000 -6.63882783882784E-0001
 933  8.39560439560440E-0002 -4.45494505494505E-0001
 934 -1.72520146520147E+0000 -1.76871794871795E+0000
 935  7.99267399267399E-0002 -2.00000000000000E+0000
 936 -1.96776556776557E+0000 -7.80732600732601E-0001
 937  8.15384615384615E-0002 -2.00000000000000E+0000
 938  7.91208791208791E-0002 -4.46300366300366E-0001
 939 -1.64783882783883E+0000 -7.34798534798535E-0001
 940  8.23443223443223E-0002 -2.00000000000000E+0000
 941 -2.00000000000000E+0000 -2.00000000000000E+0000
 942  7.50915750915751E-0002 -2.00000000000000E+0000
 943 -2.00000000000000E+0000 -7.91208791208791E-0001
 944  7.50915750915751E-0002 -4.43882783882784E-0001
 945  7.50915750915751E-0002 -4.37435897435897E-0001
 946  7.75091575091575E-0002 -4.31794871794872E-0001
 947  7.75091575091575E-0002 -4.27765567765568E-0001
 948  7.50915750915751E-0002 -6.37289377289377E-0001
 949  7.91208791208791E-0002 -1.96131868131868E+0000
 950 -2.00000000000000E+0000 -4.40659340659341E-0001
 951 -1.75340659340659E+0000 -4.27765567765568E-0001
 952  7.50915750915751E-0002 -5.85714285714286E-0001
 953  7.75091575091575E-0002 -4.40659340659341E-0001
 954 -1.75904761904762E+0000 -4.22930402930403E-0001
 955  7.42857142857143E-0002 -5.08351648351648E-0001
 956  7.75091575091575E-0002 -1.58739926739927E+0000
 957 -2.00000000000000E+0000 -4.38241758241758E-0001
 958 -1.75501831501832E+0000 -4.21318681318681E-0001
 959  7.26739926739927E-0002 -4.66446886446886E-0001
 960  7.67032967032967E-0002 -4.34212454212454E-0001
 961 -1.75018315018315E+0000 -4.71282051282051E-0001
 962  7.67032967032967E-0002 -1.32549450549451E+0000
 963 -2.00000000000000E+0000 -4.30989010989011E-0001
 964 -1.72036630036630E+0000 -1.31824175824176E+0000
 965 -2.00000000000000E+0000 -4.16483516483516E-0001
 966  7.18681318681319E-0002 -4.28571428571429E-0001
 967 -1.68652014652015E+0000 -4.70476190476190E-0001
 968  7.42857142857143E-0002 -8.62930402930403E-0001
 969 -2.00000000000000E+0000 -7.88791208791209E-0001
 970 -2.00000000000000E+0000 -7.92014652014652E-0001
 971 -2.00000000000000E+0000 -7.09816849816850E-0001
 972 -2.00000000000000E+0000 -6.75164835164835E-0001
 973 -2.00000000000000E+0000 -6.28424908424908E-0001
 974 -2.00000000000000E+0000 -4.32600732600733E-0001
 975 -1.58659340659341E+0000 -4.17289377289377E-0001
 976  7.18681318681319E-0002 -4.68864468864469E-0001
 977  6.86446886446886E-0002 -4.22124542124542E-0001
 978 -1.52293040293040E+0000 -4.21318681318681E-0001
 979  7.18681318681319E-0002 -4.71282051282051E-0001
 980 -5.92161172161172E-0001 -5.72820512820513E-0001
 981 -1.44073260073260E+0000 -4.24542124542125E-0001
 982 -2.00000000000000E+0000 -4.47106227106227E-0001
 983  6.94505494505495E-0002 -4.72087912087912E-0001
 984  8.71794871794872E-0002 -7.43663003663004E-0001
 985 -1.36014652014652E+0000 -4.25347985347985E-0001
 986 -2.00000000000000E+0000 -4.40659340659341E-0001
 987  7.18681318681319E-0002 -4.72087912087912E-0001
 988  8.79853479853480E-0002 -8.53260073260073E-0001
 989 -1.29326007326007E+0000 -4.27765567765568E-0001
 990 -2.00000000000000E+0000 -4.35824175824176E-0001
 991  6.78388278388278E-0002 -9.74945054945055E-0001
 992 -1.18688644688645E+0000 -4.27765567765568E-0001
 993 -2.00000000000000E+0000 -4.34212454212454E-0001
 994  6.54212454212454E-0002 -4.70476190476190E-0001
 995  8.71794871794872E-0002 -1.07487179487179E+0000
 996 -1.07890109890110E+0000 -4.30989010989011E-0001
 997 -2.00000000000000E+0000 -4.30183150183150E-0001
 998  6.46153846153846E-0002 -4.62417582417582E-0001
 999  8.63736263736264E-0002 -4.28571428571429E-0001
 1000  6.46153846153846E-0002 -1.15948717948718E+0000
 1001 -8.95970695970696E-0001 -4.68864468864469E-0001
 1002  8.55677655677656E-0002 -4.33406593406593E-0001
 1003  6.38095238095238E-0002 -1.41413919413919E+0000
 1004 -7.37216117216117E-0001 -4.68058608058608E-0001
 1005  8.15384615384615E-0002 -4.30183150183150E-0001
 1006 -3.04761904761905E-0002 -1.59304029304029E+0000
 1007 -5.76849816849817E-0001 -4.60000000000000E-0001
 1008  8.15384615384615E-0002 -4.64029304029304E-0001
 1009  8.15384615384615E-0002 -6.27619047619048E-0001
 1010 -1.33516483516484E+0000 -4.27765567765568E-0001
 1011 -2.35970695970696E-0001 -1.42219780219780E+0000
 1012 -3.76190476190476E-0001 -1.07890109890110E+0000
 1013 -1.20864468864469E+0000 -4.68058608058608E-0001
 1014  7.50915750915751E-0002 -4.27765567765568E-0001
 1015 -3.82637362637363E-0001 -1.87509157509158E+0000
 1016 -2.26300366300366E-0001 -4.61611721611722E-0001
 1017  3.64102564102564E-0002 -4.29377289377289E-0001
 1018 -5.09963369963370E-0001 -2.00000000000000E+0000
 1019 -7.56043956043956E-0002 -4.47106227106227E-0001
 1020 -5.76849816849817E-0001 -4.64029304029304E-0001
 1021 -2.89157509157509E-0001 -2.00000000000000E+0000
 1022  7.39926739926740E-0003 -2.00000000000000E+0000
 1023 -6.92087912087912E-0001 -2.00000000000000E+0000
 1024  8.39560439560440E-0002 -4.53553113553114E-0001
 1025 -2.88351648351648E-0001 -4.71282051282051E-0001
 1026 -5.47838827838828E-0001 -2.00000000000000E+0000
 1027  8.79853479853480E-0002 -2.00000000000000E+0000
 1028 -8.33113553113553E-0001 -4.68058608058608E-0001
 1029 -6.75970695970696E-0001 -2.00000000000000E+0000
 1030  8.47619047619048E-0002 -7.04981684981685E-0001
 1031 -2.27106227106227E-0003 -7.15457875457875E-0001
 1032  4.93040293040293E-0002 -2.00000000000000E+0000
 1033 -9.82197802197802E-0001 -4.62417582417582E-0001
 1034 -8.86300366300366E-0001 -6.37289377289377E-0001
 1035  8.23443223443223E-0002 -4.64835164835165E-0001
 1036 -1.01362637362637E+0000 -2.00000000000000E+0000
 1037 -1.16835164835165E+0000 -2.00000000000000E+0000
 1038  8.23443223443223E-0002 -2.00000000000000E+0000
 1039 -1.27391941391941E+0000 -4.55164835164835E-0001
 1040 -1.20058608058608E+0000 -2.00000000000000E+0000
 1041 -1.35772893772894E+0000 -2.00000000000000E+0000
 1042  8.31501831501832E-0002 -8.52454212454212E-0001
 1043  8.07326007326007E-0002 -4.55164835164835E-0001
 1044 -1.33274725274725E+0000 -2.00000000000000E+0000
 1045  8.07326007326007E-0002 -2.00000000000000E+0000
 1046 -1.48424908424908E+0000 -8.36336996336996E-0001
 1047  8.07326007326007E-0002 -4.47912087912088E-0001
 1048 -1.46329670329670E+0000 -2.00000000000000E+0000
 1049  8.07326007326007E-0002 -2.00000000000000E+0000
 1050 -1.65912087912088E+0000 -1.17479853479853E+0000
 1051  7.50915750915751E-0002 -8.04102564102564E-0001
 1052  8.15384615384615E-0002 -4.47106227106227E-0001
 1053 -1.56402930402930E+0000 -2.00000000000000E+0000
 1054  7.91208791208791E-0002 -2.00000000000000E+0000
 1055 -1.83641025641026E+0000 -7.42051282051282E-0001
 1056  7.99267399267399E-0002 -7.52527472527473E-0001
 1057  7.91208791208791E-0002 -2.00000000000000E+0000
